,acceptance_of_state_surveillance|WVS_H,authoritarian_governance_tolerance|WVS_E,autocracy_support|WVS_E,basic_needs_deprivation|WVS_H,child_qualities_autonomy_self_expression|WVS_A,child_qualities_conformity_tradition|WVS_A,child_qualities_prosocial_diligence|WVS_A,civic_dishonesty_tolerance|WVS_F,confidence_in_civil_society_organizations|WVS_E,confidence_in_domestic_institutions|WVS_E,confidence_in_international_organizations|WVS_E,crime_victimization|WVS_H,democratic_system_evaluation|WVS_E,democratic_values_importance|WVS_E,economic_ideology|WVS_E,electoral_integrity|WVS_E,existential_threat_worry|WVS_H,familial_duty_obligations|WVS_D,female_income_threat_to_marriage|WVS_D,freedom_security_tradeoff_perception|WVS_H,gender_role_traditionalism|WVS_D,immigrant_origin_status|WVS_G,importance_of_life_domains|WVS_A,institutional_threat_perception|WVS_H,international_organization_knowledge|WVS_E,job_scarcity_gender_discrimination|WVS_C,job_scarcity_nativist_preference|WVS_C,life_autonomy_morality_permissiveness|WVS_F,multilevel_place_attachment|WVS_G,neighborhood_disorder_and_crime|WVS_H,offline_political_participation|WVS_E,online_political_participation|WVS_E,outgroup_trust|WVS_G,perceived_negative_effects_of_immigration|WVS_G,perceived_positive_effects_of_immigration|WVS_G,political_information_sources|WVS_E,postmaterialist_values|WVS_E,precautionary_security_behaviors|WVS_H,religion_versus_secularism_orientation|WVS_F,religious_exclusivism|WVS_F,religious_practice_and_self_identification|WVS_F,science_skepticism|WVS_I,science_technology_optimism|WVS_E,sexual_and_reproductive_morality_permissiveness|WVS_F,social_intolerance_outgroups|WVS_A,societal_change_attitudes|WVS_E,socioeconomic_insecurity_worry|WVS_H,subjective_wellbeing|WVS_A,violence_tolerance|WVS_F,voluntary_association_belonging|WVS_A,voting_participation|WVS_E,work_ethic|WVS_C
acceptance_of_state_surveillance|WVS_H,0.0,1000.0,156.25,9999.0,156.25,188.67924528301887,277.77777777777777,90.90909090909092,52.083333333333336,53.191489361702125,68.02721088435375,9999.0,60.6060606060606,87.71929824561403,196.078431372549,69.93006993006993,9999.0,71.42857142857143,90.09009009009009,9999.0,30.959752321981423,9999.0,250.0,9999.0,57.80346820809249,59.1715976331361,200.0,500.0,98.0392156862745,9999.0,909.090909090909,77.51937984496124,68.4931506849315,92.59259259259258,106.38297872340425,101.010101010101,74.6268656716418,9999.0,625.0,256.4102564102564,120.48192771084337,81.96721311475409,131.57894736842104,147.05882352941177,217.3913043478261,74.07407407407408,9999.0,1000.0,476.1904761904762,1000.0,303.03030303030306,370.3703703703703
authoritarian_governance_tolerance|WVS_E,1000.0,0.0,9999.0,29.940119760479043,63.291139240506325,50.25125628140703,666.6666666666666,192.30769230769232,9999.0,9999.0,9999.0,161.29032258064515,9999.0,9999.0,9999.0,9999.0,87.71929824561403,81.96721311475409,153.84615384615384,40.32258064516129,181.81818181818184,9999.0,285.7142857142857,1000.0,9999.0,108.69565217391305,97.08737864077669,769.2307692307693,71.94244604316548,41.32231404958678,9999.0,9999.0,72.46376811594203,74.07407407407408,357.14285714285717,9999.0,9999.0,123.4567901234568,121.95121951219511,20.120724346076457,14.184397163120568,204.08163265306123,9999.0,1000.0,87.71929824561403,9999.0,78.125,38.61003861003861,106.38297872340425,22.573363431151243,9999.0,101.010101010101
autocracy_support|WVS_E,156.25,9999.0,0.0,25.06265664160401,1000.0,100.0,75.18796992481204,1000.0,9999.0,9999.0,9999.0,212.7659574468085,9999.0,9999.0,9999.0,9999.0,1000.0,101.010101010101,64.1025641025641,163.93442622950818,51.54639175257732,9999.0,113.63636363636363,400.0,9999.0,78.125,121.95121951219511,147.05882352941177,62.893081761006286,59.880239520958085,9999.0,9999.0,113.63636363636363,126.58227848101265,158.73015873015873,9999.0,9999.0,250.0,147.05882352941177,44.052863436123346,123.4567901234568,71.42857142857143,9999.0,344.82758620689657,1000.0,9999.0,1000.0,105.26315789473685,1000.0,74.6268656716418,9999.0,83.33333333333333
basic_needs_deprivation|WVS_H,9999.0,29.940119760479043,25.06265664160401,0.0,212.7659574468085,44.44444444444444,29.940119760479043,153.84615384615384,12.77139208173691,10.834236186348864,17.857142857142858,9999.0,34.24657534246575,357.14285714285717,75.18796992481204,35.3356890459364,9999.0,27.855153203342617,22.42152466367713,9999.0,13.774104683195592,9999.0,37.174721189591075,9999.0,46.08294930875576,22.62443438914027,38.61003861003861,66.2251655629139,20.79002079002079,9999.0,51.81347150259067,9.727626459143968,30.030030030030026,32.78688524590164,43.10344827586207,15.576323987538942,47.39336492890995,9999.0,54.054054054054056,15.479876160990711,41.666666666666664,22.675736961451246,60.24096385542168,84.03361344537815,370.3703703703703,526.3157894736842,9999.0,38.91050583657587,322.5806451612903,25.44529262086514,129.87012987012986,29.32551319648094
child_qualities_autonomy_self_expression|WVS_A,156.25,63.291139240506325,1000.0,212.7659574468085,0.0,9999.0,9999.0,85.47008547008546,1000.0,500.0,1000.0,136.986301369863,54.94505494505494,41.32231404958678,357.14285714285717,105.26315789473685,400.0,67.56756756756756,93.45794392523365,103.09278350515464,33.11258278145695,9999.0,9999.0,79.36507936507937,178.57142857142858,60.24096385542168,200.0,1000.0,200.0,59.523809523809526,38.02281368821293,40.983606557377044,55.865921787709496,454.5454545454545,175.43859649122805,1000.0,40.816326530612244,344.82758620689657,1000.0,46.728971962616825,20.04008016032064,108.69565217391305,64.93506493506493,121.95121951219511,9999.0,38.167938931297705,1000.0,9999.0,1000.0,9999.0,217.3913043478261,714.2857142857143
child_qualities_conformity_tradition|WVS_A,188.67924528301887,50.25125628140703,100.0,44.44444444444444,9999.0,0.0,9999.0,83.33333333333333,66.2251655629139,50.5050505050505,107.52688172043011,61.34969325153375,86.95652173913044,52.083333333333336,1000.0,172.41379310344828,1000.0,172.41379310344828,294.11764705882354,56.497175141242934,74.07407407407408,9999.0,9999.0,90.09009009009009,117.6470588235294,196.078431372549,117.6470588235294,129.87012987012986,121.95121951219511,33.898305084745765,50.5050505050505,25.0,121.95121951219511,277.77777777777777,833.3333333333334,58.47953216374269,67.56756756756756,1000.0,185.18518518518516,33.898305084745765,25.57544757033248,500.0,125.0,200.0,9999.0,44.44444444444444,181.81818181818184,9999.0,625.0,9999.0,312.5,99.00990099009901
child_qualities_prosocial_diligence|WVS_A,277.77777777777777,666.6666666666666,75.18796992481204,29.940119760479043,9999.0,9999.0,0.0,1000.0,54.34782608695652,36.90036900369004,72.46376811594203,99.00990099009901,120.48192771084337,285.7142857142857,204.08163265306123,147.05882352941177,188.67924528301887,68.02721088435375,62.5,212.7659574468085,44.052863436123346,9999.0,9999.0,1000.0,714.2857142857143,58.8235294117647,163.93442622950818,106.38297872340425,68.02721088435375,64.1025641025641,95.23809523809523,50.5050505050505,69.44444444444444,344.82758620689657,178.57142857142858,52.083333333333336,64.51612903225806,128.2051282051282,175.43859649122805,91.74311926605505,60.24096385542168,65.78947368421052,131.57894736842104,416.6666666666667,9999.0,133.33333333333334,117.6470588235294,9999.0,322.5806451612903,9999.0,94.33962264150944,69.44444444444444
civic_dishonesty_tolerance|WVS_F,90.90909090909092,192.30769230769232,1000.0,153.84615384615384,85.47008547008546,83.33333333333333,1000.0,0.0,200.0,526.3157894736842,454.5454545454545,59.523809523809526,49.75124378109453,45.24886877828054,714.2857142857143,85.47008547008546,227.27272727272725,120.48192771084337,109.89010989010988,103.09278350515464,32.25806451612903,9999.0,149.2537313432836,52.631578947368425,74.07407407407408,90.09009009009009,238.0952380952381,9999.0,188.67924528301887,40.0,111.11111111111111,126.58227848101265,89.28571428571429,238.0952380952381,131.57894736842104,1000.0,78.125,454.5454545454545,9999.0,9999.0,9999.0,140.8450704225352,72.99270072992701,9999.0,151.51515151515153,50.5050505050505,86.95652173913044,112.35955056179776,9999.0,104.16666666666667,277.77777777777777,588.2352941176471
confidence_in_civil_society_organizations|WVS_E,52.083333333333336,9999.0,9999.0,12.77139208173691,1000.0,66.2251655629139,54.34782608695652,200.0,0.0,9999.0,9999.0,312.5,9999.0,9999.0,9999.0,9999.0,1000.0,54.054054054054056,37.3134328358209,555.5555555555555,25.0,9999.0,64.1025641025641,88.49557522123894,9999.0,42.016806722689076,58.13953488372093,126.58227848101265,34.24657534246575,50.76142131979696,9999.0,9999.0,59.523809523809526,47.16981132075472,64.93506493506493,9999.0,9999.0,147.05882352941177,90.09009009009009,21.27659574468085,39.37007874015748,36.76470588235294,9999.0,156.25,1000.0,9999.0,135.13513513513513,55.24861878453038,312.5,31.746031746031747,9999.0,50.5050505050505
confidence_in_domestic_institutions|WVS_E,53.191489361702125,9999.0,9999.0,10.834236186348864,500.0,50.5050505050505,36.90036900369004,526.3157894736842,9999.0,0.0,9999.0,212.7659574468085,9999.0,9999.0,9999.0,9999.0,178.57142857142858,42.73504273504273,32.25806451612903,476.1904761904762,23.419203747072597,9999.0,37.87878787878788,344.82758620689657,9999.0,33.222591362126245,41.666666666666664,68.9655172413793,30.674846625766875,27.247956403269754,9999.0,9999.0,43.29004329004329,46.728971962616825,72.46376811594203,9999.0,9999.0,68.02721088435375,76.92307692307692,20.2020202020202,54.34782608695652,32.467532467532465,9999.0,322.5806451612903,1000.0,9999.0,666.6666666666666,48.78048780487805,270.27027027027026,32.67973856209151,9999.0,37.87878787878788
confidence_in_international_organizations|WVS_E,68.02721088435375,9999.0,9999.0,17.857142857142858,1000.0,107.52688172043011,72.46376811594203,454.5454545454545,9999.0,9999.0,0.0,344.82758620689657,9999.0,9999.0,9999.0,9999.0,588.2352941176471,64.51612903225806,56.81818181818181,500.0,33.003300330033,9999.0,70.4225352112676,181.81818181818184,9999.0,49.75124378109453,72.99270072992701,149.2537313432836,49.26108374384237,59.880239520958085,9999.0,9999.0,71.42857142857143,69.44444444444444,88.49557522123894,9999.0,9999.0,153.84615384615384,138.88888888888889,35.08771929824561,86.20689655172414,50.5050505050505,9999.0,277.77777777777777,1000.0,9999.0,250.0,78.125,1000.0,57.14285714285714,9999.0,78.74015748031496
crime_victimization|WVS_H,9999.0,161.29032258064515,212.7659574468085,9999.0,136.986301369863,61.34969325153375,99.00990099009901,59.523809523809526,312.5,212.7659574468085,344.82758620689657,0.0,62.5,59.880239520958085,666.6666666666666,75.18796992481204,9999.0,161.29032258064515,1000.0,9999.0,37.735849056603776,9999.0,163.93442622950818,9999.0,48.78048780487805,125.0,434.7826086956522,91.74311926605505,1000.0,9999.0,384.61538461538464,79.36507936507937,126.58227848101265,131.57894736842104,133.33333333333334,133.33333333333334,175.43859649122805,9999.0,303.03030303030306,93.45794392523365,80.64516129032258,256.4102564102564,136.986301369863,131.57894736842104,238.0952380952381,51.81347150259067,9999.0,153.84615384615384,166.66666666666666,125.0,85.47008547008546,126.58227848101265
democratic_system_evaluation|WVS_E,60.6060606060606,9999.0,9999.0,34.24657534246575,54.94505494505494,86.95652173913044,120.48192771084337,49.75124378109453,9999.0,9999.0,9999.0,62.5,0.0,9999.0,9999.0,9999.0,312.5,51.02040816326531,53.191489361702125,102.04081632653062,20.70393374741201,9999.0,434.7826086956522,41.666666666666664,9999.0,44.84304932735426,833.3333333333334,277.77777777777777,73.52941176470588,40.48582995951417,9999.0,9999.0,44.84304932735426,123.4567901234568,81.96721311475409,9999.0,9999.0,833.3333333333334,357.14285714285717,175.43859649122805,25.188916876574307,58.8235294117647,9999.0,69.93006993006993,99.00990099009901,9999.0,93.45794392523365,113.63636363636363,149.2537313432836,93.45794392523365,9999.0,212.7659574468085
democratic_values_importance|WVS_E,87.71929824561403,9999.0,9999.0,357.14285714285717,41.32231404958678,52.083333333333336,285.7142857142857,45.24886877828054,9999.0,9999.0,9999.0,59.880239520958085,9999.0,0.0,9999.0,9999.0,1000.0,51.282051282051285,73.52941176470588,66.66666666666667,22.62443438914027,9999.0,114.9425287356322,43.859649122807014,9999.0,46.08294930875576,119.04761904761905,204.08163265306123,178.57142857142858,28.49002849002849,9999.0,9999.0,41.32231404958678,1000.0,104.16666666666667,9999.0,9999.0,1000.0,1000.0,34.013605442176875,15.337423312883438,99.00990099009901,9999.0,72.99270072992701,70.92198581560284,9999.0,166.66666666666666,47.39336492890995,250.0,35.08771929824561,9999.0,833.3333333333334
economic_ideology|WVS_E,196.078431372549,9999.0,9999.0,75.18796992481204,357.14285714285717,1000.0,204.08163265306123,714.2857142857143,9999.0,9999.0,9999.0,666.6666666666666,9999.0,9999.0,0.0,9999.0,322.5806451612903,128.2051282051282,192.30769230769232,208.33333333333334,92.59259259259258,9999.0,222.22222222222223,588.2352941176471,9999.0,120.48192771084337,357.14285714285717,400.0,217.3913043478261,434.7826086956522,9999.0,9999.0,140.8450704225352,384.61538461538464,322.5806451612903,9999.0,9999.0,270.27027027027026,769.2307692307693,588.2352941176471,129.87012987012986,169.49152542372883,9999.0,909.090909090909,500.0,9999.0,769.2307692307693,1000.0,625.0,769.2307692307693,9999.0,303.03030303030306
electoral_integrity|WVS_E,69.93006993006993,9999.0,9999.0,35.3356890459364,105.26315789473685,172.41379310344828,147.05882352941177,85.47008547008546,9999.0,9999.0,9999.0,75.18796992481204,9999.0,9999.0,9999.0,0.0,1000.0,58.13953488372093,71.94244604316548,81.96721311475409,28.653295128939828,9999.0,277.77777777777777,69.93006993006993,9999.0,49.01960784313725,312.5,1000.0,87.71929824561403,96.15384615384616,9999.0,9999.0,55.865921787709496,120.48192771084337,105.26315789473685,9999.0,9999.0,250.0,400.0,1000.0,48.309178743961354,71.42857142857143,9999.0,129.87012987012986,169.49152542372883,9999.0,158.73015873015873,312.5,500.0,250.0,9999.0,217.3913043478261
existential_threat_worry|WVS_H,9999.0,87.71929824561403,1000.0,9999.0,400.0,1000.0,188.67924528301887,227.27272727272725,1000.0,178.57142857142858,588.2352941176471,9999.0,312.5,1000.0,322.5806451612903,1000.0,0.0,121.95121951219511,1000.0,9999.0,1000.0,9999.0,120.48192771084337,9999.0,769.2307692307693,135.13513513513513,416.6666666666667,172.41379310344828,526.3157894736842,9999.0,90.09009009009009,66.2251655629139,128.2051282051282,333.3333333333333,1000.0,769.2307692307693,76.92307692307692,9999.0,909.090909090909,103.09278350515464,56.17977528089888,400.0,384.61538461538464,277.77777777777777,357.14285714285717,163.93442622950818,9999.0,232.5581395348837,126.58227848101265,93.45794392523365,185.18518518518516,588.2352941176471
familial_duty_obligations|WVS_D,71.42857142857143,81.96721311475409,101.010101010101,27.855153203342617,67.56756756756756,172.41379310344828,68.02721088435375,120.48192771084337,54.054054054054056,42.73504273504273,64.51612903225806,161.29032258064515,51.02040816326531,51.282051282051285,128.2051282051282,58.13953488372093,121.95121951219511,0.0,9999.0,61.34969325153375,9999.0,9999.0,106.38297872340425,100.0,90.09009009009009,35.714285714285715,250.0,172.41379310344828,77.51937984496124,344.82758620689657,44.44444444444444,222.22222222222223,36.36363636363637,217.3913043478261,102.04081632653062,72.46376811594203,30.674846625766875,98.0392156862745,370.3703703703703,131.57894736842104,22.075055187637968,49.75124378109453,81.30081300813008,149.2537313432836,98.0392156862745,37.735849056603776,196.078431372549,126.58227848101265,217.3913043478261,68.02721088435375,126.58227848101265,116.27906976744185
female_income_threat_to_marriage|WVS_D,90.09009009009009,153.84615384615384,64.1025641025641,22.42152466367713,93.45794392523365,294.11764705882354,62.5,109.89010989010988,37.3134328358209,32.25806451612903,56.81818181818181,1000.0,53.191489361702125,73.52941176470588,192.30769230769232,71.94244604316548,1000.0,9999.0,0.0,555.5555555555555,9999.0,9999.0,153.84615384615384,81.96721311475409,117.6470588235294,43.47826086956522,166.66666666666666,181.81818181818184,50.25125628140703,294.11764705882354,151.51515151515153,33.67003367003367,54.054054054054056,111.11111111111111,93.45794392523365,40.48582995951417,54.054054054054056,217.3913043478261,144.92753623188406,68.4931506849315,60.24096385542168,50.76142131979696,67.56756756756756,109.89010989010988,181.81818181818184,77.51937984496124,666.6666666666666,400.0,454.5454545454545,185.18518518518516,163.93442622950818,73.52941176470588
freedom_security_tradeoff_perception|WVS_H,9999.0,40.32258064516129,163.93442622950818,9999.0,103.09278350515464,56.497175141242934,212.7659574468085,103.09278350515464,555.5555555555555,476.1904761904762,500.0,9999.0,102.04081632653062,66.66666666666667,208.33333333333334,81.96721311475409,9999.0,61.34969325153375,555.5555555555555,0.0,45.04504504504504,9999.0,263.1578947368421,9999.0,59.1715976331361,61.34969325153375,833.3333333333334,227.27272727272725,178.57142857142858,9999.0,58.13953488372093,25.706940874035993,57.80346820809249,384.61538461538464,232.5581395348837,71.42857142857143,42.016806722689076,9999.0,166.66666666666666,35.842293906810035,26.315789473684212,294.11764705882354,333.3333333333333,1000.0,120.48192771084337,37.87878787878788,9999.0,69.44444444444444,175.43859649122805,35.97122302158274,270.27027027027026,119.04761904761905
gender_role_traditionalism|WVS_D,30.959752321981423,181.81818181818184,51.54639175257732,13.774104683195592,33.11258278145695,74.07407407407408,44.052863436123346,32.25806451612903,25.0,23.419203747072597,33.003300330033,37.735849056603776,20.70393374741201,22.62443438914027,92.59259259259258,28.653295128939828,1000.0,9999.0,9999.0,45.04504504504504,0.0,9999.0,232.5581395348837,27.47252747252747,33.11258278145695,20.920502092050206,250.0,1000.0,32.467532467532465,42.5531914893617,43.859649122807014,57.4712643678161,21.645021645021647,64.51612903225806,44.44444444444444,35.46099290780142,23.364485981308412,108.69565217391305,123.4567901234568,285.7142857142857,15.174506828528072,27.247956403269754,28.653295128939828,47.84688995215311,56.17977528089888,21.691973969631235,81.30081300813008,86.95652173913044,172.41379310344828,67.11409395973155,192.30769230769232,76.33587786259541
immigrant_origin_status|WVS_G,9999.0,9999.0,9999.0,9999.0,9999.0,9999.0,9999.0,9999.0,9999.0,9999.0,9999.0,9999.0,9999.0,9999.0,9999.0,9999.0,9999.0,9999.0,9999.0,9999.0,9999.0,0.0,9999.0,9999.0,9999.0,9999.0,9999.0,9999.0,9999.0,9999.0,9999.0,9999.0,9999.0,9999.0,9999.0,9999.0,9999.0,9999.0,9999.0,9999.0,9999.0,9999.0,9999.0,9999.0,9999.0,9999.0,9999.0,9999.0,9999.0,9999.0,9999.0,9999.0
importance_of_life_domains|WVS_A,250.0,285.7142857142857,113.63636363636363,37.174721189591075,9999.0,9999.0,9999.0,149.2537313432836,64.1025641025641,37.87878787878788,70.4225352112676,163.93442622950818,434.7826086956522,114.9425287356322,222.22222222222223,277.77777777777777,120.48192771084337,106.38297872340425,153.84615384615384,263.1578947368421,232.5581395348837,9999.0,0.0,128.2051282051282,1000.0,99.00990099009901,106.38297872340425,121.95121951219511,131.57894736842104,47.16981132075472,312.5,54.34782608695652,135.13513513513513,238.0952380952381,476.1904761904762,69.44444444444444,138.88888888888889,117.6470588235294,322.5806451612903,86.20689655172414,243.90243902439022,121.95121951219511,277.77777777777777,232.5581395348837,9999.0,344.82758620689657,126.58227848101265,9999.0,158.73015873015873,9999.0,181.81818181818184,119.04761904761905
institutional_threat_perception|WVS_H,9999.0,1000.0,400.0,9999.0,79.36507936507937,90.09009009009009,1000.0,52.631578947368425,88.49557522123894,344.82758620689657,181.81818181818184,9999.0,41.666666666666664,43.859649122807014,588.2352941176471,69.93006993006993,9999.0,100.0,81.96721311475409,9999.0,27.47252747252747,9999.0,128.2051282051282,0.0,63.69426751592357,73.52941176470588,333.3333333333333,166.66666666666666,109.89010989010988,9999.0,232.5581395348837,277.77777777777777,81.96721311475409,131.57894736842104,99.00990099009901,200.0,86.95652173913044,9999.0,1000.0,243.90243902439022,45.24886877828054,98.0392156862745,62.11180124223603,80.64516129032258,158.73015873015873,50.76142131979696,9999.0,161.29032258064515,116.27906976744185,192.30769230769232,208.33333333333334,1000.0
international_organization_knowledge|WVS_E,57.80346820809249,9999.0,9999.0,46.08294930875576,178.57142857142858,117.6470588235294,714.2857142857143,74.07407407407408,9999.0,9999.0,9999.0,48.78048780487805,9999.0,9999.0,9999.0,9999.0,769.2307692307693,90.09009009009009,117.6470588235294,59.1715976331361,33.11258278145695,9999.0,1000.0,63.69426751592357,0.0,72.46376811594203,270.27027027027026,188.67924528301887,135.13513513513513,52.91005291005291,9999.0,9999.0,86.95652173913044,89.28571428571429,103.09278350515464,9999.0,9999.0,1000.0,1000.0,1000.0,192.30769230769232,95.23809523809523,9999.0,144.92753623188406,277.77777777777777,9999.0,70.4225352112676,1000.0,238.0952380952381,1000.0,9999.0,1000.0
job_scarcity_gender_discrimination|WVS_C,59.1715976331361,108.69565217391305,78.125,22.62443438914027,60.24096385542168,196.078431372549,58.8235294117647,90.09009009009009,42.016806722689076,33.222591362126245,49.75124378109453,125.0,44.84304932735426,46.08294930875576,120.48192771084337,49.01960784313725,135.13513513513513,35.714285714285715,43.47826086956522,61.34969325153375,20.920502092050206,9999.0,99.00990099009901,73.52941176470588,72.46376811594203,0.0,9999.0,188.67924528301887,57.80346820809249,294.11764705882354,49.504950495049506,303.03030303030306,35.842293906810035,135.13513513513513,79.36507936507937,54.054054054054056,29.673590504451038,86.95652173913044,238.0952380952381,400.0,21.78649237472767,44.44444444444444,67.11409395973155,117.6470588235294,92.59259259259258,35.587188612099645,384.61538461538464,156.25,434.7826086956522,81.30081300813008,131.57894736842104,9999.0
job_scarcity_nativist_preference|WVS_C,200.0,97.08737864077669,121.95121951219511,38.61003861003861,200.0,117.6470588235294,163.93442622950818,238.0952380952381,58.13953488372093,41.666666666666664,72.99270072992701,434.7826086956522,833.3333333333334,119.04761904761905,357.14285714285717,312.5,416.6666666666667,250.0,166.66666666666666,833.3333333333334,250.0,9999.0,106.38297872340425,333.3333333333333,270.27027027027026,9999.0,0.0,204.08163265306123,126.58227848101265,59.880239520958085,86.95652173913044,35.97122302158274,333.3333333333333,149.2537313432836,357.14285714285717,69.44444444444444,1000.0,243.90243902439022,294.11764705882354,50.76142131979696,50.0,147.05882352941177,370.3703703703703,769.2307692307693,416.6666666666667,147.05882352941177,1000.0,98.0392156862745,588.2352941176471,72.46376811594203,714.2857142857143,9999.0
life_autonomy_morality_permissiveness|WVS_F,500.0,769.2307692307693,147.05882352941177,66.2251655629139,1000.0,129.87012987012986,106.38297872340425,9999.0,126.58227848101265,68.9655172413793,149.2537313432836,91.74311926605505,277.77777777777777,204.08163265306123,400.0,1000.0,172.41379310344828,172.41379310344828,181.81818181818184,227.27272727272725,1000.0,9999.0,121.95121951219511,166.66666666666666,188.67924528301887,188.67924528301887,204.08163265306123,0.0,181.81818181818184,54.6448087431694,312.5,97.08737864077669,217.3913043478261,1000.0,1000.0,102.04081632653062,158.73015873015873,172.41379310344828,9999.0,9999.0,9999.0,200.0,1000.0,9999.0,1000.0,454.5454545454545,108.69565217391305,303.03030303030306,9999.0,500.0,133.33333333333334,129.87012987012986
multilevel_place_attachment|WVS_G,98.0392156862745,71.94244604316548,62.893081761006286,20.79002079002079,200.0,121.95121951219511,68.02721088435375,188.67924528301887,34.24657534246575,30.674846625766875,49.26108374384237,1000.0,73.52941176470588,178.57142857142858,217.3913043478261,87.71929824561403,526.3157894736842,77.51937984496124,50.25125628140703,178.57142857142858,32.467532467532465,9999.0,131.57894736842104,109.89010989010988,135.13513513513513,57.80346820809249,126.58227848101265,181.81818181818184,0.0,96.15384615384616,227.27272727272725,25.38071065989848,9999.0,9999.0,9999.0,36.90036900369004,129.87012987012986,294.11764705882354,131.57894736842104,42.918454935622314,370.3703703703703,54.054054054054056,93.45794392523365,142.85714285714286,500.0,322.5806451612903,270.27027027027026,125.0,303.03030303030306,70.92198581560284,270.27027027027026,71.42857142857143
neighborhood_disorder_and_crime|WVS_H,9999.0,41.32231404958678,59.880239520958085,9999.0,59.523809523809526,33.898305084745765,64.1025641025641,40.0,50.76142131979696,27.247956403269754,59.880239520958085,9999.0,40.48582995951417,28.49002849002849,434.7826086956522,96.15384615384616,9999.0,344.82758620689657,294.11764705882354,9999.0,42.5531914893617,9999.0,47.16981132075472,9999.0,52.91005291005291,294.11764705882354,59.880239520958085,54.6448087431694,96.15384615384616,0.0,48.78048780487805,19.76284584980237,140.8450704225352,555.5555555555555,222.22222222222223,38.314176245210724,79.36507936507937,9999.0,123.4567901234568,24.875621890547265,20.242914979757085,222.22222222222223,64.93506493506493,75.18796992481204,108.69565217391305,31.645569620253163,9999.0,43.47826086956522,109.89010989010988,30.959752321981423,91.74311926605505,56.81818181818181
offline_political_participation|WVS_E,909.090909090909,9999.0,9999.0,51.81347150259067,38.02281368821293,50.5050505050505,95.23809523809523,111.11111111111111,9999.0,9999.0,9999.0,384.61538461538464,9999.0,9999.0,9999.0,9999.0,90.09009009009009,44.44444444444444,151.51515151515153,58.13953488372093,43.859649122807014,9999.0,312.5,232.5581395348837,9999.0,49.504950495049506,86.95652173913044,312.5,227.27272727272725,48.78048780487805,0.0,9999.0,39.21568627450981,72.99270072992701,1000.0,9999.0,9999.0,103.09278350515464,270.27027027027026,19.841269841269842,10.416666666666666,188.67924528301887,9999.0,175.43859649122805,58.47953216374269,9999.0,55.865921787709496,33.557046979865774,131.57894736842104,20.0,9999.0,1000.0
online_political_participation|WVS_E,77.51937984496124,9999.0,9999.0,9.727626459143968,40.983606557377044,25.0,50.5050505050505,126.58227848101265,9999.0,9999.0,9999.0,79.36507936507937,9999.0,9999.0,9999.0,9999.0,66.2251655629139,222.22222222222223,33.67003367003367,25.706940874035993,57.4712643678161,9999.0,54.34782608695652,277.77777777777777,9999.0,303.03030303030306,35.97122302158274,97.08737864077669,25.38071065989848,19.76284584980237,9999.0,0.0,142.85714285714286,31.055900621118013,78.125,9999.0,9999.0,270.27027027027026,53.191489361702125,9.9601593625498,9.157509157509157,39.682539682539684,9999.0,263.1578947368421,59.1715976331361,9999.0,54.34782608695652,19.455252918287936,87.71929824561403,12.106537530266342,9999.0,32.67973856209151
outgroup_trust|WVS_G,68.4931506849315,72.46376811594203,113.63636363636363,30.030030030030026,55.865921787709496,121.95121951219511,69.44444444444444,89.28571428571429,59.523809523809526,43.29004329004329,71.42857142857143,126.58227848101265,44.84304932735426,41.32231404958678,140.8450704225352,55.865921787709496,128.2051282051282,36.36363636363637,54.054054054054056,57.80346820809249,21.645021645021647,9999.0,135.13513513513513,81.96721311475409,86.95652173913044,35.842293906810035,333.3333333333333,217.3913043478261,9999.0,140.8450704225352,39.21568627450981,142.85714285714286,0.0,9999.0,9999.0,84.03361344537815,29.41176470588235,96.15384615384616,357.14285714285717,94.33962264150944,18.587360594795538,52.631578947368425,64.51612903225806,128.2051282051282,85.47008547008546,34.602076124567475,303.03030303030306,93.45794392523365,322.5806451612903,54.6448087431694,135.13513513513513,105.26315789473685
perceived_negative_effects_of_immigration|WVS_G,92.59259259259258,74.07407407407408,126.58227848101265,32.78688524590164,454.5454545454545,277.77777777777777,344.82758620689657,238.0952380952381,47.16981132075472,46.728971962616825,69.44444444444444,131.57894736842104,123.4567901234568,1000.0,384.61538461538464,120.48192771084337,333.3333333333333,217.3913043478261,111.11111111111111,384.61538461538464,64.51612903225806,9999.0,238.0952380952381,131.57894736842104,89.28571428571429,135.13513513513513,149.2537313432836,1000.0,9999.0,555.5555555555555,72.99270072992701,31.055900621118013,9999.0,0.0,9999.0,67.11409395973155,833.3333333333334,1000.0,263.1578947368421,51.282051282051285,51.81347150259067,105.26315789473685,384.61538461538464,294.11764705882354,769.2307692307693,833.3333333333334,102.04081632653062,113.63636363636363,303.03030303030306,69.44444444444444,270.27027027027026,217.3913043478261
perceived_positive_effects_of_immigration|WVS_G,106.38297872340425,357.14285714285717,158.73015873015873,43.10344827586207,175.43859649122805,833.3333333333334,178.57142857142858,131.57894736842104,64.93506493506493,72.46376811594203,88.49557522123894,133.33333333333334,81.96721311475409,104.16666666666667,322.5806451612903,105.26315789473685,1000.0,102.04081632653062,93.45794392523365,232.5581395348837,44.44444444444444,9999.0,476.1904761904762,99.00990099009901,103.09278350515464,79.36507936507937,357.14285714285717,1000.0,9999.0,222.22222222222223,1000.0,78.125,9999.0,9999.0,0.0,90.90909090909092,108.69565217391305,555.5555555555555,370.3703703703703,169.49152542372883,114.9425287356322,92.59259259259258,128.2051282051282,185.18518518518516,312.5,104.16666666666667,181.81818181818184,1000.0,454.5454545454545,476.1904761904762,1000.0,212.7659574468085
political_information_sources|WVS_E,101.010101010101,9999.0,9999.0,15.576323987538942,1000.0,58.47953216374269,52.083333333333336,1000.0,9999.0,9999.0,9999.0,133.33333333333334,9999.0,9999.0,9999.0,9999.0,769.2307692307693,72.46376811594203,40.48582995951417,71.42857142857143,35.46099290780142,9999.0,69.44444444444444,200.0,9999.0,54.054054054054056,69.44444444444444,102.04081632653062,36.90036900369004,38.314176245210724,9999.0,9999.0,84.03361344537815,67.11409395973155,90.90909090909092,0.0,9999.0,212.7659574468085,90.09009009009009,23.809523809523807,52.35602094240838,43.47826086956522,9999.0,212.7659574468085,909.090909090909,9999.0,666.6666666666666,62.893081761006286,555.5555555555555,36.101083032490976,9999.0,49.504950495049506
postmaterialist_values|WVS_E,74.6268656716418,9999.0,9999.0,47.39336492890995,40.816326530612244,67.56756756756756,64.51612903225806,78.125,9999.0,9999.0,9999.0,175.43859649122805,9999.0,9999.0,9999.0,9999.0,76.92307692307692,30.674846625766875,54.054054054054056,42.016806722689076,23.364485981308412,9999.0,138.88888888888889,86.95652173913044,9999.0,29.673590504451038,1000.0,158.73015873015873,129.87012987012986,79.36507936507937,9999.0,9999.0,29.41176470588235,833.3333333333334,108.69565217391305,9999.0,0.0,71.42857142857143,1000.0,32.67973856209151,12.578616352201257,55.24861878453038,9999.0,135.13513513513513,60.975609756097555,9999.0,100.0,47.39336492890995,133.33333333333334,28.409090909090907,9999.0,196.078431372549
precautionary_security_behaviors|WVS_H,9999.0,123.4567901234568,250.0,9999.0,344.82758620689657,1000.0,128.2051282051282,454.5454545454545,147.05882352941177,68.02721088435375,153.84615384615384,9999.0,833.3333333333334,1000.0,270.27027027027026,250.0,9999.0,98.0392156862745,217.3913043478261,9999.0,108.69565217391305,9999.0,117.6470588235294,9999.0,1000.0,86.95652173913044,243.90243902439022,172.41379310344828,294.11764705882354,9999.0,103.09278350515464,270.27027027027026,96.15384615384616,1000.0,555.5555555555555,212.7659574468085,71.42857142857143,0.0,1000.0,270.27027027027026,60.24096385542168,161.29032258064515,1000.0,666.6666666666666,312.5,147.05882352941177,9999.0,370.3703703703703,161.29032258064515,161.29032258064515,178.57142857142858,212.7659574468085
religion_versus_secularism_orientation|WVS_F,625.0,121.95121951219511,147.05882352941177,54.054054054054056,1000.0,185.18518518518516,175.43859649122805,9999.0,90.09009009009009,76.92307692307692,138.88888888888889,303.03030303030306,357.14285714285717,1000.0,769.2307692307693,400.0,909.090909090909,370.3703703703703,144.92753623188406,166.66666666666666,123.4567901234568,9999.0,322.5806451612903,1000.0,1000.0,238.0952380952381,294.11764705882354,9999.0,131.57894736842104,123.4567901234568,270.27027027027026,53.191489361702125,357.14285714285717,263.1578947368421,370.3703703703703,90.09009009009009,1000.0,1000.0,0.0,9999.0,9999.0,163.93442622950818,357.14285714285717,9999.0,1000.0,400.0,1000.0,200.0,9999.0,126.58227848101265,434.7826086956522,163.93442622950818
religious_exclusivism|WVS_F,256.4102564102564,20.120724346076457,44.052863436123346,15.479876160990711,46.728971962616825,33.898305084745765,91.74311926605505,9999.0,21.27659574468085,20.2020202020202,35.08771929824561,93.45794392523365,175.43859649122805,34.013605442176875,588.2352941176471,1000.0,103.09278350515464,131.57894736842104,68.4931506849315,35.842293906810035,285.7142857142857,9999.0,86.20689655172414,243.90243902439022,1000.0,400.0,50.76142131979696,9999.0,42.918454935622314,24.875621890547265,19.841269841269842,9.9601593625498,94.33962264150944,51.282051282051285,169.49152542372883,23.809523809523807,32.67973856209151,270.27027027027026,9999.0,0.0,9999.0,81.96721311475409,156.25,9999.0,72.99270072992701,28.08988764044944,93.45794392523365,27.62430939226519,9999.0,17.636684303350968,384.61538461538464,54.6448087431694
religious_practice_and_self_identification|WVS_F,120.48192771084337,14.184397163120568,123.4567901234568,41.666666666666664,20.04008016032064,25.57544757033248,60.24096385542168,9999.0,39.37007874015748,54.34782608695652,86.20689655172414,80.64516129032258,25.188916876574307,15.337423312883438,129.87012987012986,48.309178743961354,56.17977528089888,22.075055187637968,60.24096385542168,26.315789473684212,15.174506828528072,9999.0,243.90243902439022,45.24886877828054,192.30769230769232,21.78649237472767,50.0,9999.0,370.3703703703703,20.242914979757085,10.416666666666666,9.157509157509157,18.587360594795538,51.81347150259067,114.9425287356322,52.35602094240838,12.578616352201257,60.24096385542168,9999.0,9999.0,0.0,67.56756756756756,28.901734104046245,9999.0,30.769230769230766,12.642225031605562,46.948356807511736,17.825311942959004,9999.0,11.46788990825688,53.191489361702125,370.3703703703703
science_skepticism|WVS_I,81.96721311475409,204.08163265306123,71.42857142857143,22.675736961451246,108.69565217391305,500.0,65.78947368421052,140.8450704225352,36.76470588235294,32.467532467532465,50.5050505050505,256.4102564102564,58.8235294117647,99.00990099009901,169.49152542372883,71.42857142857143,400.0,49.75124378109453,50.76142131979696,294.11764705882354,27.247956403269754,9999.0,121.95121951219511,98.0392156862745,95.23809523809523,44.44444444444444,147.05882352941177,200.0,54.054054054054056,222.22222222222223,188.67924528301887,39.682539682539684,52.631578947368425,105.26315789473685,92.59259259259258,43.47826086956522,55.24861878453038,161.29032258064515,163.93442622950818,81.96721311475409,67.56756756756756,0.0,84.74576271186442,140.8450704225352,181.81818181818184,74.07407407407408,666.6666666666666,500.0,1000.0,222.22222222222223,204.08163265306123,87.71929824561403
science_technology_optimism|WVS_E,131.57894736842104,9999.0,9999.0,60.24096385542168,64.93506493506493,125.0,131.57894736842104,72.99270072992701,9999.0,9999.0,9999.0,136.986301369863,9999.0,9999.0,9999.0,9999.0,384.61538461538464,81.30081300813008,67.56756756756756,333.3333333333333,28.653295128939828,9999.0,277.77777777777777,62.11180124223603,9999.0,67.11409395973155,370.3703703703703,1000.0,93.45794392523365,64.93506493506493,9999.0,9999.0,64.51612903225806,384.61538461538464,128.2051282051282,9999.0,9999.0,1000.0,357.14285714285717,156.25,28.901734104046245,84.74576271186442,0.0,96.15384615384616,125.0,9999.0,192.30769230769232,126.58227848101265,217.3913043478261,95.23809523809523,9999.0,238.0952380952381
sexual_and_reproductive_morality_permissiveness|WVS_F,147.05882352941177,1000.0,344.82758620689657,84.03361344537815,121.95121951219511,200.0,416.6666666666667,9999.0,156.25,322.5806451612903,277.77777777777777,131.57894736842104,69.93006993006993,72.99270072992701,909.090909090909,129.87012987012986,277.77777777777777,149.2537313432836,109.89010989010988,1000.0,47.84688995215311,9999.0,232.5581395348837,80.64516129032258,144.92753623188406,117.6470588235294,769.2307692307693,9999.0,142.85714285714286,75.18796992481204,175.43859649122805,263.1578947368421,128.2051282051282,294.11764705882354,185.18518518518516,212.7659574468085,135.13513513513513,666.6666666666666,9999.0,9999.0,9999.0,140.8450704225352,96.15384615384616,0.0,243.90243902439022,87.71929824561403,133.33333333333334,294.11764705882354,9999.0,400.0,1000.0,625.0
social_intolerance_outgroups|WVS_A,217.3913043478261,87.71929824561403,1000.0,370.3703703703703,9999.0,9999.0,9999.0,151.51515151515153,1000.0,1000.0,1000.0,238.0952380952381,99.00990099009901,70.92198581560284,500.0,169.49152542372883,357.14285714285717,98.0392156862745,181.81818181818184,120.48192771084337,56.17977528089888,9999.0,9999.0,158.73015873015873,277.77777777777777,92.59259259259258,416.6666666666667,1000.0,500.0,108.69565217391305,58.47953216374269,59.1715976331361,85.47008547008546,769.2307692307693,312.5,909.090909090909,60.975609756097555,312.5,1000.0,72.99270072992701,30.769230769230766,181.81818181818184,125.0,243.90243902439022,0.0,60.6060606060606,526.3157894736842,9999.0,833.3333333333334,9999.0,303.03030303030306,1000.0
societal_change_attitudes|WVS_E,74.07407407407408,9999.0,9999.0,526.3157894736842,38.167938931297705,44.44444444444444,133.33333333333334,50.5050505050505,9999.0,9999.0,9999.0,51.81347150259067,9999.0,9999.0,9999.0,9999.0,163.93442622950818,37.735849056603776,77.51937984496124,37.87878787878788,21.691973969631235,9999.0,344.82758620689657,50.76142131979696,9999.0,35.587188612099645,147.05882352941177,454.5454545454545,322.5806451612903,31.645569620253163,9999.0,9999.0,34.602076124567475,833.3333333333334,104.16666666666667,9999.0,9999.0,147.05882352941177,400.0,28.08988764044944,12.642225031605562,74.07407407407408,9999.0,87.71929824561403,60.6060606060606,0.0,1000.0,40.983606557377044,1000.0,26.595744680851062,9999.0,769.2307692307693
socioeconomic_insecurity_worry|WVS_H,9999.0,78.125,1000.0,9999.0,1000.0,181.81818181818184,117.6470588235294,86.95652173913044,135.13513513513513,666.6666666666666,250.0,9999.0,93.45794392523365,166.66666666666666,769.2307692307693,158.73015873015873,9999.0,196.078431372549,666.6666666666666,9999.0,81.30081300813008,9999.0,126.58227848101265,9999.0,70.4225352112676,384.61538461538464,1000.0,108.69565217391305,270.27027027027026,9999.0,55.865921787709496,54.34782608695652,303.03030303030306,102.04081632653062,181.81818181818184,666.6666666666666,100.0,9999.0,1000.0,93.45794392523365,46.948356807511736,666.6666666666666,192.30769230769232,133.33333333333334,526.3157894736842,1000.0,0.0,196.078431372549,104.16666666666667,92.59259259259258,87.71929824561403,263.1578947368421
subjective_wellbeing|WVS_A,1000.0,38.61003861003861,105.26315789473685,38.91050583657587,9999.0,9999.0,9999.0,112.35955056179776,55.24861878453038,48.78048780487805,78.125,153.84615384615384,113.63636363636363,47.39336492890995,1000.0,312.5,232.5581395348837,126.58227848101265,400.0,69.44444444444444,86.95652173913044,9999.0,9999.0,161.29032258064515,1000.0,156.25,98.0392156862745,303.03030303030306,125.0,43.47826086956522,33.557046979865774,19.455252918287936,93.45794392523365,113.63636363636363,1000.0,62.893081761006286,47.39336492890995,370.3703703703703,200.0,27.62430939226519,17.825311942959004,500.0,126.58227848101265,294.11764705882354,9999.0,40.983606557377044,196.078431372549,0.0,434.7826086956522,9999.0,333.3333333333333,136.986301369863
