construct,acceptance_of_state_surveillance|WVS_H,authoritarian_governance_tolerance|WVS_E,autocracy_support|WVS_E,basic_needs_deprivation|WVS_H,child_qualities_autonomy_self_expression|WVS_A,child_qualities_conformity_tradition|WVS_A,child_qualities_prosocial_diligence|WVS_A,civic_dishonesty_tolerance|WVS_F,confidence_in_civil_society_organizations|WVS_E,confidence_in_domestic_institutions|WVS_E,confidence_in_international_organizations|WVS_E,crime_victimization|WVS_H,democratic_system_evaluation|WVS_E,democratic_values_importance|WVS_E,economic_ideology|WVS_E,electoral_integrity|WVS_E,existential_threat_worry|WVS_H,familial_duty_obligations|WVS_D,female_income_threat_to_marriage|WVS_D,freedom_security_tradeoff_perception|WVS_H,gender_role_traditionalism|WVS_D,immigrant_origin_status|WVS_G,importance_of_life_domains|WVS_A,institutional_threat_perception|WVS_H,international_organization_knowledge|WVS_E,job_scarcity_gender_discrimination|WVS_C,job_scarcity_nativist_preference|WVS_C,life_autonomy_morality_permissiveness|WVS_F,multilevel_place_attachment|WVS_G,neighborhood_disorder_and_crime|WVS_H,offline_political_participation|WVS_E,online_political_participation|WVS_E,outgroup_trust|WVS_G,perceived_negative_effects_of_immigration|WVS_G,perceived_positive_effects_of_immigration|WVS_G,political_information_sources|WVS_E,postmaterialist_values|WVS_E,precautionary_security_behaviors|WVS_H,religion_versus_secularism_orientation|WVS_F,religious_belief|WVS_F,religious_exclusivism|WVS_F,religious_practice_and_self_identification|WVS_F,science_skepticism|WVS_I,science_technology_optimism|WVS_E,sexual_and_reproductive_morality_permissiveness|WVS_F,social_intolerance_outgroups|WVS_A,societal_change_attitudes|WVS_E,socioeconomic_insecurity_worry|WVS_H,subjective_wellbeing|WVS_A,violence_tolerance|WVS_F,voluntary_association_active_membership|WVS_A,voluntary_association_belonging|WVS_A,voting_participation|WVS_E,work_ethic|WVS_C
acceptance_of_state_surveillance|WVS_H,0.0,9999.0,9999.0,9999.0,9999.0,9999.0,9999.0,9999.0,9999.0,9999.0,9999.0,9999.0,9999.0,9999.0,9999.0,9999.0,9999.0,9999.0,9999.0,9999.0,9999.0,9999.0,9999.0,9999.0,9999.0,9999.0,9999.0,9999.0,9999.0,9999.0,9999.0,9999.0,9999.0,9999.0,9999.0,9999.0,9999.0,9999.0,9999.0,9999.0,9999.0,9999.0,9999.0,9999.0,9999.0,9999.0,9999.0,9999.0,9999.0,9999.0,9999.0,9999.0,9999.0,9999.0
authoritarian_governance_tolerance|WVS_E,9999.0,0.0,41.34803929728308,47.430534932669765,87.6094001856066,38.200858922437334,83.94560324909459,18.0754096416747,76.7423762033781,27.081934777232092,40.192668601038925,29.076509751685705,20.549831501893106,30.220725255198403,44.74207630834137,23.789872994135486,50.842069565202515,9999.0,30.25792182418688,9999.0,36.23218369031897,10.952902519167578,32.09455156779337,9999.0,9999.0,35.058245773447005,16.218831955713128,18.83933785039786,9999.0,18.343885519906678,30.138135817790506,9999.0,61.83573348843472,9999.0,9999.0,33.125851521384874,29.85649420158724,52.608316798170065,28.527594962049825,52.55966048146763,33.1751247413898,25.177653586023908,45.082595351932085,32.834740593565826,20.728073584661225,34.76364116229563,34.9337178668894,22.342424159258695,74.19099925391384,31.444705797856102,88.13271061261773,9999.0,22.77323348843472,9999.0
autocracy_support|WVS_E,9999.0,41.34803929728308,0.0,66.87276919161769,107.05163444455454,57.643093181385254,103.38783750804251,37.51764390062262,96.18461046232602,46.52416903618002,59.63490285998685,48.518744010633625,39.99206576084103,49.66295951414633,64.18431056728929,43.23210725308341,70.28430382415044,9999.0,49.70015608313481,9999.0,55.674417949266896,30.395136778115504,51.536785826741294,9999.0,9999.0,54.50048003239493,35.661066214661055,38.28157210934579,9999.0,37.7861197788546,49.58037007673843,9999.0,81.27796774738265,9999.0,9999.0,52.568085780332794,49.29872846053516,72.05055105711799,47.96982922099775,72.00189474041557,52.61735900033773,44.619887844971835,64.52482961088,52.27697485251375,40.17030784360915,52.91005291005291,54.37595212583733,41.78465841820662,93.63323351286178,50.88694005680402,107.57494487156566,9999.0,42.21546774738265,9999.0
basic_needs_deprivation|WVS_H,9999.0,47.430534932669765,66.87276919161769,0.0,75.68620061553924,47.16981132075472,78.74015748031496,30.277662423838937,59.1715976331361,26.455026455026456,65.71739849537353,28.295581409013458,38.88250475670177,55.745455149533015,34.48275862068965,23.64066193853428,38.91886999513514,9999.0,43.53139194392567,9999.0,27.700831024930746,36.477632413502185,34.013605442176875,9999.0,9999.0,28.8193901183488,40.908178289385624,40.89067320917438,9999.0,41.75660396751979,18.214936247723134,9999.0,68.13226744186046,9999.0,9999.0,20.161290322580644,40.57084607543323,40.89067320917438,51.291989664082685,40.63646091140026,23.980815347721823,29.92453812125943,55.24777791306465,58.35947048790044,29.46353017348241,18.34862385321101,45.662100456621005,41.48325194304973,62.26779968384648,56.96943569219071,94.42924456604348,9999.0,29.069767441860463,9999.0
child_qualities_autonomy_self_expression|WVS_A,9999.0,87.6094001856066,107.05163444455454,75.68620061553924,0.0,103.90445406970878,149.64919839636605,69.5339905439319,134.85779824867532,80.06118398290734,105.89626374831036,67.55190952910642,82.92087140069228,95.92432040246985,83.23627488268713,76.88064755428907,78.17519811522811,9999.0,82.78772006401863,9999.0,68.97874422972635,76.65649766643902,74.95378185033358,9999.0,9999.0,68.07571823844177,81.92242710298457,80.14700132926734,9999.0,83.01046106160402,57.4712643678161,9999.0,108.0280172413793,9999.0,9999.0,75.97425762298636,87.79065258194115,80.14700132926734,91.18773946360153,79.89278903149322,68.1779024834478,69.18086624135239,95.14352771258349,98.53833574083728,68.71985829357537,65.56843035971893,94.30406254362698,84.35298479792363,101.52412780393945,97.14830094512754,134.3249943655623,9999.0,68.9655172413793,9999.0
child_qualities_conformity_tradition|WVS_A,9999.0,38.200858922437334,57.643093181385254,47.16981132075472,103.90445406970878,0.0,100.24065713319676,34.37046352577688,90.09009009009009,43.376988661334266,56.4877224851411,45.37156363578788,36.84488538599528,46.51577913930058,61.03713019244354,40.08492687823766,62.76774969915765,9999.0,46.552975708289054,9999.0,51.84911452855397,27.247956403269754,48.38960545189555,9999.0,9999.0,51.071142912730494,32.5138858398153,35.134391734500035,9999.0,34.63893940400885,46.43318970189268,9999.0,78.1307873725369,9999.0,9999.0,36.101083032490976,46.15154808568941,64.34967060311244,44.822648846152006,63.878860810268755,46.29629629629629,41.47270747012608,61.37764923603426,49.129794477668,37.0231274687634,46.5069102957584,51.22877175099158,38.63747804336087,90.48605313801602,47.739759681958276,104.4277644967199,9999.0,39.06828737253689,9999.0
child_qualities_prosocial_diligence|WVS_A,9999.0,83.94560324909459,103.38783750804251,78.74015748031496,149.64919839636605,100.24065713319676,0.0,80.11520785243412,137.91175511345108,89.12173298799152,102.23246681179836,91.11630796244513,82.58962971265254,92.26052346595783,106.7818745191008,85.82967120489492,112.88186777596195,9999.0,92.29772003494631,9999.0,98.27198190107839,72.99270072992701,94.1343497785528,9999.0,9999.0,97.09804398420643,78.25863016647256,80.8791360611573,9999.0,80.3836837306661,92.17793402854994,9999.0,123.87553169919414,9999.0,9999.0,95.1656497321443,91.89629241234667,114.6481150089295,90.56739317280926,114.59945869222707,95.21492295214924,87.21745179678334,107.12239356269151,94.87453880432525,82.76787179542066,96.80343937305506,96.97351607764884,84.38222237001813,136.2307974646733,93.48450400861553,150.17250882337714,9999.0,84.81303169919414,9999.0
civic_dishonesty_tolerance|WVS_F,9999.0,18.0754096416747,37.51764390062262,30.277662423838937,69.5339905439319,34.37046352577688,80.11520785243412,0.0,72.91198080671764,15.1285930408472,36.36227320437847,11.001100110011002,13.386880856760374,26.39032985853795,26.666666666666668,11.534025374855824,32.76665992352781,9999.0,26.427526427526427,9999.0,21.367521367521366,7.122507122507122,25.25252525252525,9999.0,9999.0,19.120458891013385,12.388436559052671,15.008942453737406,9999.0,14.513490123246221,12.062726176115802,9999.0,48.18658759124088,9999.0,9999.0,26.77397077247157,26.026098804926782,34.73846313756705,24.697199565389372,34.484250839792935,22.769364291747493,21.34725818936345,34.84320557491289,29.004345196905373,16.897678188000768,19.49317738791423,31.103322470228946,18.512028762598238,56.11558961223915,27.614310401195645,74.4835647154239,9999.0,9.124087591240876,9999.0
confidence_in_civil_society_organizations|WVS_E,9999.0,76.7423762033781,96.18461046232602,59.1715976331361,134.85779824867532,90.09009009009009,137.91175511345108,72.91198080671764,0.0,81.91850594227503,95.02923976608187,83.91308091672865,75.38640266693605,85.05729642024134,93.65435625382575,78.62644415917843,98.09046762827124,9999.0,85.09449298922982,9999.0,86.87242865806685,65.78947368421052,86.93112273283631,9999.0,9999.0,87.9909877514849,71.05540312075607,73.67590901544081,9999.0,73.18045668494962,77.38653388085923,9999.0,116.67230465347765,9999.0,9999.0,79.33288795571674,84.69306536663018,100.06227084231048,83.36416612709277,99.80805854453637,83.15241298085792,80.01422475106685,99.91916651697503,87.67131175860877,75.56464474970417,77.52022148634711,89.77028903193235,77.17899532430164,121.43939731698258,86.28127696289904,142.96928177766068,9999.0,77.60980465347765,9999.0
confidence_in_domestic_institutions|WVS_E,9999.0,27.081934777232092,46.52416903618002,26.455026455026456,80.06118398290734,43.376988661334266,89.12173298799152,15.1285930408472,81.91850594227503,0.0,45.368798339935864,14.04494382022472,25.725961240790042,35.39685499409534,32.1605981461566,25.486591417478724,39.36837551373567,9999.0,27.548209366391184,9999.0,18.34862385321101,16.129032258064516,22.98850574712644,9999.0,9999.0,19.083969465648853,21.394961694610068,24.0154675892948,9999.0,23.520015258803614,22.58991961509124,9999.0,60.96907904035051,9999.0,9999.0,24.898580886455832,35.03262394048417,38.314176245210724,33.703724700946765,36.101083032490976,20.964360587002098,24.03846153846154,48.0845895115547,38.010870332462765,15.082956259426847,14.492753623188404,40.10984760578634,27.51855389815563,66.64278305121458,36.620835536753034,87.26605616453352,9999.0,21.906579040350508,9999.0
confidence_in_international_organizations|WVS_E,9999.0,40.192668601038925,59.63490285998685,65.71739849537353,105.89626374831036,56.4877224851411,102.23246681179836,36.36227320437847,95.02923976608187,45.368798339935864,0.0,47.36337331438947,38.836695064596874,48.507588817902175,63.02893987104513,42.07673655683925,69.12893312790628,9999.0,48.54478538689065,9999.0,54.519047253022734,29.239766081871345,50.38141513049713,9999.0,9999.0,53.34510933615077,34.50569551841689,37.126201413101626,9999.0,36.63074908261044,48.42499938049427,9999.0,80.12259705113848,9999.0,9999.0,51.41271508408864,48.143357764291004,70.89518036087384,46.81445852475359,70.8465240441714,51.461988304093566,43.46451714872767,63.36945891463585,51.1216041562696,39.01493714736499,53.0505047249994,53.22058142959317,40.62928772196246,92.47786281661762,49.73156936055987,106.4195741753215,9999.0,41.060097051138484,9999.0
crime_victimization|WVS_H,9999.0,29.076509751685705,48.518744010633625,28.295581409013458,67.55190952910642,45.37156363578788,91.11630796244513,11.001100110011002,83.91308091672865,14.04494382022472,47.36337331438947,0.0,15.974440894568689,37.39142996854895,22.371364653243848,11.441647597254004,30.78457890870233,9999.0,26.525198938992045,9999.0,16.528925619834713,18.123607232518125,23.58490566037736,9999.0,9999.0,14.992503748125937,23.389536669063673,17.152658662092627,9999.0,21.906579040350508,10.080645161290322,9999.0,46.924135220125784,9999.0,9999.0,15.772870662460567,34.993614303959134,32.75638212274157,30.083857442348005,32.50216982496745,20.449897750511248,15.503875968992247,34.03964569132997,40.00544530691637,11.45475372279496,12.77139208173691,39.8406374501992,29.513128872609244,54.133508597413666,38.61541051120665,73.2211123443088,9999.0,7.861635220125786,9999.0
democratic_system_evaluation|WVS_E,9999.0,20.549831501893106,39.99206576084103,38.88250475670177,82.92087140069228,36.84488538599528,82.58962971265254,13.386880856760374,75.38640266693605,25.725961240790042,38.836695064596874,15.974440894568689,0.0,28.864751718756352,38.201725426458964,22.433899457693435,45.409502794038026,9999.0,28.90194828774483,9999.0,24.271844660194173,9.596928982725528,30.12048192771084,9999.0,9999.0,21.88183807439825,14.862858419271078,17.48336431395581,9999.0,16.987911983464627,25.449607032876177,9999.0,60.47975995199267,9999.0,9999.0,30.93970816675819,28.50052066514519,47.93114117746337,27.171621425607775,46.10932847382324,31.81915120494775,23.821680049581857,43.726621815490034,31.478767057123775,14.40922190201729,20.53388090349076,33.57774433044735,20.986450622816644,69.50247046899952,30.08873226141405,86.77673707617569,9999.0,21.41725995199267,9999.0
democratic_values_importance|WVS_E,9999.0,30.220725255198403,49.66295951414633,55.745455149533015,95.92432040246985,46.51577913930058,92.26052346595783,26.39032985853795,85.05729642024134,35.39685499409534,48.507588817902175,37.39142996854895,28.864751718756352,0.0,53.05699652520461,32.104793210998736,59.156989782065764,9999.0,38.57284204105013,9999.0,44.54710390718222,19.267822736030826,40.40947178465662,9999.0,9999.0,43.373165990310255,24.533752172576378,27.15425806726111,9999.0,26.658805736769924,38.453056034653756,9999.0,70.15065370529797,9999.0,9999.0,41.44077173824812,38.17141441845048,60.92323701503331,36.842515178913075,60.87458069833089,41.49004495825305,33.49257380288716,53.39751556879533,41.149660810429076,29.042993801524474,43.07856137915888,43.24863808375265,30.65734437612194,82.5059194707771,39.759626014719345,96.44763082948099,9999.0,31.088153705297966,9999.0
economic_ideology|WVS_E,9999.0,44.74207630834137,64.18431056728929,34.48275862068965,83.23627488268713,61.03713019244354,106.7818745191008,26.666666666666668,93.65435625382575,32.1605981461566,63.02893987104513,22.371364653243848,38.201725426458964,53.05699652520461,0.0,28.980061717538334,42.54346641351546,9999.0,48.89656359223589,9999.0,24.449877750611247,33.78917378917379,33.557046979865774,9999.0,9999.0,23.20185614849188,39.055103225719336,39.52402331533648,9999.0,40.462997653461635,25.765010514871033,9999.0,68.72075219682911,9999.0,9999.0,28.07367178623563,39.890066745190424,42.73504273504273,51.36386623205604,42.918454935622314,24.449877750611247,31.645569620253163,55.8362626680333,55.67101186357203,24.096385542168672,17.6678445229682,46.40347670687625,42.35920254765956,69.81787395099438,54.28097706786231,95.01772932101213,9999.0,29.65825219682911,9999.0
electoral_integrity|WVS_E,9999.0,23.789872994135486,43.23210725308341,23.64066193853428,76.88064755428907,40.08492687823766,85.82967120489492,11.534025374855824,78.62644415917843,25.486591417478724,42.07673655683925,11.441647597254004,22.433899457693435,32.104793210998736,28.980061717538334,0.0,31.152647975077883,9999.0,23.419203747072597,9999.0,14.641288433382138,12.836970474967908,18.51851851851852,9999.0,9999.0,14.727540500736376,18.102899911513457,18.726591760299623,9999.0,18.115942028985508,19.40938318647297,9999.0,58.34915547553293,9999.0,9999.0,21.718044457837564,31.740562157387565,28.81844380403458,30.41166291785016,29.32551319648094,16.949152542372882,17.88908765652952,45.04504504504504,34.71880854936616,11.299435028248588,11.312217194570135,36.81778582268973,24.226492115059024,62.11180124223603,33.32877375365643,84.64613259971594,9999.0,19.286655475532932,9999.0
existential_threat_worry|WVS_H,9999.0,50.842069565202515,70.28430382415044,38.91886999513514,78.17519811522811,62.76774969915765,112.88186777596195,32.76665992352781,98.09046762827124,39.36837551373567,69.12893312790628,30.78457890870233,45.409502794038026,59.156989782065764,42.54346641351546,31.152647975077883,0.0,9999.0,46.02038944361454,9999.0,32.21141360932225,39.889167046034935,38.18645122992949,9999.0,9999.0,31.30838761803767,45.15509648258048,43.37967070886326,9999.0,45.79097556625646,20.70393374741201,9999.0,70.80853174603175,9999.0,9999.0,26.666666666666668,47.09784411276949,43.37967070886326,53.96825396825397,43.12545841108914,30.674846625766875,32.41353562094831,57.924042217235936,61.77100512043319,31.95252767317129,24.875621890547265,53.61125407445532,47.58565417751954,64.75679718353535,60.38097032472346,97.10550887021476,9999.0,31.746031746031747,9999.0
familial_duty_obligations|WVS_D,9999.0,9999.0,9999.0,9999.0,9999.0,9999.0,9999.0,9999.0,9999.0,9999.0,9999.0,9999.0,9999.0,9999.0,9999.0,9999.0,9999.0,0.0,9999.0,9999.0,9999.0,9999.0,9999.0,9999.0,9999.0,9999.0,9999.0,9999.0,9999.0,9999.0,9999.0,9999.0,9999.0,9999.0,9999.0,9999.0,9999.0,9999.0,9999.0,9999.0,9999.0,9999.0,9999.0,9999.0,9999.0,9999.0,9999.0,9999.0,9999.0,9999.0,9999.0,9999.0,9999.0,9999.0
female_income_threat_to_marriage|WVS_D,9999.0,30.25792182418688,49.70015608313481,43.53139194392567,82.78772006401863,46.552975708289054,92.29772003494631,26.427526427526427,85.09449298922982,27.548209366391184,48.54478538689065,26.525198938992045,28.90194828774483,38.57284204105013,48.89656359223589,23.419203747072597,46.02038944361454,9999.0,0.0,9999.0,33.74292586111346,19.305019305019304,38.0459650020356,9999.0,9999.0,32.5689879442415,24.570948741564855,27.19145463624959,9999.0,26.6960023057584,25.31645569620253,9999.0,59.34647565922921,9999.0,9999.0,41.477968307236594,38.20861098743896,47.992192657653774,36.87971174790155,47.73798035987966,36.02309381183422,33.25414427142117,46.4619861304334,41.18685737941755,26.041666666666668,32.27438333309012,43.28583465274113,30.69454094511042,69.36931913232587,39.79682258370782,85.64345278341223,9999.0,20.28397565922921,9999.0
freedom_security_tradeoff_perception|WVS_H,9999.0,9999.0,9999.0,9999.0,9999.0,9999.0,9999.0,9999.0,9999.0,9999.0,9999.0,9999.0,9999.0,9999.0,9999.0,9999.0,9999.0,9999.0,9999.0,0.0,9999.0,9999.0,9999.0,9999.0,9999.0,9999.0,9999.0,9999.0,9999.0,9999.0,9999.0,9999.0,9999.0,9999.0,9999.0,9999.0,9999.0,9999.0,9999.0,9999.0,9999.0,9999.0,9999.0,9999.0,9999.0,9999.0,9999.0,9999.0,9999.0,9999.0,9999.0,9999.0,9999.0,9999.0
gender_role_traditionalism|WVS_D,9999.0,36.23218369031897,55.674417949266896,27.700831024930746,68.97874422972635,51.84911452855397,98.27198190107839,21.367521367521366,86.87242865806685,18.34862385321101,54.519047253022734,16.528925619834713,24.271844660194173,44.54710390718222,24.449877750611247,14.641288433382138,32.21141360932225,9999.0,33.74292586111346,9999.0,0.0,25.27928117115139,28.49002849002849,9999.0,9999.0,19.157088122605362,30.545210607696937,25.40638150415426,9999.0,27.503894022108973,11.507479861910241,9999.0,52.52145020188425,9999.0,9999.0,15.748031496062993,36.99327096668308,34.18321682336149,35.68117242410647,33.929004525587374,19.157088122605362,21.598272138228943,39.63696067308844,47.16111924554964,18.90359168241966,14.771048744460858,43.50668092836891,36.66880281124251,55.56034329803359,45.77108444983991,78.81842732606727,9999.0,13.458950201884251,9999.0
immigrant_origin_status|WVS_G,9999.0,10.952902519167578,30.395136778115504,36.477632413502185,76.65649766643902,27.247956403269754,72.99270072992701,7.122507122507122,65.78947368421052,16.129032258064516,29.239766081871345,18.123607232518125,9.596928982725528,19.267822736030826,33.78917378917379,12.836970474967908,39.889167046034935,9999.0,19.305019305019304,9999.0,25.27928117115139,0.0,21.14164904862579,9999.0,9999.0,24.105343254279425,5.26592943654555,7.886435331230284,9999.0,7.390983000739098,19.185233298622926,9999.0,50.88283096926714,9999.0,9999.0,22.172949002217294,18.90359168241966,41.655414279002486,17.57469244288225,41.60675796230005,22.22222222222222,14.22475106685633,34.129692832764505,21.88183807439825,9.775171065493646,23.81073864312805,23.980815347721823,11.389521640091116,63.23809673474627,20.491803278688522,77.17980809345016,9999.0,11.82033096926714,9999.0
importance_of_life_domains|WVS_A,9999.0,32.09455156779337,51.536785826741294,34.013605442176875,74.95378185033358,48.38960545189555,94.1343497785528,25.25252525252525,86.93112273283631,22.98850574712644,50.38141513049713,23.58490566037736,30.12048192771084,40.40947178465662,33.557046979865774,18.51851851851852,38.18645122992949,9999.0,38.0459650020356,9999.0,28.49002849002849,21.14164904862579,0.0,9999.0,9999.0,28.08697135314315,26.407578485171342,29.028084379856075,9999.0,28.53263204936489,17.482517482517483,9999.0,56.824489342806395,9999.0,9999.0,26.246719160104984,40.04524073104545,40.15825444396873,38.71634149150804,39.90404214619461,28.189155598149178,29.19211935605378,43.939999814010584,43.02348712302404,22.675736961451246,25.579683474420317,45.12246439634761,32.531170688716905,61.535380918640826,41.633452327314316,83.1214664669894,9999.0,17.761989342806395,9999.0
institutional_threat_perception|WVS_H,9999.0,9999.0,9999.0,9999.0,9999.0,9999.0,9999.0,9999.0,9999.0,9999.0,9999.0,9999.0,9999.0,9999.0,9999.0,9999.0,9999.0,9999.0,9999.0,9999.0,9999.0,9999.0,9999.0,0.0,9999.0,9999.0,9999.0,9999.0,9999.0,9999.0,9999.0,9999.0,9999.0,9999.0,9999.0,9999.0,9999.0,9999.0,9999.0,9999.0,9999.0,9999.0,9999.0,9999.0,9999.0,9999.0,9999.0,9999.0,9999.0,9999.0,9999.0,9999.0,9999.0,9999.0
international_organization_knowledge|WVS_E,9999.0,9999.0,9999.0,9999.0,9999.0,9999.0,9999.0,9999.0,9999.0,9999.0,9999.0,9999.0,9999.0,9999.0,9999.0,9999.0,9999.0,9999.0,9999.0,9999.0,9999.0,9999.0,9999.0,9999.0,0.0,9999.0,9999.0,9999.0,9999.0,9999.0,9999.0,9999.0,9999.0,9999.0,9999.0,9999.0,9999.0,9999.0,9999.0,9999.0,9999.0,9999.0,9999.0,9999.0,9999.0,9999.0,9999.0,9999.0,9999.0,9999.0,9999.0,9999.0,9999.0,9999.0
job_scarcity_gender_discrimination|WVS_C,9999.0,35.058245773447005,54.50048003239493,28.8193901183488,68.07571823844177,51.071142912730494,97.09804398420643,19.120458891013385,87.9909877514849,19.083969465648853,53.34510933615077,14.992503748125937,21.88183807439825,43.373165990310255,23.20185614849188,14.727540500736376,31.30838761803767,9999.0,32.5689879442415,9999.0,19.157088122605362,24.105343254279425,28.08697135314315,9999.0,9999.0,0.0,29.371272690824973,24.232443587282297,9999.0,26.329956105237006,10.604453870625663,9999.0,51.347512285012286,9999.0,9999.0,14.970059880239521,32.467532467532465,33.28019083207691,34.50723450723451,33.025978534302794,17.793594306049823,18.6219739292365,38.463022756216475,45.98718132867768,17.271157167530223,13.089005235602095,41.82463741951014,35.494864894370544,54.65731730674901,44.59714653296795,77.6444894091953,9999.0,12.285012285012286,9999.0
job_scarcity_nativist_preference|WVS_C,9999.0,16.218831955713128,35.661066214661055,40.908178289385624,81.92242710298457,32.5138858398153,78.25863016647256,12.388436559052671,71.05540312075607,21.394961694610068,34.50569551841689,23.389536669063673,14.862858419271078,24.533752172576378,39.055103225719336,18.102899911513457,45.15509648258048,9999.0,24.570948741564855,9999.0,30.545210607696937,5.26592943654555,26.407578485171342,9999.0,9999.0,29.371272690824973,0.0,13.152364767775833,9999.0,12.656912437284648,24.451162735168474,9999.0,56.14876040581269,9999.0,9999.0,20.74688796680498,24.169521118965207,46.92134371554803,22.8406218794278,46.8726873988456,22.271714922048996,19.49068050340188,39.39562226931005,27.1477675109438,15.041100502039196,27.247956403269754,29.24674478426737,16.655451076636666,68.50402617129183,25.75773271523407,82.44573752999571,9999.0,17.086260405812688,9999.0
life_autonomy_morality_permissiveness|WVS_F,9999.0,18.83933785039786,38.28157210934579,40.89067320917438,80.14700132926734,35.134391734500035,80.8791360611573,15.008942453737406,73.67590901544081,24.0154675892948,37.126201413101626,17.152658662092627,17.48336431395581,27.15425806726111,39.52402331533648,18.726591760299623,43.37967070886326,9999.0,27.19145463624959,9999.0,25.40638150415426,7.886435331230284,29.028084379856075,9999.0,9999.0,24.232443587282297,13.152364767775833,0.0,9999.0,15.277418331969383,22.675736961451246,9999.0,51.00993130227001,9999.0,9999.0,30.05938433344758,26.790027013649944,45.35147392290249,25.461127774112533,45.097261625128375,30.108657553452506,22.111186398086613,38.1254417734742,29.768273405628534,17.66160639672393,23.937838976130923,31.867250678952107,19.2759569713214,66.7286003975746,28.378238609918807,77.30690842645302,9999.0,11.947431302270012,9999.0
multilevel_place_attachment|WVS_G,9999.0,9999.0,9999.0,9999.0,9999.0,9999.0,9999.0,9999.0,9999.0,9999.0,9999.0,9999.0,9999.0,9999.0,9999.0,9999.0,9999.0,9999.0,9999.0,9999.0,9999.0,9999.0,9999.0,9999.0,9999.0,9999.0,9999.0,9999.0,0.0,9999.0,9999.0,9999.0,9999.0,9999.0,9999.0,9999.0,9999.0,9999.0,9999.0,9999.0,9999.0,9999.0,9999.0,9999.0,9999.0,9999.0,9999.0,9999.0,9999.0,9999.0,9999.0,9999.0,9999.0,9999.0
neighborhood_disorder_and_crime|WVS_H,9999.0,18.343885519906678,37.7861197788546,41.75660396751979,83.01046106160402,34.63893940400885,80.3836837306661,14.513490123246221,73.18045668494962,23.520015258803614,36.63074908261044,21.906579040350508,16.987911983464627,26.658805736769924,40.462997653461635,18.115942028985508,45.79097556625646,9999.0,26.6960023057584,9999.0,27.503894022108973,7.390983000739098,28.53263204936489,9999.0,9999.0,26.329956105237006,12.656912437284648,15.277418331969383,9999.0,0.0,26.576216299362024,9999.0,53.10744382022472,9999.0,9999.0,29.563932002956392,26.294574683158757,46.93438583302009,24.965675443621347,47.44145522546645,29.61320522296132,21.615734067595426,40.222954291428906,29.272821075137347,16.366612111292962,26.03535149408563,31.37179834846092,18.780504640830216,70.62907973548536,27.88278627942762,79.40442094440773,9999.0,14.04494382022472,9999.0
offline_political_participation|WVS_E,9999.0,30.138135817790506,49.58037007673843,18.214936247723134,57.4712643678161,46.43318970189268,92.17793402854994,12.062726176115802,77.38653388085923,22.58991961509124,48.42499938049427,10.080645161290322,25.449607032876177,38.453056034653756,25.765010514871033,19.40938318647297,20.70393374741201,9999.0,25.31645569620253,9999.0,11.507479861910241,19.185233298622926,17.482517482517483,9999.0,9999.0,10.604453870625663,24.451162735168474,22.675736961451246,9999.0,26.576216299362024,0.0,9999.0,57.00478038141611,9999.0,9999.0,18.502993255170264,30.319388214125055,22.675736961451246,36.75992574150517,22.42152466367713,10.706638115631693,11.709601873536299,44.1202908526203,41.06707137302118,11.248593925759279,8.097165991902834,36.83279817581088,26.881720430107528,44.052863436123346,39.67703657731145,83.30175750559913,9999.0,17.942280381416108,9999.0
online_political_participation|WVS_E,9999.0,9999.0,9999.0,9999.0,9999.0,9999.0,9999.0,9999.0,9999.0,9999.0,9999.0,9999.0,9999.0,9999.0,9999.0,9999.0,9999.0,9999.0,9999.0,9999.0,9999.0,9999.0,9999.0,9999.0,9999.0,9999.0,9999.0,9999.0,9999.0,9999.0,9999.0,0.0,9999.0,9999.0,9999.0,9999.0,9999.0,9999.0,9999.0,9999.0,9999.0,9999.0,9999.0,9999.0,9999.0,9999.0,9999.0,9999.0,9999.0,9999.0,9999.0,9999.0,9999.0,9999.0
outgroup_trust|WVS_G,9999.0,61.83573348843472,81.27796774738265,68.13226744186046,108.0280172413793,78.1307873725369,123.87553169919414,48.18658759124088,116.67230465347765,60.96907904035051,80.12259705113848,46.924135220125784,60.47975995199267,70.15065370529797,68.72075219682911,58.34915547553293,70.80853174603175,9999.0,59.34647565922921,9999.0,52.52145020188425,50.88283096926714,56.824489342806395,9999.0,9999.0,51.347512285012286,56.14876040581269,51.00993130227001,9999.0,53.10744382022472,57.00478038141611,9999.0,0.0,9999.0,9999.0,61.45873493712834,69.78642265168679,78.45016794783352,61.28472222222222,76.62835524419339,58.14646946564885,52.032668612191955,65.24051047120419,72.76466904366539,47.04972044728434,51.052907673860915,74.86364631698896,62.27235260935826,101.05764381753946,71.37463424795567,104.42197712418302,9999.0,39.0625,9999.0
perceived_negative_effects_of_immigration|WVS_G,9999.0,9999.0,9999.0,9999.0,9999.0,9999.0,9999.0,9999.0,9999.0,9999.0,9999.0,9999.0,9999.0,9999.0,9999.0,9999.0,9999.0,9999.0,9999.0,9999.0,9999.0,9999.0,9999.0,9999.0,9999.0,9999.0,9999.0,9999.0,9999.0,9999.0,9999.0,9999.0,9999.0,0.0,9999.0,9999.0,9999.0,9999.0,9999.0,9999.0,9999.0,9999.0,9999.0,9999.0,9999.0,9999.0,9999.0,9999.0,9999.0,9999.0,9999.0,9999.0,9999.0,9999.0
perceived_positive_effects_of_immigration|WVS_G,9999.0,9999.0,9999.0,9999.0,9999.0,9999.0,9999.0,9999.0,9999.0,9999.0,9999.0,9999.0,9999.0,9999.0,9999.0,9999.0,9999.0,9999.0,9999.0,9999.0,9999.0,9999.0,9999.0,9999.0,9999.0,9999.0,9999.0,9999.0,9999.0,9999.0,9999.0,9999.0,9999.0,9999.0,0.0,9999.0,9999.0,9999.0,9999.0,9999.0,9999.0,9999.0,9999.0,9999.0,9999.0,9999.0,9999.0,9999.0,9999.0,9999.0,9999.0,9999.0,9999.0,9999.0
political_information_sources|WVS_E,9999.0,33.125851521384874,52.568085780332794,20.161290322580644,75.97425762298636,36.101083032490976,95.1656497321443,26.77397077247157,79.33288795571674,24.898580886455832,51.41271508408864,15.772870662460567,30.93970816675819,41.44077173824812,28.07367178623563,21.718044457837564,26.666666666666668,9999.0,41.477968307236594,9999.0,15.748031496062993,22.172949002217294,26.246719160104984,9999.0,9999.0,14.970059880239521,20.74688796680498,30.05938433344758,9999.0,29.563932002956392,18.502993255170264,9999.0,61.45873493712834,9999.0,9999.0,0.0,32.628049485489655,28.248587570621467,39.747641445099546,27.77777777777778,13.21003963011889,15.384615384615383,48.57424540833253,44.05478707661554,23.20185614849188,10.40582726326743,39.14145944717548,21.321961620469086,62.5,42.664752280905816,87.75571206131136,9999.0,22.39623493712834,9999.0
postmaterialist_values|WVS_E,9999.0,29.85649420158724,49.29872846053516,40.57084607543323,87.79065258194115,46.15154808568941,91.89629241234667,26.026098804926782,84.69306536663018,35.03262394048417,48.143357764291004,34.993614303959134,28.50052066514519,38.17141441845048,39.890066745190424,31.740562157387565,47.09784411276949,9999.0,38.20861098743896,9999.0,36.99327096668308,18.90359168241966,40.04524073104545,9999.0,9999.0,32.467532467532465,24.169521118965207,26.790027013649944,9999.0,26.294574683158757,30.319388214125055,9999.0,69.78642265168679,9999.0,9999.0,32.628049485489655,0.0,49.61948249619483,36.47828412530191,47.7976697925547,26.041666666666668,32.154340836012864,53.033284515184164,40.785429756817905,28.678762747913304,22.22222222222222,42.88440703014148,30.293113322510777,74.3722516502484,39.39539496110818,96.08339977586982,9999.0,30.7239226516868,9999.0
precautionary_security_behaviors|WVS_H,9999.0,52.608316798170065,72.05055105711799,40.89067320917438,80.14700132926734,64.34967060311244,114.6481150089295,34.73846313756705,100.06227084231048,38.314176245210724,70.89518036087384,32.75638212274157,47.93114117746337,60.92323701503331,42.73504273504273,28.81844380403458,43.37967070886326,9999.0,47.992192657653774,9999.0,34.18321682336149,41.655414279002486,40.15825444396873,9999.0,9999.0,33.28019083207691,46.92134371554803,45.35147392290249,9999.0,46.93438583302009,22.675736961451246,9999.0,78.45016794783352,9999.0,9999.0,28.248587570621467,49.61948249619483,0.0,59.23010672188474,45.097261625128375,33.38237507708294,34.38533883498754,65.56567841903771,63.53725235340073,33.92433088721052,27.397260273972606,56.13289245788066,49.55745739155877,66.7286003975746,62.14721755769101,104.74714507201654,9999.0,39.38766794783352,9999.0
religion_versus_secularism_orientation|WVS_F,9999.0,28.527594962049825,47.96982922099775,51.291989664082685,91.18773946360153,44.822648846152006,90.56739317280926,24.697199565389372,83.36416612709277,33.703724700946765,46.81445852475359,30.083857442348005,27.171621425607775,36.842515178913075,51.36386623205604,30.41166291785016,53.96825396825397,9999.0,36.87971174790155,9999.0,35.68117242410647,17.57469244288225,38.71634149150804,9999.0,9999.0,34.50723450723451,22.8406218794278,25.461127774112533,9999.0,24.965675443621347,36.75992574150517,9999.0,61.28472222222222,9999.0,9999.0,39.747641445099546,36.47828412530191,59.23010672188474,0.0,59.181450405182304,39.79691466510447,31.79944350973858,48.40023269342641,39.4565305172805,27.349863508375897,34.21262989608313,41.55550779060407,28.964214082973363,80.81278917762852,38.066495721570774,87.58169934640523,9999.0,22.22222222222222,9999.0
religious_belief|WVS_F,9999.0,52.55966048146763,72.00189474041557,40.63646091140026,79.89278903149322,63.878860810268755,114.59945869222707,34.484250839792935,99.80805854453637,36.101083032490976,70.8465240441714,32.50216982496745,46.10932847382324,60.87458069833089,42.918454935622314,29.32551319648094,43.12545841108914,9999.0,47.73798035987966,9999.0,33.929004525587374,41.60675796230005,39.90404214619461,9999.0,9999.0,33.025978534302794,46.8726873988456,45.097261625128375,9999.0,47.44145522546645,22.42152466367713,9999.0,76.62835524419339,9999.0,9999.0,27.77777777777778,47.7976697925547,45.097261625128375,59.181450405182304,0.0,33.12816277930882,34.131126537213426,63.743865715397575,63.48859603669831,33.670118589436406,25.57544757033248,54.311079754240524,49.09973939824687,66.47438809980048,62.09856124098857,102.9253323683764,9999.0,37.565855244193386,9999.0
religious_exclusivism|WVS_F,9999.0,33.1751247413898,52.61735900033773,23.980815347721823,68.1779024834478,46.29629629629629,95.21492295214924,22.769364291747493,83.15241298085792,20.964360587002098,51.461988304093566,20.449897750511248,31.81915120494775,41.49004495825305,24.449877750611247,16.949152542372882,30.674846625766875,9999.0,36.02309381183422,9999.0,19.157088122605362,22.22222222222222,28.189155598149178,9999.0,9999.0,17.793594306049823,22.271714922048996,30.108657553452506,9999.0,29.61320522296132,10.706638115631693,9999.0,58.14646946564885,9999.0,9999.0,13.21003963011889,26.041666666666668,33.38237507708294,39.79691466510447,33.12816277930882,0.0,22.41623998916799,45.26197993685304,44.104060296620474,21.95523204139097,13.071895424836601,34.602076124567475,24.630541871921185,54.75950155175504,42.71402550091074,84.44344658983186,9999.0,19.083969465648853,9999.0
religious_practice_and_self_identification|WVS_F,9999.0,25.177653586023908,44.619887844971835,29.92453812125943,69.18086624135239,41.47270747012608,87.21745179678334,21.34725818936345,80.01422475106685,24.03846153846154,43.46451714872767,15.503875968992247,23.821680049581857,33.49257380288716,31.645569620253163,17.88908765652952,32.41353562094831,9999.0,33.25414427142117,9999.0,21.598272138228943,14.22475106685633,29.19211935605378,9999.0,9999.0,18.6219739292365,19.49068050340188,22.111186398086613,9999.0,21.615734067595426,11.709601873536299,9999.0,52.032668612191955,9999.0,9999.0,15.384615384615383,32.154340836012864,34.38533883498754,31.79944350973858,34.131126537213426,22.41623998916799,0.0,39.148179083396144,36.10658914125458,20.957389059476302,14.534883720930232,32.89473684210526,25.614272706947446,55.762465309659646,34.71655434554485,78.32964573637497,9999.0,12.970168612191959,9999.0
science_skepticism|WVS_I,9999.0,45.082595351932085,64.52482961088,55.24777791306465,95.14352771258349,61.37764923603426,107.12239356269151,34.84320557491289,99.91916651697503,48.0845895115547,63.36945891463585,34.03964569132997,43.726621815490034,53.39751556879533,55.8362626680333,45.04504504504504,57.924042217235936,9999.0,46.4619861304334,9999.0,39.63696067308844,34.129692832764505,43.939999814010584,9999.0,9999.0,38.463022756216475,39.39562226931005,38.1254417734742,9999.0,40.222954291428906,44.1202908526203,9999.0,65.24051047120419,9999.0,9999.0,48.57424540833253,53.033284515184164,65.56567841903771,48.40023269342641,63.743865715397575,45.26197993685304,39.148179083396144,0.0,56.01153090716275,34.16523091848853,38.168418145065104,58.11050818048633,45.51921447285562,88.17315428874365,54.62149611145303,91.5374875953872,9999.0,26.17801047120419,9999.0
science_technology_optimism|WVS_E,9999.0,32.834740593565826,52.27697485251375,58.35947048790044,98.53833574083728,49.129794477668,94.87453880432525,29.004345196905373,87.67131175860877,38.010870332462765,51.1216041562696,40.00544530691637,31.478767057123775,41.149660810429076,55.67101186357203,34.71880854936616,61.77100512043319,9999.0,41.18685737941755,9999.0,47.16111924554964,21.88183807439825,43.02348712302404,9999.0,9999.0,45.98718132867768,27.1477675109438,29.768273405628534,9999.0,29.272821075137347,41.06707137302118,9999.0,72.76466904366539,9999.0,9999.0,44.05478707661554,40.785429756817905,63.53725235340073,39.4565305172805,63.48859603669831,44.104060296620474,36.10658914125458,56.01153090716275,0.0,31.657009139891898,45.69257671752631,45.862653422120076,33.271359714489364,85.11993480914452,42.37364135308677,99.06164616784841,9999.0,33.70216904366539,9999.0
sexual_and_reproductive_morality_permissiveness|WVS_F,9999.0,20.728073584661225,40.17030784360915,29.46353017348241,68.71985829357537,37.0231274687634,82.76787179542066,16.897678188000768,75.56464474970417,15.082956259426847,39.01493714736499,11.45475372279496,14.40922190201729,29.042993801524474,24.096385542168672,11.299435028248588,31.95252767317129,9999.0,26.041666666666668,9999.0,18.90359168241966,9.775171065493646,22.675736961451246,9999.0,9999.0,17.271157167530223,15.041100502039196,17.66160639672393,9999.0,16.366612111292962,11.248593925759279,9999.0,47.04972044728434,9999.0,9999.0,23.20185614849188,28.678762747913304,33.92433088721052,27.349863508375897,33.670118589436406,21.95523204139097,20.957389059476302,34.16523091848853,31.657009139891898,0.0,15.923566878980893,33.75598641321547,21.164692705584763,55.301457361882626,30.266974344182167,73.34669757146736,9999.0,7.987220447284344,9999.0
social_intolerance_outgroups|WVS_A,9999.0,34.76364116229563,52.91005291005291,18.34862385321101,65.56843035971893,46.5069102957584,96.80343937305506,19.49317738791423,77.52022148634711,14.492753623188404,53.0505047249994,12.77139208173691,20.53388090349076,43.07856137915888,17.6678445229682,11.312217194570135,24.875621890547265,9999.0,32.27438333309012,9999.0,14.771048744460858,23.81073864312805,25.579683474420317,9999.0,9999.0,13.089005235602095,27.247956403269754,23.937838976130923,9999.0,26.03535149408563,8.097165991902834,9999.0,51.052907673860915,9999.0,9999.0,10.40582726326743,22.22222222222222,27.397260273972606,34.21262989608313,25.57544757033248,13.071895424836601,14.534883720930232,38.168418145065104,45.69257671752631,15.923566878980893,0.0,28.73563218390805,24.691358024691358,52.15002942802618,44.30254192181657,77.34988479804393,9999.0,11.990407673860911,9999.0
societal_change_attitudes|WVS_E,9999.0,34.9337178668894,54.37595212583733,45.662100456621005,94.30406254362698,51.22877175099158,96.97351607764884,31.103322470228946,89.77028903193235,40.10984760578634,53.22058142959317,39.8406374501992,33.57774433044735,43.24863808375265,46.40347670687625,36.81778582268973,53.61125407445532,9999.0,43.28583465274113,9999.0,43.50668092836891,23.980815347721823,45.12246439634761,9999.0,9999.0,41.82463741951014,29.24674478426737,31.867250678952107,9999.0,31.37179834846092,36.83279817581088,9999.0,74.86364631698896,9999.0,9999.0,39.14145944717548,42.88440703014148,56.13289245788066,41.55550779060407,54.311079754240524,34.602076124567475,32.89473684210526,58.11050818048633,45.862653422120076,33.75598641321547,28.73563218390805,0.0,35.37033698781294,80.88566161193422,44.472618626410345,101.16062344117198,9999.0,35.80114631698896,9999.0
