,acceptance_of_state_surveillance|WVS_H,authoritarian_governance_tolerance|WVS_E,autocracy_support|WVS_E,basic_needs_deprivation|WVS_H,child_qualities_autonomy_self_expression|WVS_A,child_qualities_conformity_tradition|WVS_A,child_qualities_prosocial_diligence|WVS_A,civic_dishonesty_tolerance|WVS_F,confidence_in_civil_society_organizations|WVS_E,confidence_in_domestic_institutions|WVS_E,confidence_in_international_organizations|WVS_E,crime_victimization|WVS_H,democratic_system_evaluation|WVS_E,democratic_values_importance|WVS_E,economic_ideology|WVS_E,electoral_integrity|WVS_E,familial_duty_obligations|WVS_D,female_income_threat_to_marriage|WVS_D,freedom_security_tradeoff_perception|WVS_H,gender_role_traditionalism|WVS_D,immigrant_origin_status|WVS_G,importance_of_life_domains|WVS_A,institutional_threat_perception|WVS_H,international_organization_knowledge|WVS_E,job_scarcity_gender_discrimination|WVS_C,job_scarcity_nativist_preference|WVS_C,life_autonomy_morality_permissiveness|WVS_F,multilevel_place_attachment|WVS_G,neighborhood_disorder_and_crime|WVS_H,offline_political_participation|WVS_E,online_political_participation|WVS_E,outgroup_trust|WVS_G,perceived_negative_effects_of_immigration|WVS_G,perceived_positive_effects_of_immigration|WVS_G,political_information_sources|WVS_E,postmaterialist_values|WVS_E,precautionary_security_behaviors|WVS_H,religion_versus_secularism_orientation|WVS_F,religious_belief|WVS_F,religious_exclusivism|WVS_F,religious_practice_and_self_identification|WVS_F,science_skepticism|WVS_I,science_technology_optimism|WVS_E,sexual_and_reproductive_morality_permissiveness|WVS_F,social_intolerance_outgroups|WVS_A,societal_change_attitudes|WVS_E,subjective_wellbeing|WVS_A,violence_tolerance|WVS_F,voluntary_association_active_membership|WVS_A,voluntary_association_belonging|WVS_A,voting_participation|WVS_E,work_ethic|WVS_C
acceptance_of_state_surveillance|WVS_H,0.0,151.51515151515153,90.90909090909092,9999.0,117.6470588235294,263.1578947368421,526.3157894736842,212.7659574468085,111.11111111111111,400.0,175.43859649122805,9999.0,104.16666666666667,625.0,500.0,256.4102564102564,178.57142857142858,123.4567901234568,9999.0,135.13513513513513,9999.0,500.0,9999.0,123.4567901234568,102.04081632653062,217.3913043478261,153.84615384615384,108.69565217391305,9999.0,9999.0,36.101083032490976,116.27906976744185,136.986301369863,454.5454545454545,50.0,109.89010989010988,9999.0,69.93006993006993,119.04761904761905,50.5050505050505,104.16666666666667,243.90243902439022,83.33333333333333,125.0,96.15384615384616,163.93442622950818,250.0,178.57142857142858,1000.0,555.5555555555555,9999.0,86.95652173913044
authoritarian_governance_tolerance|WVS_E,151.51515151515153,0.0,9999.0,55.24861878453038,454.5454545454545,270.27027027027026,1000.0,416.6666666666667,9999.0,9999.0,9999.0,69.44444444444444,9999.0,9999.0,9999.0,9999.0,196.078431372549,204.08163265306123,1000.0,526.3157894736842,9999.0,1000.0,833.3333333333334,9999.0,163.93442622950818,227.27272727272725,163.93442622950818,238.0952380952381,555.5555555555555,9999.0,9999.0,121.95121951219511,185.18518518518516,714.2857142857143,9999.0,9999.0,129.87012987012986,99.00990099009901,196.078431372549,66.66666666666667,222.22222222222223,270.27027027027026,9999.0,188.67924528301887,217.3913043478261,9999.0,344.82758620689657,222.22222222222223,1000.0,588.2352941176471,9999.0,136.986301369863
autocracy_support|WVS_E,90.90909090909092,9999.0,0.0,33.67003367003367,121.95121951219511,185.18518518518516,400.0,109.89010989010988,9999.0,9999.0,9999.0,45.24886877828054,9999.0,9999.0,9999.0,9999.0,153.84615384615384,196.078431372549,344.82758620689657,104.16666666666667,9999.0,222.22222222222223,188.67924528301887,9999.0,76.92307692307692,196.078431372549,142.85714285714286,125.0,344.82758620689657,9999.0,9999.0,78.125,107.52688172043011,500.0,9999.0,9999.0,114.9425287356322,54.6448087431694,113.63636363636363,43.47826086956522,285.7142857142857,357.14285714285717,9999.0,119.04761904761905,78.125,9999.0,185.18518518518516,98.0392156862745,1000.0,322.5806451612903,9999.0,82.64462809917356
basic_needs_deprivation|WVS_H,9999.0,55.24861878453038,33.67003367003367,0.0,56.17977528089888,95.23809523809523,344.82758620689657,97.08737864077669,43.29004329004329,188.67924528301887,74.07407407407408,9999.0,36.36363636363637,172.41379310344828,312.5,93.45794392523365,64.1025641025641,50.5050505050505,9999.0,64.93506493506493,9999.0,1000.0,9999.0,55.55555555555556,43.859649122807014,81.30081300813008,62.11180124223603,44.44444444444444,9999.0,9999.0,14.814814814814813,40.48582995951417,52.083333333333336,175.43859649122805,20.080321285140563,41.666666666666664,9999.0,27.548209366391184,54.054054054054056,19.342359767891683,43.66812227074236,87.71929824561403,30.769230769230766,54.054054054054056,43.29004329004329,78.125,88.49557522123894,68.02721088435375,666.6666666666666,192.30769230769232,9999.0,36.63003663003663
child_qualities_autonomy_self_expression|WVS_A,117.6470588235294,454.5454545454545,121.95121951219511,56.17977528089888,0.0,9999.0,9999.0,625.0,90.90909090909092,151.51515151515153,76.33587786259541,62.5,769.2307692307693,277.77777777777777,147.05882352941177,294.11764705882354,126.58227848101265,85.47008547008546,70.92198581560284,38.75968992248062,9999.0,9999.0,1000.0,50.0,65.78947368421052,87.71929824561403,59.880239520958085,500.0,123.4567901234568,9999.0,36.63003663003663,175.43859649122805,119.04761904761905,1000.0,29.41176470588235,204.08163265306123,454.5454545454545,63.291139240506325,49.504950495049506,35.46099290780142,46.29629629629629,156.25,90.90909090909092,42.918454935622314,9999.0,111.11111111111111,9999.0,232.5581395348837,9999.0,9999.0,9999.0,45.662100456621005
child_qualities_conformity_tradition|WVS_A,263.1578947368421,270.27027027027026,185.18518518518516,95.23809523809523,9999.0,0.0,9999.0,133.33333333333334,129.87012987012986,1000.0,102.04081632653062,52.631578947368425,526.3157894736842,1000.0,1000.0,138.88888888888889,87.71929824561403,107.52688172043011,153.84615384615384,69.93006993006993,9999.0,9999.0,102.04081632653062,169.49152542372883,90.90909090909092,67.11409395973155,47.39336492890995,76.92307692307692,87.71929824561403,9999.0,37.735849056603776,185.18518518518516,151.51515151515153,555.5555555555555,42.37288135593221,476.1904761904762,69.44444444444444,111.11111111111111,63.69426751592357,52.083333333333336,52.631578947368425,95.23809523809523,103.09278350515464,43.29004329004329,9999.0,588.2352941176471,9999.0,156.25,9999.0,9999.0,9999.0,54.054054054054056
child_qualities_prosocial_diligence|WVS_A,526.3157894736842,1000.0,400.0,344.82758620689657,9999.0,9999.0,0.0,500.0,227.27272727272725,312.5,126.58227848101265,135.13513513513513,161.29032258064515,312.5,263.1578947368421,909.090909090909,222.22222222222223,232.5581395348837,92.59259259259258,50.76142131979696,9999.0,9999.0,454.5454545454545,106.38297872340425,97.08737864077669,149.2537313432836,97.08737864077669,178.57142857142858,666.6666666666666,9999.0,92.59259259259258,1000.0,277.77777777777777,588.2352941176471,59.880239520958085,625.0,476.1904761904762,144.92753623188406,87.71929824561403,83.33333333333333,83.33333333333333,344.82758620689657,303.03030303030306,70.92198581560284,9999.0,666.6666666666666,9999.0,238.0952380952381,9999.0,9999.0,9999.0,83.33333333333333
civic_dishonesty_tolerance|WVS_F,212.7659574468085,416.6666666666667,109.89010989010988,97.08737864077669,625.0,133.33333333333334,500.0,0.0,1000.0,158.73015873015873,133.33333333333334,123.4567901234568,104.16666666666667,1000.0,555.5555555555555,138.88888888888889,96.15384615384616,72.46376811594203,500.0,188.67924528301887,9999.0,42.37288135593221,50.25125628140703,357.14285714285717,625.0,65.78947368421052,9999.0,47.61904761904761,53.475935828877,9999.0,79.36507936507937,222.22222222222223,1000.0,344.82758620689657,81.96721311475409,909.090909090909,88.49557522123894,9999.0,9999.0,9999.0,9999.0,64.1025641025641,158.73015873015873,9999.0,1000.0,384.61538461538464,188.67924528301887,9999.0,454.5454545454545,476.1904761904762,9999.0,73.52941176470588
confidence_in_civil_society_organizations|WVS_E,111.11111111111111,9999.0,9999.0,43.29004329004329,90.90909090909092,129.87012987012986,227.27272727272725,1000.0,0.0,9999.0,9999.0,46.08294930875576,9999.0,9999.0,9999.0,9999.0,116.27906976744185,101.010101010101,192.30769230769232,73.52941176470588,9999.0,263.1578947368421,588.2352941176471,9999.0,76.33587786259541,97.08737864077669,70.4225352112676,666.6666666666666,714.2857142857143,9999.0,9999.0,114.9425287356322,117.6470588235294,1000.0,9999.0,9999.0,94.33962264150944,67.11409395973155,69.93006993006993,38.46153846153846,57.4712643678161,126.58227848101265,9999.0,57.80346820809249,68.9655172413793,9999.0,357.14285714285717,1000.0,1000.0,555.5555555555555,9999.0,58.13953488372093
confidence_in_domestic_institutions|WVS_E,400.0,9999.0,9999.0,188.67924528301887,151.51515151515153,1000.0,312.5,158.73015873015873,9999.0,0.0,9999.0,1000.0,9999.0,9999.0,9999.0,9999.0,588.2352941176471,555.5555555555555,263.1578947368421,144.92753623188406,9999.0,147.05882352941177,166.66666666666666,9999.0,263.1578947368421,384.61538461538464,285.7142857142857,151.51515151515153,123.4567901234568,9999.0,9999.0,666.6666666666666,666.6666666666666,1000.0,9999.0,9999.0,256.4102564102564,196.078431372549,1000.0,238.0952380952381,270.27027027027026,294.11764705882354,9999.0,454.5454545454545,144.92753623188406,9999.0,500.0,200.0,714.2857142857143,1000.0,9999.0,833.3333333333334
confidence_in_international_organizations|WVS_E,175.43859649122805,9999.0,9999.0,74.07407407407408,76.33587786259541,102.04081632653062,126.58227848101265,133.33333333333334,9999.0,9999.0,0.0,49.26108374384237,9999.0,9999.0,9999.0,9999.0,90.09009009009009,90.90909090909092,101.010101010101,49.504950495049506,9999.0,99.00990099009901,126.58227848101265,9999.0,71.42857142857143,70.92198581560284,46.51162790697675,106.38297872340425,178.57142857142858,9999.0,9999.0,172.41379310344828,126.58227848101265,769.2307692307693,9999.0,9999.0,88.49557522123894,79.36507936507937,50.25125628140703,42.73504273504273,43.29004329004329,93.45794392523365,9999.0,39.37007874015748,62.11180124223603,9999.0,1000.0,129.87012987012986,1000.0,1000.0,9999.0,48.543689320388346
crime_victimization|WVS_H,9999.0,69.44444444444444,45.24886877828054,9999.0,62.5,52.631578947368425,135.13513513513513,123.4567901234568,46.08294930875576,1000.0,49.26108374384237,0.0,83.33333333333333,277.77777777777777,588.2352941176471,67.11409395973155,41.84100418410041,42.19409282700422,9999.0,42.19409282700422,9999.0,53.475935828877,9999.0,57.80346820809249,40.0,35.46099290780142,25.57544757033248,114.9425287356322,9999.0,9999.0,14.064697609001406,51.81347150259067,57.14285714285714,1000.0,17.035775127768314,64.1025641025641,9999.0,33.67003367003367,31.847133757961785,19.9203187250996,24.93765586034913,44.84304932735426,34.129692832764505,22.675736961451246,39.0625,263.1578947368421,277.77777777777777,232.5581395348837,270.27027027027026,294.11764705882354,9999.0,25.77319587628866
democratic_system_evaluation|WVS_E,104.16666666666667,9999.0,9999.0,36.36363636363637,769.2307692307693,526.3157894736842,161.29032258064515,104.16666666666667,9999.0,9999.0,9999.0,83.33333333333333,0.0,9999.0,9999.0,9999.0,1000.0,333.3333333333333,126.58227848101265,113.63636363636363,9999.0,131.57894736842104,107.52688172043011,9999.0,476.1904761904762,285.7142857142857,196.078431372549,51.81347150259067,147.05882352941177,9999.0,9999.0,96.15384615384616,212.7659574468085,212.7659574468085,9999.0,9999.0,322.5806451612903,100.0,322.5806451612903,83.33333333333333,250.0,1000.0,9999.0,128.2051282051282,833.3333333333334,9999.0,166.66666666666666,80.0,1000.0,476.1904761904762,9999.0,1000.0
democratic_values_importance|WVS_E,625.0,9999.0,9999.0,172.41379310344828,277.77777777777777,1000.0,312.5,1000.0,9999.0,9999.0,9999.0,277.77777777777777,9999.0,0.0,9999.0,9999.0,833.3333333333334,1000.0,285.7142857142857,212.7659574468085,9999.0,1000.0,1000.0,9999.0,1000.0,1000.0,1000.0,1000.0,333.3333333333333,9999.0,9999.0,400.0,1000.0,1000.0,9999.0,9999.0,277.77777777777777,714.2857142857143,666.6666666666666,714.2857142857143,500.0,833.3333333333334,9999.0,1000.0,333.3333333333333,9999.0,1000.0,400.0,1000.0,1000.0,9999.0,1000.0
economic_ideology|WVS_E,500.0,9999.0,9999.0,312.5,147.05882352941177,1000.0,263.1578947368421,555.5555555555555,9999.0,9999.0,9999.0,588.2352941176471,9999.0,9999.0,0.0,9999.0,1000.0,1000.0,238.0952380952381,131.57894736842104,9999.0,370.3703703703703,400.0,9999.0,232.5581395348837,1000.0,1000.0,400.0,212.7659574468085,9999.0,9999.0,1000.0,588.2352941176471,1000.0,9999.0,9999.0,476.1904761904762,256.4102564102564,263.1578947368421,192.30769230769232,416.6666666666667,1000.0,9999.0,434.7826086956522,136.986301369863,9999.0,1000.0,1000.0,1000.0,1000.0,9999.0,285.7142857142857
electoral_integrity|WVS_E,256.4102564102564,9999.0,9999.0,93.45794392523365,294.11764705882354,138.88888888888889,909.090909090909,138.88888888888889,9999.0,9999.0,9999.0,67.11409395973155,9999.0,9999.0,9999.0,0.0,104.16666666666667,109.89010989010988,909.090909090909,178.57142857142858,9999.0,96.15384615384616,126.58227848101265,9999.0,163.93442622950818,90.90909090909092,64.1025641025641,147.05882352941177,109.89010989010988,9999.0,9999.0,212.7659574468085,204.08163265306123,1000.0,9999.0,9999.0,88.49557522123894,156.25,87.71929824561403,68.9655172413793,59.880239520958085,105.26315789473685,9999.0,57.80346820809249,178.57142857142858,9999.0,1000.0,185.18518518518516,555.5555555555555,1000.0,9999.0,75.18796992481204
familial_duty_obligations|WVS_D,178.57142857142858,196.078431372549,153.84615384615384,64.1025641025641,126.58227848101265,87.71929824561403,222.22222222222223,96.15384615384616,116.27906976744185,588.2352941176471,90.09009009009009,41.84100418410041,1000.0,833.3333333333334,1000.0,104.16666666666667,0.0,9999.0,192.30769230769232,9999.0,9999.0,62.5,81.30081300813008,126.58227848101265,84.03361344537815,59.1715976331361,42.19409282700422,75.75757575757576,71.42857142857143,9999.0,30.211480362537767,156.25,131.57894736842104,769.2307692307693,35.08771929824561,232.5581395348837,58.13953488372093,95.23809523809523,52.631578947368425,47.16981132075472,38.46153846153846,69.44444444444444,72.99270072992701,35.842293906810035,86.20689655172414,1000.0,1000.0,101.010101010101,416.6666666666667,1000.0,9999.0,50.0
female_income_threat_to_marriage|WVS_D,123.4567901234568,204.08163265306123,196.078431372549,50.5050505050505,85.47008547008546,107.52688172043011,232.5581395348837,72.46376811594203,101.010101010101,555.5555555555555,90.90909090909092,42.19409282700422,333.3333333333333,1000.0,1000.0,109.89010989010988,9999.0,0.0,285.7142857142857,9999.0,9999.0,60.24096385542168,91.74311926605505,71.42857142857143,94.33962264150944,57.4712643678161,38.314176245210724,312.5,125.0,9999.0,25.510204081632654,172.41379310344828,133.33333333333334,1000.0,31.25,96.15384615384616,75.18796992481204,86.20689655172414,46.08294930875576,35.3356890459364,25.38071065989848,58.47953216374269,58.47953216374269,31.152647975077883,89.28571428571429,161.29032258064515,1000.0,84.74576271186442,625.0,1000.0,9999.0,44.44444444444444
freedom_security_tradeoff_perception|WVS_H,9999.0,1000.0,344.82758620689657,9999.0,70.92198581560284,153.84615384615384,92.59259259259258,500.0,192.30769230769232,263.1578947368421,101.010101010101,9999.0,126.58227848101265,285.7142857142857,238.0952380952381,909.090909090909,192.30769230769232,285.7142857142857,0.0,46.728971962616825,9999.0,555.5555555555555,9999.0,98.0392156862745,85.47008547008546,117.6470588235294,83.33333333333333,123.4567901234568,9999.0,9999.0,81.96721311475409,1000.0,222.22222222222223,454.5454545454545,50.5050505050505,333.3333333333333,9999.0,114.9425287356322,74.07407407407408,81.96721311475409,84.74576271186442,357.14285714285717,454.5454545454545,58.8235294117647,55.865921787709496,1000.0,1000.0,217.3913043478261,909.090909090909,1000.0,9999.0,78.125
gender_role_traditionalism|WVS_D,135.13513513513513,526.3157894736842,104.16666666666667,64.93506493506493,38.75968992248062,69.93006993006993,50.76142131979696,188.67924528301887,73.52941176470588,144.92753623188406,49.504950495049506,42.19409282700422,113.63636363636363,212.7659574468085,131.57894736842104,178.57142857142858,9999.0,9999.0,46.728971962616825,0.0,9999.0,166.66666666666666,126.58227848101265,47.39336492890995,40.32258064516129,52.083333333333336,34.602076124567475,68.9655172413793,714.2857142857143,9999.0,27.027027027027028,156.25,84.03361344537815,303.03030303030306,21.691973969631235,1000.0,88.49557522123894,48.78048780487805,32.467532467532465,29.239766081871345,35.842293906810035,96.15384615384616,80.0,27.548209366391184,30.395136778115504,384.61538461538464,1000.0,104.16666666666667,1000.0,1000.0,9999.0,30.959752321981423
immigrant_origin_status|WVS_G,9999.0,9999.0,9999.0,9999.0,9999.0,9999.0,9999.0,9999.0,9999.0,9999.0,9999.0,9999.0,9999.0,9999.0,9999.0,9999.0,9999.0,9999.0,9999.0,9999.0,0.0,9999.0,9999.0,9999.0,9999.0,9999.0,9999.0,9999.0,9999.0,9999.0,9999.0,9999.0,9999.0,9999.0,9999.0,9999.0,9999.0,9999.0,9999.0,9999.0,9999.0,9999.0,9999.0,9999.0,9999.0,9999.0,9999.0,9999.0,9999.0,9999.0,9999.0,9999.0
importance_of_life_domains|WVS_A,500.0,1000.0,222.22222222222223,1000.0,9999.0,9999.0,9999.0,42.37288135593221,263.1578947368421,147.05882352941177,99.00990099009901,53.475935828877,131.57894736842104,1000.0,370.3703703703703,96.15384615384616,62.5,60.24096385542168,555.5555555555555,166.66666666666666,9999.0,0.0,45.87155963302752,256.4102564102564,185.18518518518516,50.25125628140703,33.44481605351171,40.0,42.918454935622314,9999.0,47.61904761904761,1000.0,238.0952380952381,333.3333333333333,47.39336492890995,555.5555555555555,55.865921787709496,1000.0,55.865921787709496,67.56756756756756,28.328611898016998,52.35602094240838,90.90909090909092,29.069767441860463,9999.0,232.5581395348837,9999.0,47.16981132075472,9999.0,9999.0,9999.0,49.75124378109453
institutional_threat_perception|WVS_H,9999.0,833.3333333333334,188.67924528301887,9999.0,1000.0,102.04081632653062,454.5454545454545,50.25125628140703,588.2352941176471,166.66666666666666,126.58227848101265,9999.0,107.52688172043011,1000.0,400.0,126.58227848101265,81.30081300813008,91.74311926605505,9999.0,126.58227848101265,9999.0,45.87155963302752,0.0,666.6666666666666,250.0,59.1715976331361,39.682539682539684,38.61003861003861,9999.0,9999.0,75.18796992481204,625.0,555.5555555555555,277.77777777777777,81.30081300813008,344.82758620689657,9999.0,384.61538461538464,70.92198581560284,208.33333333333334,38.61003861003861,71.42857142857143,172.41379310344828,36.231884057971016,1000.0,153.84615384615384,188.67924528301887,51.81347150259067,357.14285714285717,909.090909090909,9999.0,69.44444444444444
international_organization_knowledge|WVS_E,123.4567901234568,9999.0,9999.0,55.55555555555556,50.0,169.49152542372883,106.38297872340425,357.14285714285717,9999.0,9999.0,9999.0,57.80346820809249,9999.0,9999.0,9999.0,9999.0,126.58227848101265,71.42857142857143,98.0392156862745,47.39336492890995,9999.0,256.4102564102564,666.6666666666666,0.0,69.93006993006993,90.90909090909092,62.893081761006286,232.5581395348837,156.25,9999.0,9999.0,178.57142857142858,120.48192771084337,1000.0,9999.0,9999.0,285.7142857142857,68.02721088435375,51.02040816326531,37.3134328358209,38.314176245210724,121.95121951219511,9999.0,46.08294930875576,48.543689320388346,9999.0,476.1904761904762,227.27272727272725,1000.0,1000.0,9999.0,47.61904761904761
job_scarcity_gender_discrimination|WVS_C,102.04081632653062,163.93442622950818,76.92307692307692,43.859649122807014,65.78947368421052,90.90909090909092,97.08737864077669,625.0,76.33587786259541,263.1578947368421,71.42857142857143,40.0,476.1904761904762,1000.0,232.5581395348837,163.93442622950818,84.03361344537815,94.33962264150944,85.47008547008546,40.32258064516129,9999.0,185.18518518518516,250.0,69.93006993006993,0.0,9999.0,49.01960784313725,238.0952380952381,454.5454545454545,9999.0,27.397260273972606,101.010101010101,92.59259259259258,1000.0,27.47252747252747,178.57142857142858,77.51937984496124,53.475935828877,46.728971962616825,33.67003367003367,50.0,107.52688172043011,68.4931506849315,39.8406374501992,44.052863436123346,285.7142857142857,476.1904761904762,476.1904761904762,1000.0,526.3157894736842,9999.0,9999.0
job_scarcity_nativist_preference|WVS_C,217.3913043478261,227.27272727272725,196.078431372549,81.30081300813008,87.71929824561403,67.11409395973155,149.2537313432836,65.78947368421052,97.08737864077669,384.61538461538464,70.92198581560284,35.46099290780142,285.7142857142857,1000.0,1000.0,90.90909090909092,59.1715976331361,57.4712643678161,117.6470588235294,52.083333333333336,9999.0,50.25125628140703,59.1715976331361,90.90909090909092,9999.0,0.0,30.8641975308642,52.35602094240838,54.054054054054056,9999.0,25.906735751295336,166.66666666666666,116.27906976744185,434.7826086956522,28.73563218390805,303.03030303030306,50.0,90.09009009009009,39.21568627450981,37.59398496240602,28.98550724637681,55.55555555555556,62.11180124223603,27.17391304347826,63.69426751592357,588.2352941176471,416.6666666666667,72.46376811594203,384.61538461538464,1000.0,9999.0,9999.0
life_autonomy_morality_permissiveness|WVS_F,153.84615384615384,163.93442622950818,142.85714285714286,62.11180124223603,59.880239520958085,47.39336492890995,97.08737864077669,9999.0,70.4225352112676,285.7142857142857,46.51162790697675,25.57544757033248,196.078431372549,1000.0,1000.0,64.1025641025641,42.19409282700422,38.314176245210724,83.33333333333333,34.602076124567475,9999.0,33.44481605351171,39.682539682539684,62.893081761006286,49.01960784313725,30.8641975308642,0.0,36.101083032490976,41.32231404958678,9999.0,17.6678445229682,121.95121951219511,82.64462809917356,294.11764705882354,19.841269841269842,192.30769230769232,36.101083032490976,9999.0,9999.0,9999.0,9999.0,36.36363636363637,42.918454935622314,9999.0,46.08294930875576,1000.0,322.5806451612903,9999.0,270.27027027027026,1000.0,9999.0,24.93765586034913
multilevel_place_attachment|WVS_G,108.69565217391305,238.0952380952381,125.0,44.44444444444444,500.0,76.92307692307692,178.57142857142858,47.61904761904761,666.6666666666666,151.51515151515153,106.38297872340425,114.9425287356322,51.81347150259067,1000.0,400.0,147.05882352941177,75.75757575757576,312.5,123.4567901234568,68.9655172413793,9999.0,40.0,38.61003861003861,232.5581395348837,238.0952380952381,52.35602094240838,36.101083032490976,0.0,32.67973856209151,9999.0,303.03030303030306,9999.0,9999.0,9999.0,133.33333333333334,81.30081300813008,53.475935828877,151.51515151515153,62.5,400.0,63.291139240506325,81.30081300813008,588.2352941176471,32.467532467532465,476.1904761904762,73.52941176470588,119.04761904761905,48.309178743961354,333.3333333333333,1000.0,9999.0,68.02721088435375
neighborhood_disorder_and_crime|WVS_H,9999.0,555.5555555555555,344.82758620689657,9999.0,123.4567901234568,87.71929824561403,666.6666666666666,53.475935828877,714.2857142857143,123.4567901234568,178.57142857142858,9999.0,147.05882352941177,333.3333333333333,212.7659574468085,109.89010989010988,71.42857142857143,125.0,9999.0,714.2857142857143,9999.0,42.918454935622314,9999.0,156.25,454.5454545454545,54.054054054054056,41.32231404958678,32.67973856209151,0.0,9999.0,86.95652173913044,1000.0,500.0,263.1578947368421,116.27906976744185,250.0,9999.0,277.77777777777777,83.33333333333333,227.27272727272725,64.1025641025641,70.4225352112676,147.05882352941177,38.91050583657587,256.4102564102564,84.74576271186442,175.43859649122805,68.9655172413793,232.5581395348837,1000.0,9999.0,78.74015748031496
offline_political_participation|WVS_E,9999.0,9999.0,9999.0,9999.0,9999.0,9999.0,9999.0,9999.0,9999.0,9999.0,9999.0,9999.0,9999.0,9999.0,9999.0,9999.0,9999.0,9999.0,9999.0,9999.0,9999.0,9999.0,9999.0,9999.0,9999.0,9999.0,9999.0,9999.0,9999.0,0.0,9999.0,9999.0,9999.0,9999.0,9999.0,9999.0,9999.0,9999.0,9999.0,9999.0,9999.0,9999.0,9999.0,9999.0,9999.0,9999.0,9999.0,9999.0,9999.0,9999.0,9999.0,9999.0
online_political_participation|WVS_E,36.101083032490976,9999.0,9999.0,14.814814814814813,36.63003663003663,37.735849056603776,92.59259259259258,79.36507936507937,9999.0,9999.0,9999.0,14.064697609001406,9999.0,9999.0,9999.0,9999.0,30.211480362537767,25.510204081632654,81.96721311475409,27.027027027027028,9999.0,47.61904761904761,75.18796992481204,9999.0,27.397260273972606,25.906735751295336,17.6678445229682,303.03030303030306,86.95652173913044,9999.0,0.0,37.59398496240602,37.735849056603776,476.1904761904762,9999.0,9999.0,27.397260273972606,21.459227467811157,20.242914979757085,13.35113484646195,15.89825119236884,28.901734104046245,9999.0,15.384615384615383,26.315789473684212,9999.0,156.25,151.51515151515153,238.0952380952381,192.30769230769232,9999.0,17.006802721088437
outgroup_trust|WVS_G,116.27906976744185,121.95121951219511,78.125,40.48582995951417,175.43859649122805,185.18518518518516,1000.0,222.22222222222223,114.9425287356322,666.6666666666666,172.41379310344828,51.81347150259067,96.15384615384616,400.0,1000.0,212.7659574468085,156.25,172.41379310344828,1000.0,156.25,9999.0,1000.0,625.0,178.57142857142858,101.010101010101,166.66666666666666,121.95121951219511,9999.0,1000.0,9999.0,37.59398496240602,0.0,9999.0,9999.0,54.94505494505494,125.0,112.35955056179776,70.92198581560284,136.986301369863,50.5050505050505,161.29032258064515,200.0,84.03361344537815,125.0,116.27906976744185,263.1578947368421,263.1578947368421,169.49152542372883,909.090909090909,434.7826086956522,9999.0,97.08737864077669
perceived_negative_effects_of_immigration|WVS_G,136.986301369863,185.18518518518516,107.52688172043011,52.083333333333336,119.04761904761905,151.51515151515153,277.77777777777777,1000.0,117.6470588235294,666.6666666666666,126.58227848101265,57.14285714285714,212.7659574468085,1000.0,588.2352941176471,204.08163265306123,131.57894736842104,133.33333333333334,222.22222222222223,84.03361344537815,9999.0,238.0952380952381,555.5555555555555,120.48192771084337,92.59259259259258,116.27906976744185,82.64462809917356,9999.0,500.0,9999.0,37.735849056603776,9999.0,0.0,9999.0,43.859649122807014,178.57142857142858,108.69565217391305,76.33587786259541,82.64462809917356,48.07692307692308,80.64516129032258,156.25,92.59259259259258,64.51612903225806,85.47008547008546,416.6666666666667,555.5555555555555,1000.0,1000.0,666.6666666666666,9999.0,68.4931506849315
perceived_positive_effects_of_immigration|WVS_G,454.5454545454545,714.2857142857143,500.0,175.43859649122805,1000.0,555.5555555555555,588.2352941176471,344.82758620689657,1000.0,1000.0,769.2307692307693,1000.0,212.7659574468085,1000.0,1000.0,1000.0,769.2307692307693,1000.0,454.5454545454545,303.03030303030306,9999.0,333.3333333333333,277.77777777777777,1000.0,1000.0,434.7826086956522,294.11764705882354,9999.0,263.1578947368421,9999.0,476.1904761904762,9999.0,9999.0,0.0,1000.0,294.11764705882354,555.5555555555555,625.0,666.6666666666666,434.7826086956522,1000.0,1000.0,526.3157894736842,270.27027027027026,1000.0,400.0,666.6666666666666,312.5,1000.0,1000.0,9999.0,588.2352941176471
political_information_sources|WVS_E,50.0,9999.0,9999.0,20.080321285140563,29.41176470588235,42.37288135593221,59.880239520958085,81.96721311475409,9999.0,9999.0,9999.0,17.035775127768314,9999.0,9999.0,9999.0,9999.0,35.08771929824561,31.25,50.5050505050505,21.691973969631235,9999.0,47.39336492890995,81.30081300813008,9999.0,27.47252747252747,28.73563218390805,19.841269841269842,133.33333333333334,116.27906976744185,9999.0,9999.0,54.94505494505494,43.859649122807014,1000.0,0.0,9999.0,36.36363636363637,27.3224043715847,21.186440677966104,15.15151515151515,16.44736842105263,38.314176245210724,9999.0,15.698587127158554,23.923444976076556,9999.0,277.77777777777777,94.33962264150944,526.3157894736842,344.82758620689657,9999.0,19.305019305019304
postmaterialist_values|WVS_E,109.89010989010988,9999.0,9999.0,41.666666666666664,204.08163265306123,476.1904761904762,625.0,909.090909090909,9999.0,9999.0,9999.0,64.1025641025641,9999.0,9999.0,9999.0,9999.0,232.5581395348837,96.15384615384616,333.3333333333333,1000.0,9999.0,555.5555555555555,344.82758620689657,9999.0,178.57142857142858,303.03030303030306,192.30769230769232,81.30081300813008,250.0,9999.0,9999.0,125.0,178.57142857142858,294.11764705882354,9999.0,0.0,232.5581395348837,93.45794392523365,163.93442622950818,52.91005291005291,74.6268656716418,169.49152542372883,9999.0,204.08163265306123,232.5581395348837,9999.0,270.27027027027026,454.5454545454545,1000.0,909.090909090909,9999.0,123.4567901234568
precautionary_security_behaviors|WVS_H,9999.0,129.87012987012986,114.9425287356322,9999.0,454.5454545454545,69.44444444444444,476.1904761904762,88.49557522123894,94.33962264150944,256.4102564102564,88.49557522123894,9999.0,322.5806451612903,277.77777777777777,476.1904761904762,88.49557522123894,58.13953488372093,75.18796992481204,9999.0,88.49557522123894,9999.0,55.865921787709496,9999.0,285.7142857142857,77.51937984496124,50.0,36.101083032490976,53.475935828877,9999.0,9999.0,27.397260273972606,112.35955056179776,108.69565217391305,555.5555555555555,36.36363636363637,232.5581395348837,0.0,86.20689655172414,51.81347150259067,44.052863436123346,42.37288135593221,63.69426751592357,63.291139240506325,33.898305084745765,135.13513513513513,212.7659574468085,1000.0,147.05882352941177,263.1578947368421,555.5555555555555,9999.0,45.04504504504504
religion_versus_secularism_orientation|WVS_F,69.93006993006993,99.00990099009901,54.6448087431694,27.548209366391184,63.291139240506325,111.11111111111111,144.92753623188406,9999.0,67.11409395973155,196.078431372549,79.36507936507937,33.67003367003367,100.0,714.2857142857143,256.4102564102564,156.25,95.23809523809523,86.20689655172414,114.9425287356322,48.78048780487805,9999.0,1000.0,384.61538461538464,68.02721088435375,53.475935828877,90.09009009009009,9999.0,151.51515151515153,277.77777777777777,9999.0,21.459227467811157,70.92198581560284,76.33587786259541,625.0,27.3224043715847,93.45794392523365,86.20689655172414,0.0,9999.0,9999.0,9999.0,121.95121951219511,55.24861878453038,9999.0,46.08294930875576,147.05882352941177,196.078431372549,9999.0,1000.0,357.14285714285717,9999.0,45.04504504504504
religious_belief|WVS_F,119.04761904761905,196.078431372549,113.63636363636363,54.054054054054056,49.504950495049506,63.69426751592357,87.71929824561403,9999.0,69.93006993006993,1000.0,50.25125628140703,31.847133757961785,322.5806451612903,666.6666666666666,263.1578947368421,87.71929824561403,52.631578947368425,46.08294930875576,74.07407407407408,32.467532467532465,9999.0,55.865921787709496,70.92198581560284,51.02040816326531,46.728971962616825,39.21568627450981,9999.0,62.5,83.33333333333333,9999.0,20.242914979757085,136.986301369863,82.64462809917356,666.6666666666666,21.186440677966104,163.93442622950818,51.81347150259067,9999.0,0.0,9999.0,9999.0,54.054054054054056,49.504950495049506,9999.0,40.48582995951417,294.11764705882354,1000.0,9999.0,526.3157894736842,1000.0,9999.0,28.901734104046245
religious_exclusivism|WVS_F,50.5050505050505,66.66666666666667,43.47826086956522,19.342359767891683,35.46099290780142,52.083333333333336,83.33333333333333,9999.0,38.46153846153846,238.0952380952381,42.73504273504273,19.9203187250996,83.33333333333333,714.2857142857143,192.30769230769232,68.9655172413793,47.16981132075472,35.3356890459364,81.96721311475409,29.239766081871345,9999.0,67.56756756756756,208.33333333333334,37.3134328358209,33.67003367003367,37.59398496240602,9999.0,400.0,227.27272727272725,9999.0,13.35113484646195,50.5050505050505,48.07692307692308,434.7826086956522,15.15151515151515,52.91005291005291,44.052863436123346,9999.0,9999.0,0.0,9999.0,47.84688995215311,29.498525073746315,9999.0,29.850746268656714,84.74576271186442,181.81818181818184,9999.0,526.3157894736842,294.11764705882354,9999.0,23.364485981308412
religious_practice_and_self_identification|WVS_F,104.16666666666667,222.22222222222223,285.7142857142857,43.66812227074236,46.29629629629629,52.631578947368425,83.33333333333333,9999.0,57.4712643678161,270.27027027027026,43.29004329004329,24.93765586034913,250.0,500.0,416.6666666666667,59.880239520958085,38.46153846153846,25.38071065989848,84.74576271186442,35.842293906810035,9999.0,28.328611898016998,38.61003861003861,38.314176245210724,50.0,28.98550724637681,9999.0,63.291139240506325,64.1025641025641,9999.0,15.89825119236884,161.29032258064515,80.64516129032258,1000.0,16.44736842105263,74.6268656716418,42.37288135593221,9999.0,9999.0,9999.0,0.0,32.25806451612903,35.587188612099645,9999.0,38.314176245210724,109.89010989010988,384.61538461538464,9999.0,312.5,833.3333333333334,9999.0,21.14164904862579
science_skepticism|WVS_I,243.90243902439022,270.27027027027026,357.14285714285717,87.71929824561403,156.25,95.23809523809523,344.82758620689657,64.1025641025641,126.58227848101265,294.11764705882354,93.45794392523365,44.84304932735426,1000.0,833.3333333333334,1000.0,105.26315789473685,69.44444444444444,58.47953216374269,357.14285714285717,96.15384615384616,9999.0,52.35602094240838,71.42857142857143,121.95121951219511,107.52688172043011,55.55555555555556,36.36363636363637,81.30081300813008,70.4225352112676,9999.0,28.901734104046245,200.0,156.25,1000.0,38.314176245210724,169.49152542372883,63.69426751592357,121.95121951219511,54.054054054054056,47.84688995215311,32.25806451612903,0.0,69.44444444444444,31.847133757961785,138.88888888888889,1000.0,769.2307692307693,81.30081300813008,416.6666666666667,1000.0,9999.0,48.543689320388346
science_technology_optimism|WVS_E,83.33333333333333,9999.0,9999.0,30.769230769230766,90.90909090909092,103.09278350515464,303.03030303030306,158.73015873015873,9999.0,9999.0,9999.0,34.129692832764505,9999.0,9999.0,9999.0,9999.0,72.99270072992701,58.47953216374269,454.5454545454545,80.0,9999.0,90.90909090909092,172.41379310344828,9999.0,68.4931506849315,62.11180124223603,42.918454935622314,588.2352941176471,147.05882352941177,9999.0,9999.0,84.03361344537815,92.59259259259258,526.3157894736842,9999.0,9999.0,63.291139240506325,55.24861878453038,49.504950495049506,29.498525073746315,35.587188612099645,69.44444444444444,0.0,37.45318352059925,73.52941176470588,9999.0,333.3333333333333,454.5454545454545,500.0,555.5555555555555,9999.0,42.19409282700422
sexual_and_reproductive_morality_permissiveness|WVS_F,125.0,188.67924528301887,119.04761904761905,54.054054054054056,42.918454935622314,43.29004329004329,70.92198581560284,9999.0,57.80346820809249,454.5454545454545,39.37007874015748,22.675736961451246,128.2051282051282,1000.0,434.7826086956522,57.80346820809249,35.842293906810035,31.152647975077883,58.8235294117647,27.548209366391184,9999.0,29.069767441860463,36.231884057971016,46.08294930875576,39.8406374501992,27.17391304347826,9999.0,32.467532467532465,38.91050583657587,9999.0,15.384615384615383,125.0,64.51612903225806,270.27027027027026,15.698587127158554,204.08163265306123,33.898305084745765,9999.0,9999.0,9999.0,9999.0,31.847133757961785,37.45318352059925,0.0,35.97122302158274,714.2857142857143,277.77777777777777,9999.0,294.11764705882354,1000.0,9999.0,21.929824561403507
social_intolerance_outgroups|WVS_A,96.15384615384616,217.3913043478261,78.125,43.29004329004329,9999.0,9999.0,9999.0,1000.0,68.9655172413793,144.92753623188406,62.11180124223603,39.0625,833.3333333333334,333.3333333333333,136.986301369863,178.57142857142858,86.20689655172414,89.28571428571429,55.865921787709496,30.395136778115504,9999.0,9999.0,1000.0,48.543689320388346,44.052863436123346,63.69426751592357,46.08294930875576,476.1904761904762,256.4102564102564,9999.0,26.315789473684212,116.27906976744185,85.47008547008546,1000.0,23.923444976076556,232.5581395348837,135.13513513513513,46.08294930875576,40.48582995951417,29.850746268656714,38.314176245210724,138.88888888888889,73.52941176470588,35.97122302158274,0.0,158.73015873015873,9999.0,625.0,9999.0,9999.0,9999.0,36.496350364963504
societal_change_attitudes|WVS_E,163.93442622950818,9999.0,9999.0,78.125,111.11111111111111,588.2352941176471,666.6666666666666,384.61538461538464,9999.0,9999.0,9999.0,263.1578947368421,9999.0,9999.0,9999.0,9999.0,1000.0,161.29032258064515,1000.0,384.61538461538464,9999.0,232.5581395348837,153.84615384615384,9999.0,285.7142857142857,588.2352941176471,1000.0,73.52941176470588,84.74576271186442,9999.0,9999.0,263.1578947368421,416.6666666666667,400.0,9999.0,9999.0,212.7659574468085,147.05882352941177,294.11764705882354,84.74576271186442,109.89010989010988,1000.0,9999.0,714.2857142857143,158.73015873015873,0.0,333.3333333333333,434.7826086956522,833.3333333333334,1000.0,9999.0,250.0
subjective_wellbeing|WVS_A,250.0,344.82758620689657,185.18518518518516,88.49557522123894,9999.0,9999.0,9999.0,188.67924528301887,357.14285714285717,500.0,1000.0,277.77777777777777,166.66666666666666,1000.0,1000.0,1000.0,1000.0,1000.0,1000.0,1000.0,9999.0,9999.0,188.67924528301887,476.1904761904762,476.1904761904762,416.6666666666667,322.5806451612903,119.04761904761905,175.43859649122805,9999.0,156.25,263.1578947368421,555.5555555555555,666.6666666666666,277.77777777777777,270.27027027027026,1000.0,196.078431372549,1000.0,181.81818181818184,384.61538461538464,769.2307692307693,333.3333333333333,277.77777777777777,9999.0,333.3333333333333,0.0,172.41379310344828,9999.0,9999.0,9999.0,1000.0
violence_tolerance|WVS_F,178.57142857142858,222.22222222222223,98.0392156862745,68.02721088435375,232.5581395348837,156.25,238.0952380952381,9999.0,1000.0,200.0,129.87012987012986,232.5581395348837,80.0,400.0,1000.0,185.18518518518516,101.010101010101,84.74576271186442,217.3913043478261,104.16666666666667,9999.0,47.16981132075472,51.81347150259067,227.27272727272725,476.1904761904762,72.46376811594203,9999.0,48.309178743961354,68.9655172413793,9999.0,151.51515151515153,169.49152542372883,1000.0,312.5,94.33962264150944,454.5454545454545,147.05882352941177,9999.0,9999.0,9999.0,9999.0,81.30081300813008,454.5454545454545,9999.0,625.0,434.7826086956522,172.41379310344828,0.0,833.3333333333334,434.7826086956522,9999.0,69.93006993006993
voluntary_association_active_membership|WVS_A,1000.0,1000.0,1000.0,666.6666666666666,9999.0,9999.0,9999.0,454.5454545454545,1000.0,714.2857142857143,1000.0,270.27027027027026,1000.0,1000.0,1000.0,555.5555555555555,416.6666666666667,625.0,909.090909090909,1000.0,9999.0,9999.0,357.14285714285717,1000.0,1000.0,384.61538461538464,270.27027027027026,333.3333333333333,232.5581395348837,9999.0,238.0952380952381,909.090909090909,1000.0,1000.0,526.3157894736842,1000.0,263.1578947368421,1000.0,526.3157894736842,526.3157894736842,312.5,416.6666666666667,500.0,294.11764705882354,9999.0,833.3333333333334,9999.0,833.3333333333334,0.0,9999.0,9999.0,500.0
voluntary_association_belonging|WVS_A,555.5555555555555,588.2352941176471,322.5806451612903,192.30769230769232,9999.0,9999.0,9999.0,476.1904761904762,555.5555555555555,1000.0,1000.0,294.11764705882354,476.1904761904762,1000.0,1000.0,1000.0,1000.0,1000.0,1000.0,1000.0,9999.0,9999.0,909.090909090909,1000.0,526.3157894736842,1000.0,1000.0,1000.0,1000.0,9999.0,192.30769230769232,434.7826086956522,666.6666666666666,1000.0,344.82758620689657,909.090909090909,555.5555555555555,357.14285714285717,1000.0,294.11764705882354,833.3333333333334,1000.0,555.5555555555555,1000.0,9999.0,1000.0,9999.0,434.7826086956522,9999.0,0.0,9999.0,714.2857142857143
voting_participation|WVS_E,9999.0,9999.0,9999.0,9999.0,9999.0,9999.0,9999.0,9999.0,9999.0,9999.0,9999.0,9999.0,9999.0,9999.0,9999.0,9999.0,9999.0,9999.0,9999.0,9999.0,9999.0,9999.0,9999.0,9999.0,9999.0,9999.0,9999.0,9999.0,9999.0,9999.0,9999.0,9999.0,9999.0,9999.0,9999.0,9999.0,9999.0,9999.0,9999.0,9999.0,9999.0,9999.0,9999.0,9999.0,9999.0,9999.0,9999.0,9999.0,9999.0,9999.0,0.0,9999.0
