construct,acceptance_of_state_surveillance|WVS_H,authoritarian_governance_tolerance|WVS_E,autocracy_support|WVS_E,basic_needs_deprivation|WVS_H,child_qualities_autonomy_self_expression|WVS_A,child_qualities_conformity_tradition|WVS_A,child_qualities_prosocial_diligence|WVS_A,civic_dishonesty_tolerance|WVS_F,confidence_in_civil_society_organizations|WVS_E,confidence_in_domestic_institutions|WVS_E,confidence_in_international_organizations|WVS_E,crime_victimization|WVS_H,democratic_system_evaluation|WVS_E,democratic_values_importance|WVS_E,economic_ideology|WVS_E,electoral_integrity|WVS_E,familial_duty_obligations|WVS_D,female_income_threat_to_marriage|WVS_D,freedom_security_tradeoff_perception|WVS_H,gender_role_traditionalism|WVS_D,immigrant_origin_status|WVS_G,importance_of_life_domains|WVS_A,institutional_threat_perception|WVS_H,international_organization_knowledge|WVS_E,job_scarcity_gender_discrimination|WVS_C,job_scarcity_nativist_preference|WVS_C,life_autonomy_morality_permissiveness|WVS_F,multilevel_place_attachment|WVS_G,neighborhood_disorder_and_crime|WVS_H,offline_political_participation|WVS_E,online_political_participation|WVS_E,outgroup_trust|WVS_G,perceived_negative_effects_of_immigration|WVS_G,perceived_positive_effects_of_immigration|WVS_G,political_information_sources|WVS_E,postmaterialist_values|WVS_E,precautionary_security_behaviors|WVS_H,religion_versus_secularism_orientation|WVS_F,religious_belief|WVS_F,religious_exclusivism|WVS_F,religious_practice_and_self_identification|WVS_F,science_skepticism|WVS_I,science_technology_optimism|WVS_E,sexual_and_reproductive_morality_permissiveness|WVS_F,social_intolerance_outgroups|WVS_A,societal_change_attitudes|WVS_E,subjective_wellbeing|WVS_A,violence_tolerance|WVS_F,voluntary_association_active_membership|WVS_A,voluntary_association_belonging|WVS_A,voting_participation|WVS_E,work_ethic|WVS_C
acceptance_of_state_surveillance|WVS_H,0.0,9999.0,9999.0,9999.0,9999.0,9999.0,9999.0,9999.0,9999.0,9999.0,9999.0,9999.0,9999.0,9999.0,9999.0,9999.0,9999.0,9999.0,9999.0,9999.0,9999.0,9999.0,9999.0,9999.0,9999.0,9999.0,9999.0,9999.0,9999.0,9999.0,9999.0,9999.0,9999.0,9999.0,9999.0,9999.0,9999.0,9999.0,9999.0,9999.0,9999.0,9999.0,9999.0,9999.0,9999.0,9999.0,9999.0,9999.0,9999.0,9999.0,9999.0,9999.0
authoritarian_governance_tolerance|WVS_E,9999.0,0.0,80.86674160109904,33.72846079891815,36.61142380654576,38.11794012799038,142.50369513527409,54.877221543888204,37.39316239316239,76.92307692307692,38.034188034188034,32.237086584912674,58.542242557112445,64.28597630314368,65.51716742799545,73.4508547008547,9999.0,44.95242702789872,9999.0,32.78688524590164,53.50069984216326,48.61547777079112,81.29340067666058,9999.0,41.61043634727845,111.45761145761145,48.28796319029095,9999.0,58.4045584045584,40.78499709567671,9999.0,31.847133757961785,9999.0,9999.0,29.792121199029367,86.29114063896672,63.56161419452559,48.543689320388346,48.695712881449026,21.367521367521366,47.25054725054724,43.94088479867261,103.65853072898808,43.62337984356602,31.07625923159904,71.11876514861589,90.71647306941423,9999.0,61.52816393780249,9999.0,37.240537240537236,9999.0
autocracy_support|WVS_E,9999.0,80.86674160109904,0.0,48.78048780487805,76.38532967529923,77.89184599674385,182.27760100402756,77.51937984496124,77.16706826191586,116.6969827918304,74.89014837929058,70.99762982115922,77.68222190892429,104.05988217189716,81.78378813491105,113.22476056960818,9999.0,72.25466620863392,9999.0,73.54837512709369,89.30589294270035,88.38938363954459,121.06730654541406,9999.0,76.87037544532748,151.23151732636492,82.19434785340034,9999.0,91.36019111098003,62.850866487673905,9999.0,49.01960784313725,9999.0,9999.0,60.872386232931255,125.05168387521329,103.33552006327906,88.120342636201,76.63564100822066,61.141427236274836,84.9108477713928,82.33753478474382,118.71055773494798,72.99356286541074,70.85016510035251,110.89267101736937,130.4903789381677,9999.0,97.3241771252664,9999.0,77.01444310929071,9999.0
basic_needs_deprivation|WVS_H,9999.0,33.72846079891815,48.78048780487805,0.0,27.604841870421176,29.111358191865797,133.4971131991495,36.06702218295415,28.386580457037812,67.91649498695234,26.109660574412533,22.673909010063788,28.901734104046245,55.2793943670191,33.003300330033,64.44427276473013,9999.0,23.474178403755868,9999.0,24.767887322215643,41.38039958935481,39.60889583466654,72.286818740536,9999.0,28.08988764044944,102.45102952148687,33.413860048522295,9999.0,42.57970330610198,14.925373134328357,9999.0,17.6056338028169,9999.0,9999.0,12.091898428053206,76.72796306411786,54.555032258401006,39.33985483132296,27.855153203342617,12.360939431396787,36.130359966514746,33.557046979865774,69.93006993006993,24.213075060532685,22.069677295474456,62.11218321249132,81.70989113328966,9999.0,48.543689320388346,9999.0,28.23395530441266,9999.0
child_qualities_autonomy_self_expression|WVS_A,9999.0,36.61142380654576,76.38532967529923,27.604841870421176,0.0,30.279503105590063,123.12030075187971,35.49382716049382,31.269543464665414,70.79945799457994,31.910569105691057,22.98850574712644,52.418623628615464,58.1623573746467,60.608142200454175,67.32723577235772,9999.0,38.82880809940175,9999.0,23.04147465437788,34.117305458768875,31.481121058777735,61.91000629326621,9999.0,35.48681741878147,93.0451127819549,24.752475247524753,9999.0,51.67424555601488,34.661378167179734,9999.0,30.326858698451236,9999.0,9999.0,21.186440677966104,77.04255980118049,57.43799526602861,41.1522633744856,37.23698781838317,15.243902439024389,27.867152867152868,37.81726587017563,84.3643280083958,21.413276231263385,24.952640303102058,64.99514622011893,71.33307868601986,9999.0,55.404545009305515,9999.0,17.857142857142858,9999.0
child_qualities_conformity_tradition|WVS_A,9999.0,38.11794012799038,77.89184599674385,29.111358191865797,30.279503105590063,0.0,117.68551814318405,30.059044551798173,32.77605978611004,72.30597431602456,25.974025974025974,22.075055187637968,53.925139950060085,59.668873696091325,62.1146585218988,68.83375209380235,9999.0,40.33532442084637,9999.0,29.157366651287866,28.682522850073223,26.046338450082082,56.47522368457055,9999.0,36.99333374022609,87.61033017325924,26.48705785744861,9999.0,44.84304932735426,36.167894488624356,9999.0,31.833375019895858,9999.0,9999.0,21.008403361344538,76.12910924169202,58.94451158747323,48.25635976461429,24.271844660194173,16.75041876046901,17.452006980802793,39.32378219162025,73.94918212204573,19.011406844106464,24.737631184407796,66.50166254156355,65.8982960773242,9999.0,56.91106133075014,9999.0,12.422360248447205,9999.0
child_qualities_prosocial_diligence|WVS_A,9999.0,142.50369513527409,182.27760100402756,133.4971131991495,123.12030075187971,117.68551814318405,0.0,122.89984219808781,137.16181479339375,176.69172932330827,137.64453255799071,127.43610689695414,158.3108949573438,161.6312922668208,166.5004135291825,173.21950710108607,9999.0,144.72107942813008,9999.0,132.7299439822126,121.52332049636287,118.88713609637173,149.3160213308602,9999.0,141.3790887475098,180.4511278195489,119.32785550373825,9999.0,149.906015037594,140.55364949590808,9999.0,136.21913002717957,9999.0,9999.0,129.3708816608861,179.37573200731094,160.13162032005914,147.07695390444377,124.64300285597716,121.13617376775272,115.27316790474686,143.70953719890397,171.7703430459898,117.62409732613364,117.57842883069745,170.88741754884725,158.73909372361385,9999.0,161.29681633803386,9999.0,105.26315789473685,9999.0
civic_dishonesty_tolerance|WVS_F,9999.0,54.877221543888204,77.51937984496124,36.06702218295415,35.49382716049382,30.059044551798173,122.89984219808781,0.0,49.53534120200787,89.0652557319224,50.018058966604826,39.80963330556826,64.96875628700039,74.0048186754349,55.865921787709496,85.59303350970018,9999.0,46.78267468965143,9999.0,45.103470390826715,33.89684690497698,31.260662504985845,61.689547739474314,9999.0,47.18331571529246,92.82465422816301,31.701381912352375,9999.0,62.279541446208114,21.14164904862579,9999.0,34.97290769316244,9999.0,9999.0,41.74440806950024,91.74925841592508,72.50514672867325,56.8559347629115,37.01652926459128,33.50970017636684,27.646694313360978,56.083063607518085,84.1438694546039,29.997623734747755,29.95195523931156,83.26094395746136,71.11262013222796,9999.0,69.68533836901413,9999.0,17.636684303350968,9999.0
confidence_in_civil_society_organizations|WVS_E,9999.0,37.39316239316239,77.16706826191586,28.386580457037812,31.269543464665414,32.77605978611004,137.16181479339375,49.53534120200787,0.0,71.58119658119658,32.69230769230769,22.98850574712644,53.200362215232104,58.94409596126334,61.38988078707081,68.10897435897436,9999.0,39.61054668601838,9999.0,28.432588916459885,48.15881950028292,43.273597428910776,75.95152033478024,9999.0,36.26855600539811,106.11573111573111,31.446540880503143,9999.0,53.06267806267806,35.44311675379637,9999.0,31.108597285067873,9999.0,9999.0,24.450240857149026,77.04255980118049,58.21973385264525,49.700545275766515,34.24657534246575,16.025641025641026,32.25806451612903,38.59900445679227,88.75523965737196,22.471910112359552,20.2020202020202,65.77688480673555,85.3745927275339,9999.0,56.18628359592215,9999.0,31.8986568986569,9999.0
confidence_in_domestic_institutions|WVS_E,9999.0,76.92307692307692,116.6969827918304,67.91649498695234,70.79945799457994,72.30597431602456,176.69172932330827,89.0652557319224,71.58119658119658,0.0,72.22222222222223,66.42512077294685,92.73027674514663,98.47401049117786,100.91979531698534,107.63888888888889,9999.0,79.14046121593292,9999.0,67.96250344637441,87.68873403019745,82.80351195882531,115.48143486469478,9999.0,75.79847053531265,145.64564564564563,82.47599737832515,9999.0,92.5925925925926,74.9730312837109,9999.0,70.63851181498241,9999.0,9999.0,63.98015538706356,120.47917482700092,97.74964838255977,91.22811179033332,82.88374706948322,55.55555555555556,81.43858143858144,78.1289189867068,137.84656491702228,75.18796992481204,65.26429341963323,105.30679933665009,124.90450725744843,9999.0,95.71619812583668,9999.0,71.42857142857143,9999.0
confidence_in_international_organizations|WVS_E,9999.0,38.034188034188034,74.89014837929058,26.109660574412533,31.910569105691057,25.974025974025974,137.64453255799071,50.018058966604826,32.69230769230769,72.22222222222223,0.0,23.148148148148145,53.84138785625774,59.58512160228898,59.11296090444553,68.75,9999.0,40.25157232704403,9999.0,29.073614557485527,43.738886020765214,34.602076124567475,76.43423809937721,9999.0,36.90958164642375,106.75675675675676,31.347962382445143,9999.0,53.70370370370371,36.08414239482201,9999.0,31.749622926093515,9999.0,9999.0,25.09126649817467,77.2022022022022,58.860759493670884,51.720747295968536,27.397260273972606,16.666666666666668,22.371364653243848,39.24003009781791,78.86853979448678,21.413276231263385,22.22222222222222,66.4179104477612,85.85731049213086,9999.0,56.8273092369478,9999.0,32.38137466325386,9999.0
crime_victimization|WVS_H,9999.0,32.237086584912674,70.99762982115922,22.673909010063788,22.98850574712644,22.075055187637968,127.43610689695414,39.80963330556826,22.98850574712644,66.42512077294685,23.148148148148145,0.0,41.32231404958678,40.32258064516129,55.648055648055646,57.4712643678161,9999.0,31.50251267406079,9999.0,23.27651310821016,38.433111603843315,35.79692720385217,66.22581243834064,9999.0,21.09704641350211,97.36091892702933,24.509803921568626,9999.0,41.06981546005936,27.932960893854748,9999.0,21.978021978021978,9999.0,9999.0,10.582010582010582,54.054054054054056,53.063658044395524,37.829966985280336,26.109660574412533,10.869565217391305,28.011204481792713,33.44292864854255,80.0,16.556291390728475,13.75515818431912,60.620808998485835,75.64888483109429,9999.0,41.84100418410041,9999.0,22.172949002217294,9999.0
democratic_system_evaluation|WVS_E,9999.0,58.542242557112445,77.68222190892429,28.901734104046245,52.418623628615464,53.925139950060085,158.3108949573438,64.96875628700039,53.200362215232104,92.73027674514663,53.84138785625774,41.32231404958678,0.0,80.09317612521339,61.90503443407924,89.25805452292441,9999.0,38.46153846153846,9999.0,49.58166908040993,69.30789966423296,64.42267759286082,97.1006004987303,9999.0,56.99162174449569,127.26481127968117,62.315594152568536,9999.0,71.48143741014823,43.8271072383746,9999.0,30.674846625766875,9999.0,9999.0,40.993632532099454,95.37636810364083,79.3688140165953,68.24158893536921,56.756887307388865,37.174721189591075,63.05774707261696,59.74808462074232,98.83180403411617,53.11480916457893,46.883459053668744,86.92596497068561,106.52367289148395,9999.0,77.3353637598722,9999.0,53.04773706260695,9999.0
democratic_values_importance|WVS_E,9999.0,64.28597630314368,104.05988217189716,55.2793943670191,58.1623573746467,59.668873696091325,161.6312922668208,74.0048186754349,58.94409596126334,98.47401049117786,59.58512160228898,40.32258064516129,80.09317612521339,0.0,88.28269469705211,95.00178826895565,9999.0,66.50336059599968,9999.0,53.763440860215056,72.62829697370995,69.99211257371881,100.42099780820729,9999.0,61.419627058663394,131.55610429689597,61.26456739481526,9999.0,70.4225352112676,62.33593066377766,9999.0,58.00141119504916,9999.0,9999.0,50.90459122717187,94.37663469921534,66.2251655629139,73.55138850986967,66.43224121957383,42.918454935622314,66.37814438209395,65.49181836677356,120.32258064516128,56.87887203588976,44.052863436123346,92.66969871671685,109.84407020096094,9999.0,82.16358482926171,9999.0,56.36813437208394,9999.0
economic_ideology|WVS_E,9999.0,65.51716742799545,81.78378813491105,33.003300330033,60.608142200454175,62.1146585218988,166.5004135291825,55.865921787709496,61.38988078707081,100.91979531698534,59.11296090444553,55.648055648055646,61.90503443407924,88.28269469705211,0.0,97.44757309476313,9999.0,44.84304932735426,9999.0,57.77118765224864,73.95631876959678,72.61219616469954,105.290119070569,9999.0,61.09318797048244,135.45432985151987,66.4171603785553,9999.0,75.58300363613498,47.50129231457032,9999.0,33.67003367003367,9999.0,9999.0,45.095198758086205,109.70210970210971,87.55833258843401,72.34315516135595,60.85845353337562,45.364239761429786,69.13366029654775,66.56034730989877,102.93337026010293,57.21637539056569,55.072977625507455,95.11548354252432,114.71319146332266,9999.0,81.54698965042135,9999.0,61.23725563444566,9999.0
electoral_integrity|WVS_E,9999.0,73.4508547008547,113.22476056960818,64.44427276473013,67.32723577235772,68.83375209380235,173.21950710108607,85.59303350970018,68.10897435897436,107.63888888888889,68.75,57.4712643678161,89.25805452292441,95.00178826895565,97.44757309476313,0.0,9999.0,75.6682389937107,9999.0,64.4902812241522,84.21651180797524,79.33128973660308,112.00921264247256,9999.0,72.32624831309042,142.17342342342343,79.00377515610292,9999.0,89.12037037037038,71.50080906148868,9999.0,67.16628959276018,9999.0,9999.0,60.50793316484134,111.52531842187015,94.27742616033755,87.75588956811109,79.411524847261,52.083333333333336,77.96635921635922,74.65669676448458,134.37434269480005,73.52941176470588,61.792071197411005,101.83457711442787,121.43228503522622,9999.0,92.24397590361446,9999.0,67.95634920634922,9999.0
familial_duty_obligations|WVS_D,9999.0,9999.0,9999.0,9999.0,9999.0,9999.0,9999.0,9999.0,9999.0,9999.0,9999.0,9999.0,9999.0,9999.0,9999.0,9999.0,0.0,9999.0,9999.0,9999.0,9999.0,9999.0,9999.0,9999.0,9999.0,9999.0,9999.0,9999.0,9999.0,9999.0,9999.0,9999.0,9999.0,9999.0,9999.0,9999.0,9999.0,9999.0,9999.0,9999.0,9999.0,9999.0,9999.0,9999.0,9999.0,9999.0,9999.0,9999.0,9999.0,9999.0,9999.0,9999.0
female_income_threat_to_marriage|WVS_D,9999.0,44.95242702789872,72.25466620863392,23.474178403755868,38.82880809940175,40.33532442084637,144.72107942813008,46.78267468965143,39.61054668601838,79.14046121593292,40.25157232704403,31.50251267406079,38.46153846153846,66.50336059599968,44.84304932735426,75.6682389937107,9999.0,0.0,9999.0,35.991853551196215,52.0960520960521,50.5050505050505,83.51078496951658,9999.0,41.041226438126664,113.67499575046745,42.242463712519296,9999.0,51.408306970098984,25.641025641025642,9999.0,23.58490566037736,9999.0,9999.0,20.920502092050206,85.55656672811486,65.77899848738159,48.16845849531996,29.850746268656714,23.58490566037736,32.89473684210526,46.08294930875576,84.74576271186442,34.75176073658686,32.712954922238886,59.880239520958085,92.93385736227023,9999.0,58.514487054456225,9999.0,39.45792153339323,9999.0
freedom_security_tradeoff_perception|WVS_H,9999.0,9999.0,9999.0,9999.0,9999.0,9999.0,9999.0,9999.0,9999.0,9999.0,9999.0,9999.0,9999.0,9999.0,9999.0,9999.0,9999.0,9999.0,0.0,9999.0,9999.0,9999.0,9999.0,9999.0,9999.0,9999.0,9999.0,9999.0,9999.0,9999.0,9999.0,9999.0,9999.0,9999.0,9999.0,9999.0,9999.0,9999.0,9999.0,9999.0,9999.0,9999.0,9999.0,9999.0,9999.0,9999.0,9999.0,9999.0,9999.0,9999.0,9999.0,9999.0
gender_role_traditionalism|WVS_D,9999.0,32.78688524590164,73.54837512709369,24.767887322215643,23.04147465437788,29.157366651287866,132.7299439822126,45.103470390826715,28.432588916459885,67.96250344637441,29.073614557485527,23.27651310821016,49.58166908040993,53.763440860215056,57.77118765224864,64.4902812241522,9999.0,35.991853551196215,9999.0,0.0,43.72694868910176,39.65490429408861,71.51964952359909,9999.0,32.649862870575944,102.49703798090894,25.38071065989848,9999.0,47.523580005817095,28.81844380403458,9999.0,27.489904150245707,9999.0,9999.0,17.035775127768314,77.33056716226422,54.601040717823075,25.0,35.93936681018798,12.406947890818858,37.47679609748575,34.9803113219701,93.97397123872868,22.42152466367713,15.15151515151515,57.14285714285714,80.94272191635274,9999.0,52.56759046109998,9999.0,27.466786087475743,9999.0
immigrant_origin_status|WVS_G,9999.0,53.50069984216326,89.30589294270035,41.38039958935481,34.117305458768875,28.682522850073223,121.52332049636287,33.89684690497698,48.15881950028292,87.68873403019745,43.738886020765214,38.433111603843315,69.30789966423296,72.62829697370995,73.95631876959678,84.21651180797524,9999.0,52.0960520960521,9999.0,43.72694868910176,0.0,29.884140803260895,60.31302603774937,9999.0,52.37609345439898,91.44813252643806,30.324860210627424,9999.0,60.90301974448316,26.455026455026456,9999.0,40.28628509956311,9999.0,9999.0,40.367886367775284,75.75757575757576,71.12862502694831,58.07395861133293,35.64000756286633,32.133178474641895,21.367521367521366,54.70654190579313,76.92307692307692,28.621102033022805,28.575433537586612,81.88442225573642,69.73609843050302,9999.0,72.29382104492302,9999.0,16.260162601626018,9999.0
importance_of_life_domains|WVS_A,9999.0,48.61547777079112,88.38938363954459,39.60889583466654,31.481121058777735,26.046338450082082,118.88713609637173,31.260662504985845,43.273597428910776,82.80351195882531,34.602076124567475,35.79692720385217,64.42267759286082,69.99211257371881,72.61219616469954,79.33128973660308,9999.0,50.5050505050505,9999.0,39.65490429408861,29.884140803260895,0.0,57.67684163775822,9999.0,47.49087138302684,88.81194812644691,27.688675810636283,9999.0,58.26683534449202,40.983606557377044,9999.0,42.330912662696605,9999.0,9999.0,35.67255623477776,82.21850613154962,68.49244062695718,55.43777421134178,30.8641975308642,27.247956403269754,18.115942028985508,49.821319834421,74.61311717022843,24.630541871921185,25.939249137595468,76.99920018436428,67.09991403051188,9999.0,67.40859897355088,9999.0,13.623978201634877,9999.0
institutional_threat_perception|WVS_H,9999.0,81.29340067666058,121.06730654541406,72.286818740536,61.91000629326621,56.47522368457055,149.3160213308602,61.689547739474314,75.95152033478024,115.48143486469478,76.43423809937721,66.22581243834064,97.1006004987303,100.42099780820729,105.290119070569,112.00921264247256,9999.0,83.51078496951658,9999.0,71.51964952359909,60.31302603774937,57.67684163775822,0.0,9999.0,80.16879428889631,119.24083336093538,58.11756104512475,9999.0,88.69572057898048,79.34335503729456,9999.0,75.00883556856607,9999.0,9999.0,68.16058720227261,118.16543754869745,98.92132586144564,85.86665944583025,63.432708397363655,59.92587930913922,54.06287344613335,82.49924274029047,110.56004858737629,56.41380286752013,56.36813437208394,109.67712309023375,97.52879926500034,9999.0,100.08652187942035,9999.0,44.052863436123346,9999.0
international_organization_knowledge|WVS_E,9999.0,9999.0,9999.0,9999.0,9999.0,9999.0,9999.0,9999.0,9999.0,9999.0,9999.0,9999.0,9999.0,9999.0,9999.0,9999.0,9999.0,9999.0,9999.0,9999.0,9999.0,9999.0,9999.0,0.0,9999.0,9999.0,9999.0,9999.0,9999.0,9999.0,9999.0,9999.0,9999.0,9999.0,9999.0,9999.0,9999.0,9999.0,9999.0,9999.0,9999.0,9999.0,9999.0,9999.0,9999.0,9999.0,9999.0,9999.0,9999.0,9999.0,9999.0,9999.0
job_scarcity_gender_discrimination|WVS_C,9999.0,41.61043634727845,76.87037544532748,28.08988764044944,35.48681741878147,36.99333374022609,141.3790887475098,47.18331571529246,36.26855600539811,75.79847053531265,36.90958164642375,21.09704641350211,56.99162174449569,61.419627058663394,61.09318797048244,72.32624831309042,9999.0,41.041226438126664,9999.0,32.649862870575944,52.37609345439898,47.49087138302684,80.16879428889631,9999.0,0.0,110.33300506984718,41.44268596654554,9999.0,46.08294930875576,26.041666666666668,9999.0,33.67003367003367,9999.0,9999.0,20.120724346076457,75.15110046755616,51.54639175257732,47.36868074934621,39.024316028496116,20.242914979757085,44.159185884538,42.816278410908325,98.01995757051938,33.95198299061311,29.15451895043732,69.99415876085162,89.59186668164996,9999.0,57.714709308482476,9999.0,36.11593085277296,9999.0
job_scarcity_nativist_preference|WVS_C,9999.0,111.45761145761145,151.23151732636492,102.45102952148687,93.0451127819549,87.61033017325924,180.4511278195489,92.82465422816301,106.11573111573111,145.64564564564563,106.75675675675676,97.36091892702933,127.26481127968117,131.55610429689597,135.45432985151987,142.17342342342343,9999.0,113.67499575046745,9999.0,102.49703798090894,91.44813252643806,88.81194812644691,119.24083336093538,9999.0,110.33300506984718,0.0,89.25266753381345,9999.0,119.83082706766919,109.50756581824542,9999.0,105.17304634951694,9999.0,9999.0,98.51468992159809,149.30054403738615,130.05643235013434,117.00176593451894,94.56781488605235,90.09009009009009,85.19797993482204,112.66345352124134,141.69515507606496,87.54890935620882,87.50324086077264,139.84133387118462,128.66390575368905,9999.0,130.25073266037123,9999.0,75.18796992481204,9999.0
life_autonomy_morality_permissiveness|WVS_F,9999.0,48.28796319029095,82.19434785340034,33.413860048522295,24.752475247524753,26.48705785744861,119.32785550373825,31.701381912352375,31.446540880503143,82.47599737832515,31.347962382445143,24.509803921568626,62.315594152568536,61.26456739481526,66.4171603785553,79.00377515610292,9999.0,42.242463712519296,9999.0,25.38071065989848,30.324860210627424,27.688675810636283,58.11756104512475,9999.0,41.44268596654554,89.25266753381345,0.0,9999.0,51.80976649851786,46.33791755092493,9999.0,35.210850509357975,9999.0,9999.0,21.321961620469086,78.56385797562268,59.76489544805361,46.71022903243822,33.444542570241715,26.920441822769583,24.074707619011416,46.63841731667162,80.57188276025434,26.425637040398193,17.21170395869191,76.6716856038641,67.5406334378784,9999.0,58.91594658287511,9999.0,14.064697609001406,9999.0
multilevel_place_attachment|WVS_G,9999.0,9999.0,9999.0,9999.0,9999.0,9999.0,9999.0,9999.0,9999.0,9999.0,9999.0,9999.0,9999.0,9999.0,9999.0,9999.0,9999.0,9999.0,9999.0,9999.0,9999.0,9999.0,9999.0,9999.0,9999.0,9999.0,9999.0,0.0,9999.0,9999.0,9999.0,9999.0,9999.0,9999.0,9999.0,9999.0,9999.0,9999.0,9999.0,9999.0,9999.0,9999.0,9999.0,9999.0,9999.0,9999.0,9999.0,9999.0,9999.0,9999.0,9999.0,9999.0
neighborhood_disorder_and_crime|WVS_H,9999.0,58.4045584045584,91.36019111098003,42.57970330610198,51.67424555601488,44.84304932735426,149.906015037594,62.279541446208114,53.06267806267806,92.5925925925926,53.70370370370371,41.06981546005936,71.48143741014823,70.4225352112676,75.58300363613498,89.12037037037038,9999.0,51.408306970098984,9999.0,47.523580005817095,60.90301974448316,58.26683534449202,88.69572057898048,9999.0,46.08294930875576,119.83082706766919,51.80976649851786,9999.0,0.0,56.454512765192376,9999.0,44.37669376693766,9999.0,9999.0,30.487804878048777,68.02721088435375,75.73667365632932,57.73576128131853,49.391396560468436,37.03703703703704,54.52626641651032,55.80426057425131,111.02344155775324,44.31906352258543,40.48582995951417,79.36507936507937,98.11879297173414,9999.0,68.0817898404548,9999.0,44.642857142857146,9999.0
offline_political_participation|WVS_E,9999.0,40.78499709567671,62.850866487673905,14.925373134328357,34.661378167179734,36.167894488624356,140.55364949590808,21.14164904862579,35.44311675379637,74.9730312837109,36.08414239482201,27.932960893854748,43.8271072383746,62.33593066377766,47.50129231457032,71.50080906148868,9999.0,25.641025641025642,9999.0,28.81844380403458,26.455026455026456,40.983606557377044,79.34335503729456,9999.0,26.041666666666668,109.50756581824542,46.33791755092493,9999.0,56.454512765192376,0.0,9999.0,13.831258644536652,9999.0,9999.0,27.017271562381563,81.9870149479088,61.611568555159565,35.714285714285715,42.78052633767098,19.417475728155342,29.58579881656805,39.21568627450981,84.85544306439829,39.13844819486104,29.126213592233015,69.16871950924987,88.76642743004821,9999.0,48.543689320388346,9999.0,35.29049160117121,9999.0
online_political_participation|WVS_E,9999.0,9999.0,9999.0,9999.0,9999.0,9999.0,9999.0,9999.0,9999.0,9999.0,9999.0,9999.0,9999.0,9999.0,9999.0,9999.0,9999.0,9999.0,9999.0,9999.0,9999.0,9999.0,9999.0,9999.0,9999.0,9999.0,9999.0,9999.0,9999.0,9999.0,0.0,9999.0,9999.0,9999.0,9999.0,9999.0,9999.0,9999.0,9999.0,9999.0,9999.0,9999.0,9999.0,9999.0,9999.0,9999.0,9999.0,9999.0,9999.0,9999.0,9999.0,9999.0
outgroup_trust|WVS_G,9999.0,31.847133757961785,49.01960784313725,17.6056338028169,30.326858698451236,31.833375019895858,136.21913002717957,34.97290769316244,31.108597285067873,70.63851181498241,31.749622926093515,21.978021978021978,30.674846625766875,58.00141119504916,33.67003367003367,67.16628959276018,9999.0,23.58490566037736,9999.0,27.489904150245707,40.28628509956311,42.330912662696605,75.00883556856607,9999.0,33.67003367003367,105.17304634951694,35.210850509357975,9999.0,44.37669376693766,13.831258644536652,9999.0,0.0,9999.0,9999.0,13.88888888888889,76.03207603207603,57.27704908643106,41.13684529215864,30.959752321981423,15.082956259426847,37.92735042735043,36.231884057971016,82.64462809917356,27.72014753342554,24.79169412350452,64.83420004052138,84.43190796131972,9999.0,51.48287385129491,9999.0,30.95597213244272,9999.0
perceived_negative_effects_of_immigration|WVS_G,9999.0,9999.0,9999.0,9999.0,9999.0,9999.0,9999.0,9999.0,9999.0,9999.0,9999.0,9999.0,9999.0,9999.0,9999.0,9999.0,9999.0,9999.0,9999.0,9999.0,9999.0,9999.0,9999.0,9999.0,9999.0,9999.0,9999.0,9999.0,9999.0,9999.0,9999.0,9999.0,0.0,9999.0,9999.0,9999.0,9999.0,9999.0,9999.0,9999.0,9999.0,9999.0,9999.0,9999.0,9999.0,9999.0,9999.0,9999.0,9999.0,9999.0,9999.0,9999.0
perceived_positive_effects_of_immigration|WVS_G,9999.0,9999.0,9999.0,9999.0,9999.0,9999.0,9999.0,9999.0,9999.0,9999.0,9999.0,9999.0,9999.0,9999.0,9999.0,9999.0,9999.0,9999.0,9999.0,9999.0,9999.0,9999.0,9999.0,9999.0,9999.0,9999.0,9999.0,9999.0,9999.0,9999.0,9999.0,9999.0,9999.0,0.0,9999.0,9999.0,9999.0,9999.0,9999.0,9999.0,9999.0,9999.0,9999.0,9999.0,9999.0,9999.0,9999.0,9999.0,9999.0,9999.0,9999.0,9999.0
political_information_sources|WVS_E,9999.0,29.792121199029367,60.872386232931255,12.091898428053206,21.186440677966104,21.008403361344538,129.3708816608861,41.74440806950024,24.450240857149026,63.98015538706356,25.09126649817467,10.582010582010582,40.993632532099454,50.90459122717187,45.095198758086205,60.50793316484134,9999.0,20.920502092050206,9999.0,17.035775127768314,40.367886367775284,35.67255623477776,68.16058720227261,9999.0,20.120724346076457,98.51468992159809,21.321961620469086,9999.0,30.487804878048777,27.017271562381563,9999.0,13.88888888888889,9999.0,9999.0,0.0,64.63606463606465,45.24886877828054,27.247956403269754,18.90359168241966,8.424599831508003,24.03846153846154,25.31645569620253,80.53563667970448,13.831258644536652,11.79245283018868,58.175843612602534,77.58365959502626,9999.0,37.59398496240602,9999.0,24.10772376614927,9999.0
postmaterialist_values|WVS_E,9999.0,86.29114063896672,125.05168387521329,76.72796306411786,77.04255980118049,76.12910924169202,179.37573200731094,91.74925841592508,77.04255980118049,120.47917482700092,77.2022022022022,54.054054054054056,95.37636810364083,94.37663469921534,109.70210970210971,111.52531842187015,9999.0,85.55656672811486,9999.0,77.33056716226422,75.75757575757576,82.21850613154962,118.16543754869745,9999.0,75.15110046755616,149.30054403738615,78.56385797562268,9999.0,68.02721088435375,81.9870149479088,9999.0,76.03207603207603,9999.0,9999.0,64.63606463606465,0.0,107.11771209844957,91.8840210393344,80.1637146284666,64.92361927144536,64.1025641025641,87.4969827025966,120.59973924380704,70.61034544478252,67.80921223837318,114.67486305253989,127.58850994145111,9999.0,95.89505823815446,9999.0,74.11257411257411,9999.0
precautionary_security_behaviors|WVS_H,9999.0,63.56161419452559,103.33552006327906,54.555032258401006,57.43799526602861,58.94451158747323,160.13162032005914,72.50514672867325,58.21973385264525,97.74964838255977,58.860759493670884,53.063658044395524,79.3688140165953,66.2251655629139,87.55833258843401,94.27742616033755,9999.0,65.77899848738159,9999.0,54.601040717823075,71.12862502694831,68.49244062695718,98.92132586144564,9999.0,51.54639175257732,130.05643235013434,59.76489544805361,9999.0,75.73667365632932,61.611568555159565,9999.0,57.27704908643106,9999.0,9999.0,45.24886877828054,107.11771209844957,0.0,72.05171656310802,64.1524604607002,42.19409282700422,64.8784724353323,64.76745625815546,121.37564757657523,56.01214169124595,42.5531914893617,91.94533660809876,108.34439825419929,9999.0,82.35473539728534,9999.0,54.86846242532229,9999.0
religion_versus_secularism_orientation|WVS_F,9999.0,48.543689320388346,88.120342636201,39.33985483132296,41.1522633744856,48.25635976461429,147.07695390444377,56.8559347629115,49.700545275766515,91.22811179033332,51.720747295968536,37.829966985280336,68.24158893536921,73.55138850986967,72.34315516135595,87.75588956811109,9999.0,48.16845849531996,9999.0,25.0,58.07395861133293,55.43777421134178,85.86665944583025,9999.0,47.36868074934621,117.00176593451894,46.71022903243822,9999.0,57.73576128131853,35.714285714285715,9999.0,41.13684529215864,9999.0,9999.0,27.247956403269754,91.8840210393344,72.05171656310802,0.0,46.15154808568941,35.67255623477776,51.286417941731294,52.564412099472285,107.78359308297422,41.07921504780641,29.498525073746315,82.14285714285714,95.2897318385839,9999.0,64.84194136567578,9999.0,41.813796009706905,9999.0
religious_belief|WVS_F,9999.0,48.695712881449026,76.63564100822066,27.855153203342617,37.23698781838317,24.271844660194173,124.64300285597716,37.01652926459128,34.24657534246575,82.88374706948322,27.397260273972606,26.109660574412533,56.756887307388865,66.43224121957383,60.85845353337562,79.411524847261,9999.0,29.850746268656714,9999.0,35.93936681018798,35.64000756286633,30.8641975308642,63.432708397363655,9999.0,39.024316028496116,94.56781488605235,33.444542570241715,9999.0,49.391396560468436,42.78052633767098,9999.0,30.959752321981423,9999.0,9999.0,18.90359168241966,80.1637146284666,64.1524604607002,46.15154808568941,0.0,27.328191513927663,29.38985497125032,44.22004737862219,84.74576271186442,31.740784392637096,23.364485981308412,77.0794352950222,72.85578079011731,9999.0,56.49757664482568,9999.0,19.37984496124031,9999.0
religious_exclusivism|WVS_F,9999.0,21.367521367521366,61.141427236274836,12.360939431396787,15.243902439024389,16.75041876046901,121.13617376775272,33.50970017636684,16.025641025641026,55.55555555555556,16.666666666666668,10.869565217391305,37.174721189591075,42.918454935622314,45.364239761429786,52.083333333333336,9999.0,23.58490566037736,9999.0,12.406947890818858,32.133178474641895,27.247956403269754,59.92587930913922,9999.0,20.242914979757085,90.09009009009009,26.920441822769583,9999.0,37.03703703703704,19.417475728155342,9999.0,15.082956259426847,9999.0,9999.0,8.424599831508003,64.92361927144536,42.19409282700422,35.67255623477776,27.328191513927663,0.0,25.883025883025883,22.573363431151243,82.29100936146672,22.255858476044654,9.708737864077671,49.75124378109453,69.34895170189287,9999.0,40.16064257028113,9999.0,15.873015873015873,9999.0
religious_practice_and_self_identification|WVS_F,9999.0,47.25054725054724,84.9108477713928,36.130359966514746,27.867152867152868,17.452006980802793,115.27316790474686,27.646694313360978,32.25806451612903,81.43858143858144,22.371364653243848,28.011204481792713,63.05774707261696,66.37814438209395,69.13366029654775,77.96635921635922,9999.0,32.89473684210526,9999.0,37.47679609748575,21.367521367521366,18.115942028985508,54.06287344613335,9999.0,44.159185884538,85.19797993482204,24.074707619011416,9999.0,54.52626641651032,29.58579881656805,9999.0,37.92735042735043,9999.0,9999.0,24.03846153846154,64.1025641025641,64.8784724353323,51.286417941731294,29.38985497125032,25.883025883025883,0.0,48.45638931417713,56.497175141242934,22.370949441406797,22.325280945970604,75.63426966412041,63.485945838887005,9999.0,61.63244650086756,9999.0,10.01001001001001,9999.0
science_skepticism|WVS_I,9999.0,43.94088479867261,82.33753478474382,33.557046979865774,37.81726587017563,39.32378219162025,143.70953719890397,56.083063607518085,38.59900445679227,78.1289189867068,39.24003009781791,33.44292864854255,59.74808462074232,65.49181836677356,66.56034730989877,74.65669676448458,9999.0,46.08294930875576,9999.0,34.9803113219701,54.70654190579313,49.821319834421,82.49924274029047,9999.0,42.816278410908325,112.66345352124134,46.63841731667162,9999.0,55.80426057425131,39.21568627450981,9999.0,36.231884057971016,9999.0,9999.0,25.31645569620253,87.4969827025966,64.76745625815546,52.564412099472285,44.22004737862219,22.573363431151243,48.45638931417713,0.0,103.48711690993571,38.61003861003861,32.28210129522891,72.32460721224578,91.92231513304412,9999.0,62.73400600143237,9999.0,38.44637930416712,9999.0
science_technology_optimism|WVS_E,9999.0,103.65853072898808,118.71055773494798,69.93006993006993,84.3643280083958,73.94918212204573,171.7703430459898,84.1438694546039,88.75523965737196,137.84656491702228,78.86853979448678,80.0,98.83180403411617,120.32258064516128,102.93337026010293,134.37434269480005,9999.0,84.74576271186442,9999.0,93.97397123872868,76.92307692307692,74.61311717022843,110.56004858737629,9999.0,98.01995757051938,141.69515507606496,80.57188276025434,9999.0,111.02344155775324,84.85544306439829,9999.0,82.64462809917356,9999.0,9999.0,80.53563667970448,120.59973924380704,121.37564757657523,107.78359308297422,84.74576271186442,82.29100936146672,56.497175141242934,103.48711690993571,0.0,78.86812458264973,78.82245608721354,132.04225314256126,119.98312098012994,9999.0,118.1296216421105,9999.0,66.50718515125294,9999.0
sexual_and_reproductive_morality_permissiveness|WVS_F,9999.0,43.62337984356602,72.99356286541074,24.213075060532685,21.413276231263385,19.011406844106464,117.62409732613364,29.997623734747755,22.471910112359552,75.18796992481204,21.413276231263385,16.556291390728475,53.11480916457893,56.87887203588976,57.21637539056569,73.52941176470588,9999.0,34.75176073658686,9999.0,22.42152466367713,28.621102033022805,24.630541871921185,56.41380286752013,9999.0,33.95198299061311,87.54890935620882,26.425637040398193,9999.0,44.31906352258543,39.13844819486104,9999.0,27.72014753342554,9999.0,9999.0,13.831258644536652,70.61034544478252,56.01214169124595,41.07921504780641,31.740784392637096,22.255858476044654,22.370949441406797,38.61003861003861,78.86812458264973,0.0,13.458950201884251,72.00710225713918,65.83687526027379,9999.0,51.42524360694267,9999.0,12.360939431396787,9999.0
social_intolerance_outgroups|WVS_A,9999.0,31.07625923159904,70.85016510035251,22.069677295474456,24.952640303102058,24.737631184407796,117.57842883069745,29.95195523931156,20.2020202020202,65.26429341963323,22.22222222222222,13.75515818431912,46.883459053668744,44.052863436123346,55.072977625507455,61.792071197411005,9999.0,32.712954922238886,9999.0,15.15151515151515,28.575433537586612,25.939249137595468,56.36813437208394,9999.0,29.15451895043732,87.50324086077264,17.21170395869191,9999.0,40.48582995951417,29.126213592233015,9999.0,24.79169412350452,9999.0,9999.0,11.79245283018868,67.80921223837318,42.5531914893617,29.498525073746315,23.364485981308412,9.708737864077671,22.325280945970604,32.28210129522891,78.82245608721354,13.458950201884251,0.0,59.4599816451722,65.7912067648376,9999.0,49.3864377925947,9999.0,12.315270935960593,9999.0
societal_change_attitudes|WVS_E,9999.0,71.11876514861589,110.89267101736937,62.11218321249132,64.99514622011893,66.50166254156355,170.88741754884725,83.26094395746136,65.77688480673555,105.30679933665009,66.4179104477612,60.620808998485835,86.92596497068561,92.66969871671685,95.11548354252432,101.83457711442787,9999.0,59.880239520958085,9999.0,57.14285714285714,81.88442225573642,76.99920018436428,109.67712309023375,9999.0,69.99415876085162,139.84133387118462,76.6716856038641,9999.0,79.36507936507937,69.16871950924987,9999.0,64.83420004052138,9999.0,9999.0,58.175843612602534,114.67486305253989,91.94533660809876,82.14285714285714,77.0794352950222,49.75124378109453,75.63426966412041,72.32460721224578,132.04225314256126,72.00710225713918,59.4599816451722,0.0,119.1001954829874,9999.0,89.91188635137566,9999.0,65.6242596541104,9999.0
subjective_wellbeing|WVS_A,9999.0,90.71647306941423,130.4903789381677,81.70989113328966,71.33307868601986,65.8982960773242,158.73909372361385,71.11262013222796,85.3745927275339,124.90450725744843,85.85731049213086,75.64888483109429,106.52367289148395,109.84407020096094,114.71319146332266,121.43228503522622,9999.0,92.93385736227023,9999.0,80.94272191635274,69.73609843050302,67.09991403051188,97.52879926500034,9999.0,89.59186668164996,128.66390575368905,67.5406334378784,9999.0,98.11879297173414,88.76642743004821,9999.0,84.43190796131972,9999.0,9999.0,77.58365959502626,127.58850994145111,108.34439825419929,95.2897318385839,72.85578079011731,69.34895170189287,63.485945838887005,91.92231513304412,119.98312098012994,65.83687526027379,65.7912067648376,119.1001954829874,0.0,9999.0,109.509594272174,9999.0,53.475935828877,9999.0
violence_tolerance|WVS_F,9999.0,9999.0,9999.0,9999.0,9999.0,9999.0,9999.0,9999.0,9999.0,9999.0,9999.0,9999.0,9999.0,9999.0,9999.0,9999.0,9999.0,9999.0,9999.0,9999.0,9999.0,9999.0,9999.0,9999.0,9999.0,9999.0,9999.0,9999.0,9999.0,9999.0,9999.0,9999.0,9999.0,9999.0,9999.0,9999.0,9999.0,9999.0,9999.0,9999.0,9999.0,9999.0,9999.0,9999.0,9999.0,9999.0,9999.0,0.0,9999.0,9999.0,9999.0,9999.0
voluntary_association_active_membership|WVS_A,9999.0,61.52816393780249,97.3241771252664,48.543689320388346,55.404545009305515,56.91106133075014,161.29681633803386,69.68533836901413,56.18628359592215,95.71619812583668,56.8273092369478,41.84100418410041,77.3353637598722,82.16358482926171,81.54698965042135,92.24397590361446,9999.0,58.514487054456225,9999.0,52.56759046109998,72.29382104492302,67.40859897355088,100.08652187942035,9999.0,57.714709308482476,130.25073266037123,58.91594658287511,9999.0,68.0817898404548,48.543689320388346,9999.0,51.48287385129491,9999.0,9999.0,37.59398496240602,95.89505823815446,82.35473539728534,64.84194136567578,56.49757664482568,40.16064257028113,61.63244650086756,62.73400600143237,118.1296216421105,51.42524360694267,49.3864377925947,89.91188635137566,109.509594272174,9999.0,0.0,9999.0,56.033658443297,9999.0
voluntary_association_belonging|WVS_A,9999.0,9999.0,9999.0,9999.0,9999.0,9999.0,9999.0,9999.0,9999.0,9999.0,9999.0,9999.0,9999.0,9999.0,9999.0,9999.0,9999.0,9999.0,9999.0,9999.0,9999.0,9999.0,9999.0,9999.0,9999.0,9999.0,9999.0,9999.0,9999.0,9999.0,9999.0,9999.0,9999.0,9999.0,9999.0,9999.0,9999.0,9999.0,9999.0,9999.0,9999.0,9999.0,9999.0,9999.0,9999.0,9999.0,9999.0,9999.0,9999.0,0.0,9999.0,9999.0
