construct,acceptance_of_state_surveillance|WVS_H,authoritarian_governance_tolerance|WVS_E,autocracy_support|WVS_E,basic_needs_deprivation|WVS_H,child_qualities_autonomy_self_expression|WVS_A,child_qualities_conformity_tradition|WVS_A,child_qualities_prosocial_diligence|WVS_A,civic_dishonesty_tolerance|WVS_F,confidence_in_civil_society_organizations|WVS_E,confidence_in_domestic_institutions|WVS_E,confidence_in_international_organizations|WVS_E,crime_victimization|WVS_H,democratic_system_evaluation|WVS_E,democratic_values_importance|WVS_E,economic_ideology|WVS_E,electoral_integrity|WVS_E,familial_duty_obligations|WVS_D,female_income_threat_to_marriage|WVS_D,freedom_security_tradeoff_perception|WVS_H,gender_role_traditionalism|WVS_D,immigrant_origin_status|WVS_G,importance_of_life_domains|WVS_A,institutional_threat_perception|WVS_H,international_organization_knowledge|WVS_E,job_scarcity_gender_discrimination|WVS_C,job_scarcity_nativist_preference|WVS_C,life_autonomy_morality_permissiveness|WVS_F,multilevel_place_attachment|WVS_G,neighborhood_disorder_and_crime|WVS_H,offline_political_participation|WVS_E,online_political_participation|WVS_E,outgroup_trust|WVS_G,perceived_negative_effects_of_immigration|WVS_G,perceived_positive_effects_of_immigration|WVS_G,political_information_sources|WVS_E,postmaterialist_values|WVS_E,precautionary_security_behaviors|WVS_H,religion_versus_secularism_orientation|WVS_F,religious_belief|WVS_F,religious_exclusivism|WVS_F,religious_practice_and_self_identification|WVS_F,science_skepticism|WVS_I,science_technology_optimism|WVS_E,sexual_and_reproductive_morality_permissiveness|WVS_F,social_intolerance_outgroups|WVS_A,societal_change_attitudes|WVS_E,subjective_wellbeing|WVS_A,violence_tolerance|WVS_F,voluntary_association_active_membership|WVS_A,voluntary_association_belonging|WVS_A,voting_participation|WVS_E,work_ethic|WVS_C
acceptance_of_state_surveillance|WVS_H,0.0,106.16451663183616,84.58593151733946,50.915897847305786,72.7311196625276,73.83693208909474,109.88023952095809,115.46616239757034,87.91375634049137,207.34440873805926,90.85577715726384,50.16578064149238,87.27953421094216,223.32969095075407,194.70705742793905,109.28916662519885,66.31256339502875,61.61128711412363,100.50505050505049,63.12811005951801,9999.0,80.32794612287681,87.71758247507738,86.76565071477381,63.49834330646358,62.00781878378631,53.76892755545917,83.95323088463883,90.39620425368224,9999.0,36.101083032490976,73.69506799489699,73.83693208909474,226.35449433853384,50.0,92.58256451397246,63.49834330646358,57.56031050030214,56.343998012248065,49.45221787895292,51.999334224859815,65.00281713653722,78.95074295269924,51.48569841710636,62.41687250617519,129.04089784730579,139.41147306854472,118.94310873165954,274.1963211277291,228.4087753401833,9999.0,53.10788575357941
authoritarian_governance_tolerance|WVS_E,106.16451663183616,0.0,88.91865245456404,55.24861878453038,102.12765957446808,107.79928265594896,135.20917959062905,147.31211084802243,98.53866207457366,240.83396898042207,109.40170940170941,69.44444444444444,91.61225514816675,227.66241188797866,227.48538011695905,135.632183908046,100.27491396188296,95.57363768097784,125.83399057472144,95.90643274853801,9999.0,114.29029668973102,121.67993304193159,103.98009950248758,97.4606938733178,95.97016935064053,87.73127812231338,99.69306322897482,124.35855482053645,9999.0,70.06343359934519,95.73444874404456,107.33195211786372,230.68721527575843,75.32894006967095,96.91528545119704,97.4606938733178,82.79682815092156,90.30634857910228,66.66666666666667,85.96168479171402,98.96516770339143,86.01784955376115,85.44804898396058,96.37922307302941,133.37361878453038,143.74419400576932,123.27582966888413,308.1586716945833,247.5563110922227,9999.0,87.07023632043362
autocracy_support|WVS_E,84.58593151733946,88.91865245456404,0.0,33.67003367003367,78.93925377736664,86.22069754145227,113.63059447613232,109.89010989010988,76.96007696007696,217.64556318332063,86.21330360460794,45.24886877828054,70.03367003367003,206.08382677348195,204.2969743198576,112.36296273801209,78.69632884738625,73.99505256648114,104.25540546022472,72.71802695143657,9999.0,92.71171157523433,100.10134792743489,80.79169370538611,75.88210875882109,74.39158423614381,66.15269300781668,78.11447811447812,102.77996970603974,9999.0,48.484848484848484,74.15586362954784,85.753367003367,209.10863016126171,53.75035495517423,75.33670033670033,75.88210875882109,54.6448087431694,68.72776346460557,43.47826086956522,64.38309967721733,77.38658258889473,64.43926443926443,63.86946386946387,73.32900713822193,111.79503367003366,122.1656088912726,98.0392156862745,286.5800865800866,225.97772597772598,9999.0,65.49165120593692
basic_needs_deprivation|WVS_H,50.915897847305786,55.24861878453038,33.67003367003367,0.0,49.49208599102292,52.55066387141859,79.96056080609864,92.06349206349205,43.29004329004329,186.0581405203831,62.07740250293442,28.87951242381622,36.36363636363637,172.41379310344828,173.35124262319286,88.00289840752268,45.02629517735258,40.32501889644747,70.58537179019106,41.7722952547718,9999.0,59.04167790520065,66.43131425740121,55.55555555555556,42.212075088787415,40.72155056611015,32.48265933778301,44.44444444444444,69.10993603600608,9999.0,14.814814814814813,40.48582995951417,52.083333333333336,175.43859649122805,20.080321285140563,41.666666666666664,42.212075088787415,27.548209366391184,35.0577297945719,19.342359767891683,30.713066007183652,43.71654891886106,30.769230769230766,30.199430199430196,41.13060428849903,78.125,88.49557522123894,68.02721088435375,252.9100529100529,192.30769230769232,9999.0,31.82161753590325
child_qualities_autonomy_self_expression|WVS_A,72.7311196625276,102.12765957446808,78.93925377736664,49.49208599102292,0.0,71.78464606181456,89.29200422684043,111.37897782063644,73.92253136933988,151.51515151515153,76.33587786259541,46.447539833650666,85.85572235465928,221.9058790944712,147.05882352941177,100.7219231437148,64.49948400412796,60.66176470588235,70.92198581560284,38.75968992248062,9999.0,71.98822237748277,79.15033899359332,50.0,56.88429217840982,58.1473968897904,49.2530345471522,75.38598740315479,81.82896077219819,9999.0,36.63003663003663,74.22402159244265,73.27141382868936,224.93068248225097,29.41176470588235,88.37104581785434,64.02729690400923,56.73416907746705,49.504950495049506,35.46099290780142,45.85913312693498,65.53177073408287,64.95951798154773,42.918454935622314,53.33520968195891,111.11111111111111,137.98766121226186,115.59217038669094,274.72527472527474,228.93772893772893,9999.0,45.662100456621005
child_qualities_conformity_tradition|WVS_A,73.83693208909474,107.79928265594896,86.22069754145227,52.55066387141859,71.78464606181456,0.0,102.25312087689029,114.73269208783597,89.5485223646042,205.65733925007595,82.66012203020077,51.80054666560518,88.91430023505495,224.96445697486686,195.6438026939845,101.09351149813578,67.94732941914154,63.246053138236434,92.8779318609827,64.06485532556344,9999.0,72.35981073190376,79.52192734801432,88.40041673888663,65.13310933057639,63.64258480789911,47.39336492890995,75.75757575757575,82.20054912661917,9999.0,37.735849056603776,75.3298340190098,75.47169811320755,227.98926036264663,42.37288135593221,94.21733053808526,65.13310933057639,59.19507652441493,57.97876403636086,51.08698390306573,52.631578947368425,66.63758316065002,80.58550897681204,43.29004329004329,64.05163853028799,130.67566387141858,141.04623909265752,119.52962205265848,275.83108715184187,230.0435413642961,9999.0,54.054054054054056
child_qualities_prosocial_diligence|WVS_A,109.88023952095809,135.20917959062905,113.63059447613232,79.96056080609864,89.29200422684043,102.25312087689029,0.0,141.84745263571216,113.49329313401171,195.68895755168103,100.26637181484647,76.9160146487264,116.32419716973502,252.37435390954693,182.340368688218,128.72545402369533,94.96795881920369,91.13023952095809,92.59259259259258,50.76142131979696,9999.0,99.9917532574633,107.15386987357385,98.15478624870691,87.35276699348556,88.61587170486614,79.72150936222792,103.3895182831353,109.8324916521787,9999.0,77.78844834682398,114.82529446601302,103.7398886437651,255.39915729732672,59.880239520958085,121.62722747276531,96.24387588459444,87.20264389254278,81.06668019892419,75.03175467247324,76.32760794201072,98.19441576616882,104.53027974621955,70.92198581560284,81.15655809791247,158.08556080609867,168.4561360273376,147.16156457821802,315.88368644206207,270.0961406545163,9999.0,79.18525882597739
civic_dishonesty_tolerance|WVS_F,115.46616239757034,147.31211084802243,109.89010989010988,92.06349206349205,111.37897782063644,114.73269208783597,141.84745263571216,0.0,128.1727576217653,158.73015873015873,110.81272753795015,93.42977697408077,99.43251912163828,264.4772851669403,230.5698055326049,129.24611700588517,96.15384615384616,72.46376811594203,130.26617820955738,98.99085816418386,9999.0,42.37288135593221,50.25125628140703,109.01566949915994,106.76233963905197,65.78947368421052,75.81769740944392,47.61904761904761,53.475935828877,9999.0,79.36507936507937,116.95906432748538,117.10092842168314,267.5020885547201,81.96721311475409,128.91986062717768,88.49557522123894,100.82430683289053,98.2388031436417,92.71621421154131,70.70149325394921,64.1025641025641,106.28868186604885,71.44264879779267,105.68086883876359,121.1484593837535,166.66666666666666,89.54269267668693,286.03407536376073,271.67277167277166,9999.0,73.52941176470588
confidence_in_civil_society_organizations|WVS_E,87.91375634049137,98.53866207457366,76.96007696007696,43.29004329004329,73.92253136933988,89.5485223646042,113.49329313401171,128.1727576217653,0.0,212.62884077529387,81.19658119658119,46.08294930875576,79.65367965367966,215.70383639349157,199.28025191183085,107.42705570291776,82.02415367053817,73.79722750747486,104.1181041181041,67.7013045434098,9999.0,85.79987626583309,94.03535226606351,75.77497129735936,72.13157213157213,76.05552342394448,69.48051783096861,87.73448773448774,96.71397404466836,9999.0,51.81267330800041,83.77587324955746,86.53846153846155,218.72863978127134,53.61305361305361,84.95670995670996,79.20993358197302,67.11409395973155,69.93006993006993,38.46153846153846,57.4712643678161,80.71440741204665,67.96006353528477,57.80346820809249,68.31228473019517,121.41504329004329,131.78561851128222,111.31725417439705,289.90791140323853,235.5977355977356,9999.0,58.13953488372093
confidence_in_domestic_institutions|WVS_E,207.34440873805926,240.83396898042207,217.64556318332063,186.0581405203831,151.51515151515153,205.65733925007595,195.68895755168103,158.73015873015873,212.62884077529387,0.0,194.43248672693358,183.65528532928363,203.3286230177422,357.69349367869256,276.5064836003051,220.17076416812515,194.88536155202823,193.51994393511055,191.65650819450087,144.92753623188406,9999.0,147.05882352941177,166.66666666666666,192.32090116079402,185.25011687704534,177.51084417751085,164.77910417304358,151.51515151515153,123.4567901234568,9999.0,171.24332570556828,208.8373106679743,208.97917476217205,361.4967370116111,166.6195102015153,227.07735522380833,196.26560104477844,191.01048554063982,177.39506869941653,174.1673023137554,175.38743542742876,193.8793253347244,199.82047948063192,162.36729596003266,144.92753623188406,208.20255283532123,270.5627705627706,192.42230736483612,356.0149296583405,363.5510180132606,9999.0,175.8872885538655
confidence_in_international_organizations|WVS_E,90.85577715726384,109.40170940170941,86.21330360460794,62.07740250293442,76.33587786259541,82.66012203020077,100.26637181484647,110.81272753795015,81.19658119658119,194.43248672693358,0.0,49.26108374384237,98.44103886657078,234.4911956063827,181.08389786347055,97.17354694824996,75.21237264696751,68.67075394994177,96.23392245766632,49.504950495049506,9999.0,68.43984618201794,75.6019627981285,80.04847557086363,71.42857142857143,66.54399178363575,46.51162790697675,71.83761120768995,78.28058457673336,9999.0,54.75469412477287,92.34867908717888,90.81196581196582,237.51599899416246,55.068665867316035,95.64509564509564,73.26838382490325,76.21392159258403,50.25125628140703,42.73504273504273,43.29004329004329,71.21721249811927,72.23356780878905,39.37007874015748,62.11180124223603,127.48080544690714,150.57297772417334,115.60965750277266,292.84993222001094,247.0623864324652,9999.0,48.543689320388346
crime_victimization|WVS_H,50.16578064149238,69.44444444444444,45.24886877828054,28.87951242381622,46.447539833650666,51.80054666560518,76.9160146487264,93.42977697408077,46.08294930875576,183.65528532928363,49.26108374384237,0.0,65.24314878745258,201.2933055272645,170.3066964658206,67.11409395973155,41.84100418410041,39.574901690634064,67.54082563281881,38.72774909739955,9999.0,51.74550440331171,58.907621019422265,57.233751560920496,40.0,35.46099290780142,25.57544757033248,55.143269428983714,61.586242798027115,9999.0,14.064697609001406,51.658682571407425,51.80054666560518,204.31810891504426,17.035775127768314,64.1025641025641,41.46195788297401,33.67003367003367,31.847133757961785,19.9203187250996,24.93765586034913,42.966431713047655,34.129692832764505,22.675736961451246,39.0625,104.66608143696402,117.37508764505515,95.70326580635859,252.1599357042395,206.37238991669372,9999.0,25.77319587628866
democratic_system_evaluation|WVS_E,87.27953421094216,91.61225514816675,70.03367003367003,36.36363636363637,85.85572235465928,88.91430023505495,116.32419716973502,99.43251912163828,79.65367965367966,203.3286230177422,98.44103886657078,65.24314878745258,0.0,208.77742946708466,209.7148789868292,124.36653477115905,81.38993154098895,76.68865526008383,106.94900815382744,78.13593161840816,9999.0,91.81347150259067,90.42351011262929,91.91919191919192,78.57571145242379,77.08518692974653,68.84629570141938,51.81347150259067,84.49321006468219,9999.0,51.17845117845118,76.84946632315054,88.4469696969697,211.80223285486443,56.44395764877693,78.03030303030303,78.57571145242379,63.91184573002755,71.42136615820827,55.70599613152805,67.07670237082002,80.08018528249742,67.13286713286713,66.56306656306657,77.4942406521354,114.48863636363637,124.85921158487531,80.0,289.2736892736893,228.6713286713287,9999.0,68.18525389953962
democratic_values_importance|WVS_E,223.32969095075407,227.66241188797866,206.08382677348195,172.41379310344828,221.9058790944712,224.96445697486686,252.37435390954693,264.4772851669403,215.70383639349157,357.69349367869256,234.4911956063827,201.2933055272645,208.77742946708466,0.0,344.34490481522954,260.41669151097096,217.44008828080086,212.73881199989574,242.99916489363935,212.7659574468085,9999.0,231.4554710086489,238.8451073608495,227.96934865900386,214.6258681922357,213.13534366955844,204.8964524412313,216.8582375478927,241.52372913945436,9999.0,187.2286079182631,212.89962306296246,224.49712643678163,347.8523895946763,192.49411438858886,214.08045977011494,214.6258681922357,199.96200246983946,207.47152289802017,191.75615287133996,203.12685911063193,216.13034202230935,203.18302387267906,202.61322330287848,213.5443973919473,250.53879310344828,260.9093683246872,240.44100398780205,425.3238460135012,364.72148541114063,9999.0,204.23541063935153
economic_ideology|WVS_E,194.70705742793905,227.48538011695905,204.2969743198576,173.35124262319286,147.05882352941177,195.6438026939845,182.340368688218,230.5698055326049,199.28025191183085,276.5064836003051,181.08389786347055,170.3066964658206,209.7148789868292,344.34490481522954,0.0,216.9306249429047,188.3586406362979,184.11617847708072,178.30791933103785,131.57894736842104,9999.0,188.19692417667267,195.35904079278322,178.972312297331,171.90152801358232,182.00655352196034,166.18102349298852,191.59468920234468,198.0376625713881,9999.0,158.60597439544807,196.19995935785408,196.34182345205184,348.78983911442094,153.2709213380523,213.7287663603453,186.0032346694207,180.06520186325923,164.0464798359535,160.8187134502924,167.42124127523107,187.50770849949433,190.31723852403871,159.12715673481222,136.986301369863,245.5644761621568,261.8468178444318,232.46876962047241,396.7012124906862,350.9136667031404,9999.0,162.53869969040247
electoral_integrity|WVS_E,109.28916662519885,135.632183908046,112.36296273801209,88.00289840752268,100.7219231437148,101.09351149813578,128.72545402369533,129.24611700588517,107.42705570291776,220.17076416812515,97.17354694824996,67.11409395973155,124.36653477115905,260.41669151097096,216.9306249429047,0.0,93.64576211490252,85.26095018085657,116.62699761985719,85.35167757448367,9999.0,86.87323564995296,94.03535226606351,98.19441576616882,97.64410565829169,84.97738125157075,64.1025641025641,90.27100067562495,96.71397404466836,9999.0,73.18808359270787,110.78206855511388,110.92393264931164,263.44149489875076,73.50205533525104,121.87557015143221,88.49557522123894,94.64731106051903,87.71929824561403,68.9655172413793,59.880239520958085,89.65060196605427,95.25665172869174,57.80346820809249,93.77469122967523,153.71127995324372,176.49847362876162,134.04304697070768,311.283321687946,265.4957759004002,9999.0,75.18796992481204
familial_duty_obligations|WVS_D,66.31256339502875,100.27491396188296,78.69632884738625,45.02629517735258,64.49948400412796,67.94732941914154,94.96795881920369,96.15384615384616,82.02415367053817,194.88536155202823,75.21237264696751,41.84100418410041,81.38993154098895,217.44008828080086,188.3586406362979,93.64576211490252,0.0,55.72168444417042,85.59276980329611,56.779693267876844,9999.0,62.5,72.07417796478106,76.77571470674918,57.608740636510376,56.1182161138331,42.19409282700422,68.30982637434249,71.42857142857143,9999.0,30.211480362537767,67.80546532494378,67.94732941914154,220.46489166858063,35.08771929824561,86.69296184401925,57.608740636510376,51.670707830348924,50.45439534229485,43.562615208999716,38.46153846153846,59.11321446658401,72.99270072992701,35.842293906810035,56.527269836221976,123.15129517735258,133.52187039859152,101.010101010101,268.30671845777584,222.5191726702301,9999.0,47.218283083626204
female_income_threat_to_marriage|WVS_D,61.61128711412363,95.57363768097784,73.99505256648114,40.32501889644747,60.66176470588235,63.246053138236434,91.13023952095809,72.46376811594203,73.79722750747486,193.51994393511055,68.67075394994177,39.574901690634064,76.68865526008383,212.73881199989574,184.11617847708072,85.26095018085657,55.72168444417042,0.0,81.75505050505049,52.53723110865968,9999.0,53.70932255791548,63.99074926993708,63.6948869051092,52.907464355605256,51.416939832927994,38.314176245210724,63.62018044261035,70.06315381165376,9999.0,25.510204081632654,63.10418904403868,63.246053138236434,215.76361538767551,31.25,81.99168556311413,52.907464355605256,46.96943154944381,45.75311906138974,35.3356890459364,25.38071065989848,54.4119381856789,58.47953216374269,31.152647975077883,51.82599355531687,118.45001889644746,128.8205941176864,84.74576271186442,263.6054421768708,217.81789638932497,9999.0,42.51700680272109
freedom_security_tradeoff_perception|WVS_H,100.50505050505049,125.83399057472144,104.25540546022472,70.58537179019106,70.92198581560284,92.8779318609827,92.59259259259258,130.26617820955738,104.1181041181041,191.65650819450087,96.23392245766632,67.54082563281881,106.94900815382744,242.99916489363935,178.30791933103785,116.62699761985719,85.59276980329611,81.75505050505049,0.0,46.728971962616825,9999.0,87.89329685362517,95.05541346973573,94.12233689152677,77.97757797757797,79.24068268895854,70.34632034632034,91.29106187929716,97.73403524834058,9999.0,73.75599898964386,105.45010545010544,94.3646996278575,246.02396828141912,50.5050505050505,112.25203845685772,86.86868686868686,77.8274548766352,71.69149118301661,65.65656565656565,66.95241892610312,88.81922675026122,95.15509073031197,58.8235294117647,55.865921787709496,148.71037179019106,159.08094701143,135.0631081743799,311.851237084882,262.8930640978834,9999.0,69.8100698100698
gender_role_traditionalism|WVS_D,63.12811005951801,95.90643274853801,72.71802695143657,41.7722952547718,38.75968992248062,64.06485532556344,50.76142131979696,98.99085816418386,67.7013045434098,144.92753623188406,49.504950495049506,38.72774909739955,78.13593161840816,212.7659574468085,131.57894736842104,85.35167757448367,56.779693267876844,52.53723110865968,46.728971962616825,0.0,9999.0,56.61797680825165,63.7800934243622,47.39336492890995,40.32258064516129,50.42760615353929,34.602076124567475,60.01574183392365,66.45871520296706,9999.0,27.027027027027028,64.62101198943304,64.7628760836308,217.21089174599985,21.691973969631235,82.14981899192426,54.42428730099964,48.486254494838185,32.467532467532465,29.239766081871345,35.842293906810035,55.92876113107327,58.73829115561766,27.548209366391184,30.395136778115504,113.98552879373577,130.26787047601073,100.88982225205136,265.1222651222651,219.33471933471935,9999.0,30.959752321981423
immigrant_origin_status|WVS_G,9999.0,9999.0,9999.0,9999.0,9999.0,9999.0,9999.0,9999.0,9999.0,9999.0,9999.0,9999.0,9999.0,9999.0,9999.0,9999.0,9999.0,9999.0,9999.0,9999.0,0.0,9999.0,9999.0,9999.0,9999.0,9999.0,9999.0,9999.0,9999.0,9999.0,9999.0,9999.0,9999.0,9999.0,9999.0,9999.0,9999.0,9999.0,9999.0,9999.0,9999.0,9999.0,9999.0,9999.0,9999.0,9999.0,9999.0,9999.0,9999.0,9999.0,9999.0,9999.0
importance_of_life_domains|WVS_A,80.32794612287681,114.29029668973102,92.71171157523433,59.04167790520065,71.98822237748277,72.35981073190376,99.9917532574633,42.37288135593221,85.79987626583309,147.05882352941177,68.43984618201794,51.74550440331171,91.81347150259067,231.4554710086489,188.19692417667267,86.87323564995296,62.5,53.70932255791548,87.89329685362517,56.61797680825165,9999.0,0.0,45.87155963302752,66.64278814322772,68.91040489205966,50.25125628140703,33.44481605351171,40.0,42.918454935622314,9999.0,44.226863090385834,81.82084805279186,81.96271214698962,234.48027439642868,44.76835456901902,100.70834457186733,55.865921787709496,65.686090558197,55.865921787709496,57.57799793684779,28.328611898016998,52.35602094240838,63.91580051011664,29.069767441860463,65.0409904634432,113.52941176470588,147.53725312643957,47.16981132075472,275.47659447050603,236.53455539807814,9999.0,49.47026094664279
institutional_threat_perception|WVS_H,87.71758247507738,121.67993304193159,100.10134792743489,66.43131425740121,79.15033899359332,79.52192734801432,107.15386987357385,50.25125628140703,94.03535226606351,166.66666666666666,75.6019627981285,58.907621019422265,90.42351011262929,238.8451073608495,195.35904079278322,94.03535226606351,72.07417796478106,63.99074926993708,95.05541346973573,63.7800934243622,9999.0,45.87155963302752,0.0,76.92421485524933,76.07252150817021,59.1715976331361,39.682539682539684,38.61003861003861,71.28977717213012,9999.0,51.6164994425864,89.21048440499241,89.35234849919017,241.86991074862925,51.93047118512957,108.09798092406788,70.13018914271677,73.07572691039755,70.92198581560284,64.96763428904835,38.61003861003861,68.0790178159328,73.68506757857025,36.231884057971016,72.20310707955375,112.13945037474448,154.92688947864013,51.81347150259067,289.7117375378245,243.92419175027874,9999.0,58.16170861937452
international_organization_knowledge|WVS_E,86.76565071477381,103.98009950248758,80.79169370538611,55.55555555555556,50.0,88.40041673888663,98.15478624870691,109.01566949915994,75.77497129735936,192.32090116079402,80.04847557086363,57.233751560920496,91.91919191919192,227.96934865900386,178.972312297331,98.19441576616882,76.77571470674918,63.6948869051092,94.12233689152677,47.39336492890995,9999.0,66.64278814322772,76.92421485524933,0.0,69.93006993006993,67.29968349158753,62.893081761006286,78.55048177628822,84.99345514533164,9999.0,50.66456768228285,87.8184833408714,85.39035591274398,230.9941520467836,52.464947987336046,90.2234857458738,78.06182795625546,68.02721088435375,51.02040816326531,37.3134328358209,38.314176245210724,70.57224076133976,66.81195790956721,46.08294930875576,48.543689320388346,122.0591955476853,144.05113077679448,113.81259946398245,288.75980577752097,242.97225998997516,9999.0,47.61904761904761
job_scarcity_gender_discrimination|WVS_C,63.49834330646358,97.4606938733178,75.88210875882109,42.212075088787415,56.88429217840982,65.13310933057639,87.35276699348556,106.76233963905197,72.13157213157213,185.25011687704534,71.42857142857143,40.0,78.57571145242379,214.6258681922357,171.90152801358232,97.64410565829169,57.608740636510376,52.907464355605256,77.97757797757797,40.32258064516129,9999.0,68.91040489205966,76.07252150817021,69.93006993006993,0.0,53.30399602526794,45.0651047969408,72.30816991773168,78.75114328677508,9999.0,27.397260273972606,64.99124523637863,65.13310933057639,217.65067158001546,27.47252747252747,83.87874175545409,54.79452054794521,48.856487741783766,46.728971962616825,33.67003367003367,43.295511466341445,56.29899437801885,63.16855874377998,39.8406374501992,44.052863436123346,118.41579638189808,130.70765031002634,110.23928597314116,265.4924983692107,219.70495258166494,9999.0,44.40406299506104
job_scarcity_nativist_preference|WVS_C,62.00781878378631,95.97016935064053,74.39158423614381,40.72155056611015,58.1473968897904,63.64258480789911,88.61587170486614,65.78947368421052,76.05552342394448,177.51084417751085,66.54399178363575,35.46099290780142,77.08518692974653,213.13534366955844,182.00655352196034,84.97738125157075,56.1182161138331,51.416939832927994,79.24068268895854,50.42760615353929,9999.0,50.25125628140703,59.1715976331361,67.29968349158753,53.30399602526794,0.0,30.8641975308642,52.35602094240838,54.054054054054056,9999.0,25.906735751295336,63.500720713701355,63.64258480789911,216.1601470573382,28.73563218390805,82.38821723277681,50.0,47.36596321910649,39.21568627450981,37.59398496240602,28.98550724637681,54.808469855341585,62.11180124223603,27.17391304347826,52.22252522497955,118.84655056611015,129.2171257873491,72.46376811594203,264.0019738465334,218.21442805898766,9999.0,42.91353847238378
life_autonomy_morality_permissiveness|WVS_F,53.76892755545917,87.73127812231338,66.15269300781668,32.48265933778301,49.2530345471522,47.39336492890995,79.72150936222792,75.81769740944392,69.48051783096861,164.77910417304358,46.51162790697675,25.57544757033248,68.84629570141938,204.8964524412313,166.18102349298852,64.1025641025641,42.19409282700422,38.314176245210724,70.34632034632034,34.602076124567475,9999.0,33.44481605351171,39.682539682539684,62.893081761006286,45.0651047969408,30.8641975308642,0.0,36.101083032490976,41.32231404958678,9999.0,17.6678445229682,55.26182948537422,55.40369357957198,207.92125582901107,19.841269841269842,74.14932600444968,36.101083032490976,39.127071990779356,37.910759502725284,31.01897936943015,33.56609571533704,36.36363636363637,42.918454935622314,33.05245990758358,43.7647148173464,109.63049479719686,120.97823455902194,80.61462737426643,255.7630826182063,209.97553683066053,9999.0,24.93765586034913
multilevel_place_attachment|WVS_G,83.95323088463883,99.69306322897482,78.11447811447812,44.44444444444444,75.38598740315479,75.75757575757575,103.3895182831353,47.61904761904761,87.73448773448774,151.51515151515153,71.83761120768995,55.143269428983714,51.81347150259067,216.8582375478927,191.59468920234468,90.27100067562495,68.30982637434249,63.62018044261035,91.29106187929716,60.01574183392365,9999.0,40.0,38.61003861003861,78.55048177628822,72.30816991773168,52.35602094240838,36.101083032490976,0.0,32.67973856209151,9999.0,47.85214785214785,84.9302744039586,85.58799690875162,219.8830409356725,48.16611959469102,81.30081300813008,53.475935828877,69.31137531995901,62.5,61.2032826986098,63.291139240506325,64.31466622549425,69.92071598813172,32.467532467532465,68.43875548911521,73.52941176470588,119.04761904761905,48.309178743961354,265.23787809697524,236.75213675213678,9999.0,54.39735702893597
neighborhood_disorder_and_crime|WVS_H,90.39620425368224,124.35855482053645,102.77996970603974,69.10993603600608,81.82896077219819,82.20054912661917,109.8324916521787,53.475935828877,96.71397404466836,123.4567901234568,78.28058457673336,61.586242798027115,84.49321006468219,241.52372913945436,198.0376625713881,96.71397404466836,71.42857142857143,70.06315381165376,97.73403524834058,66.45871520296706,9999.0,42.918454935622314,71.28977717213012,84.99345514533164,78.75114328677508,54.054054054054056,41.32231404958678,32.67973856209151,0.0,9999.0,54.29512122119125,91.88910618359728,92.03097027779503,244.54853252723413,54.609092963734426,110.77660270267273,72.80881092132164,75.75434868900241,74.53803620094834,67.64625606765321,64.1025641025641,70.4225352112676,76.36368935717512,38.91050583657587,74.88172885815861,84.74576271186442,151.72735760971057,68.9655172413793,232.5581395348837,246.6028135288836,9999.0,60.84033039797938
offline_political_participation|WVS_E,9999.0,9999.0,9999.0,9999.0,9999.0,9999.0,9999.0,9999.0,9999.0,9999.0,9999.0,9999.0,9999.0,9999.0,9999.0,9999.0,9999.0,9999.0,9999.0,9999.0,9999.0,9999.0,9999.0,9999.0,9999.0,9999.0,9999.0,9999.0,9999.0,0.0,9999.0,9999.0,9999.0,9999.0,9999.0,9999.0,9999.0,9999.0,9999.0,9999.0,9999.0,9999.0,9999.0,9999.0,9999.0,9999.0,9999.0,9999.0,9999.0,9999.0,9999.0,9999.0
online_political_participation|WVS_E,36.101083032490976,70.06343359934519,48.484848484848484,14.814814814814813,36.63003663003663,37.735849056603776,77.78844834682398,79.36507936507937,51.81267330800041,171.24332570556828,54.75469412477287,14.064697609001406,51.17845117845118,187.2286079182631,158.60597439544807,73.18808359270787,30.211480362537767,25.510204081632654,73.75599898964386,27.027027027027028,9999.0,44.226863090385834,51.6164994425864,50.66456768228285,27.397260273972606,25.906735751295336,17.6678445229682,47.85214785214785,54.29512122119125,9999.0,0.0,37.59398496240602,37.735849056603776,190.25341130604286,28.5026499979771,56.48148148148148,27.397260273972606,21.459227467811157,20.242914979757085,13.35113484646195,15.89825119236884,28.901734104046245,42.84965992020827,15.384615384615383,26.315789473684212,92.93981481481481,103.31039003605375,82.84202569916856,238.0952380952381,192.30769230769232,9999.0,17.006802721088437
outgroup_trust|WVS_G,73.69506799489699,95.73444874404456,74.15586362954784,40.48582995951417,74.22402159244265,75.3298340190098,114.82529446601302,116.95906432748538,83.77587324955746,208.8373106679743,92.34867908717888,51.658682571407425,76.84946632315054,212.89962306296246,196.19995935785408,110.78206855511388,67.80546532494378,63.10418904403868,105.45010545010544,64.62101198943304,9999.0,81.82084805279186,89.21048440499241,87.8184833408714,64.99124523637863,63.500720713701355,55.26182948537422,84.9302744039586,91.88910618359728,9999.0,37.59398496240602,0.0,75.3298340190098,215.92442645074223,54.94505494505494,82.15249662618083,64.99124523637863,59.05321243021717,57.8368999421631,50.5050505050505,53.49223615477486,66.49571906645227,71.25506072874494,52.9786003470214,63.90977443609023,118.61082995951418,128.98140518075311,108.51304084386791,275.68922305764414,229.90167727009833,9999.0,54.60078768349446
perceived_negative_effects_of_immigration|WVS_G,73.83693208909474,107.33195211786372,85.753367003367,52.083333333333336,73.27141382868936,75.47169811320755,103.7398886437651,117.10092842168314,86.53846153846155,208.97917476217205,90.81196581196582,51.80054666560518,88.4469696969697,224.49712643678163,196.34182345205184,110.92393264931164,67.94732941914154,63.246053138236434,94.3646996278575,64.7628760836308,9999.0,81.96271214698962,89.35234849919017,85.39035591274398,65.13310933057639,63.64258480789911,55.40369357957198,85.58799690875162,92.03097027779503,9999.0,37.735849056603776,75.3298340190098,0.0,227.5219298245614,43.859649122807014,93.75,65.13310933057639,59.19507652441493,57.97876403636086,48.07692307692308,53.634100248972615,66.63758316065002,77.57544815066939,53.120464441219156,64.05163853028799,130.20833333333334,140.57890855457228,120.11054421768708,275.83108715184187,230.0435413642961,9999.0,54.74265177769222
perceived_positive_effects_of_immigration|WVS_G,226.35449433853384,230.68721527575843,209.10863016126171,175.43859649122805,224.93068248225097,227.98926036264663,255.39915729732672,267.5020885547201,218.72863978127134,361.4967370116111,237.51599899416246,204.31810891504426,211.80223285486443,347.8523895946763,348.78983911442094,263.44149489875076,220.46489166858063,215.76361538767551,246.02396828141912,217.21089174599985,9999.0,234.48027439642868,241.86991074862925,230.9941520467836,217.65067158001546,216.1601470573382,207.92125582901107,219.8830409356725,244.54853252723413,9999.0,190.25341130604286,215.92442645074223,227.5219298245614,0.0,195.51891777636862,217.1052631578947,217.65067158001546,202.98680585761923,210.49632628579994,194.78095625911973,206.1516624984117,219.15514541008912,206.20782726045883,205.63802669065825,216.56920077972708,253.56359649122805,263.934171712467,243.4658073755818,428.34864940128097,367.7462887989204,9999.0,207.2602140271313
political_information_sources|WVS_E,50.0,75.32894006967095,53.75035495517423,20.080321285140563,29.41176470588235,42.37288135593221,59.880239520958085,81.96721311475409,53.61305361305361,166.6195102015153,55.068665867316035,17.035775127768314,56.44395764877693,192.49411438858886,153.2709213380523,73.50205533525104,35.08771929824561,31.25,50.5050505050505,21.691973969631235,9999.0,44.76835456901902,51.93047118512957,52.464947987336046,27.47252747252747,28.73563218390805,19.841269841269842,48.16611959469102,54.609092963734426,9999.0,28.5026499979771,54.94505494505494,43.859649122807014,195.51891777636862,0.0,61.74698795180723,36.36363636363637,27.3224043715847,21.186440677966104,15.15151515151515,16.44736842105263,38.314176245210724,44.65004022526146,15.698587127158554,23.923444976076556,98.20532128514057,108.57589650637951,88.1075321694943,266.5978880932152,212.3880135928329,9999.0,19.305019305019304
postmaterialist_values|WVS_E,92.58256451397246,96.91528545119704,75.33670033670033,41.666666666666664,88.37104581785434,94.21733053808526,121.62722747276531,128.91986062717768,84.95670995670996,227.07735522380833,95.64509564509564,64.1025641025641,78.03030303030303,214.08045977011494,213.7287663603453,121.87557015143221,86.69296184401925,81.99168556311413,112.25203845685772,82.14981899192426,9999.0,100.70834457186733,108.09798092406788,90.2234857458738,83.87874175545409,82.38821723277681,74.14932600444968,81.30081300813008,110.77660270267273,9999.0,56.48148148148148,82.15249662618083,93.75,217.1052631578947,61.74698795180723,0.0,83.87874175545409,69.21487603305785,76.72439646123857,52.91005291005291,72.37973267385033,85.38321558552772,72.43589743589743,71.86609686609687,82.76079917870962,119.79166666666666,130.1622418879056,109.69387755102042,294.5767195767196,233.97435897435898,9999.0,73.48828420256991
precautionary_security_behaviors|WVS_H,63.49834330646358,97.4606938733178,75.88210875882109,42.212075088787415,64.02729690400923,65.13310933057639,96.24387588459444,88.49557522123894,79.20993358197302,196.26560104477844,73.26838382490325,41.46195788297401,78.57571145242379,214.6258681922357,186.0032346694207,88.49557522123894,57.608740636510376,52.907464355605256,86.86868686868686,54.42428730099964,9999.0,55.865921787709496,70.13018914271677,78.06182795625546,54.79452054794521,50.0,36.101083032490976,53.475935828877,72.80881092132164,9999.0,27.397260273972606,64.99124523637863,65.13310933057639,217.65067158001546,36.36363636363637,83.87874175545409,0.0,48.856487741783766,47.640175253729694,40.74839512043455,42.37288135593221,56.29899437801885,63.291139240506325,33.898305084745765,53.71304974765682,120.33707508878742,130.70765031002634,101.78511457283835,263.1578947368421,219.70495258166494,9999.0,44.40406299506104
religion_versus_secularism_orientation|WVS_F,57.56031050030214,82.79682815092156,54.6448087431694,27.548209366391184,56.73416907746705,59.19507652441493,87.20264389254278,100.82430683289053,67.11409395973155,191.01048554063982,76.21392159258403,33.67003367003367,63.91184573002755,199.96200246983946,180.06520186325923,94.64731106051903,51.670707830348924,46.96943154944381,77.8274548766352,48.486254494838185,9999.0,65.686090558197,73.07572691039755,68.02721088435375,48.856487741783766,47.36596321910649,39.127071990779356,69.31137531995901,75.75434868900241,9999.0,21.459227467811157,59.05321243021717,59.19507652441493,202.98680585761923,27.3224043715847,69.21487603305785,48.856487741783766,0.0,41.70214244756824,34.81036231427311,37.35747866017999,50.3609615718574,55.24861878453038,36.84384285242654,46.08294930875576,105.67320936639118,116.04378458763011,95.57542025074494,259.55446556304923,213.76691977550348,9999.0,38.466030188899595
religious_belief|WVS_F,56.343998012248065,90.30634857910228,68.72776346460557,35.0577297945719,49.504950495049506,57.97876403636086,81.06668019892419,98.2388031436417,69.93006993006993,177.39506869941653,50.25125628140703,31.847133757961785,71.42136615820827,207.47152289802017,164.0464798359535,87.71929824561403,50.45439534229485,45.75311906138974,71.69149118301661,32.467532467532465,9999.0,55.865921787709496,70.92198581560284,51.02040816326531,46.728971962616825,39.21568627450981,37.910759502725284,62.5,74.53803620094834,9999.0,20.242914979757085,57.8368999421631,57.97876403636086,210.49632628579994,21.186440677966104,76.72439646123857,47.640175253729694,41.70214244756824,0.0,33.594049826219035,36.14116617212592,49.14464908380333,49.504950495049506,35.62753036437247,40.48582995951417,113.1827297945719,123.55330501581084,98.83180403411617,258.3381530749952,212.5506072874494,9999.0,28.901734104046245
religious_exclusivism|WVS_F,49.45221787895292,66.66666666666667,43.47826086956522,19.342359767891683,35.46099290780142,51.08698390306573,75.03175467247324,92.71621421154131,38.46153846153846,174.1673023137554,42.73504273504273,19.9203187250996,55.70599613152805,191.75615287133996,160.8187134502924,68.9655172413793,43.562615208999716,35.3356890459364,65.65656565656565,29.239766081871345,9999.0,57.57799793684779,64.96763428904835,37.3134328358209,33.67003367003367,37.59398496240602,31.01897936943015,61.2032826986098,67.64625606765321,9999.0,13.35113484646195,50.5050505050505,48.07692307692308,194.78095625911973,15.15151515151515,52.91005291005291,40.74839512043455,34.81036231427311,33.594049826219035,0.0,29.24938603883079,42.252868950508194,29.498525073746315,28.735750231077333,29.850746268656714,84.74576271186442,107.83793498913062,87.36957065224543,251.44637294170005,205.65882715415427,9999.0,23.364485981308412
religious_practice_and_self_identification|WVS_F,51.999334224859815,85.96168479171402,64.38309967721733,30.713066007183652,45.85913312693498,52.631578947368425,76.32760794201072,70.70149325394921,57.4712643678161,175.38743542742876,43.29004329004329,24.93765586034913,67.07670237082002,203.12685911063193,167.42124127523107,59.880239520958085,38.46153846153846,25.38071065989848,66.95241892610312,35.842293906810035,9999.0,28.328611898016998,38.61003861003861,38.314176245210724,43.295511466341445,28.98550724637681,33.56609571533704,63.291139240506325,64.1025641025641,9999.0,15.89825119236884,53.49223615477486,53.634100248972615,206.1516624984117,16.44736842105263,72.37973267385033,42.37288135593221,37.35747866017999,36.14116617212592,29.24938603883079,0.0,32.25806451612903,35.587188612099645,31.282866576984222,38.314176245210724,108.83806600718364,119.20864122842258,75.49842321877172,253.99348928760693,208.20594350006115,9999.0,21.14164904862579
science_skepticism|WVS_I,65.00281713653722,98.96516770339143,77.38658258889473,43.71654891886106,65.53177073408287,66.63758316065002,98.19441576616882,64.1025641025641,80.71440741204665,193.8793253347244,71.21721249811927,42.966431713047655,80.08018528249742,216.13034202230935,187.50770849949433,89.65060196605427,59.11321446658401,54.4119381856789,88.81922675026122,55.92876113107327,9999.0,52.35602094240838,68.0790178159328,70.57224076133976,56.29899437801885,54.808469855341585,36.36363636363637,64.31466622549425,70.4225352112676,9999.0,28.901734104046245,66.49571906645227,66.63758316065002,219.15514541008912,38.314176245210724,85.38321558552772,56.29899437801885,50.3609615718574,49.14464908380333,42.252868950508194,32.25806451612903,0.0,67.84525312822868,31.847133757961785,55.21752357773046,121.84154891886105,132.2121241401,81.30081300813008,266.99697219928436,221.20942641173858,9999.0,45.90853682513468
