construct,acceptance_of_state_surveillance|WVS_H,authoritarian_governance_tolerance|WVS_E,autocracy_support|WVS_E,basic_needs_deprivation|WVS_H,child_qualities_autonomy_self_expression|WVS_A,child_qualities_conformity_tradition|WVS_A,child_qualities_prosocial_diligence|WVS_A,civic_dishonesty_tolerance|WVS_F,confidence_in_civil_society_organizations|WVS_E,confidence_in_domestic_institutions|WVS_E,confidence_in_international_organizations|WVS_E,crime_victimization|WVS_H,democratic_system_evaluation|WVS_E,democratic_values_importance|WVS_E,economic_ideology|WVS_E,electoral_integrity|WVS_E,existential_threat_worry|WVS_H,familial_duty_obligations|WVS_D,female_income_threat_to_marriage|WVS_D,freedom_security_tradeoff_perception|WVS_H,gender_role_traditionalism|WVS_D,immigrant_origin_status|WVS_G,importance_of_life_domains|WVS_A,institutional_threat_perception|WVS_H,international_organization_knowledge|WVS_E,job_scarcity_gender_discrimination|WVS_C,job_scarcity_nativist_preference|WVS_C,life_autonomy_morality_permissiveness|WVS_F,multilevel_place_attachment|WVS_G,neighborhood_disorder_and_crime|WVS_H,offline_political_participation|WVS_E,online_political_participation|WVS_E,outgroup_trust|WVS_G,perceived_corruption|WVS_E,perceived_negative_effects_of_immigration|WVS_G,perceived_positive_effects_of_immigration|WVS_G,political_information_sources|WVS_E,postmaterialist_values|WVS_E,precautionary_security_behaviors|WVS_H,religion_versus_secularism_orientation|WVS_F,religious_belief|WVS_F,religious_exclusivism|WVS_F,religious_practice_and_self_identification|WVS_F,science_skepticism|WVS_I,science_technology_optimism|WVS_E,sexual_and_reproductive_morality_permissiveness|WVS_F,social_intolerance_outgroups|WVS_A,societal_change_attitudes|WVS_E,socioeconomic_insecurity_worry|WVS_H,subjective_wellbeing|WVS_A,violence_tolerance|WVS_F,voluntary_association_belonging|WVS_A,voting_participation|WVS_E,work_ethic|WVS_C
acceptance_of_state_surveillance|WVS_H,0.0,9999.0,9999.0,9999.0,9999.0,9999.0,9999.0,9999.0,9999.0,9999.0,9999.0,9999.0,9999.0,9999.0,9999.0,9999.0,9999.0,9999.0,9999.0,9999.0,9999.0,9999.0,9999.0,9999.0,9999.0,9999.0,9999.0,9999.0,9999.0,9999.0,9999.0,9999.0,9999.0,9999.0,9999.0,9999.0,9999.0,9999.0,9999.0,9999.0,9999.0,9999.0,9999.0,9999.0,9999.0,9999.0,9999.0,9999.0,9999.0,9999.0,9999.0,9999.0,9999.0,9999.0
authoritarian_governance_tolerance|WVS_E,9999.0,0.0,44.358556130770864,9999.0,27.496491826904844,17.035775127768314,50.78283169118639,10.460251046025103,66.64002632692399,27.986198198964154,50.78283169118639,9999.0,30.724356768966693,26.208282542088096,49.26034888487955,9999.0,9999.0,9999.0,9999.0,9999.0,58.76172607879925,17.5143171388478,56.12435574888641,9999.0,9999.0,50.88761873817997,28.328611898016998,18.76172607879925,9999.0,9999.0,18.420086270647502,9999.0,32.34208912042335,9999.0,9999.0,9999.0,9999.0,26.134232237247673,9999.0,9999.0,9.671179883945841,9999.0,15.290519877675841,9999.0,33.18752377329783,15.174506828528072,9999.0,37.76106752439528,9999.0,45.52035727335753,9999.0,9999.0,9999.0,27.721721400191328
autocracy_support|WVS_E,9999.0,44.358556130770864,0.0,9999.0,55.24861878453038,52.87363715305696,74.22088572990705,33.898305084745765,90.07808036564464,58.6375989601796,74.22088572990705,9999.0,54.13268152713941,49.64633658080876,77.86927570608313,9999.0,9999.0,9999.0,9999.0,9999.0,82.73504273504273,46.12324396005139,77.17669323003682,9999.0,9999.0,55.865921787709496,65.00927955038743,42.73504273504273,9999.0,9999.0,42.06823972526864,9999.0,35.3356890459364,9999.0,9999.0,9999.0,9999.0,49.57228627596834,9999.0,9999.0,40.32258064516129,9999.0,55.059794451561665,9999.0,56.62557781201849,42.73504273504273,9999.0,68.41246828561073,9999.0,68.0154276080279,9999.0,9999.0,9999.0,58.373122161406776
basic_needs_deprivation|WVS_H,9999.0,9999.0,9999.0,0.0,9999.0,9999.0,9999.0,9999.0,9999.0,9999.0,9999.0,9999.0,9999.0,9999.0,9999.0,9999.0,9999.0,9999.0,9999.0,9999.0,9999.0,9999.0,9999.0,9999.0,9999.0,9999.0,9999.0,9999.0,9999.0,9999.0,9999.0,9999.0,9999.0,9999.0,9999.0,9999.0,9999.0,9999.0,9999.0,9999.0,9999.0,9999.0,9999.0,9999.0,9999.0,9999.0,9999.0,9999.0,9999.0,9999.0,9999.0,9999.0,9999.0,9999.0
child_qualities_autonomy_self_expression|WVS_A,9999.0,27.496491826904844,55.24861878453038,9999.0,0.0,31.949605728269738,63.60477540615351,26.931660719322124,79.36507936507937,36.14033025797732,66.36900126334734,9999.0,38.87848882797985,42.67969221538512,57.41448094389271,9999.0,9999.0,9999.0,9999.0,9999.0,57.14285714285714,25.668449197860966,64.27848780789958,9999.0,9999.0,42.19409282700422,55.825103724921846,23.809523809523807,9999.0,9999.0,18.76172607879925,9999.0,33.047440364513534,9999.0,9999.0,9999.0,9999.0,37.62729214097881,9999.0,9999.0,17.825311942959004,9999.0,27.47252747252747,9999.0,48.68950947382321,24.875621890547265,9999.0,45.915199583408445,9999.0,45.86199708150927,9999.0,9999.0,9999.0,35.87585345920449
child_qualities_conformity_tradition|WVS_A,9999.0,17.035775127768314,52.87363715305696,9999.0,31.949605728269738,0.0,59.297912713472485,18.975332068311197,75.15510734921008,32.43931210032905,59.297912713472485,9999.0,35.17747067033159,34.72336356437419,53.71346278624444,9999.0,9999.0,9999.0,9999.0,9999.0,66.86867553261133,21.967431040212695,60.5774696502513,9999.0,9999.0,47.527773431387885,45.36438702578531,27.513541088388422,9999.0,9999.0,15.06024096385542,9999.0,29.345955249569705,9999.0,9999.0,9999.0,9999.0,31.347962382445143,9999.0,9999.0,14.124293785310734,9999.0,19.9203187250996,9999.0,41.70260479558392,25.94163378213616,9999.0,42.214181425760174,9999.0,42.16051196656545,9999.0,9999.0,9999.0,32.17483530155622
child_qualities_prosocial_diligence|WVS_A,9999.0,50.78283169118639,74.22088572990705,9999.0,63.60477540615351,59.297912713472485,0.0,40.32258064516129,96.50235592606018,71.90697402907423,80.64516129032258,9999.0,65.7575591505858,56.07061214122428,84.29355126649867,9999.0,9999.0,9999.0,9999.0,9999.0,59.1715976331361,52.54751952046691,91.15755813050552,9999.0,9999.0,77.31058179488673,79.11144358920339,57.29634945188726,9999.0,9999.0,44.84304932735426,9999.0,59.12876361306854,9999.0,9999.0,9999.0,9999.0,55.99656183638386,9999.0,9999.0,53.59195571405592,9999.0,59.81310920759378,9999.0,63.049853372434015,55.724442145634995,9999.0,81.68184335450536,9999.0,71.94332033006428,9999.0,9999.0,9999.0,66.17149772210179
civic_dishonesty_tolerance|WVS_F,9999.0,10.460251046025103,33.898305084745765,9999.0,26.931660719322124,18.975332068311197,40.32258064516129,0.0,56.17977528089888,32.06620871657547,40.32258064516129,9999.0,25.434978505424514,15.748031496062993,43.97097062133737,9999.0,9999.0,9999.0,9999.0,9999.0,60.62323476505588,12.224938875305623,50.83497748534423,9999.0,9999.0,40.63746710805534,38.7888629440421,20.623234765055876,9999.0,9999.0,8.169934640522877,9999.0,21.88183807439825,9999.0,9999.0,9999.0,9999.0,15.673981191222571,9999.0,9999.0,16.918841027224538,9999.0,21.1614893668159,9999.0,22.72727272727273,19.05132745880362,9999.0,45.00872866767398,9999.0,35.270205643232906,9999.0,9999.0,9999.0,25.848917076940502
confidence_in_civil_society_organizations|WVS_E,9999.0,66.64002632692399,90.07808036564464,9999.0,79.36507936507937,75.15510734921008,96.50235592606018,56.17977528089888,0.0,82.72114625705785,96.50235592606018,9999.0,81.61475378632339,71.92780677696187,100.15074590223625,9999.0,9999.0,9999.0,9999.0,9999.0,50.25125628140703,68.4047141562045,107.0147527662431,9999.0,9999.0,90.09189373160623,74.07407407407408,55.55555555555556,9999.0,9999.0,64.34970992142176,9999.0,78.06161335529713,9999.0,9999.0,9999.0,9999.0,71.85375647212145,9999.0,9999.0,73.09861630812343,9999.0,77.34126464771478,9999.0,78.90704800817161,55.24861878453038,9999.0,101.18850394857287,9999.0,91.4499809241318,9999.0,9999.0,9999.0,65.35947712418302
confidence_in_domestic_institutions|WVS_E,9999.0,27.986198198964154,58.6375989601796,9999.0,36.14033025797732,32.43931210032905,71.90697402907423,32.06620871657547,82.72114625705785,0.0,66.85870763540666,9999.0,33.051309471388734,43.19064020556558,51.58730158730159,9999.0,9999.0,9999.0,9999.0,9999.0,71.64556962025316,19.841269841269842,58.45130845130845,9999.0,9999.0,59.53145716925244,37.45318352059925,31.645569620253163,9999.0,9999.0,27.063924701719976,9999.0,41.34963898743426,9999.0,9999.0,9999.0,9999.0,38.11699851303811,9999.0,9999.0,18.315018315018314,9999.0,27.932960893854748,9999.0,49.17921584588251,27.47252747252747,9999.0,46.404905955467754,9999.0,54.16419570443001,9999.0,9999.0,9999.0,30.581039755351682
confidence_in_international_organizations|WVS_E,9999.0,50.78283169118639,74.22088572990705,9999.0,66.36900126334734,59.297912713472485,80.64516129032258,40.32258064516129,96.50235592606018,66.85870763540666,0.0,9999.0,65.7575591505858,56.07061214122428,84.29355126649867,9999.0,9999.0,9999.0,9999.0,9999.0,62.5,52.54751952046691,91.15755813050552,9999.0,9999.0,80.96004775321663,79.11144358920339,60.945815410217165,9999.0,9999.0,48.49251528568416,9999.0,62.20441871955954,9999.0,9999.0,9999.0,9999.0,55.99656183638386,9999.0,9999.0,48.543689320388346,9999.0,52.083333333333336,9999.0,63.049853372434015,59.37390810396491,9999.0,76.63357696083779,9999.0,75.5927862883942,9999.0,9999.0,9999.0,66.17149772210179
crime_victimization|WVS_H,9999.0,9999.0,9999.0,9999.0,9999.0,9999.0,9999.0,9999.0,9999.0,9999.0,9999.0,0.0,9999.0,9999.0,9999.0,9999.0,9999.0,9999.0,9999.0,9999.0,9999.0,9999.0,9999.0,9999.0,9999.0,9999.0,9999.0,9999.0,9999.0,9999.0,9999.0,9999.0,9999.0,9999.0,9999.0,9999.0,9999.0,9999.0,9999.0,9999.0,9999.0,9999.0,9999.0,9999.0,9999.0,9999.0,9999.0,9999.0,9999.0,9999.0,9999.0,9999.0,9999.0,9999.0
democratic_system_evaluation|WVS_E,9999.0,30.724356768966693,54.13268152713941,9999.0,38.87848882797985,35.17747067033159,65.7575591505858,25.434978505424514,81.61475378632339,33.051309471388734,65.7575591505858,9999.0,0.0,41.18301000148751,44.95607137615064,9999.0,9999.0,9999.0,9999.0,9999.0,69.0949469291409,13.21003963011889,45.662100456621005,9999.0,9999.0,36.36363636363637,40.32258064516129,39.04983291177264,9999.0,9999.0,29.802083271722513,9999.0,18.79699248120301,9999.0,9999.0,9999.0,9999.0,40.85515708304065,9999.0,9999.0,21.05317688502085,9999.0,22.146590121629167,9999.0,48.162251232697244,35.783403061270135,9999.0,49.143064525470294,9999.0,46.948356807511736,9999.0,9999.0,9999.0,26.83401783175377
democratic_values_importance|WVS_E,9999.0,26.208282542088096,49.64633658080876,9999.0,42.67969221538512,34.72336356437419,56.07061214122428,15.748031496062993,71.92780677696187,43.19064020556558,56.07061214122428,9999.0,41.18301000148751,0.0,59.719002117400365,9999.0,9999.0,9999.0,9999.0,9999.0,74.24657534246575,27.972970371368618,66.58300898140723,9999.0,9999.0,56.38549860411833,54.536894440105094,34.24657534246575,9999.0,9999.0,23.917966136585868,9999.0,37.62986957046124,9999.0,9999.0,9999.0,9999.0,31.422012687285566,9999.0,9999.0,24.875621890547265,9999.0,36.90952086287889,9999.0,38.475304223335726,30.030030030030026,9999.0,52.965509530996705,9999.0,51.01823713929589,9999.0,9999.0,9999.0,41.596948573003495
economic_ideology|WVS_E,9999.0,49.26034888487955,77.86927570608313,9999.0,57.41448094389271,53.71346278624444,84.29355126649867,43.97097062133737,100.15074590223625,51.58730158730159,84.29355126649867,9999.0,44.95607137615064,59.719002117400365,0.0,9999.0,9999.0,9999.0,9999.0,9999.0,87.63093904505376,31.746031746031747,70.35607035607035,9999.0,9999.0,77.40813220265275,72.7770387803131,57.585825027685495,9999.0,9999.0,48.33807538763537,9999.0,43.10344827586207,9999.0,9999.0,9999.0,9999.0,59.391149198953514,9999.0,9999.0,39.58916900093371,9999.0,40.68258223754202,9999.0,66.6982433486101,54.31939517718299,9999.0,67.67905664138314,9999.0,75.4383463903454,9999.0,9999.0,9999.0,45.370009947666624
electoral_integrity|WVS_E,9999.0,9999.0,9999.0,9999.0,9999.0,9999.0,9999.0,9999.0,9999.0,9999.0,9999.0,9999.0,9999.0,9999.0,9999.0,0.0,9999.0,9999.0,9999.0,9999.0,9999.0,9999.0,9999.0,9999.0,9999.0,9999.0,9999.0,9999.0,9999.0,9999.0,9999.0,9999.0,9999.0,9999.0,9999.0,9999.0,9999.0,9999.0,9999.0,9999.0,9999.0,9999.0,9999.0,9999.0,9999.0,9999.0,9999.0,9999.0,9999.0,9999.0,9999.0,9999.0,9999.0,9999.0
existential_threat_worry|WVS_H,9999.0,9999.0,9999.0,9999.0,9999.0,9999.0,9999.0,9999.0,9999.0,9999.0,9999.0,9999.0,9999.0,9999.0,9999.0,9999.0,0.0,9999.0,9999.0,9999.0,9999.0,9999.0,9999.0,9999.0,9999.0,9999.0,9999.0,9999.0,9999.0,9999.0,9999.0,9999.0,9999.0,9999.0,9999.0,9999.0,9999.0,9999.0,9999.0,9999.0,9999.0,9999.0,9999.0,9999.0,9999.0,9999.0,9999.0,9999.0,9999.0,9999.0,9999.0,9999.0,9999.0,9999.0
familial_duty_obligations|WVS_D,9999.0,9999.0,9999.0,9999.0,9999.0,9999.0,9999.0,9999.0,9999.0,9999.0,9999.0,9999.0,9999.0,9999.0,9999.0,9999.0,9999.0,0.0,9999.0,9999.0,9999.0,9999.0,9999.0,9999.0,9999.0,9999.0,9999.0,9999.0,9999.0,9999.0,9999.0,9999.0,9999.0,9999.0,9999.0,9999.0,9999.0,9999.0,9999.0,9999.0,9999.0,9999.0,9999.0,9999.0,9999.0,9999.0,9999.0,9999.0,9999.0,9999.0,9999.0,9999.0,9999.0,9999.0
female_income_threat_to_marriage|WVS_D,9999.0,9999.0,9999.0,9999.0,9999.0,9999.0,9999.0,9999.0,9999.0,9999.0,9999.0,9999.0,9999.0,9999.0,9999.0,9999.0,9999.0,9999.0,0.0,9999.0,9999.0,9999.0,9999.0,9999.0,9999.0,9999.0,9999.0,9999.0,9999.0,9999.0,9999.0,9999.0,9999.0,9999.0,9999.0,9999.0,9999.0,9999.0,9999.0,9999.0,9999.0,9999.0,9999.0,9999.0,9999.0,9999.0,9999.0,9999.0,9999.0,9999.0,9999.0,9999.0,9999.0,9999.0
freedom_security_tradeoff_perception|WVS_H,9999.0,9999.0,9999.0,9999.0,9999.0,9999.0,9999.0,9999.0,9999.0,9999.0,9999.0,9999.0,9999.0,9999.0,9999.0,9999.0,9999.0,9999.0,9999.0,0.0,9999.0,9999.0,9999.0,9999.0,9999.0,9999.0,9999.0,9999.0,9999.0,9999.0,9999.0,9999.0,9999.0,9999.0,9999.0,9999.0,9999.0,9999.0,9999.0,9999.0,9999.0,9999.0,9999.0,9999.0,9999.0,9999.0,9999.0,9999.0,9999.0,9999.0,9999.0,9999.0,9999.0,9999.0
gender_role_traditionalism|WVS_D,9999.0,58.76172607879925,82.73504273504273,9999.0,57.14285714285714,66.86867553261133,59.1715976331361,60.62323476505588,50.25125628140703,71.64556962025316,62.5,9999.0,69.0949469291409,74.24657534246575,87.63093904505376,9999.0,9999.0,9999.0,9999.0,9999.0,0.0,55.88490729902201,88.86024529333645,9999.0,9999.0,39.8406374501992,87.09033797681624,40.0,9999.0,9999.0,52.453300124533,9999.0,66.73901441024728,9999.0,9999.0,9999.0,9999.0,64.330900243309,9999.0,9999.0,61.202206511234664,9999.0,46.948356807511736,9999.0,78.31417624521072,54.94505494505494,9999.0,89.2920941516841,9999.0,79.55357112724303,9999.0,9999.0,9999.0,48.543689320388346
immigrant_origin_status|WVS_G,9999.0,17.5143171388478,46.12324396005139,9999.0,25.668449197860966,21.967431040212695,52.54751952046691,12.224938875305623,68.4047141562045,19.841269841269842,52.54751952046691,9999.0,13.21003963011889,27.972970371368618,31.746031746031747,9999.0,9999.0,9999.0,9999.0,9999.0,55.88490729902201,0.0,38.61003861003861,9999.0,9999.0,45.662100456621005,45.8429290368648,25.839793281653748,9999.0,9999.0,16.592043641603624,9999.0,30.87775792731791,9999.0,9999.0,9999.0,9999.0,27.645117452921763,9999.0,9999.0,7.8431372549019605,9999.0,8.936550491510276,9999.0,34.95221160257835,22.573363431151243,9999.0,35.9330248953514,9999.0,43.692314644313655,9999.0,9999.0,9999.0,13.623978201634877
importance_of_life_domains|WVS_A,9999.0,56.12435574888641,77.17669323003682,9999.0,64.27848780789958,60.5774696502513,91.15755813050552,50.83497748534423,107.0147527662431,58.45130845130845,91.15755813050552,9999.0,45.662100456621005,66.58300898140723,70.35607035607035,9999.0,9999.0,9999.0,9999.0,9999.0,88.86024529333645,38.61003861003861,0.0,9999.0,9999.0,49.01960784313725,48.07692307692308,64.44983189169236,9999.0,9999.0,55.20208225164223,9999.0,41.84100418410041,9999.0,9999.0,9999.0,9999.0,66.25515606296037,9999.0,9999.0,46.45317586494057,9999.0,47.54658910154888,9999.0,73.56225021261696,61.18340204118985,9999.0,74.54306350539001,9999.0,74.52074274619193,9999.0,9999.0,9999.0,52.234016811673484
institutional_threat_perception|WVS_H,9999.0,9999.0,9999.0,9999.0,9999.0,9999.0,9999.0,9999.0,9999.0,9999.0,9999.0,9999.0,9999.0,9999.0,9999.0,9999.0,9999.0,9999.0,9999.0,9999.0,9999.0,9999.0,9999.0,0.0,9999.0,9999.0,9999.0,9999.0,9999.0,9999.0,9999.0,9999.0,9999.0,9999.0,9999.0,9999.0,9999.0,9999.0,9999.0,9999.0,9999.0,9999.0,9999.0,9999.0,9999.0,9999.0,9999.0,9999.0,9999.0,9999.0,9999.0,9999.0,9999.0,9999.0
international_organization_knowledge|WVS_E,9999.0,9999.0,9999.0,9999.0,9999.0,9999.0,9999.0,9999.0,9999.0,9999.0,9999.0,9999.0,9999.0,9999.0,9999.0,9999.0,9999.0,9999.0,9999.0,9999.0,9999.0,9999.0,9999.0,9999.0,0.0,9999.0,9999.0,9999.0,9999.0,9999.0,9999.0,9999.0,9999.0,9999.0,9999.0,9999.0,9999.0,9999.0,9999.0,9999.0,9999.0,9999.0,9999.0,9999.0,9999.0,9999.0,9999.0,9999.0,9999.0,9999.0,9999.0,9999.0,9999.0,9999.0
job_scarcity_gender_discrimination|WVS_C,9999.0,50.88761873817997,55.865921787709496,9999.0,42.19409282700422,47.527773431387885,77.31058179488673,40.63746710805534,90.09189373160623,59.53145716925244,80.96004775321663,9999.0,36.36363636363637,56.38549860411833,77.40813220265275,9999.0,9999.0,9999.0,9999.0,9999.0,39.8406374501992,45.662100456621005,49.01960784313725,9999.0,9999.0,0.0,70.82585387893664,41.84100418410041,9999.0,9999.0,32.467532467532465,9999.0,41.1522633744856,9999.0,9999.0,9999.0,9999.0,56.31144829927791,9999.0,9999.0,41.21643885423413,9999.0,47.43759234777198,9999.0,63.36473983532807,43.34892528581321,9999.0,69.30632649468356,9999.0,59.567803470242495,9999.0,9999.0,9999.0,59.266980370479615
job_scarcity_nativist_preference|WVS_C,9999.0,28.328611898016998,65.00927955038743,9999.0,55.825103724921846,45.36438702578531,79.11144358920339,38.7888629440421,74.07407407407408,37.45318352059925,79.11144358920339,9999.0,40.32258064516129,54.536894440105094,72.7770387803131,9999.0,9999.0,9999.0,9999.0,9999.0,87.09033797681624,45.8429290368648,48.07692307692308,9999.0,9999.0,70.82585387893664,0.0,47.090337976816244,9999.0,9999.0,43.95930479016532,9999.0,29.673590504451038,9999.0,9999.0,9999.0,9999.0,39.21568627450981,9999.0,9999.0,37.99979178196284,9999.0,43.619131775692836,9999.0,61.51613567131483,43.50311872654507,9999.0,66.08967942241227,9999.0,62.35332906654254,9999.0,9999.0,9999.0,56.05033329820833
life_autonomy_morality_permissiveness|WVS_F,9999.0,18.76172607879925,42.73504273504273,9999.0,23.809523809523807,27.513541088388422,57.29634945188726,20.623234765055876,55.55555555555556,31.645569620253163,60.945815410217165,9999.0,39.04983291177264,34.24657534246575,57.585825027685495,9999.0,9999.0,9999.0,9999.0,9999.0,40.0,25.839793281653748,64.44983189169236,9999.0,9999.0,41.84100418410041,47.090337976816244,0.0,9999.0,9999.0,12.453300124533001,9999.0,26.739014410247286,9999.0,9999.0,9999.0,9999.0,24.330900243309003,9999.0,9999.0,21.202206511234664,9999.0,27.423360004772523,9999.0,38.314176245210724,23.334692942813742,9999.0,49.292094151684104,9999.0,39.55357112724303,9999.0,9999.0,9999.0,26.525198938992045
multilevel_place_attachment|WVS_G,9999.0,9999.0,9999.0,9999.0,9999.0,9999.0,9999.0,9999.0,9999.0,9999.0,9999.0,9999.0,9999.0,9999.0,9999.0,9999.0,9999.0,9999.0,9999.0,9999.0,9999.0,9999.0,9999.0,9999.0,9999.0,9999.0,9999.0,9999.0,0.0,9999.0,9999.0,9999.0,9999.0,9999.0,9999.0,9999.0,9999.0,9999.0,9999.0,9999.0,9999.0,9999.0,9999.0,9999.0,9999.0,9999.0,9999.0,9999.0,9999.0,9999.0,9999.0,9999.0,9999.0,9999.0
neighborhood_disorder_and_crime|WVS_H,9999.0,9999.0,9999.0,9999.0,9999.0,9999.0,9999.0,9999.0,9999.0,9999.0,9999.0,9999.0,9999.0,9999.0,9999.0,9999.0,9999.0,9999.0,9999.0,9999.0,9999.0,9999.0,9999.0,9999.0,9999.0,9999.0,9999.0,9999.0,9999.0,0.0,9999.0,9999.0,9999.0,9999.0,9999.0,9999.0,9999.0,9999.0,9999.0,9999.0,9999.0,9999.0,9999.0,9999.0,9999.0,9999.0,9999.0,9999.0,9999.0,9999.0,9999.0,9999.0,9999.0,9999.0
offline_political_participation|WVS_E,9999.0,18.420086270647502,42.06823972526864,9999.0,18.76172607879925,15.06024096385542,44.84304932735426,8.169934640522877,64.34970992142176,27.063924701719976,48.49251528568416,9999.0,29.802083271722513,23.917966136585868,48.33807538763537,9999.0,9999.0,9999.0,9999.0,9999.0,52.453300124533,16.592043641603624,55.20208225164223,9999.0,9999.0,32.467532467532465,43.95930479016532,12.453300124533001,9999.0,9999.0,0.0,9999.0,14.285714285714285,9999.0,9999.0,9999.0,9999.0,23.84391583174545,9999.0,9999.0,8.748906386701663,9999.0,14.970059880239521,9999.0,30.89720736779561,10.881392818280741,9999.0,36.8387940271511,9999.0,27.100271002710027,9999.0,9999.0,9999.0,26.79944790294715
online_political_participation|WVS_E,9999.0,9999.0,9999.0,9999.0,9999.0,9999.0,9999.0,9999.0,9999.0,9999.0,9999.0,9999.0,9999.0,9999.0,9999.0,9999.0,9999.0,9999.0,9999.0,9999.0,9999.0,9999.0,9999.0,9999.0,9999.0,9999.0,9999.0,9999.0,9999.0,9999.0,9999.0,0.0,9999.0,9999.0,9999.0,9999.0,9999.0,9999.0,9999.0,9999.0,9999.0,9999.0,9999.0,9999.0,9999.0,9999.0,9999.0,9999.0,9999.0,9999.0,9999.0,9999.0,9999.0,9999.0
outgroup_trust|WVS_G,9999.0,32.34208912042335,35.3356890459364,9999.0,33.047440364513534,29.345955249569705,59.12876361306854,21.88183807439825,78.06161335529713,41.34963898743426,62.20441871955954,9999.0,18.79699248120301,37.62986957046124,43.10344827586207,9999.0,9999.0,9999.0,9999.0,9999.0,66.73901441024728,30.87775792731791,41.84100418410041,9999.0,9999.0,41.1522633744856,29.673590504451038,26.739014410247286,9999.0,9999.0,14.285714285714285,9999.0,0.0,9999.0,9999.0,9999.0,9999.0,37.55581926562082,9999.0,9999.0,23.034620672415947,9999.0,29.255774165953806,9999.0,44.60911080167098,25.167107103995026,9999.0,51.12450831286539,9999.0,32.67973856209151,9999.0,9999.0,9999.0,38.75968992248062
perceived_corruption|WVS_E,9999.0,9999.0,9999.0,9999.0,9999.0,9999.0,9999.0,9999.0,9999.0,9999.0,9999.0,9999.0,9999.0,9999.0,9999.0,9999.0,9999.0,9999.0,9999.0,9999.0,9999.0,9999.0,9999.0,9999.0,9999.0,9999.0,9999.0,9999.0,9999.0,9999.0,9999.0,9999.0,9999.0,0.0,9999.0,9999.0,9999.0,9999.0,9999.0,9999.0,9999.0,9999.0,9999.0,9999.0,9999.0,9999.0,9999.0,9999.0,9999.0,9999.0,9999.0,9999.0,9999.0,9999.0
perceived_negative_effects_of_immigration|WVS_G,9999.0,9999.0,9999.0,9999.0,9999.0,9999.0,9999.0,9999.0,9999.0,9999.0,9999.0,9999.0,9999.0,9999.0,9999.0,9999.0,9999.0,9999.0,9999.0,9999.0,9999.0,9999.0,9999.0,9999.0,9999.0,9999.0,9999.0,9999.0,9999.0,9999.0,9999.0,9999.0,9999.0,9999.0,0.0,9999.0,9999.0,9999.0,9999.0,9999.0,9999.0,9999.0,9999.0,9999.0,9999.0,9999.0,9999.0,9999.0,9999.0,9999.0,9999.0,9999.0,9999.0,9999.0
perceived_positive_effects_of_immigration|WVS_G,9999.0,9999.0,9999.0,9999.0,9999.0,9999.0,9999.0,9999.0,9999.0,9999.0,9999.0,9999.0,9999.0,9999.0,9999.0,9999.0,9999.0,9999.0,9999.0,9999.0,9999.0,9999.0,9999.0,9999.0,9999.0,9999.0,9999.0,9999.0,9999.0,9999.0,9999.0,9999.0,9999.0,9999.0,9999.0,0.0,9999.0,9999.0,9999.0,9999.0,9999.0,9999.0,9999.0,9999.0,9999.0,9999.0,9999.0,9999.0,9999.0,9999.0,9999.0,9999.0,9999.0,9999.0
political_information_sources|WVS_E,9999.0,9999.0,9999.0,9999.0,9999.0,9999.0,9999.0,9999.0,9999.0,9999.0,9999.0,9999.0,9999.0,9999.0,9999.0,9999.0,9999.0,9999.0,9999.0,9999.0,9999.0,9999.0,9999.0,9999.0,9999.0,9999.0,9999.0,9999.0,9999.0,9999.0,9999.0,9999.0,9999.0,9999.0,9999.0,9999.0,0.0,9999.0,9999.0,9999.0,9999.0,9999.0,9999.0,9999.0,9999.0,9999.0,9999.0,9999.0,9999.0,9999.0,9999.0,9999.0,9999.0,9999.0
postmaterialist_values|WVS_E,9999.0,26.134232237247673,49.57228627596834,9999.0,37.62729214097881,31.347962382445143,55.99656183638386,15.673981191222571,71.85375647212145,38.11699851303811,55.99656183638386,9999.0,40.85515708304065,31.422012687285566,59.391149198953514,9999.0,9999.0,9999.0,9999.0,9999.0,64.330900243309,27.645117452921763,66.25515606296037,9999.0,9999.0,56.31144829927791,39.21568627450981,24.330900243309003,9999.0,9999.0,23.84391583174545,9999.0,37.55581926562082,9999.0,9999.0,9999.0,9999.0,0.0,9999.0,9999.0,19.801980198019802,9999.0,36.58166794443204,9999.0,38.4012539184953,21.231422505307854,9999.0,47.89186783846924,9999.0,50.94418683445548,9999.0,9999.0,9999.0,37.85252171426529
precautionary_security_behaviors|WVS_H,9999.0,9999.0,9999.0,9999.0,9999.0,9999.0,9999.0,9999.0,9999.0,9999.0,9999.0,9999.0,9999.0,9999.0,9999.0,9999.0,9999.0,9999.0,9999.0,9999.0,9999.0,9999.0,9999.0,9999.0,9999.0,9999.0,9999.0,9999.0,9999.0,9999.0,9999.0,9999.0,9999.0,9999.0,9999.0,9999.0,9999.0,9999.0,0.0,9999.0,9999.0,9999.0,9999.0,9999.0,9999.0,9999.0,9999.0,9999.0,9999.0,9999.0,9999.0,9999.0,9999.0,9999.0
religion_versus_secularism_orientation|WVS_F,9999.0,9999.0,9999.0,9999.0,9999.0,9999.0,9999.0,9999.0,9999.0,9999.0,9999.0,9999.0,9999.0,9999.0,9999.0,9999.0,9999.0,9999.0,9999.0,9999.0,9999.0,9999.0,9999.0,9999.0,9999.0,9999.0,9999.0,9999.0,9999.0,9999.0,9999.0,9999.0,9999.0,9999.0,9999.0,9999.0,9999.0,9999.0,9999.0,0.0,9999.0,9999.0,9999.0,9999.0,9999.0,9999.0,9999.0,9999.0,9999.0,9999.0,9999.0,9999.0,9999.0,9999.0
religious_belief|WVS_F,9999.0,9.671179883945841,40.32258064516129,9999.0,17.825311942959004,14.124293785310734,53.59195571405592,16.918841027224538,73.09861630812343,18.315018315018314,48.543689320388346,9999.0,21.05317688502085,24.875621890547265,39.58916900093371,9999.0,9999.0,9999.0,9999.0,9999.0,61.202206511234664,7.8431372549019605,46.45317586494057,9999.0,9999.0,41.21643885423413,37.99979178196284,21.202206511234664,9999.0,9999.0,8.748906386701663,9999.0,23.034620672415947,9999.0,9999.0,9999.0,9999.0,19.801980198019802,9999.0,9999.0,0.0,9999.0,16.779687746412236,9999.0,30.8641975308642,19.630299204982403,9999.0,28.08988764044944,9999.0,35.84917738941169,9999.0,9999.0,9999.0,18.050541516245488
religious_exclusivism|WVS_F,9999.0,9999.0,9999.0,9999.0,9999.0,9999.0,9999.0,9999.0,9999.0,9999.0,9999.0,9999.0,9999.0,9999.0,9999.0,9999.0,9999.0,9999.0,9999.0,9999.0,9999.0,9999.0,9999.0,9999.0,9999.0,9999.0,9999.0,9999.0,9999.0,9999.0,9999.0,9999.0,9999.0,9999.0,9999.0,9999.0,9999.0,9999.0,9999.0,9999.0,9999.0,0.0,9999.0,9999.0,9999.0,9999.0,9999.0,9999.0,9999.0,9999.0,9999.0,9999.0,9999.0,9999.0
religious_practice_and_self_identification|WVS_F,9999.0,15.290519877675841,55.059794451561665,9999.0,27.47252747252747,19.9203187250996,59.81310920759378,21.1614893668159,77.34126464771478,27.932960893854748,52.083333333333336,9999.0,22.146590121629167,36.90952086287889,40.68258223754202,9999.0,9999.0,9999.0,9999.0,9999.0,46.948356807511736,8.936550491510276,47.54658910154888,9999.0,9999.0,47.43759234777198,43.619131775692836,27.423360004772523,9999.0,9999.0,14.970059880239521,9999.0,29.255774165953806,9999.0,9999.0,9999.0,9999.0,36.58166794443204,9999.0,9999.0,16.779687746412236,9999.0,0.0,9999.0,43.88876209408863,25.851452698520262,9999.0,44.84304932735426,9999.0,42.07033088294955,9999.0,9999.0,9999.0,22.56052869314515
science_skepticism|WVS_I,9999.0,9999.0,9999.0,9999.0,9999.0,9999.0,9999.0,9999.0,9999.0,9999.0,9999.0,9999.0,9999.0,9999.0,9999.0,9999.0,9999.0,9999.0,9999.0,9999.0,9999.0,9999.0,9999.0,9999.0,9999.0,9999.0,9999.0,9999.0,9999.0,9999.0,9999.0,9999.0,9999.0,9999.0,9999.0,9999.0,9999.0,9999.0,9999.0,9999.0,9999.0,9999.0,9999.0,0.0,9999.0,9999.0,9999.0,9999.0,9999.0,9999.0,9999.0,9999.0,9999.0,9999.0
science_technology_optimism|WVS_E,9999.0,33.18752377329783,56.62557781201849,9999.0,48.68950947382321,41.70260479558392,63.049853372434015,22.72727272727273,78.90704800817161,49.17921584588251,63.049853372434015,9999.0,48.162251232697244,38.475304223335726,66.6982433486101,9999.0,9999.0,9999.0,9999.0,9999.0,78.31417624521072,34.95221160257835,73.56225021261696,9999.0,9999.0,63.36473983532807,61.51613567131483,38.314176245210724,9999.0,9999.0,30.89720736779561,9999.0,44.60911080167098,9999.0,9999.0,9999.0,9999.0,38.4012539184953,9999.0,9999.0,30.8641975308642,9999.0,43.88876209408863,9999.0,0.0,34.72222222222222,9999.0,58.954085171313636,9999.0,57.99747837050563,9999.0,9999.0,9999.0,48.57618980421323
sexual_and_reproductive_morality_permissiveness|WVS_F,9999.0,15.174506828528072,42.73504273504273,9999.0,24.875621890547265,25.94163378213616,55.724442145634995,19.05132745880362,55.24861878453038,27.47252747252747,59.37390810396491,9999.0,35.783403061270135,30.030030030030026,54.31939517718299,9999.0,9999.0,9999.0,9999.0,9999.0,54.94505494505494,22.573363431151243,61.18340204118985,9999.0,9999.0,43.34892528581321,43.50311872654507,23.334692942813742,9999.0,9999.0,10.881392818280741,9999.0,25.167107103995026,9999.0,9999.0,9999.0,9999.0,21.231422505307854,9999.0,9999.0,19.630299204982403,9999.0,25.851452698520262,9999.0,34.72222222222222,0.0,9999.0,47.72018684543184,9999.0,37.98166382099077,9999.0,9999.0,9999.0,25.510204081632654
social_intolerance_outgroups|WVS_A,9999.0,9999.0,9999.0,9999.0,9999.0,9999.0,9999.0,9999.0,9999.0,9999.0,9999.0,9999.0,9999.0,9999.0,9999.0,9999.0,9999.0,9999.0,9999.0,9999.0,9999.0,9999.0,9999.0,9999.0,9999.0,9999.0,9999.0,9999.0,9999.0,9999.0,9999.0,9999.0,9999.0,9999.0,9999.0,9999.0,9999.0,9999.0,9999.0,9999.0,9999.0,9999.0,9999.0,9999.0,9999.0,9999.0,0.0,9999.0,9999.0,9999.0,9999.0,9999.0,9999.0,9999.0
societal_change_attitudes|WVS_E,9999.0,37.76106752439528,68.41246828561073,9999.0,45.915199583408445,42.214181425760174,81.68184335450536,45.00872866767398,101.18850394857287,46.404905955467754,76.63357696083779,9999.0,49.143064525470294,52.965509530996705,67.67905664138314,9999.0,9999.0,9999.0,9999.0,9999.0,89.2920941516841,35.9330248953514,74.54306350539001,9999.0,9999.0,69.30632649468356,66.08967942241227,49.292094151684104,9999.0,9999.0,36.8387940271511,9999.0,51.12450831286539,9999.0,9999.0,9999.0,9999.0,47.89186783846924,9999.0,9999.0,28.08988764044944,9999.0,44.84304932735426,9999.0,58.954085171313636,47.72018684543184,9999.0,0.0,9999.0,63.93906502986113,9999.0,9999.0,9999.0,46.14042915669493
socioeconomic_insecurity_worry|WVS_H,9999.0,9999.0,9999.0,9999.0,9999.0,9999.0,9999.0,9999.0,9999.0,9999.0,9999.0,9999.0,9999.0,9999.0,9999.0,9999.0,9999.0,9999.0,9999.0,9999.0,9999.0,9999.0,9999.0,9999.0,9999.0,9999.0,9999.0,9999.0,9999.0,9999.0,9999.0,9999.0,9999.0,9999.0,9999.0,9999.0,9999.0,9999.0,9999.0,9999.0,9999.0,9999.0,9999.0,9999.0,9999.0,9999.0,9999.0,9999.0,0.0,9999.0,9999.0,9999.0,9999.0,9999.0
subjective_wellbeing|WVS_A,9999.0,45.52035727335753,68.0154276080279,9999.0,45.86199708150927,42.16051196656545,71.94332033006428,35.270205643232906,91.4499809241318,54.16419570443001,75.5927862883942,9999.0,46.948356807511736,51.01823713929589,75.4383463903454,9999.0,9999.0,9999.0,9999.0,9999.0,79.55357112724303,43.692314644313655,74.52074274619193,9999.0,9999.0,59.567803470242495,62.35332906654254,39.55357112724303,9999.0,9999.0,27.100271002710027,9999.0,32.67973856209151,9999.0,9999.0,9999.0,9999.0,50.94418683445548,9999.0,9999.0,35.84917738941169,9999.0,42.07033088294955,9999.0,57.99747837050563,37.98166382099077,9999.0,63.93906502986113,9999.0,0.0,9999.0,9999.0,9999.0,53.89971890565718
violence_tolerance|WVS_F,9999.0,9999.0,9999.0,9999.0,9999.0,9999.0,9999.0,9999.0,9999.0,9999.0,9999.0,9999.0,9999.0,9999.0,9999.0,9999.0,9999.0,9999.0,9999.0,9999.0,9999.0,9999.0,9999.0,9999.0,9999.0,9999.0,9999.0,9999.0,9999.0,9999.0,9999.0,9999.0,9999.0,9999.0,9999.0,9999.0,9999.0,9999.0,9999.0,9999.0,9999.0,9999.0,9999.0,9999.0,9999.0,9999.0,9999.0,9999.0,9999.0,9999.0,0.0,9999.0,9999.0,9999.0
voluntary_association_belonging|WVS_A,9999.0,9999.0,9999.0,9999.0,9999.0,9999.0,9999.0,9999.0,9999.0,9999.0,9999.0,9999.0,9999.0,9999.0,9999.0,9999.0,9999.0,9999.0,9999.0,9999.0,9999.0,9999.0,9999.0,9999.0,9999.0,9999.0,9999.0,9999.0,9999.0,9999.0,9999.0,9999.0,9999.0,9999.0,9999.0,9999.0,9999.0,9999.0,9999.0,9999.0,9999.0,9999.0,9999.0,9999.0,9999.0,9999.0,9999.0,9999.0,9999.0,9999.0,9999.0,0.0,9999.0,9999.0
voting_participation|WVS_E,9999.0,9999.0,9999.0,9999.0,9999.0,9999.0,9999.0,9999.0,9999.0,9999.0,9999.0,9999.0,9999.0,9999.0,9999.0,9999.0,9999.0,9999.0,9999.0,9999.0,9999.0,9999.0,9999.0,9999.0,9999.0,9999.0,9999.0,9999.0,9999.0,9999.0,9999.0,9999.0,9999.0,9999.0,9999.0,9999.0,9999.0,9999.0,9999.0,9999.0,9999.0,9999.0,9999.0,9999.0,9999.0,9999.0,9999.0,9999.0,9999.0,9999.0,9999.0,9999.0,0.0,9999.0
work_ethic|WVS_C,9999.0,27.721721400191328,58.373122161406776,9999.0,35.87585345920449,32.17483530155622,66.17149772210179,25.848917076940502,65.35947712418302,30.581039755351682,66.17149772210179,9999.0,26.83401783175377,41.596948573003495,45.370009947666624,9999.0,9999.0,9999.0,9999.0,9999.0,48.543689320388346,13.623978201634877,52.234016811673484,9999.0,9999.0,59.266980370479615,56.05033329820833,26.525198938992045,9999.0,9999.0,26.79944790294715,9999.0,38.75968992248062,9999.0,9999.0,9999.0,9999.0,37.85252171426529,9999.0,9999.0,18.050541516245488,9999.0,22.56052869314515,9999.0,48.57618980421323,25.510204081632654,9999.0,46.14042915669493,9999.0,53.89971890565718,9999.0,9999.0,9999.0,0.0
