,authoritarian_governance_tolerance|WVS_E,autocracy_support|WVS_E,child_qualities_autonomy_self_expression|WVS_A,child_qualities_conformity_tradition|WVS_A,child_qualities_prosocial_diligence|WVS_A,civic_dishonesty_tolerance|WVS_F,confidence_in_civil_society_organizations|WVS_E,confidence_in_domestic_institutions|WVS_E,confidence_in_international_organizations|WVS_E,crime_victimization|WVS_H,democratic_system_evaluation|WVS_E,democratic_values_importance|WVS_E,economic_ideology|WVS_E,existential_threat_worry|WVS_H,female_income_threat_to_marriage|WVS_D,gender_role_traditionalism|WVS_D,immigrant_origin_status|WVS_G,importance_of_life_domains|WVS_A,job_scarcity_gender_discrimination|WVS_C,job_scarcity_nativist_preference|WVS_C,life_autonomy_morality_permissiveness|WVS_F,neighborhood_disorder_and_crime|WVS_H,offline_political_participation|WVS_E,outgroup_trust|WVS_G,political_information_sources|WVS_E,postmaterialist_values|WVS_E,precautionary_security_behaviors|WVS_H,religion_versus_secularism_orientation|WVS_F,religious_belief|WVS_F,religious_exclusivism|WVS_F,religious_practice_and_self_identification|WVS_F,science_skepticism|WVS_I,science_technology_optimism|WVS_E,sexual_and_reproductive_morality_permissiveness|WVS_F,social_intolerance_outgroups|WVS_A,societal_change_attitudes|WVS_E,socioeconomic_insecurity_worry|WVS_H,subjective_wellbeing|WVS_A,voluntary_association_active_membership|WVS_A,voting_participation|WVS_E,work_ethic|WVS_C
authoritarian_governance_tolerance|WVS_E,0.0,9999.0,9999.0,9999.0,9999.0,9999.0,9999.0,9999.0,9999.0,9999.0,9999.0,9999.0,9999.0,9999.0,9999.0,9999.0,9999.0,9999.0,9999.0,9999.0,9999.0,9999.0,9999.0,9999.0,9999.0,9999.0,9999.0,9999.0,9999.0,9999.0,9999.0,9999.0,9999.0,9999.0,9999.0,9999.0,9999.0,9999.0,9999.0,9999.0,9999.0
autocracy_support|WVS_E,9999.0,0.0,14.245014245014245,13.58695652173913,18.6219739292365,45.04504504504504,9999.0,9999.0,9999.0,9999.0,9999.0,9999.0,9999.0,9999.0,9999.0,11.135857461024498,9999.0,34.36426116838488,14.388489208633093,12.077294685990339,12.804097311139564,9999.0,9999.0,9999.0,9999.0,9999.0,9999.0,9999.0,13.458950201884251,9999.0,12.77139208173691,9999.0,9999.0,10.330578512396695,9.354536950420954,9999.0,9999.0,13.123359580052492,49.01960784313725,9999.0,9999.0
child_qualities_autonomy_self_expression|WVS_A,9999.0,14.245014245014245,0.0,9999.0,9999.0,23.52941176470588,1000.0,33.44481605351171,44.24778761061947,9999.0,9999.0,9999.0,88.49557522123894,9999.0,9999.0,11.013215859030836,9999.0,9999.0,14.903129657228016,12.658227848101266,10.224948875255624,9999.0,9.487666034155598,9999.0,9999.0,50.25125628140703,9999.0,9999.0,10.940919037199125,9999.0,9.587727708533077,9999.0,9999.0,9.074410163339383,9999.0,555.5555555555555,9999.0,9999.0,9999.0,9999.0,9999.0
child_qualities_conformity_tradition|WVS_A,9999.0,13.58695652173913,9999.0,0.0,9999.0,34.72222222222222,151.51515151515153,35.842293906810035,57.80346820809249,9999.0,9999.0,9999.0,59.880239520958085,9999.0,9999.0,11.11111111111111,9999.0,9999.0,14.306151645207438,11.60092807424594,10.952902519167578,9999.0,8.920606601248885,9999.0,9999.0,31.152647975077883,9999.0,9999.0,11.074197120708748,9999.0,9.83284169124877,9999.0,9999.0,9.191176470588236,9999.0,88.49557522123894,9999.0,9999.0,9999.0,9999.0,9999.0
child_qualities_prosocial_diligence|WVS_A,9999.0,18.6219739292365,9999.0,9999.0,0.0,64.93506493506493,121.95121951219511,52.91005291005291,103.09278350515464,9999.0,9999.0,9999.0,68.4931506849315,9999.0,9999.0,15.797788309636653,9999.0,9999.0,19.047619047619047,16.58374792703151,16.528925619834713,9999.0,13.071895424836601,9999.0,9999.0,34.36426116838488,9999.0,9999.0,15.408320493066256,9999.0,15.45595054095827,9999.0,9999.0,15.15151515151515,9999.0,90.90909090909092,9999.0,9999.0,9999.0,9999.0,9999.0
civic_dishonesty_tolerance|WVS_F,9999.0,45.04504504504504,23.52941176470588,34.72222222222222,64.93506493506493,0.0,90.90909090909092,128.2051282051282,52.35602094240838,9999.0,9999.0,9999.0,68.4931506849315,9999.0,9999.0,34.96503496503497,9999.0,19.960079840319363,24.509803921568626,19.801980198019802,9999.0,9999.0,44.44444444444444,9999.0,9999.0,60.24096385542168,9999.0,9999.0,9999.0,9999.0,9999.0,9999.0,9999.0,9999.0,16.31321370309951,18.45018450184502,9999.0,25.906735751295336,27.3224043715847,9999.0,9999.0
confidence_in_civil_society_organizations|WVS_E,9999.0,9999.0,1000.0,151.51515151515153,121.95121951219511,90.90909090909092,0.0,9999.0,9999.0,9999.0,9999.0,9999.0,9999.0,9999.0,9999.0,212.7659574468085,9999.0,133.33333333333334,78.125,84.74576271186442,161.29032258064515,9999.0,9999.0,9999.0,9999.0,9999.0,9999.0,9999.0,71.42857142857143,9999.0,136.986301369863,9999.0,9999.0,100.0,333.3333333333333,9999.0,9999.0,277.77777777777777,125.0,9999.0,9999.0
confidence_in_domestic_institutions|WVS_E,9999.0,9999.0,33.44481605351171,35.842293906810035,52.91005291005291,128.2051282051282,9999.0,0.0,9999.0,9999.0,9999.0,9999.0,9999.0,9999.0,9999.0,34.013605442176875,9999.0,136.986301369863,45.24886877828054,35.3356890459364,32.78688524590164,9999.0,9999.0,9999.0,9999.0,9999.0,9999.0,9999.0,28.328611898016998,9999.0,24.630541871921185,9999.0,9999.0,30.211480362537767,25.641025641025642,9999.0,9999.0,33.222591362126245,344.82758620689657,9999.0,9999.0
confidence_in_international_organizations|WVS_E,9999.0,9999.0,44.24778761061947,57.80346820809249,103.09278350515464,52.35602094240838,9999.0,9999.0,0.0,9999.0,9999.0,9999.0,9999.0,9999.0,9999.0,41.666666666666664,9999.0,86.20689655172414,70.92198581560284,48.309178743961354,39.0625,9999.0,9999.0,9999.0,9999.0,9999.0,9999.0,9999.0,51.81347150259067,9999.0,39.0625,9999.0,9999.0,32.67973856209151,33.222591362126245,9999.0,9999.0,50.25125628140703,169.49152542372883,9999.0,9999.0
crime_victimization|WVS_H,9999.0,9999.0,9999.0,9999.0,9999.0,9999.0,9999.0,9999.0,9999.0,0.0,9999.0,9999.0,9999.0,9999.0,9999.0,9999.0,9999.0,9999.0,9999.0,9999.0,9999.0,9999.0,9999.0,9999.0,9999.0,9999.0,9999.0,9999.0,9999.0,9999.0,9999.0,9999.0,9999.0,9999.0,9999.0,9999.0,9999.0,9999.0,9999.0,9999.0,9999.0
democratic_system_evaluation|WVS_E,9999.0,9999.0,9999.0,9999.0,9999.0,9999.0,9999.0,9999.0,9999.0,9999.0,0.0,9999.0,9999.0,9999.0,9999.0,9999.0,9999.0,9999.0,9999.0,9999.0,9999.0,9999.0,9999.0,9999.0,9999.0,9999.0,9999.0,9999.0,9999.0,9999.0,9999.0,9999.0,9999.0,9999.0,9999.0,9999.0,9999.0,9999.0,9999.0,9999.0,9999.0
democratic_values_importance|WVS_E,9999.0,9999.0,9999.0,9999.0,9999.0,9999.0,9999.0,9999.0,9999.0,9999.0,9999.0,0.0,9999.0,9999.0,9999.0,9999.0,9999.0,9999.0,9999.0,9999.0,9999.0,9999.0,9999.0,9999.0,9999.0,9999.0,9999.0,9999.0,9999.0,9999.0,9999.0,9999.0,9999.0,9999.0,9999.0,9999.0,9999.0,9999.0,9999.0,9999.0,9999.0
economic_ideology|WVS_E,9999.0,9999.0,88.49557522123894,59.880239520958085,68.4931506849315,68.4931506849315,9999.0,9999.0,9999.0,9999.0,9999.0,9999.0,0.0,9999.0,9999.0,476.1904761904762,9999.0,103.09278350515464,53.475935828877,51.81347150259067,51.54639175257732,9999.0,9999.0,9999.0,9999.0,9999.0,9999.0,9999.0,31.545741324921135,9999.0,40.48582995951417,9999.0,9999.0,45.45454545454546,94.33962264150944,9999.0,9999.0,83.33333333333333,119.04761904761905,9999.0,9999.0
existential_threat_worry|WVS_H,9999.0,9999.0,9999.0,9999.0,9999.0,9999.0,9999.0,9999.0,9999.0,9999.0,9999.0,9999.0,9999.0,0.0,9999.0,9999.0,9999.0,9999.0,9999.0,9999.0,9999.0,9999.0,9999.0,9999.0,9999.0,9999.0,9999.0,9999.0,9999.0,9999.0,9999.0,9999.0,9999.0,9999.0,9999.0,9999.0,9999.0,9999.0,9999.0,9999.0,9999.0
female_income_threat_to_marriage|WVS_D,9999.0,9999.0,9999.0,9999.0,9999.0,9999.0,9999.0,9999.0,9999.0,9999.0,9999.0,9999.0,9999.0,9999.0,0.0,9999.0,9999.0,9999.0,9999.0,9999.0,9999.0,9999.0,9999.0,9999.0,9999.0,9999.0,9999.0,9999.0,9999.0,9999.0,9999.0,9999.0,9999.0,9999.0,9999.0,9999.0,9999.0,9999.0,9999.0,9999.0,9999.0
gender_role_traditionalism|WVS_D,9999.0,11.135857461024498,11.013215859030836,11.11111111111111,15.797788309636653,34.96503496503497,212.7659574468085,34.013605442176875,41.666666666666664,9999.0,9999.0,9999.0,476.1904761904762,9999.0,9999.0,0.0,9999.0,26.17801047120419,11.947431302270012,10.090817356205854,9.165902841429881,9999.0,9.017132551848512,9999.0,9999.0,50.0,9999.0,9999.0,12.903225806451614,9999.0,10.92896174863388,9999.0,9999.0,8.116883116883116,7.209805335255949,149.2537313432836,9999.0,10.351966873706004,42.5531914893617,9999.0,9999.0
immigrant_origin_status|WVS_G,9999.0,9999.0,9999.0,9999.0,9999.0,9999.0,9999.0,9999.0,9999.0,9999.0,9999.0,9999.0,9999.0,9999.0,9999.0,9999.0,0.0,9999.0,9999.0,9999.0,9999.0,9999.0,9999.0,9999.0,9999.0,9999.0,9999.0,9999.0,9999.0,9999.0,9999.0,9999.0,9999.0,9999.0,9999.0,9999.0,9999.0,9999.0,9999.0,9999.0,9999.0
importance_of_life_domains|WVS_A,9999.0,34.36426116838488,9999.0,9999.0,9999.0,19.960079840319363,133.33333333333334,136.986301369863,86.20689655172414,9999.0,9999.0,9999.0,103.09278350515464,9999.0,9999.0,26.17801047120419,9999.0,0.0,27.62430939226519,24.330900243309003,20.32520325203252,9999.0,43.47826086956522,9999.0,9999.0,588.2352941176471,9999.0,9999.0,32.78688524590164,9999.0,30.487804878048777,9999.0,9999.0,15.772870662460567,9999.0,40.816326530612244,9999.0,9999.0,9999.0,9999.0,9999.0
job_scarcity_gender_discrimination|WVS_C,9999.0,14.388489208633093,14.903129657228016,14.306151645207438,19.047619047619047,24.509803921568626,78.125,45.24886877828054,70.92198581560284,9999.0,9999.0,9999.0,53.475935828877,9999.0,9999.0,11.947431302270012,9999.0,27.62430939226519,0.0,9999.0,11.737089201877934,9999.0,12.121212121212121,9999.0,9999.0,40.983606557377044,9999.0,9999.0,12.77139208173691,9999.0,13.21003963011889,9999.0,9999.0,10.111223458038422,9.652509652509652,222.22222222222223,9999.0,13.513513513513514,38.167938931297705,9999.0,9999.0
job_scarcity_nativist_preference|WVS_C,9999.0,12.077294685990339,12.658227848101266,11.60092807424594,16.58374792703151,19.801980198019802,84.74576271186442,35.3356890459364,48.309178743961354,9999.0,9999.0,9999.0,51.81347150259067,9999.0,9999.0,10.090817356205854,9999.0,24.330900243309003,9999.0,0.0,9.940357852882704,9999.0,10.172939979654121,9999.0,9999.0,33.003300330033,9999.0,9999.0,10.893246187363834,9999.0,11.210762331838565,9999.0,9999.0,8.244023083264633,7.974481658692184,555.5555555555555,9999.0,11.52073732718894,36.36363636363637,9999.0,9999.0
life_autonomy_morality_permissiveness|WVS_F,9999.0,12.804097311139564,10.224948875255624,10.952902519167578,16.528925619834713,9999.0,161.29032258064515,32.78688524590164,39.0625,9999.0,9999.0,9999.0,51.54639175257732,9999.0,9999.0,9.165902841429881,9999.0,20.32520325203252,11.737089201877934,9.940357852882704,0.0,9999.0,9.216589861751153,9999.0,9999.0,54.054054054054056,9999.0,9999.0,9999.0,9999.0,9999.0,9999.0,9999.0,9999.0,7.204610951008645,76.33587786259541,9999.0,10.81081081081081,28.81844380403458,9999.0,9999.0
neighborhood_disorder_and_crime|WVS_H,9999.0,9999.0,9999.0,9999.0,9999.0,9999.0,9999.0,9999.0,9999.0,9999.0,9999.0,9999.0,9999.0,9999.0,9999.0,9999.0,9999.0,9999.0,9999.0,9999.0,9999.0,0.0,9999.0,9999.0,9999.0,9999.0,9999.0,9999.0,9999.0,9999.0,9999.0,9999.0,9999.0,9999.0,9999.0,9999.0,9999.0,9999.0,9999.0,9999.0,9999.0
offline_political_participation|WVS_E,9999.0,9999.0,9.487666034155598,8.920606601248885,13.071895424836601,44.44444444444444,9999.0,9999.0,9999.0,9999.0,9999.0,9999.0,9999.0,9999.0,9999.0,9.017132551848512,9999.0,43.47826086956522,12.121212121212121,10.172939979654121,9.216589861751153,9999.0,0.0,9999.0,9999.0,9999.0,9999.0,9999.0,7.112375533428165,9999.0,6.702412868632708,9999.0,9999.0,8.291873963515755,7.102272727272727,9999.0,9999.0,9.523809523809524,98.0392156862745,9999.0,9999.0
outgroup_trust|WVS_G,9999.0,9999.0,9999.0,9999.0,9999.0,9999.0,9999.0,9999.0,9999.0,9999.0,9999.0,9999.0,9999.0,9999.0,9999.0,9999.0,9999.0,9999.0,9999.0,9999.0,9999.0,9999.0,9999.0,0.0,9999.0,9999.0,9999.0,9999.0,9999.0,9999.0,9999.0,9999.0,9999.0,9999.0,9999.0,9999.0,9999.0,9999.0,9999.0,9999.0,9999.0
political_information_sources|WVS_E,9999.0,9999.0,9999.0,9999.0,9999.0,9999.0,9999.0,9999.0,9999.0,9999.0,9999.0,9999.0,9999.0,9999.0,9999.0,9999.0,9999.0,9999.0,9999.0,9999.0,9999.0,9999.0,9999.0,9999.0,0.0,9999.0,9999.0,9999.0,9999.0,9999.0,9999.0,9999.0,9999.0,9999.0,9999.0,9999.0,9999.0,9999.0,9999.0,9999.0,9999.0
postmaterialist_values|WVS_E,9999.0,9999.0,50.25125628140703,31.152647975077883,34.36426116838488,60.24096385542168,9999.0,9999.0,9999.0,9999.0,9999.0,9999.0,9999.0,9999.0,9999.0,50.0,9999.0,588.2352941176471,40.983606557377044,33.003300330033,54.054054054054056,9999.0,9999.0,9999.0,9999.0,0.0,9999.0,9999.0,26.7379679144385,9999.0,31.645569620253163,9999.0,9999.0,55.55555555555556,35.97122302158274,9999.0,9999.0,49.75124378109453,454.5454545454545,9999.0,9999.0
precautionary_security_behaviors|WVS_H,9999.0,9999.0,9999.0,9999.0,9999.0,9999.0,9999.0,9999.0,9999.0,9999.0,9999.0,9999.0,9999.0,9999.0,9999.0,9999.0,9999.0,9999.0,9999.0,9999.0,9999.0,9999.0,9999.0,9999.0,9999.0,9999.0,0.0,9999.0,9999.0,9999.0,9999.0,9999.0,9999.0,9999.0,9999.0,9999.0,9999.0,9999.0,9999.0,9999.0,9999.0
religion_versus_secularism_orientation|WVS_F,9999.0,9999.0,9999.0,9999.0,9999.0,9999.0,9999.0,9999.0,9999.0,9999.0,9999.0,9999.0,9999.0,9999.0,9999.0,9999.0,9999.0,9999.0,9999.0,9999.0,9999.0,9999.0,9999.0,9999.0,9999.0,9999.0,9999.0,0.0,9999.0,9999.0,9999.0,9999.0,9999.0,9999.0,9999.0,9999.0,9999.0,9999.0,9999.0,9999.0,9999.0
religious_belief|WVS_F,9999.0,13.458950201884251,10.940919037199125,11.074197120708748,15.408320493066256,9999.0,71.42857142857143,28.328611898016998,51.81347150259067,9999.0,9999.0,9999.0,31.545741324921135,9999.0,9999.0,12.903225806451614,9999.0,32.78688524590164,12.77139208173691,10.893246187363834,9999.0,9999.0,7.112375533428165,9999.0,9999.0,26.7379679144385,9999.0,9999.0,0.0,9999.0,9999.0,9999.0,9999.0,9999.0,8.756567425569177,140.8450704225352,9999.0,11.574074074074073,66.66666666666667,9999.0,9999.0
religious_exclusivism|WVS_F,9999.0,9999.0,9999.0,9999.0,9999.0,9999.0,9999.0,9999.0,9999.0,9999.0,9999.0,9999.0,9999.0,9999.0,9999.0,9999.0,9999.0,9999.0,9999.0,9999.0,9999.0,9999.0,9999.0,9999.0,9999.0,9999.0,9999.0,9999.0,9999.0,0.0,9999.0,9999.0,9999.0,9999.0,9999.0,9999.0,9999.0,9999.0,9999.0,9999.0,9999.0
religious_practice_and_self_identification|WVS_F,9999.0,12.77139208173691,9.587727708533077,9.83284169124877,15.45595054095827,9999.0,136.986301369863,24.630541871921185,39.0625,9999.0,9999.0,9999.0,40.48582995951417,9999.0,9999.0,10.92896174863388,9999.0,30.487804878048777,13.21003963011889,11.210762331838565,9999.0,9999.0,6.702412868632708,9999.0,9999.0,31.645569620253163,9999.0,9999.0,9999.0,9999.0,0.0,9999.0,9999.0,9999.0,7.680491551459292,158.73015873015873,9999.0,10.384215991692628,68.4931506849315,9999.0,9999.0
science_skepticism|WVS_I,9999.0,9999.0,9999.0,9999.0,9999.0,9999.0,9999.0,9999.0,9999.0,9999.0,9999.0,9999.0,9999.0,9999.0,9999.0,9999.0,9999.0,9999.0,9999.0,9999.0,9999.0,9999.0,9999.0,9999.0,9999.0,9999.0,9999.0,9999.0,9999.0,9999.0,9999.0,0.0,9999.0,9999.0,9999.0,9999.0,9999.0,9999.0,9999.0,9999.0,9999.0
science_technology_optimism|WVS_E,9999.0,9999.0,9999.0,9999.0,9999.0,9999.0,9999.0,9999.0,9999.0,9999.0,9999.0,9999.0,9999.0,9999.0,9999.0,9999.0,9999.0,9999.0,9999.0,9999.0,9999.0,9999.0,9999.0,9999.0,9999.0,9999.0,9999.0,9999.0,9999.0,9999.0,9999.0,9999.0,0.0,9999.0,9999.0,9999.0,9999.0,9999.0,9999.0,9999.0,9999.0
sexual_and_reproductive_morality_permissiveness|WVS_F,9999.0,10.330578512396695,9.074410163339383,9.191176470588236,15.15151515151515,9999.0,100.0,30.211480362537767,32.67973856209151,9999.0,9999.0,9999.0,45.45454545454546,9999.0,9999.0,8.116883116883116,9999.0,15.772870662460567,10.111223458038422,8.244023083264633,9999.0,9999.0,8.291873963515755,9999.0,9999.0,55.55555555555556,9999.0,9999.0,9999.0,9999.0,9999.0,9999.0,9999.0,0.0,6.199628022318661,40.32258064516129,9999.0,9.149130832570906,24.213075060532685,9999.0,9999.0
social_intolerance_outgroups|WVS_A,9999.0,9.354536950420954,9999.0,9999.0,9999.0,16.31321370309951,333.3333333333333,25.641025641025642,33.222591362126245,9999.0,9999.0,9999.0,94.33962264150944,9999.0,9999.0,7.209805335255949,9999.0,9999.0,9.652509652509652,7.974481658692184,7.204610951008645,9999.0,7.102272727272727,9999.0,9999.0,35.97122302158274,9999.0,9999.0,8.756567425569177,9999.0,7.680491551459292,9999.0,9999.0,6.199628022318661,0.0,172.41379310344828,9999.0,9999.0,9999.0,9999.0,9999.0
societal_change_attitudes|WVS_E,9999.0,9999.0,555.5555555555555,88.49557522123894,90.90909090909092,18.45018450184502,9999.0,9999.0,9999.0,9999.0,9999.0,9999.0,9999.0,9999.0,9999.0,149.2537313432836,9999.0,40.816326530612244,222.22222222222223,555.5555555555555,76.33587786259541,9999.0,9999.0,9999.0,9999.0,9999.0,9999.0,9999.0,140.8450704225352,9999.0,158.73015873015873,9999.0,9999.0,40.32258064516129,172.41379310344828,0.0,9999.0,1000.0,54.6448087431694,9999.0,9999.0
socioeconomic_insecurity_worry|WVS_H,9999.0,9999.0,9999.0,9999.0,9999.0,9999.0,9999.0,9999.0,9999.0,9999.0,9999.0,9999.0,9999.0,9999.0,9999.0,9999.0,9999.0,9999.0,9999.0,9999.0,9999.0,9999.0,9999.0,9999.0,9999.0,9999.0,9999.0,9999.0,9999.0,9999.0,9999.0,9999.0,9999.0,9999.0,9999.0,9999.0,0.0,9999.0,9999.0,9999.0,9999.0
subjective_wellbeing|WVS_A,9999.0,13.123359580052492,9999.0,9999.0,9999.0,25.906735751295336,277.77777777777777,33.222591362126245,50.25125628140703,9999.0,9999.0,9999.0,83.33333333333333,9999.0,9999.0,10.351966873706004,9999.0,9999.0,13.513513513513514,11.52073732718894,10.81081081081081,9999.0,9.523809523809524,9999.0,9999.0,49.75124378109453,9999.0,9999.0,11.574074074074073,9999.0,10.384215991692628,9999.0,9999.0,9.149130832570906,9999.0,1000.0,9999.0,0.0,9999.0,9999.0,9999.0
voluntary_association_active_membership|WVS_A,9999.0,49.01960784313725,9999.0,9999.0,9999.0,27.3224043715847,125.0,344.82758620689657,169.49152542372883,9999.0,9999.0,9999.0,119.04761904761905,9999.0,9999.0,42.5531914893617,9999.0,9999.0,38.167938931297705,36.36363636363637,28.81844380403458,9999.0,98.0392156862745,9999.0,9999.0,454.5454545454545,9999.0,9999.0,66.66666666666667,9999.0,68.4931506849315,9999.0,9999.0,24.213075060532685,9999.0,54.6448087431694,9999.0,9999.0,0.0,9999.0,9999.0
voting_participation|WVS_E,9999.0,9999.0,9999.0,9999.0,9999.0,9999.0,9999.0,9999.0,9999.0,9999.0,9999.0,9999.0,9999.0,9999.0,9999.0,9999.0,9999.0,9999.0,9999.0,9999.0,9999.0,9999.0,9999.0,9999.0,9999.0,9999.0,9999.0,9999.0,9999.0,9999.0,9999.0,9999.0,9999.0,9999.0,9999.0,9999.0,9999.0,9999.0,9999.0,0.0,9999.0
work_ethic|WVS_C,9999.0,9999.0,9999.0,9999.0,9999.0,9999.0,9999.0,9999.0,9999.0,9999.0,9999.0,9999.0,9999.0,9999.0,9999.0,9999.0,9999.0,9999.0,9999.0,9999.0,9999.0,9999.0,9999.0,9999.0,9999.0,9999.0,9999.0,9999.0,9999.0,9999.0,9999.0,9999.0,9999.0,9999.0,9999.0,9999.0,9999.0,9999.0,9999.0,9999.0,0.0
