,acceptance_of_state_surveillance|WVS_H,authoritarian_governance_tolerance|WVS_E,autocracy_support|WVS_E,basic_needs_deprivation|WVS_H,child_qualities_autonomy_self_expression|WVS_A,child_qualities_conformity_tradition|WVS_A,child_qualities_prosocial_diligence|WVS_A,civic_dishonesty_tolerance|WVS_F,confidence_in_civil_society_organizations|WVS_E,confidence_in_domestic_institutions|WVS_E,confidence_in_international_organizations|WVS_E,crime_victimization|WVS_H,democratic_system_evaluation|WVS_E,democratic_values_importance|WVS_E,economic_ideology|WVS_E,electoral_integrity|WVS_E,existential_threat_worry|WVS_H,familial_duty_obligations|WVS_D,female_income_threat_to_marriage|WVS_D,freedom_security_tradeoff_perception|WVS_H,gender_role_traditionalism|WVS_D,immigrant_origin_status|WVS_G,importance_of_life_domains|WVS_A,institutional_threat_perception|WVS_H,international_organization_knowledge|WVS_E,job_scarcity_gender_discrimination|WVS_C,job_scarcity_nativist_preference|WVS_C,life_autonomy_morality_permissiveness|WVS_F,multilevel_place_attachment|WVS_G,neighborhood_disorder_and_crime|WVS_H,offline_political_participation|WVS_E,online_political_participation|WVS_E,outgroup_trust|WVS_G,perceived_negative_effects_of_immigration|WVS_G,perceived_positive_effects_of_immigration|WVS_G,political_information_sources|WVS_E,postmaterialist_values|WVS_E,precautionary_security_behaviors|WVS_H,religion_versus_secularism_orientation|WVS_F,religious_belief|WVS_F,religious_exclusivism|WVS_F,religious_practice_and_self_identification|WVS_F,science_skepticism|WVS_I,science_technology_optimism|WVS_E,sexual_and_reproductive_morality_permissiveness|WVS_F,social_intolerance_outgroups|WVS_A,societal_change_attitudes|WVS_E,socioeconomic_insecurity_worry|WVS_H,subjective_wellbeing|WVS_A,violence_tolerance|WVS_F,voluntary_association_active_membership|WVS_A,voluntary_association_belonging|WVS_A,voting_participation|WVS_E,work_ethic|WVS_C
acceptance_of_state_surveillance|WVS_H,0.0,384.61538461538464,92.59259259259258,9999.0,85.47008547008546,74.07407407407408,175.43859649122805,58.47953216374269,126.58227848101265,232.5581395348837,126.58227848101265,9999.0,188.67924528301887,109.89010989010988,60.24096385542168,192.30769230769232,9999.0,76.92307692307692,9999.0,9999.0,88.49557522123894,17.636684303350968,45.662100456621005,9999.0,40.16064257028113,9999.0,9999.0,178.57142857142858,46.948356807511736,9999.0,666.6666666666666,38.61003861003861,69.93006993006993,105.26315789473685,71.42857142857143,38.61003861003861,227.27272727272725,9999.0,105.26315789473685,120.48192771084337,208.33333333333334,163.93442622950818,72.46376811594203,128.2051282051282,103.09278350515464,75.75757575757576,69.44444444444444,9999.0,1000.0,400.0,101.010101010101,60.6060606060606,9999.0,55.55555555555556
authoritarian_governance_tolerance|WVS_E,384.61538461538464,0.0,9999.0,1000.0,400.0,192.30769230769232,181.81818181818184,128.2051282051282,9999.0,9999.0,9999.0,59.523809523809526,9999.0,9999.0,9999.0,9999.0,256.4102564102564,1000.0,9999.0,263.1578947368421,44.44444444444444,59.1715976331361,1000.0,105.26315789473685,9999.0,9999.0,9999.0,270.27027027027026,833.3333333333334,50.0,9999.0,9999.0,85.47008547008546,73.52941176470588,111.11111111111111,9999.0,9999.0,59.880239520958085,105.26315789473685,243.90243902439022,217.3913043478261,120.48192771084337,178.57142857142858,9999.0,1000.0,92.59259259259258,9999.0,238.0952380952381,212.7659574468085,434.7826086956522,80.0,48.309178743961354,9999.0,1000.0
autocracy_support|WVS_E,92.59259259259258,9999.0,0.0,113.63636363636363,94.33962264150944,156.25,1000.0,44.24778761061947,9999.0,9999.0,9999.0,84.03361344537815,9999.0,9999.0,9999.0,9999.0,151.51515151515153,153.84615384615384,9999.0,95.23809523809523,98.0392156862745,19.880715705765407,1000.0,256.4102564102564,9999.0,9999.0,9999.0,714.2857142857143,138.88888888888889,63.291139240506325,9999.0,9999.0,101.010101010101,80.64516129032258,263.1578947368421,9999.0,9999.0,80.0,84.74576271186442,303.03030303030306,89.28571428571429,57.80346820809249,357.14285714285717,9999.0,434.7826086956522,61.7283950617284,9999.0,270.27027027027026,227.27272727272725,500.0,58.13953488372093,43.10344827586207,9999.0,175.43859649122805
basic_needs_deprivation|WVS_H,9999.0,1000.0,113.63636363636363,0.0,400.0,64.51612903225806,166.66666666666666,62.11180124223603,42.73504273504273,54.94505494505494,32.467532467532465,9999.0,666.6666666666666,285.7142857142857,147.05882352941177,526.3157894736842,9999.0,69.93006993006993,9999.0,9999.0,117.6470588235294,53.191489361702125,29.673590504451038,9999.0,78.125,9999.0,9999.0,101.010101010101,72.46376811594203,9999.0,303.03030303030306,156.25,178.57142857142858,112.35955056179776,71.42857142857143,51.54639175257732,88.49557522123894,9999.0,666.6666666666666,61.7283950617284,45.87155963302752,62.11180124223603,158.73015873015873,94.33962264150944,1000.0,125.0,114.9425287356322,9999.0,48.07692307692308,178.57142857142858,294.11764705882354,59.523809523809526,9999.0,64.51612903225806
child_qualities_autonomy_self_expression|WVS_A,85.47008547008546,400.0,94.33962264150944,400.0,0.0,9999.0,9999.0,84.03361344537815,476.1904761904762,500.0,1000.0,303.03030303030306,144.92753623188406,250.0,322.5806451612903,1000.0,400.0,153.84615384615384,9999.0,312.5,769.2307692307693,29.940119760479043,9999.0,172.41379310344828,769.2307692307693,9999.0,9999.0,357.14285714285717,108.69565217391305,172.41379310344828,60.975609756097555,270.27027027027026,1000.0,312.5,434.7826086956522,263.1578947368421,909.090909090909,322.5806451612903,909.090909090909,416.6666666666667,909.090909090909,136.986301369863,344.82758620689657,153.84615384615384,384.61538461538464,9999.0,1000.0,149.2537313432836,9999.0,1000.0,9999.0,9999.0,9999.0,129.87012987012986
child_qualities_conformity_tradition|WVS_A,74.07407407407408,192.30769230769232,156.25,64.51612903225806,9999.0,0.0,9999.0,90.09009009009009,60.975609756097555,57.4712643678161,66.2251655629139,56.81818181818181,416.6666666666667,769.2307692307693,121.95121951219511,222.22222222222223,303.03030303030306,1000.0,9999.0,1000.0,35.714285714285715,172.41379310344828,9999.0,93.45794392523365,1000.0,9999.0,9999.0,113.63636363636363,250.0,75.75757575757576,416.6666666666667,312.5,128.2051282051282,66.2251655629139,66.2251655629139,69.44444444444444,192.30769230769232,63.291139240506325,147.05882352941177,69.44444444444444,117.6470588235294,151.51515151515153,105.26315789473685,416.6666666666667,357.14285714285717,9999.0,370.3703703703703,100.0,9999.0,156.25,9999.0,9999.0,9999.0,1000.0
child_qualities_prosocial_diligence|WVS_A,175.43859649122805,181.81818181818184,1000.0,166.66666666666666,9999.0,9999.0,0.0,1000.0,151.51515151515153,88.49557522123894,169.49152542372883,84.03361344537815,1000.0,588.2352941176471,294.11764705882354,384.61538461538464,526.3157894736842,1000.0,9999.0,1000.0,44.24778761061947,277.77777777777777,9999.0,172.41379310344828,1000.0,9999.0,9999.0,153.84615384615384,303.03030303030306,93.45794392523365,172.41379310344828,384.61538461538464,140.8450704225352,86.95652173913044,112.35955056179776,144.92753623188406,416.6666666666667,92.59259259259258,192.30769230769232,136.986301369863,370.3703703703703,909.090909090909,256.4102564102564,370.3703703703703,256.4102564102564,9999.0,277.77777777777777,151.51515151515153,9999.0,243.90243902439022,9999.0,9999.0,9999.0,909.090909090909
civic_dishonesty_tolerance|WVS_F,58.47953216374269,128.2051282051282,44.24778761061947,62.11180124223603,84.03361344537815,90.09009009009009,1000.0,0.0,74.07407407407408,769.2307692307693,62.11180124223603,416.6666666666667,75.75757575757576,181.81818181818184,163.93442622950818,1000.0,588.2352941176471,1000.0,9999.0,384.61538461538464,84.03361344537815,21.691973969631235,188.67924528301887,322.5806451612903,140.8450704225352,9999.0,9999.0,9999.0,285.7142857142857,243.90243902439022,34.36426116838488,138.88888888888889,131.57894736842104,344.82758620689657,144.92753623188406,222.22222222222223,222.22222222222223,1000.0,9999.0,9999.0,9999.0,9999.0,200.0,188.67924528301887,9999.0,105.26315789473685,126.58227848101265,400.0,175.43859649122805,9999.0,129.87012987012986,217.3913043478261,9999.0,625.0
confidence_in_civil_society_organizations|WVS_E,126.58227848101265,9999.0,9999.0,42.73504273504273,476.1904761904762,60.975609756097555,151.51515151515153,74.07407407407408,0.0,9999.0,9999.0,64.1025641025641,9999.0,9999.0,9999.0,9999.0,250.0,69.93006993006993,9999.0,126.58227848101265,82.64462809917356,41.32231404958678,34.36426116838488,147.05882352941177,9999.0,9999.0,9999.0,144.92753623188406,86.95652173913044,133.33333333333334,9999.0,9999.0,555.5555555555555,63.291139240506325,61.7283950617284,9999.0,9999.0,84.74576271186442,128.2051282051282,59.1715976331361,64.1025641025641,96.15384615384616,93.45794392523365,9999.0,238.0952380952381,588.2352941176471,9999.0,54.054054054054056,44.84304932735426,217.3913043478261,74.07407407407408,33.222591362126245,9999.0,70.92198581560284
confidence_in_domestic_institutions|WVS_E,232.5581395348837,9999.0,9999.0,54.94505494505494,500.0,57.4712643678161,88.49557522123894,769.2307692307693,9999.0,0.0,9999.0,40.16064257028113,9999.0,9999.0,9999.0,9999.0,285.7142857142857,94.33962264150944,9999.0,138.88888888888889,27.77777777777778,25.906735751295336,43.47826086956522,86.95652173913044,9999.0,9999.0,9999.0,84.74576271186442,119.04761904761905,51.54639175257732,9999.0,9999.0,84.03361344537815,38.61003861003861,48.78048780487805,9999.0,9999.0,46.948356807511736,69.93006993006993,62.5,114.9425287356322,1000.0,84.74576271186442,9999.0,1000.0,101.010101010101,9999.0,50.0,48.543689320388346,147.05882352941177,53.763440860215056,25.706940874035993,9999.0,97.08737864077669
confidence_in_international_organizations|WVS_E,126.58227848101265,9999.0,9999.0,32.467532467532465,1000.0,66.2251655629139,169.49152542372883,62.11180124223603,9999.0,9999.0,0.0,78.74015748031496,9999.0,9999.0,9999.0,9999.0,37.59398496240602,52.91005291005291,9999.0,227.27272727272725,169.49152542372883,29.069767441860463,21.50537634408602,50.0,9999.0,9999.0,9999.0,57.4712643678161,57.14285714285714,25.706940874035993,9999.0,9999.0,68.02721088435375,625.0,344.82758620689657,9999.0,9999.0,52.631578947368425,104.16666666666667,70.92198581560284,31.446540880503143,51.02040816326531,370.3703703703703,9999.0,75.75757575757576,39.682539682539684,9999.0,33.898305084745765,49.75124378109453,151.51515151515153,87.71929824561403,158.73015873015873,9999.0,43.66812227074236
crime_victimization|WVS_H,9999.0,59.523809523809526,84.03361344537815,9999.0,303.03030303030306,56.81818181818181,84.03361344537815,416.6666666666667,64.1025641025641,40.16064257028113,78.74015748031496,0.0,73.52941176470588,172.41379310344828,33.898305084745765,121.95121951219511,9999.0,526.3157894736842,9999.0,9999.0,24.813895781637715,208.33333333333334,114.9425287356322,9999.0,18.76172607879925,9999.0,9999.0,1000.0,135.13513513513513,9999.0,15.290519877675841,12.953367875647668,34.24657534246575,31.055900621118013,34.72222222222222,13.717421124828531,400.0,9999.0,35.3356890459364,72.46376811594203,96.15384615384616,112.35955056179776,43.29004329004329,102.04081632653062,72.99270072992701,31.545741324921135,31.152647975077883,9999.0,78.74015748031496,212.7659574468085,28.98550724637681,16.207455429497568,9999.0,147.05882352941177
democratic_system_evaluation|WVS_E,188.67924528301887,9999.0,9999.0,666.6666666666666,144.92753623188406,416.6666666666667,1000.0,75.75757575757576,9999.0,9999.0,9999.0,73.52941176470588,0.0,9999.0,9999.0,9999.0,200.0,95.23809523809523,9999.0,78.74015748031496,111.11111111111111,22.93577981651376,97.08737864077669,136.986301369863,9999.0,9999.0,9999.0,769.2307692307693,84.03361344537815,56.17977528089888,9999.0,9999.0,112.35955056179776,67.56756756756756,126.58227848101265,9999.0,9999.0,67.11409395973155,86.20689655172414,588.2352941176471,204.08163265306123,101.010101010101,181.81818181818184,9999.0,166.66666666666666,68.4931506849315,9999.0,116.27906976744185,104.16666666666667,1000.0,54.054054054054056,30.395136778115504,9999.0,106.38297872340425
democratic_values_importance|WVS_E,109.89010989010988,9999.0,9999.0,285.7142857142857,250.0,769.2307692307693,588.2352941176471,181.81818181818184,9999.0,9999.0,9999.0,172.41379310344828,9999.0,0.0,9999.0,9999.0,100.0,169.49152542372883,9999.0,526.3157894736842,133.33333333333334,35.587188612099645,78.125,114.9425287356322,9999.0,9999.0,9999.0,140.8450704225352,151.51515151515153,73.52941176470588,9999.0,9999.0,294.11764705882354,625.0,769.2307692307693,9999.0,9999.0,123.4567901234568,357.14285714285717,769.2307692307693,166.66666666666666,1000.0,227.27272727272725,9999.0,126.58227848101265,140.8450704225352,9999.0,90.09009009009009,227.27272727272725,588.2352941176471,285.7142857142857,256.4102564102564,9999.0,126.58227848101265
economic_ideology|WVS_E,60.24096385542168,9999.0,9999.0,147.05882352941177,322.5806451612903,121.95121951219511,294.11764705882354,163.93442622950818,9999.0,9999.0,9999.0,33.898305084745765,9999.0,9999.0,0.0,9999.0,61.34969325153375,322.5806451612903,9999.0,72.46376811594203,112.35955056179776,263.1578947368421,1000.0,41.32231404958678,9999.0,9999.0,9999.0,192.30769230769232,1000.0,24.752475247524753,9999.0,9999.0,72.46376811594203,56.17977528089888,54.6448087431694,9999.0,9999.0,32.362459546925564,55.865921787709496,112.35955056179776,357.14285714285717,1000.0,58.47953216374269,9999.0,59.1715976331361,44.44444444444444,9999.0,357.14285714285717,88.49557522123894,1000.0,38.75968992248062,21.88183807439825,9999.0,909.090909090909
electoral_integrity|WVS_E,192.30769230769232,9999.0,9999.0,526.3157894736842,1000.0,222.22222222222223,384.61538461538464,1000.0,9999.0,9999.0,9999.0,121.95121951219511,9999.0,9999.0,9999.0,0.0,416.6666666666667,833.3333333333334,9999.0,1000.0,117.6470588235294,500.0,625.0,166.66666666666666,9999.0,9999.0,9999.0,1000.0,357.14285714285717,100.0,9999.0,9999.0,204.08163265306123,178.57142857142858,212.7659574468085,9999.0,9999.0,126.58227848101265,243.90243902439022,333.3333333333333,1000.0,1000.0,263.1578947368421,9999.0,1000.0,238.0952380952381,9999.0,1000.0,526.3157894736842,769.2307692307693,217.3913043478261,117.6470588235294,9999.0,588.2352941176471
existential_threat_worry|WVS_H,9999.0,256.4102564102564,151.51515151515153,9999.0,400.0,303.03030303030306,526.3157894736842,588.2352941176471,250.0,285.7142857142857,37.59398496240602,9999.0,200.0,100.0,61.34969325153375,416.6666666666667,0.0,109.89010989010988,9999.0,9999.0,333.3333333333333,38.167938931297705,37.45318352059925,9999.0,22.271714922048996,9999.0,9999.0,80.64516129032258,84.74576271186442,9999.0,35.08771929824561,19.76284584980237,68.4931506849315,158.73015873015873,161.29032258064515,28.248587570621467,104.16666666666667,9999.0,72.46376811594203,277.77777777777777,55.55555555555556,131.57894736842104,90.09009009009009,500.0,62.11180124223603,41.32231404958678,43.47826086956522,9999.0,200.0,277.77777777777777,57.80346820809249,38.91050583657587,9999.0,68.02721088435375
familial_duty_obligations|WVS_D,76.92307692307692,1000.0,153.84615384615384,69.93006993006993,153.84615384615384,1000.0,1000.0,1000.0,69.93006993006993,94.33962264150944,52.91005291005291,526.3157894736842,95.23809523809523,169.49152542372883,322.5806451612903,833.3333333333334,109.89010989010988,0.0,9999.0,95.23809523809523,9999.0,16.722408026755854,27.700831024930746,113.63636363636363,149.2537313432836,9999.0,9999.0,149.2537313432836,40.0,73.52941176470588,34.96503496503497,57.4712643678161,156.25,135.13513513513513,250.0,36.63003663003663,109.89010989010988,147.05882352941177,400.0,161.29032258064515,75.75757575757576,232.5581395348837,1000.0,58.47953216374269,625.0,243.90243902439022,135.13513513513513,50.0,55.24861878453038,1000.0,147.05882352941177,56.81818181818181,9999.0,44.24778761061947
female_income_threat_to_marriage|WVS_D,9999.0,9999.0,9999.0,9999.0,9999.0,9999.0,9999.0,9999.0,9999.0,9999.0,9999.0,9999.0,9999.0,9999.0,9999.0,9999.0,9999.0,9999.0,0.0,9999.0,9999.0,9999.0,9999.0,9999.0,9999.0,9999.0,9999.0,9999.0,9999.0,9999.0,9999.0,9999.0,9999.0,9999.0,9999.0,9999.0,9999.0,9999.0,9999.0,9999.0,9999.0,9999.0,9999.0,9999.0,9999.0,9999.0,9999.0,9999.0,9999.0,9999.0,9999.0,9999.0,9999.0,9999.0
freedom_security_tradeoff_perception|WVS_H,9999.0,263.1578947368421,95.23809523809523,9999.0,312.5,1000.0,1000.0,384.61538461538464,126.58227848101265,138.88888888888889,227.27272727272725,9999.0,78.74015748031496,526.3157894736842,72.46376811594203,1000.0,9999.0,95.23809523809523,9999.0,0.0,285.7142857142857,34.84320557491289,88.49557522123894,9999.0,33.557046979865774,9999.0,9999.0,285.7142857142857,81.96721311475409,9999.0,20.618556701030926,19.801980198019802,178.57142857142858,92.59259259259258,100.0,20.120724346076457,1000.0,9999.0,83.33333333333333,256.4102564102564,476.1904761904762,370.3703703703703,105.26315789473685,86.95652173913044,78.74015748031496,64.93506493506493,91.74311926605505,9999.0,87.71929824561403,588.2352941176471,52.91005291005291,30.674846625766875,9999.0,135.13513513513513
gender_role_traditionalism|WVS_D,88.49557522123894,44.44444444444444,98.0392156862745,117.6470588235294,769.2307692307693,35.714285714285715,44.24778761061947,84.03361344537815,82.64462809917356,27.77777777777778,169.49152542372883,24.813895781637715,111.11111111111111,133.33333333333334,112.35955056179776,117.6470588235294,333.3333333333333,9999.0,9999.0,285.7142857142857,0.0,62.11180124223603,217.3913043478261,45.662100456621005,161.29032258064515,9999.0,9999.0,49.75124378109453,73.52941176470588,23.752969121140143,35.3356890459364,90.90909090909092,32.57328990228013,24.875621890547265,37.45318352059925,66.2251655629139,322.5806451612903,25.839793281653748,48.07692307692308,51.282051282051285,344.82758620689657,68.02721088435375,99.00990099009901,133.33333333333334,66.2251655629139,67.11409395973155,49.26108374384237,54.34782608695652,90.90909090909092,80.64516129032258,46.948356807511736,26.455026455026456,9999.0,169.49152542372883
immigrant_origin_status|WVS_G,17.636684303350968,59.1715976331361,19.880715705765407,53.191489361702125,29.940119760479043,172.41379310344828,277.77777777777777,21.691973969631235,41.32231404958678,25.906735751295336,29.069767441860463,208.33333333333334,22.93577981651376,35.587188612099645,263.1578947368421,500.0,38.167938931297705,16.722408026755854,9999.0,34.84320557491289,62.11180124223603,0.0,10.570824524312895,34.129692832764505,78.125,9999.0,9999.0,38.02281368821293,9999.0,28.409090909090907,8.045052292839904,20.080321285140563,9999.0,9999.0,9999.0,16.778523489932887,49.75124378109453,98.0392156862745,74.6268656716418,102.04081632653062,52.631578947368425,45.87155963302752,322.5806451612903,18.214936247723134,135.13513513513513,1000.0,102.04081632653062,15.408320493066256,19.960079840319363,625.0,35.97122302158274,14.903129657228016,9999.0,15.290519877675841
importance_of_life_domains|WVS_A,45.662100456621005,1000.0,1000.0,29.673590504451038,9999.0,9999.0,9999.0,188.67924528301887,34.36426116838488,43.47826086956522,21.50537634408602,114.9425287356322,97.08737864077669,78.125,1000.0,625.0,37.45318352059925,27.700831024930746,9999.0,88.49557522123894,217.3913043478261,10.570824524312895,0.0,46.948356807511736,34.602076124567475,9999.0,9999.0,63.69426751592357,24.57002457002457,26.954177897574123,36.496350364963504,125.0,59.1715976331361,103.09278350515464,147.05882352941177,33.333333333333336,49.26108374384237,58.8235294117647,1000.0,63.69426751592357,30.487804878048777,67.56756756756756,1000.0,36.496350364963504,322.5806451612903,9999.0,48.543689320388346,24.57002457002457,9999.0,250.0,9999.0,9999.0,9999.0,23.980815347721823
institutional_threat_perception|WVS_H,9999.0,105.26315789473685,256.4102564102564,9999.0,172.41379310344828,93.45794392523365,172.41379310344828,322.5806451612903,147.05882352941177,86.95652173913044,50.0,9999.0,136.986301369863,114.9425287356322,41.32231404958678,166.66666666666666,9999.0,113.63636363636363,9999.0,9999.0,45.662100456621005,34.129692832764505,46.948356807511736,0.0,20.161290322580644,9999.0,9999.0,138.88888888888889,67.11409395973155,9999.0,26.17801047120419,17.452006980802793,41.666666666666664,49.26108374384237,50.76142131979696,19.569471624266146,158.73015873015873,9999.0,44.84304932735426,129.87012987012986,75.18796992481204,188.67924528301887,51.282051282051285,1000.0,67.56756756756756,34.96503496503497,35.842293906810035,9999.0,769.2307692307693,714.2857142857143,40.983606557377044,24.154589371980677,9999.0,65.78947368421052
international_organization_knowledge|WVS_E,40.16064257028113,9999.0,9999.0,78.125,769.2307692307693,1000.0,1000.0,140.8450704225352,9999.0,9999.0,9999.0,18.76172607879925,9999.0,9999.0,9999.0,9999.0,22.271714922048996,149.2537313432836,9999.0,33.557046979865774,161.29032258064515,78.125,34.602076124567475,20.161290322580644,0.0,9999.0,9999.0,54.054054054054056,111.11111111111111,10.989010989010989,9999.0,9999.0,28.57142857142857,38.167938931297705,42.5531914893617,9999.0,9999.0,17.482517482517483,28.169014084507044,625.0,32.25806451612903,64.93506493506493,35.3356890459364,9999.0,29.239766081871345,18.38235294117647,9999.0,46.728971962616825,256.4102564102564,232.5581395348837,20.491803278688522,13.422818791946309,9999.0,60.24096385542168
job_scarcity_gender_discrimination|WVS_C,9999.0,9999.0,9999.0,9999.0,9999.0,9999.0,9999.0,9999.0,9999.0,9999.0,9999.0,9999.0,9999.0,9999.0,9999.0,9999.0,9999.0,9999.0,9999.0,9999.0,9999.0,9999.0,9999.0,9999.0,9999.0,0.0,9999.0,9999.0,9999.0,9999.0,9999.0,9999.0,9999.0,9999.0,9999.0,9999.0,9999.0,9999.0,9999.0,9999.0,9999.0,9999.0,9999.0,9999.0,9999.0,9999.0,9999.0,9999.0,9999.0,9999.0,9999.0,9999.0,9999.0,9999.0
job_scarcity_nativist_preference|WVS_C,9999.0,9999.0,9999.0,9999.0,9999.0,9999.0,9999.0,9999.0,9999.0,9999.0,9999.0,9999.0,9999.0,9999.0,9999.0,9999.0,9999.0,9999.0,9999.0,9999.0,9999.0,9999.0,9999.0,9999.0,9999.0,9999.0,0.0,9999.0,9999.0,9999.0,9999.0,9999.0,9999.0,9999.0,9999.0,9999.0,9999.0,9999.0,9999.0,9999.0,9999.0,9999.0,9999.0,9999.0,9999.0,9999.0,9999.0,9999.0,9999.0,9999.0,9999.0,9999.0,9999.0,9999.0
life_autonomy_morality_permissiveness|WVS_F,178.57142857142858,270.27027027027026,714.2857142857143,101.010101010101,357.14285714285717,113.63636363636363,153.84615384615384,9999.0,144.92753623188406,84.74576271186442,57.4712643678161,1000.0,769.2307692307693,140.8450704225352,192.30769230769232,1000.0,80.64516129032258,149.2537313432836,9999.0,285.7142857142857,49.75124378109453,38.02281368821293,63.69426751592357,138.88888888888889,54.054054054054056,9999.0,9999.0,0.0,185.18518518518516,83.33333333333333,344.82758620689657,58.47953216374269,1000.0,133.33333333333334,270.27027027027026,117.6470588235294,153.84615384615384,344.82758620689657,9999.0,9999.0,9999.0,9999.0,384.61538461538464,178.57142857142858,9999.0,123.4567901234568,149.2537313432836,65.35947712418302,116.27906976744185,9999.0,714.2857142857143,555.5555555555555,9999.0,114.9425287356322
multilevel_place_attachment|WVS_G,46.948356807511736,833.3333333333334,138.88888888888889,72.46376811594203,108.69565217391305,250.0,303.03030303030306,285.7142857142857,86.95652173913044,119.04761904761905,57.14285714285714,135.13513513513513,84.03361344537815,151.51515151515153,1000.0,357.14285714285717,84.74576271186442,40.0,9999.0,81.96721311475409,73.52941176470588,9999.0,24.57002457002457,67.11409395973155,111.11111111111111,9999.0,9999.0,185.18518518518516,0.0,44.642857142857146,30.030030030030026,75.18796992481204,9999.0,9999.0,9999.0,39.52569169960474,98.0392156862745,94.33962264150944,1000.0,238.0952380952381,68.02721088435375,243.90243902439022,666.6666666666666,51.02040816326531,400.0,136.986301369863,102.04081632653062,44.84304932735426,53.191489361702125,909.090909090909,185.18518518518516,59.1715976331361,9999.0,34.72222222222222
neighborhood_disorder_and_crime|WVS_H,9999.0,50.0,63.291139240506325,9999.0,172.41379310344828,75.75757575757576,93.45794392523365,243.90243902439022,133.33333333333334,51.54639175257732,25.706940874035993,9999.0,56.17977528089888,73.52941176470588,24.752475247524753,100.0,9999.0,73.52941176470588,9999.0,9999.0,23.752969121140143,28.409090909090907,26.954177897574123,9999.0,10.989010989010989,9999.0,9999.0,83.33333333333333,44.642857142857146,0.0,11.79245283018868,8.474576271186441,23.696682464454977,26.455026455026456,31.446540880503143,10.845986984815617,77.51937984496124,9999.0,25.641025641025642,99.00990099009901,34.24657534246575,58.8235294117647,32.67973856209151,357.14285714285717,42.37288135593221,19.801980198019802,20.080321285140563,9999.0,227.27272727272725,769.2307692307693,19.68503937007874,13.227513227513228,9999.0,40.0
offline_political_participation|WVS_E,666.6666666666666,9999.0,9999.0,303.03030303030306,60.975609756097555,416.6666666666667,172.41379310344828,34.36426116838488,9999.0,9999.0,9999.0,15.290519877675841,9999.0,9999.0,9999.0,9999.0,35.08771929824561,34.96503496503497,9999.0,20.618556701030926,35.3356890459364,8.045052292839904,36.496350364963504,26.17801047120419,9999.0,9999.0,9999.0,344.82758620689657,30.030030030030026,11.79245283018868,0.0,9999.0,31.746031746031747,18.484288354898336,27.855153203342617,9999.0,9999.0,14.947683109118087,20.5761316872428,78.74015748031496,57.80346820809249,35.2112676056338,31.347962382445143,9999.0,30.674846625766875,17.761989342806395,9999.0,48.309178743961354,26.455026455026456,714.2857142857143,13.49527665317139,7.968127490039841,9999.0,46.08294930875576
online_political_participation|WVS_E,38.61003861003861,9999.0,9999.0,156.25,270.27027027027026,312.5,384.61538461538464,138.88888888888889,9999.0,9999.0,9999.0,12.953367875647668,9999.0,9999.0,9999.0,9999.0,19.76284584980237,57.4712643678161,9999.0,19.801980198019802,90.90909090909092,20.080321285140563,125.0,17.452006980802793,9999.0,9999.0,9999.0,58.47953216374269,75.18796992481204,8.474576271186441,9999.0,0.0,26.17801047120419,21.367521367521366,23.64066193853428,9999.0,9999.0,11.947431302270012,18.90359168241966,68.9655172413793,46.948356807511736,50.5050505050505,24.213075060532685,9999.0,20.5761316872428,13.513513513513514,9999.0,500.0,32.05128205128205,222.22222222222223,12.578616352201257,7.320644216691069,9999.0,384.61538461538464
outgroup_trust|WVS_G,69.93006993006993,85.47008547008546,101.010101010101,178.57142857142858,1000.0,128.2051282051282,140.8450704225352,131.57894736842104,555.5555555555555,84.03361344537815,68.02721088435375,34.24657534246575,112.35955056179776,294.11764705882354,72.46376811594203,204.08163265306123,68.4931506849315,156.25,9999.0,178.57142857142858,32.57328990228013,9999.0,59.1715976331361,41.666666666666664,28.57142857142857,9999.0,9999.0,1000.0,9999.0,23.696682464454977,31.746031746031747,26.17801047120419,0.0,9999.0,9999.0,30.487804878048777,217.3913043478261,32.25806451612903,60.975609756097555,217.3913043478261,74.07407407407408,86.95652173913044,90.90909090909092,625.0,212.7659574468085,45.04504504504504,45.45454545454546,294.11764705882354,1000.0,454.5454545454545,50.25125628140703,31.25,9999.0,92.59259259259258
perceived_negative_effects_of_immigration|WVS_G,105.26315789473685,73.52941176470588,80.64516129032258,112.35955056179776,312.5,66.2251655629139,86.95652173913044,344.82758620689657,63.291139240506325,38.61003861003861,625.0,31.055900621118013,67.56756756756756,625.0,56.17977528089888,178.57142857142858,158.73015873015873,135.13513513513513,9999.0,92.59259259259258,24.875621890547265,9999.0,103.09278350515464,49.26108374384237,38.167938931297705,9999.0,9999.0,133.33333333333334,9999.0,26.455026455026456,18.484288354898336,21.367521367521366,9999.0,0.0,9999.0,19.646365422396855,344.82758620689657,30.487804878048777,50.76142131979696,74.07407407407408,1000.0,126.58227848101265,71.94244604316548,69.44444444444444,322.5806451612903,53.475935828877,54.054054054054056,80.64516129032258,55.24861878453038,188.67924528301887,39.0625,20.876826722338205,9999.0,263.1578947368421
perceived_positive_effects_of_immigration|WVS_G,71.42857142857143,111.11111111111111,263.1578947368421,71.42857142857143,434.7826086956522,66.2251655629139,112.35955056179776,144.92753623188406,61.7283950617284,48.78048780487805,344.82758620689657,34.72222222222222,126.58227848101265,769.2307692307693,54.6448087431694,212.7659574468085,161.29032258064515,250.0,9999.0,100.0,37.45318352059925,9999.0,147.05882352941177,50.76142131979696,42.5531914893617,9999.0,9999.0,270.27027027027026,9999.0,31.446540880503143,27.855153203342617,23.64066193853428,9999.0,9999.0,0.0,21.50537634408602,322.5806451612903,35.08771929824561,61.7283950617284,72.99270072992701,588.2352941176471,1000.0,65.35947712418302,106.38297872340425,158.73015873015873,69.44444444444444,65.78947368421052,105.26315789473685,64.1025641025641,204.08163265306123,46.728971962616825,25.510204081632654,9999.0,625.0
political_information_sources|WVS_E,38.61003861003861,9999.0,9999.0,51.54639175257732,263.1578947368421,69.44444444444444,144.92753623188406,222.22222222222223,9999.0,9999.0,9999.0,13.717421124828531,9999.0,9999.0,9999.0,9999.0,28.248587570621467,36.63003663003663,9999.0,20.120724346076457,66.2251655629139,16.778523489932887,33.333333333333336,19.569471624266146,9999.0,9999.0,9999.0,117.6470588235294,39.52569169960474,10.845986984815617,9999.0,9999.0,30.487804878048777,19.646365422396855,21.50537634408602,0.0,9999.0,13.986013986013987,20.833333333333332,40.0,416.6666666666667,277.77777777777777,23.20185614849188,9999.0,22.831050228310502,16.89189189189189,9999.0,90.09009009009009,23.696682464454977,1000.0,13.869625520110958,7.861635220125786,9999.0,54.6448087431694
postmaterialist_values|WVS_E,227.27272727272725,9999.0,9999.0,88.49557522123894,909.090909090909,192.30769230769232,416.6666666666667,222.22222222222223,9999.0,9999.0,9999.0,400.0,9999.0,9999.0,9999.0,9999.0,104.16666666666667,109.89010989010988,9999.0,1000.0,322.5806451612903,49.75124378109453,49.26108374384237,158.73015873015873,9999.0,9999.0,9999.0,153.84615384615384,98.0392156862745,77.51937984496124,9999.0,9999.0,217.3913043478261,344.82758620689657,322.5806451612903,9999.0,0.0,185.18518518518516,555.5555555555555,175.43859649122805,89.28571428571429,172.41379310344828,1000.0,9999.0,312.5,140.8450704225352,9999.0,82.64462809917356,94.33962264150944,416.6666666666667,1000.0,357.14285714285717,9999.0,90.09009009009009
precautionary_security_behaviors|WVS_H,9999.0,59.880239520958085,80.0,9999.0,322.5806451612903,63.291139240506325,92.59259259259258,1000.0,84.74576271186442,46.948356807511736,52.631578947368425,9999.0,67.11409395973155,123.4567901234568,32.362459546925564,126.58227848101265,9999.0,147.05882352941177,9999.0,9999.0,25.839793281653748,98.0392156862745,58.8235294117647,9999.0,17.482517482517483,9999.0,9999.0,344.82758620689657,94.33962264150944,9999.0,14.947683109118087,11.947431302270012,32.25806451612903,30.487804878048777,35.08771929824561,13.986013986013987,185.18518518518516,0.0,34.48275862068965,85.47008547008546,67.11409395973155,98.0392156862745,42.918454935622314,129.87012987012986,68.4931506849315,27.932960893854748,27.700831024930746,9999.0,112.35955056179776,357.14285714285717,25.25252525252525,17.482517482517483,9999.0,78.125
religion_versus_secularism_orientation|WVS_F,105.26315789473685,105.26315789473685,84.74576271186442,666.6666666666666,909.090909090909,147.05882352941177,192.30769230769232,9999.0,128.2051282051282,69.93006993006993,104.16666666666667,35.3356890459364,86.20689655172414,357.14285714285717,55.865921787709496,243.90243902439022,72.46376811594203,400.0,9999.0,83.33333333333333,48.07692307692308,74.6268656716418,1000.0,44.84304932735426,28.169014084507044,9999.0,9999.0,9999.0,1000.0,25.641025641025642,20.5761316872428,18.90359168241966,60.975609756097555,50.76142131979696,61.7283950617284,20.833333333333332,555.5555555555555,34.48275862068965,0.0,9999.0,9999.0,9999.0,72.99270072992701,121.95121951219511,9999.0,45.87155963302752,49.504950495049506,1000.0,116.27906976744185,9999.0,43.66812227074236,23.86634844868735,9999.0,454.5454545454545
religious_belief|WVS_F,120.48192771084337,243.90243902439022,303.03030303030306,61.7283950617284,416.6666666666667,69.44444444444444,136.986301369863,9999.0,59.1715976331361,62.5,70.92198581560284,72.46376811594203,588.2352941176471,769.2307692307693,112.35955056179776,333.3333333333333,277.77777777777777,161.29032258064515,9999.0,256.4102564102564,51.282051282051285,102.04081632653062,63.69426751592357,129.87012987012986,625.0,9999.0,9999.0,9999.0,238.0952380952381,99.00990099009901,78.74015748031496,68.9655172413793,217.3913043478261,74.07407407407408,72.99270072992701,40.0,175.43859649122805,85.47008547008546,9999.0,0.0,9999.0,9999.0,125.0,140.8450704225352,9999.0,666.6666666666666,714.2857142857143,84.74576271186442,68.9655172413793,9999.0,112.35955056179776,49.26108374384237,9999.0,163.93442622950818
religious_exclusivism|WVS_F,208.33333333333334,217.3913043478261,89.28571428571429,45.87155963302752,909.090909090909,117.6470588235294,370.3703703703703,9999.0,64.1025641025641,114.9425287356322,31.446540880503143,96.15384615384616,204.08163265306123,166.66666666666666,357.14285714285717,1000.0,55.55555555555556,75.75757575757576,9999.0,476.1904761904762,344.82758620689657,52.631578947368425,30.487804878048777,75.18796992481204,32.25806451612903,9999.0,9999.0,9999.0,68.02721088435375,34.24657534246575,57.80346820809249,46.948356807511736,74.07407407407408,1000.0,588.2352941176471,416.6666666666667,89.28571428571429,67.11409395973155,9999.0,9999.0,0.0,9999.0,454.5454545454545,144.92753623188406,9999.0,53.191489361702125,53.763440860215056,52.91005291005291,67.11409395973155,9999.0,112.35955056179776,133.33333333333334,9999.0,59.880239520958085
religious_practice_and_self_identification|WVS_F,163.93442622950818,120.48192771084337,57.80346820809249,62.11180124223603,136.986301369863,151.51515151515153,909.090909090909,9999.0,96.15384615384616,1000.0,51.02040816326531,112.35955056179776,101.010101010101,1000.0,1000.0,1000.0,131.57894736842104,232.5581395348837,9999.0,370.3703703703703,68.02721088435375,45.87155963302752,67.56756756756756,188.67924528301887,64.93506493506493,9999.0,9999.0,9999.0,243.90243902439022,58.8235294117647,35.2112676056338,50.5050505050505,86.95652173913044,126.58227848101265,1000.0,277.77777777777777,172.41379310344828,98.0392156862745,9999.0,9999.0,9999.0,0.0,1000.0,526.3157894736842,9999.0,71.42857142857143,76.92307692307692,294.11764705882354,156.25,9999.0,109.89010989010988,92.59259259259258,9999.0,163.93442622950818
science_skepticism|WVS_I,72.46376811594203,178.57142857142858,357.14285714285717,158.73015873015873,344.82758620689657,105.26315789473685,256.4102564102564,200.0,93.45794392523365,84.74576271186442,370.3703703703703,43.29004329004329,181.81818181818184,227.27272727272725,58.47953216374269,263.1578947368421,90.09009009009009,1000.0,9999.0,105.26315789473685,99.00990099009901,322.5806451612903,1000.0,51.282051282051285,35.3356890459364,9999.0,9999.0,384.61538461538464,666.6666666666666,32.67973856209151,31.347962382445143,24.213075060532685,90.90909090909092,71.94244604316548,65.35947712418302,23.20185614849188,1000.0,42.918454935622314,72.99270072992701,125.0,454.5454545454545,1000.0,0.0,208.33333333333334,96.15384615384616,63.69426751592357,70.92198581560284,1000.0,108.69565217391305,588.2352941176471,56.17977528089888,31.545741324921135,9999.0,384.61538461538464
science_technology_optimism|WVS_E,128.2051282051282,9999.0,9999.0,94.33962264150944,153.84615384615384,416.6666666666667,370.3703703703703,188.67924528301887,9999.0,9999.0,9999.0,102.04081632653062,9999.0,9999.0,9999.0,9999.0,500.0,58.47953216374269,9999.0,86.95652173913044,133.33333333333334,18.214936247723134,36.496350364963504,1000.0,9999.0,9999.0,9999.0,178.57142857142858,51.02040816326531,357.14285714285717,9999.0,9999.0,625.0,69.44444444444444,106.38297872340425,9999.0,9999.0,129.87012987012986,121.95121951219511,140.8450704225352,144.92753623188406,526.3157894736842,208.33333333333334,0.0,384.61538461538464,181.81818181818184,9999.0,58.47953216374269,55.865921787709496,666.6666666666666,72.99270072992701,35.842293906810035,9999.0,56.497175141242934
sexual_and_reproductive_morality_permissiveness|WVS_F,103.09278350515464,1000.0,434.7826086956522,1000.0,384.61538461538464,357.14285714285717,256.4102564102564,9999.0,238.0952380952381,1000.0,75.75757575757576,72.99270072992701,166.66666666666666,126.58227848101265,59.1715976331361,1000.0,62.11180124223603,625.0,9999.0,78.74015748031496,66.2251655629139,135.13513513513513,322.5806451612903,67.56756756756756,29.239766081871345,9999.0,9999.0,9999.0,400.0,42.37288135593221,30.674846625766875,20.5761316872428,212.7659574468085,322.5806451612903,158.73015873015873,22.831050228310502,312.5,68.4931506849315,9999.0,9999.0,9999.0,9999.0,96.15384615384616,384.61538461538464,0.0,65.78947368421052,83.33333333333333,101.010101010101,270.27027027027026,9999.0,67.56756756756756,42.37288135593221,9999.0,714.2857142857143
social_intolerance_outgroups|WVS_A,75.75757575757576,92.59259259259258,61.7283950617284,125.0,9999.0,9999.0,9999.0,105.26315789473685,588.2352941176471,101.010101010101,39.682539682539684,31.545741324921135,68.4931506849315,140.8450704225352,44.44444444444444,238.0952380952381,41.32231404958678,243.90243902439022,9999.0,64.93506493506493,67.11409395973155,1000.0,9999.0,34.96503496503497,18.38235294117647,9999.0,9999.0,123.4567901234568,136.986301369863,19.801980198019802,17.761989342806395,13.513513513513514,45.04504504504504,53.475935828877,69.44444444444444,16.89189189189189,140.8450704225352,27.932960893854748,45.87155963302752,666.6666666666666,53.191489361702125,71.42857142857143,63.69426751592357,181.81818181818184,65.78947368421052,0.0,34.72222222222222,114.9425287356322,9999.0,833.3333333333334,9999.0,9999.0,9999.0,102.04081632653062
societal_change_attitudes|WVS_E,69.44444444444444,9999.0,9999.0,114.9425287356322,1000.0,370.3703703703703,277.77777777777777,126.58227848101265,9999.0,9999.0,9999.0,31.152647975077883,9999.0,9999.0,9999.0,9999.0,43.47826086956522,135.13513513513513,9999.0,91.74311926605505,49.26108374384237,102.04081632653062,48.543689320388346,35.842293906810035,9999.0,9999.0,9999.0,149.2537313432836,102.04081632653062,20.080321285140563,9999.0,9999.0,45.45454545454546,54.054054054054056,65.78947368421052,9999.0,9999.0,27.700831024930746,49.504950495049506,714.2857142857143,53.763440860215056,76.92307692307692,70.92198581560284,9999.0,83.33333333333333,34.72222222222222,0.0,84.03361344537815,1000.0,1000.0,38.61003861003861,26.595744680851062,9999.0,81.30081300813008
socioeconomic_insecurity_worry|WVS_H,9999.0,238.0952380952381,270.27027027027026,9999.0,149.2537313432836,100.0,151.51515151515153,400.0,54.054054054054056,50.0,33.898305084745765,9999.0,116.27906976744185,90.09009009009009,357.14285714285717,1000.0,9999.0,50.0,9999.0,9999.0,54.34782608695652,15.408320493066256,24.57002457002457,9999.0,46.728971962616825,9999.0,9999.0,65.35947712418302,44.84304932735426,9999.0,48.309178743961354,500.0,294.11764705882354,80.64516129032258,105.26315789473685,90.09009009009009,82.64462809917356,9999.0,1000.0,84.74576271186442,52.91005291005291,294.11764705882354,1000.0,58.47953216374269,101.010101010101,114.9425287356322,84.03361344537815,0.0,45.45454545454546,192.30769230769232,192.30769230769232,64.51612903225806,9999.0,39.682539682539684
