construct,acceptance_of_state_surveillance|WVS_H,authoritarian_governance_tolerance|WVS_E,autocracy_support|WVS_E,basic_needs_deprivation|WVS_H,child_qualities_autonomy_self_expression|WVS_A,child_qualities_conformity_tradition|WVS_A,child_qualities_prosocial_diligence|WVS_A,civic_dishonesty_tolerance|WVS_F,confidence_in_civil_society_organizations|WVS_E,confidence_in_domestic_institutions|WVS_E,confidence_in_international_organizations|WVS_E,crime_victimization|WVS_H,democratic_system_evaluation|WVS_E,democratic_values_importance|WVS_E,economic_ideology|WVS_E,electoral_integrity|WVS_E,existential_threat_worry|WVS_H,familial_duty_obligations|WVS_D,female_income_threat_to_marriage|WVS_D,freedom_security_tradeoff_perception|WVS_H,gender_role_traditionalism|WVS_D,immigrant_origin_status|WVS_G,importance_of_life_domains|WVS_A,institutional_threat_perception|WVS_H,international_organization_knowledge|WVS_E,job_scarcity_gender_discrimination|WVS_C,job_scarcity_nativist_preference|WVS_C,life_autonomy_morality_permissiveness|WVS_F,multilevel_place_attachment|WVS_G,neighborhood_disorder_and_crime|WVS_H,offline_political_participation|WVS_E,online_political_participation|WVS_E,outgroup_trust|WVS_G,perceived_negative_effects_of_immigration|WVS_G,perceived_positive_effects_of_immigration|WVS_G,political_information_sources|WVS_E,postmaterialist_values|WVS_E,precautionary_security_behaviors|WVS_H,religion_versus_secularism_orientation|WVS_F,religious_belief|WVS_F,religious_exclusivism|WVS_F,religious_practice_and_self_identification|WVS_F,science_skepticism|WVS_I,science_technology_optimism|WVS_E,sexual_and_reproductive_morality_permissiveness|WVS_F,social_intolerance_outgroups|WVS_A,societal_change_attitudes|WVS_E,socioeconomic_insecurity_worry|WVS_H,subjective_wellbeing|WVS_A,violence_tolerance|WVS_F,voluntary_association_active_membership|WVS_A,voluntary_association_belonging|WVS_A,voting_participation|WVS_E,work_ethic|WVS_C
acceptance_of_state_surveillance|WVS_H,0.0,76.80828193648708,37.51740000911637,57.8810993321149,47.57680406383001,74.07407407407408,103.2426280262249,39.3286582729822,58.95899835293775,43.543420054646305,46.70645174521143,40.972256473866715,40.57246411986473,53.22387291545061,54.42165203497723,137.47418942637955,55.80462323464867,34.35909233010682,9999.0,46.3002932972218,58.99484041560544,17.636684303350968,28.207508827663865,51.76637713611547,40.16064257028113,9999.0,9999.0,55.659497991563896,46.948356807511736,37.47418942637955,25.681736596190873,37.71700558849153,57.42776834222262,44.16602495108921,53.53688979953349,34.415207793283855,67.38792808444549,40.62941970530896,46.25786828343367,74.41520779328386,58.69531370571264,60.893004201824674,57.02969897863602,35.851620551074106,56.35658322195775,43.44372593899727,57.554510711520116,33.045004796417224,37.59676414367033,139.640001705928,39.17701324936226,32.53981396057898,9999.0,32.92720418102681
authoritarian_governance_tolerance|WVS_E,76.80828193648708,0.0,79.05231333890151,99.41601266190004,89.11171739361515,80.15873015873015,88.69223205506391,80.86357160276734,81.5317701060876,72.22222222222223,75.706940874036,59.523809523809526,78.70431552207685,94.75878624523574,70.1910168183596,150.0,75.3926688104548,75.89400565989196,9999.0,75.43180315867222,44.44444444444444,59.1715976331361,69.742422157449,72.46376811594203,60.98901098901099,9999.0,9999.0,94.19568822553897,86.30733626403122,50.0,56.277306234001195,55.629822960652426,73.69668246445498,69.18600546629956,73.819382825594,56.17081396408714,108.92284141423063,59.880239520958085,72.1755271926487,95.72649572649573,84.24657534246575,91.488573839635,79.37267011257902,77.38653388085923,76.20595464789523,69.14333647416593,70.08032128514057,74.57991812620236,79.13167747345547,125.08960573476702,68.20843931285368,48.309178743961354,9999.0,74.46211751081194
autocracy_support|WVS_E,37.51740000911637,79.05231333890151,0.0,60.125130734529336,49.820835466244446,96.9531575323056,105.48665942863934,41.572689675396646,61.20302975535219,45.78745145706074,48.950483147625874,43.21628787628115,42.81649552227917,55.46790431786505,56.66568343739168,139.718220828794,58.04865463706311,36.60312373252126,9999.0,48.544324699636235,61.23887181801988,19.880715705765407,30.4515402300783,54.010408538529916,48.20666415493973,9999.0,9999.0,57.90352939397833,55.02156480010287,39.71822082879399,27.92576799860531,39.96103699090597,59.671799744637056,46.41005635350365,55.780921201947926,36.65923919569829,69.63195948685994,42.8734511077234,48.50189968584811,76.65923919569829,60.93934510812708,57.80346820809249,59.273730381050456,38.09565195348854,58.600614624372184,45.687757341411704,59.79854211393455,35.28903619883167,39.84079554608477,141.88403310834246,41.4210446517767,34.783845362993425,9999.0,35.171235583441245
basic_needs_deprivation|WVS_H,57.8810993321149,99.41601266190004,60.125130734529336,0.0,70.18453478924297,64.51612903225806,124.62852513378476,61.936388998395174,42.73504273504273,54.94505494505494,32.467532467532465,63.57998719927968,63.1801948452777,75.83160364086358,77.02938276039019,156.62776840202517,67.12677402505028,56.96682305551978,9999.0,68.90802402263476,80.38073752316531,40.24441502876393,29.673590504451038,71.11586337684346,64.27566662901852,9999.0,9999.0,78.26722871697686,54.24361507447561,56.62776840202516,48.28946732160384,60.324736313904495,80.03549906763558,66.77375567650218,71.42857142857143,51.54639175257732,78.9346742482934,63.237150430721925,68.86559900884663,61.7283950617284,45.87155963302752,62.11180124223603,74.7482479010692,58.45935127648707,74.37744198088782,66.05145666441024,76.70808968716572,54.24361507447561,48.07692307692308,161.02589881348788,61.784743974775225,55.147544685991946,9999.0,53.65440585217286
child_qualities_autonomy_self_expression|WVS_A,47.57680406383001,89.11171739361515,49.820835466244446,70.18453478924297,0.0,107.01256158701923,115.54606348335298,51.63209373011028,71.26243381006583,55.84685551177438,59.009887202339506,53.27569193099479,52.87589957699281,65.52730837257869,66.7250874921053,149.77762488350763,68.10805869177675,46.66252778723489,9999.0,58.60372875434987,71.29827587273351,29.940119760479043,40.51094428479194,64.06981259324354,58.26606820965337,9999.0,9999.0,67.96293344869197,65.08096885481652,49.77762488350763,37.98517205331895,50.020441045619606,69.7312037993507,56.46946040821729,65.84032525666157,46.71864325041193,79.69136354157357,52.932855162437036,58.56130374056175,86.71864325041193,70.99874916284071,73.19643965895276,69.3331344357641,48.15505600820218,68.66001867908582,55.74716139612534,69.8579461686482,45.3484402535453,49.9001996007984,151.9434371630561,51.480448706490336,44.84324941770706,9999.0,45.230639638154884
child_qualities_conformity_tradition|WVS_A,74.07407407407408,80.15873015873015,96.9531575323056,64.51612903225806,107.01256158701923,0.0,79.96207332490519,90.09009009009009,60.975609756097555,57.4712643678161,66.2251655629139,56.81818181818181,92.56444894742768,112.65963043863982,84.05115024371042,153.3613445378151,87.70467695641467,93.79484985329604,9999.0,87.7438113046321,35.714285714285715,77.07244182654019,86.42143273299999,81.37638617090673,70.45626582443685,9999.0,9999.0,85.46552949538025,100.16746968938205,59.46725483542586,70.13743965935201,67.9418311066123,68.28757561656585,60.58990760483298,66.2251655629139,69.44444444444444,126.82368560763473,61.55407899593946,83.79120879120879,69.44444444444444,93.71383017789162,103.74149659863946,92.14699339751738,95.28737807426333,88.5179627938551,79.26923503344567,79.54757612056642,90.06211180124224,93.14112690889942,116.35944700460828,79.1522942055046,62.16931216931217,9999.0,92.36296170421602
child_qualities_prosocial_diligence|WVS_A,103.2426280262249,88.69223205506391,105.48665942863934,124.62852513378476,115.54606348335298,79.96207332490519,0.0,107.29791769250517,103.92540542777218,72.02556538839724,93.7076976057956,69.06168339225718,101.09795084376142,121.19313233497358,92.58465214004417,161.89484643414886,96.23817885274842,102.3283517496298,9999.0,96.27731320096585,44.24778761061947,85.60594372287395,94.95493462933374,89.90988806724047,78.9897677207706,9999.0,9999.0,93.999031391714,108.70097158571579,68.00075673175961,78.67094155568577,76.47533300294604,76.82107751289959,69.12340950116673,81.70097113121872,78.56444928577172,135.35718750396848,70.08758089227322,92.32471068754255,95.52983889267075,102.24733207422537,112.27499849497322,100.68049529385112,103.82087997059708,97.05146469018885,87.80273692977941,88.08107801690016,98.595613697576,102.2611317502267,124.89294890094205,87.68579610183835,70.70281406564592,9999.0,100.89646360054978
civic_dishonesty_tolerance|WVS_F,39.3286582729822,80.86357160276734,41.572689675396646,61.936388998395174,51.63209373011028,90.09009009009009,107.29791769250517,0.0,63.014288019218014,47.59870972092657,50.7617414114917,45.02754614014698,44.62775378614499,57.27916258173088,58.4769417012575,141.5294790926598,59.85991290092894,38.41438199638709,9999.0,50.355582963502066,63.050130081885705,21.691973969631235,32.26279849394413,55.82166680239574,50.017922418805554,9999.0,9999.0,59.71478765784416,56.8328230639687,41.52947909265982,29.73702626247114,41.7722952547718,61.48305800850289,48.22131461736947,57.59217946581376,38.47049745956412,71.44321775072576,44.68470937158923,50.31315794971394,78.47049745956411,62.75060337199291,64.94829386810494,61.08498864491628,39.906910217354365,60.411872888238015,47.499015605277535,61.60980037780038,37.10029446269749,41.6520538099506,143.6952913722083,43.23230291564253,36.59510362685925,9999.0,36.982493847307076
confidence_in_civil_society_organizations|WVS_E,58.95899835293775,81.5317701060876,61.20302975535219,42.73504273504273,71.26243381006583,60.975609756097555,103.92540542777218,63.014288019218014,0.0,58.92953223616224,55.8696375124709,49.43004679162381,63.61772814024175,76.90950266168642,55.1044294365245,146.45010458963947,60.306081428619684,58.04472207634264,9999.0,60.345215776837115,59.6776178171527,41.32231404958678,34.36426116838488,57.37718073410692,46.64541015407255,9999.0,9999.0,79.34512773779971,58.93428573840945,46.45010458963947,41.190718852166086,40.54323557881732,64.47259136212625,54.099418084464446,58.7327954437589,41.08422658225203,83.62534491222725,50.70510884464373,57.0889398108136,59.1715976331361,64.1025641025641,76.4019864577999,64.28608273074391,59.53725029730991,61.11936726606011,54.05674909233083,59.81833604297731,54.054054054054056,44.84304932735426,140.32277910747527,53.12185193101857,33.222591362126245,9999.0,56.61283392726262
confidence_in_domestic_institutions|WVS_E,43.543420054646305,72.22222222222223,45.78745145706074,54.94505494505494,55.84685551177438,57.4712643678161,72.02556538839724,47.59870972092657,58.92953223616224,0.0,54.9765031931558,40.16064257028113,48.8425155678091,61.49392436339498,47.58877894843424,138.93445410154922,52.79043094052943,42.62914377805119,9999.0,52.82956528874686,27.77777777777778,25.906735751295336,36.477560275608234,49.86153024601667,39.129759665982306,9999.0,9999.0,63.929549439508264,61.047584845632805,38.93445410154922,33.675068364075834,33.027585090727065,56.95694087403599,38.61003861003861,48.78048780487805,33.56857609416178,75.65797953238987,43.18945835655347,49.57328932272334,62.5,66.96536515365702,68.88633596970963,56.77043224265366,44.121671999018474,53.603716777969865,46.541098604240574,52.302685554887056,41.31505624436159,45.866815591614696,108.42293906810036,45.606201442928324,25.706940874035993,9999.0,41.19725562897118
confidence_in_international_organizations|WVS_E,46.70645174521143,75.706940874036,48.950483147625874,32.467532467532465,59.009887202339506,66.2251655629139,93.7076976057956,50.7617414114917,55.8696375124709,54.9765031931558,0.0,47.1348850208701,52.00554725837422,64.6569560539601,50.45941612156075,125.706940874036,37.59398496240602,45.79217546861632,9999.0,53.983497343242234,49.45990999517613,29.069767441860463,21.50537634408602,50.0,36.695951863046986,9999.0,9999.0,57.4712643678161,46.07540091411059,25.706940874035993,37.11481973470037,34.181517145222436,49.40362333849097,52.16196732906245,57.153481754539136,36.55292785885161,70.7664600879284,46.12894844749245,51.347966515061636,70.92198581560284,31.446540880503143,51.02040816326531,58.3866794361275,47.284703689583594,54.757648832465236,39.682539682539684,45.78726215917656,33.898305084745765,49.02984728217983,130.1050712854987,45.391980244114734,38.93445410154922,9999.0,43.66812227074236
crime_victimization|WVS_H,40.972256473866715,59.523809523809526,43.21628787628115,63.57998719927968,53.27569193099479,56.81818181818181,69.06168339225718,45.02754614014698,49.43004679162381,40.16064257028113,47.1348850208701,0.0,46.271351987029504,58.92276078261539,33.898305084745765,121.42794414683411,32.71621372545004,40.0579801972716,9999.0,32.75534807366747,24.813895781637715,23.335572170515746,33.90639669482864,30.40537485645046,18.76172607879925,9999.0,9999.0,61.358385858728674,45.32054990770587,21.427944146834108,15.290519877675841,12.953367875647668,34.24657534246575,31.055900621118013,34.72222222222222,13.717421124828531,73.08681595161028,24.90079917791768,31.856959558067327,53.71742112482853,51.01979059492828,50.50178748330964,36.91927727332041,41.55050841823888,33.529499562890464,26.46688138916118,31.152647975077883,38.743892663582,37.414103589283506,105.45905707196029,25.531984227848923,16.207455429497568,9999.0,38.62609204819159
democratic_system_evaluation|WVS_E,40.57246411986473,78.70431552207685,42.81649552227917,63.1801948452777,52.87589957699281,92.56444894742768,101.09795084376142,44.62775378614499,63.61772814024175,48.8425155678091,52.00554725837422,46.271351987029504,0.0,58.52296842861341,52.27697485251375,142.77328493954235,57.47862684460894,39.658187843269616,9999.0,51.59938881038459,56.850163233141956,22.93577981651376,33.506604340826655,54.54972615009618,43.81795557006181,9999.0,9999.0,60.95859350472669,58.07662891085123,42.77328493954234,30.980832109353663,37.71578099480657,61.6451367781155,49.465120464251996,55.90534085974816,38.25677199824129,72.68702359760829,45.92851521847175,51.55696379659646,78.25677199824129,63.99440921887543,66.19209971498746,61.458628146733176,41.150716064236896,58.29191268204937,48.74282145216006,56.99088145896657,38.344100309580014,42.895859656833125,137.49532452346455,44.47610876252505,30.395136778115504,9999.0,38.226299694189606
democratic_values_importance|WVS_E,53.22387291545061,94.75878624523574,55.46790431786505,75.83160364086358,65.52730837257869,112.65963043863982,121.19313233497358,57.27916258173088,76.90950266168642,61.49392436339498,64.6569560539601,58.92276078261539,58.52296842861341,0.0,72.3721563437259,155.42469373512824,73.75512754339735,52.309596638855496,9999.0,64.25079760597048,76.94534472435411,35.587188612099645,46.15801313641254,69.71688144486416,63.91313706127397,9999.0,9999.0,73.61000230031257,70.7280377064371,55.42469373512823,43.63224090493955,55.66750989724021,75.3782726509713,62.11652925983789,71.48739410828216,52.36571210203253,85.33843239319418,58.57992401405764,64.20837259218234,92.36571210203253,76.64581801446133,78.84350851057334,74.9802032873847,53.80212485982278,74.30708753070643,61.394230247745945,75.50501502026879,50.9955091051659,55.547268452419004,157.5905060146767,57.12751755811094,50.49031826932766,9999.0,50.877708489775486
economic_ideology|WVS_E,54.42165203497723,70.1910168183596,56.66568343739168,77.02938276039019,66.7250874921053,84.05115024371042,92.58465214004417,58.4769417012575,55.1044294365245,47.58877894843424,50.45941612156075,33.898305084745765,52.27697485251375,72.3721563437259,0.0,124.75247524752476,48.965328140891685,53.507375758382125,9999.0,49.004462489109116,48.3368645294247,36.78496773162627,47.355792255939164,41.32231404958678,35.30465686634456,9999.0,9999.0,74.80778141983919,59.87999559446811,24.752475247524753,29.84996556443809,29.202482291089318,48.44915771197973,42.758664796736454,47.392042156030904,29.743473294524037,86.5362115127208,32.362459546925564,45.7481865230856,69.74347329452404,58.9990505899905,65.06123317007189,52.94532944301592,54.9999039793494,49.77861397833212,42.715995804602834,44.83279653266531,52.19328822469252,53.44015575897902,128.9820258197473,38.75968992248062,21.88183807439825,9999.0,52.0754876093021
electoral_integrity|WVS_E,137.47418942637955,150.0,139.718220828794,156.62776840202517,149.77762488350763,153.3613445378151,161.89484643414886,141.5294790926598,146.45010458963947,138.93445410154922,125.706940874036,121.42794414683411,142.77328493954235,155.42469373512824,124.75247524752476,0.0,128.2374221209888,136.55991314978445,9999.0,128.27655646920624,117.6470588235294,119.83750512302858,126.95417789757413,125.92658325198923,110.98901098901099,9999.0,9999.0,157.8603188112415,141.8224828602187,100.0,111.79245283018868,108.47457627118644,123.69668246445498,126.45502645502646,131.44654088050314,110.84598698481562,169.58874890412312,120.42200757345645,125.64102564102564,150.84598698481562,134.24657534246575,147.0037204358225,132.6797385620915,138.05244137075172,129.05070795842923,119.8019801980198,120.08032128514057,135.24582561609483,134.5426694492706,198.29222011385198,119.68503937007874,113.22751322751323,9999.0,135.12802500070444
existential_threat_worry|WVS_H,55.80462323464867,75.3926688104548,58.04865463706311,67.12677402505028,68.10805869177675,87.70467695641467,96.23817885274842,59.85991290092894,60.306081428619684,52.79043094052943,37.59398496240602,32.71621372545004,57.47862684460894,73.75512754339735,48.965328140891685,128.2374221209888,0.0,54.890346958053556,9999.0,39.56482604782217,51.99039124212895,38.167938931297705,37.45318352059925,37.21485283060517,22.271714922048996,9999.0,9999.0,76.19075261951063,62.02320809062382,28.23742212098881,35.05161755653328,19.76284584980237,45.940856321006564,41.13036721732374,43.403507788336654,28.248587570621467,86.71426726444162,31.710277152072383,38.666437532222034,68.24858757062147,54.529779438178025,70.26288516216708,43.975920910335056,56.38287517902084,40.33897753704517,33.27635936331588,43.47826086956522,53.57625942436396,51.81412790108442,132.63555253245153,32.341462202003626,27.08349006649344,9999.0,53.458458808973546
familial_duty_obligations|WVS_D,34.35909233010682,75.89400565989196,36.60312373252126,56.96682305551978,46.66252778723489,93.79484985329604,102.3283517496298,38.41438199638709,58.04472207634264,42.62914377805119,45.79217546861632,40.0579801972716,39.658187843269616,52.309596638855496,53.507375758382125,136.55991314978445,54.890346958053556,0.0,9999.0,45.38601702062668,58.08056413901033,16.722408026755854,27.293232551068748,50.85210085952036,45.04835647593018,9999.0,9999.0,54.74522171496878,40.0,36.559913149784435,24.767460319595756,36.802729311896414,56.5134920656275,43.251748674494095,52.62261352293837,33.50093151668874,66.47365180785039,39.715143428713844,45.343592006838556,73.50093151668874,57.781037429117525,59.978727925229556,56.1154227020409,34.93734427447899,55.44230694536263,42.52944966240215,56.640234434925,32.130728519822114,36.68248786707522,138.7257254293329,38.262736972767144,31.62553768398387,9999.0,32.01292790443169
female_income_threat_to_marriage|WVS_D,9999.0,9999.0,9999.0,9999.0,9999.0,9999.0,9999.0,9999.0,9999.0,9999.0,9999.0,9999.0,9999.0,9999.0,9999.0,9999.0,9999.0,9999.0,0.0,9999.0,9999.0,9999.0,9999.0,9999.0,9999.0,9999.0,9999.0,9999.0,9999.0,9999.0,9999.0,9999.0,9999.0,9999.0,9999.0,9999.0,9999.0,9999.0,9999.0,9999.0,9999.0,9999.0,9999.0,9999.0,9999.0,9999.0,9999.0,9999.0,9999.0,9999.0,9999.0,9999.0,9999.0,9999.0
freedom_security_tradeoff_perception|WVS_H,46.3002932972218,75.43180315867222,48.544324699636235,68.90802402263476,58.60372875434987,87.7438113046321,96.27731320096585,50.355582963502066,60.345215776837115,52.82956528874686,53.983497343242234,32.75534807366747,51.59938881038459,64.25079760597048,49.004462489109116,128.27655646920624,39.56482604782217,45.38601702062668,9999.0,0.0,52.02952559034638,28.66360899387083,39.23443351818372,37.2539871788226,33.557046979865774,9999.0,9999.0,66.68642268208376,50.64858673106095,28.27655646920624,20.618556701030926,19.801980198019802,45.979990669223994,39.102845055929265,41.626100690162474,20.120724346076457,78.41485277496537,31.749411500289813,38.705571880439464,60.12072434607646,62.523131811672,55.829824306664726,43.32258049456834,46.87854524159396,40.3781118852626,33.315493711533314,48.35687775434681,44.07192948693709,43.81740681053144,132.67468688066896,32.38059655022106,27.12262441471087,9999.0,43.95412887154667
gender_role_traditionalism|WVS_D,58.99484041560544,44.44444444444444,61.23887181801988,80.38073752316531,71.29827587273351,35.714285714285715,44.24778761061947,63.050130081885705,59.6776178171527,27.77777777777778,49.45990999517613,24.813895781637715,56.850163233141956,76.94534472435411,48.3368645294247,117.6470588235294,51.99039124212895,58.08056413901033,9999.0,52.02952559034638,0.0,41.35815611225447,50.70714701871427,45.662100456621005,34.74198011015113,9999.0,9999.0,49.75124378109453,64.45318397509632,23.752969121140143,34.423153945066296,32.22754539232658,32.57328990228013,24.875621890547265,37.45318352059925,34.31666167515224,91.109399893349,25.839793281653748,48.07692307692308,51.282051282051285,57.9995444636059,68.02721088435375,56.432707683231655,59.57309235997761,52.80367707956938,43.554949319159945,43.83329040628071,54.34782608695652,58.01334413960722,80.64516129032258,43.43800849121888,26.455026455026456,9999.0,56.64867598993031
immigrant_origin_status|WVS_G,17.636684303350968,59.1715976331361,19.880715705765407,40.24441502876393,29.940119760479043,77.07244182654019,85.60594372287395,21.691973969631235,41.32231404958678,25.906735751295336,29.069767441860463,23.335572170515746,22.93577981651376,35.587188612099645,36.78496773162627,119.83750512302858,38.167938931297705,16.722408026755854,9999.0,28.66360899387083,41.35815611225447,0.0,10.570824524312895,34.129692832764505,28.325948449174327,9999.0,9999.0,38.02281368821293,35.14084909433747,19.837505123028585,8.045052292839904,20.080321285140563,39.79108403887165,26.529340647738238,35.90020549618252,16.778523489932887,49.75124378109453,22.99273540195799,28.621183980082705,56.77852348993289,41.058629402361674,43.256319898473706,39.393014675285045,18.214936247723134,38.71989891860678,25.8070416356463,39.91782640816915,15.408320493066256,19.960079840319363,122.00331740257705,21.540328946011293,14.903129657228016,9999.0,15.290519877675841
importance_of_life_domains|WVS_A,28.207508827663865,69.742422157449,30.4515402300783,29.673590504451038,40.51094428479194,86.42143273299999,94.95493462933374,32.26279849394413,34.36426116838488,36.477560275608234,21.50537634408602,33.90639669482864,33.506604340826655,46.15801313641254,47.355792255939164,126.95417789757413,37.45318352059925,27.293232551068748,9999.0,39.23443351818372,50.70714701871427,10.570824524312895,0.0,44.7005173570774,34.602076124567475,9999.0,9999.0,48.593638212525825,24.57002457002457,26.954177897574123,18.6158768171528,30.65114580945346,50.36190856318454,37.100165172051135,46.47103002049542,27.349348014245784,49.26108374384237,33.563559926270884,39.1920085043956,63.69426751592357,30.487804878048777,53.8271444227866,49.96383919959794,28.785760772036028,49.29072344291967,36.3778661599592,47.03449918271468,24.57002457002457,30.530904364632256,131.35230830903683,32.11115347032419,25.47395418154091,9999.0,23.980815347721823
institutional_threat_perception|WVS_H,51.76637713611547,72.46376811594203,54.010408538529916,71.11586337684346,64.06981259324354,81.37638617090673,89.90988806724047,55.82166680239574,57.37718073410692,49.86153024601667,50.0,30.40537485645046,54.54972615009618,69.71688144486416,41.32231404958678,125.92658325198923,37.21485283060517,50.85210085952036,9999.0,37.2539871788226,45.662100456621005,34.129692832764505,44.7005173570774,0.0,20.161290322580644,9999.0,9999.0,72.15250652097743,56.208040501234215,25.926583251989236,26.17801047120419,17.452006980802793,41.666666666666664,38.819528348324155,41.07484796835217,19.569471624266146,83.88093661385903,29.399438283072804,36.35559866322245,59.56947162426614,52.41935483870968,61.38927807683799,41.66508204133548,52.344629080487636,38.02813866804559,30.96552049431631,35.842293906810035,49.53801332583076,43.26615408872112,126.30726174694358,30.03062333300405,24.154589371980677,9999.0,49.420212710440346
international_organization_knowledge|WVS_E,40.16064257028113,60.98901098901099,48.20666415493973,64.27566662901852,58.26606820965337,70.45626582443685,78.9897677207706,50.017922418805554,46.64541015407255,39.129759665982306,36.695951863046986,18.76172607879925,43.81795557006181,63.91313706127397,35.30465686634456,110.98901098901099,22.271714922048996,45.04835647593018,9999.0,33.557046979865774,34.74198011015113,28.325948449174327,34.602076124567475,20.161290322580644,0.0,9999.0,9999.0,54.054054054054056,51.42097631201618,10.989010989010989,21.39094628198615,19.46358726019743,28.57142857142857,34.299645514284514,38.93302287357896,21.284454012072096,78.07719223026886,17.482517482517483,28.169014084507044,61.28445401207209,32.25806451612903,56.60221388761995,35.3356890459364,46.540884696897464,29.239766081871345,18.38235294117647,31.069332274151552,43.734268942240575,44.98113647652707,115.38714140047371,20.491803278688522,13.422818791946309,9999.0,43.61646832685017
job_scarcity_gender_discrimination|WVS_C,9999.0,9999.0,9999.0,9999.0,9999.0,9999.0,9999.0,9999.0,9999.0,9999.0,9999.0,9999.0,9999.0,9999.0,9999.0,9999.0,9999.0,9999.0,9999.0,9999.0,9999.0,9999.0,9999.0,9999.0,9999.0,0.0,9999.0,9999.0,9999.0,9999.0,9999.0,9999.0,9999.0,9999.0,9999.0,9999.0,9999.0,9999.0,9999.0,9999.0,9999.0,9999.0,9999.0,9999.0,9999.0,9999.0,9999.0,9999.0,9999.0,9999.0,9999.0,9999.0,9999.0,9999.0
job_scarcity_nativist_preference|WVS_C,9999.0,9999.0,9999.0,9999.0,9999.0,9999.0,9999.0,9999.0,9999.0,9999.0,9999.0,9999.0,9999.0,9999.0,9999.0,9999.0,9999.0,9999.0,9999.0,9999.0,9999.0,9999.0,9999.0,9999.0,9999.0,9999.0,0.0,9999.0,9999.0,9999.0,9999.0,9999.0,9999.0,9999.0,9999.0,9999.0,9999.0,9999.0,9999.0,9999.0,9999.0,9999.0,9999.0,9999.0,9999.0,9999.0,9999.0,9999.0,9999.0,9999.0,9999.0,9999.0,9999.0,9999.0
life_autonomy_morality_permissiveness|WVS_F,55.659497991563896,94.19568822553897,57.90352939397833,78.26722871697686,67.96293344869197,85.46552949538025,93.999031391714,59.71478765784416,79.34512773779971,63.929549439508264,57.4712643678161,61.358385858728674,60.95859350472669,73.61000230031257,74.80778141983919,157.8603188112415,76.19075261951063,54.74522171496878,9999.0,66.68642268208376,49.75124378109453,38.02281368821293,48.593638212525825,72.15250652097743,54.054054054054056,9999.0,9999.0,0.0,73.1636627825504,57.86031881124151,46.06786598105283,58.10313497335349,77.81389772708458,64.55215433595117,73.92301918439546,54.801337178145815,87.77405746930745,61.01554909017092,66.64399766829564,94.80133717814581,79.0814430905746,81.27913358668664,77.41582836349798,56.237749935936066,76.74271260681971,63.82985532385923,77.94064009638208,53.431134181279184,57.98289352853229,130.39640507141712,59.56314263422422,52.92594334544094,9999.0,53.31333356588877
multilevel_place_attachment|WVS_G,46.948356807511736,86.30733626403122,55.02156480010287,54.24361507447561,65.08096885481652,100.16746968938205,108.70097158571579,56.8328230639687,58.93428573840945,61.047584845632805,46.07540091411059,45.32054990770587,58.07662891085123,70.7280377064371,59.87999559446811,141.8224828602187,62.02320809062382,40.0,9999.0,50.64858673106095,64.45318397509632,35.14084909433747,24.57002457002457,56.208040501234215,51.42097631201618,9999.0,9999.0,73.1636627825504,0.0,41.822482860218706,30.030030030030026,45.31880173676094,61.77606177606177,48.51431838492836,57.88518323337264,39.52569169960474,73.83110831386693,44.977713139148115,50.606161717272826,79.52569169960475,55.05782944807335,65.24129763566383,61.377992412475166,51.02040816326531,60.7048766557969,47.79201937283642,61.90280414535927,44.84304932735426,53.191489361702125,145.0983452654189,43.525306683201414,37.99815752006987,9999.0,34.72222222222222
neighborhood_disorder_and_crime|WVS_H,37.47418942637955,50.0,39.71822082879399,56.62776840202516,49.77762488350763,59.46725483542586,68.00075673175961,41.52947909265982,46.45010458963947,38.93445410154922,25.706940874035993,21.427944146834108,42.77328493954234,55.42469373512823,24.752475247524753,100.0,28.23742212098881,36.559913149784435,9999.0,28.27655646920624,23.752969121140143,19.837505123028585,26.954177897574123,25.926583251989236,10.989010989010989,9999.0,9999.0,57.86031881124151,41.822482860218706,0.0,11.79245283018868,8.474576271186441,23.696682464454977,26.455026455026456,31.446540880503143,10.845986984815617,69.58874890412312,20.422007573456455,25.641025641025642,50.84598698481562,34.24657534246575,47.00372043582248,32.67973856209151,38.052441370751716,29.050707958429243,19.801980198019802,20.080321285140563,35.24582561609484,34.54266944927059,104.39813041146272,19.68503937007874,13.227513227513228,9999.0,35.128025000704426
offline_political_participation|WVS_E,25.681736596190873,56.277306234001195,27.92576799860531,48.28946732160384,37.98517205331895,70.13743965935201,78.67094155568577,29.73702626247114,41.190718852166086,33.675068364075834,37.11481973470037,15.290519877675841,30.980832109353663,43.63224090493955,29.84996556443809,111.79245283018868,35.05161755653328,24.767460319595756,9999.0,20.618556701030926,34.423153945066296,8.045052292839904,18.6158768171528,26.17801047120419,21.39094628198615,9999.0,9999.0,46.06786598105283,30.030030030030026,11.79245283018868,0.0,15.288771706730909,31.746031746031747,18.484288354898336,27.855153203342617,15.829762710165626,57.796296073934435,14.947683109118087,20.5761316872428,55.829762710165625,46.03902817265443,35.2112676056338,31.347962382445143,26.259988540563036,30.674846625766875,17.761989342806395,31.872774115329243,23.45337278590616,26.455026455026456,115.06831523538887,13.49527665317139,7.968127490039841,9999.0,23.335572170515746
online_political_participation|WVS_E,37.71700558849153,55.629822960652426,39.96103699090597,60.324736313904495,50.020441045619606,67.9418311066123,76.47533300294604,41.7722952547718,40.54323557881732,33.027585090727065,34.181517145222436,12.953367875647668,37.71578099480657,55.66750989724021,29.202482291089318,108.47457627118644,19.76284584980237,36.802729311896414,9999.0,19.801980198019802,32.22754539232658,20.080321285140563,30.65114580945346,17.452006980802793,19.46358726019743,9999.0,9999.0,58.10313497335349,45.31880173676094,8.474576271186441,15.288771706730909,0.0,26.17801047120419,21.367521367521366,23.64066193853428,15.182279436816856,69.8315650662351,11.947431302270012,18.90359168241966,55.182279436816856,42.7211516136522,50.50003931236471,24.213075060532685,38.2952575328637,20.5761316872428,13.513513513513514,28.554897556327006,35.48864177820682,32.05128205128205,112.87270668264915,12.578616352201257,7.320644216691069,9999.0,35.370841162816404
outgroup_trust|WVS_G,57.42776834222262,73.69668246445498,59.671799744637056,80.03549906763558,69.7312037993507,68.28757561656585,76.82107751289959,61.48305800850289,64.47259136212625,56.95694087403599,49.40362333849097,34.24657534246575,61.6451367781155,75.3782726509713,48.44915771197973,123.69668246445498,45.940856321006564,56.5134920656275,9999.0,45.979990669223994,32.57328990228013,39.79108403887165,50.36190856318454,41.666666666666664,28.57142857142857,9999.0,9999.0,77.81389772708458,61.77606177606177,23.696682464454977,31.746031746031747,26.17801047120419,0.0,47.54553183872555,49.81867240973847,30.487804878048777,89.54232781996618,32.25806451612903,45.08160215362385,70.48780487804878,57.94325780692073,66.95729935166554,50.39108553173688,58.00602028659478,46.75414215844699,39.691523984717705,43.777003749595536,55.19940453193791,54.18448734250376,113.21845119260271,38.75662682340545,31.25,9999.0,55.08160391654749
perceived_negative_effects_of_immigration|WVS_G,44.16602495108921,69.18600546629956,46.41005635350365,66.77375567650218,56.46946040821729,60.58990760483298,69.12340950116673,48.22131461736947,54.099418084464446,38.61003861003861,52.16196732906245,31.055900621118013,49.465120464251996,62.11652925983789,42.758664796736454,126.45502645502646,41.13036721732374,43.251748674494095,9999.0,39.102845055929265,24.875621890547265,26.529340647738238,37.100165172051135,38.819528348324155,34.299645514284514,9999.0,9999.0,64.55215433595117,48.51431838492836,26.455026455026456,18.484288354898336,21.367521367521366,47.54553183872555,0.0,41.15174176648287,19.646365422396855,76.28058442883277,30.487804878048777,39.06042004214113,59.646365422396855,60.70160179749221,53.69555596053213,42.84822157088874,44.74427689546137,41.94365305476417,34.88103488103488,46.53534774016702,41.937661140804494,43.343047886851835,105.52078318086984,31.979565008069727,20.876826722338205,9999.0,41.819860525414086
perceived_positive_effects_of_immigration|WVS_G,53.53688979953349,73.819382825594,55.780921201947926,71.42857142857143,65.84032525666157,66.2251655629139,81.70097113121872,57.59217946581376,58.7327954437589,48.78048780487805,57.153481754539136,34.72222222222222,55.90534085974816,71.48739410828216,47.392042156030904,131.44654088050314,43.403507788336654,52.62261352293837,9999.0,41.626100690162474,37.45318352059925,35.90020549618252,46.47103002049542,41.07484796835217,38.93302287357896,9999.0,9999.0,73.92301918439546,57.88518323337264,31.446540880503143,27.855153203342617,23.64066193853428,49.81867240973847,41.15174176648287,0.0,21.50537634408602,85.65144927727705,35.08771929824561,42.33870967741935,61.50537634408602,65.6931162229689,63.06642080897642,44.7072324925779,54.11514174390565,44.21679362577708,37.154175452047795,51.526862165643706,51.30852598924878,45.202058808541,118.09834481092182,35.375001864196975,25.510204081632654,9999.0,51.19072537385836
political_information_sources|WVS_E,34.415207793283855,56.17081396408714,36.65923919569829,51.54639175257732,46.71864325041193,69.44444444444444,78.56444928577172,38.47049745956412,41.08422658225203,33.56857609416178,36.55292785885161,13.717421124828531,38.25677199824129,52.36571210203253,29.743473294524037,110.84598698481562,28.248587570621467,33.50093151668874,9999.0,20.120724346076457,34.31666167515224,16.778523489932887,27.349348014245784,19.569471624266146,21.284454012072096,9999.0,9999.0,54.801337178145815,39.52569169960474,10.845986984815617,15.829762710165626,15.182279436816856,30.487804878048777,19.646365422396855,21.50537634408602,0.0,66.52976727102742,13.986013986013987,20.833333333333332,40.0,45.09256232728137,51.041030315799425,23.20185614849188,34.993459737656025,22.831050228310502,16.89189189189189,30.92630826995618,32.18684398299914,23.696682464454977,114.96182296547482,13.869625520110958,7.861635220125786,9999.0,32.06904336760873
postmaterialist_values|WVS_E,67.38792808444549,108.92284141423063,69.63195948685994,78.9346742482934,79.69136354157357,126.82368560763473,135.35718750396848,71.44321775072576,83.62534491222725,75.65797953238987,70.7664600879284,73.08681595161028,72.68702359760829,85.33843239319418,86.5362115127208,169.58874890412312,86.71426726444162,66.47365180785039,9999.0,78.41485277496537,91.109399893349,49.75124378109453,49.26108374384237,83.88093661385903,78.07719223026886,9999.0,9999.0,87.77405746930745,73.83110831386693,69.58874890412312,57.796296073934435,69.8315650662351,89.54232781996618,76.28058442883277,85.65144927727705,66.52976727102742,0.0,72.74397918305252,78.37242776117724,106.52976727102742,79.74888862189115,93.00756367956824,89.14425845637957,67.96618002881766,88.47114269970132,75.55828541674083,89.66907018926368,65.15956427416079,69.7113236214139,171.75456118367157,71.29157272710583,64.65437343832255,9999.0,65.04176365877038
precautionary_security_behaviors|WVS_H,40.62941970530896,59.880239520958085,42.8734511077234,63.237150430721925,52.932855162437036,61.55407899593946,70.08758089227322,44.68470937158923,50.70510884464373,43.18945835655347,46.12894844749245,24.90079917791768,45.92851521847175,58.57992401405764,32.362459546925564,120.42200757345645,31.710277152072383,39.715143428713844,9999.0,31.749411500289813,25.839793281653748,22.99273540195799,33.563559926270884,29.399438283072804,17.482517482517483,9999.0,9999.0,61.01554909017092,44.977713139148115,20.422007573456455,14.947683109118087,11.947431302270012,32.25806451612903,30.487804878048777,35.08771929824561,13.986013986013987,72.74397918305252,0.0,30.85102298468967,53.98601398601399,49.74058199864652,50.15895071475189,36.16050636280269,41.207671649681124,32.52356298951281,25.460944815783527,27.700831024930746,38.40105589502425,37.68269645046897,106.48495457197632,24.52604765447127,17.482517482517483,9999.0,38.283255279633835
religion_versus_secularism_orientation|WVS_F,46.25786828343367,72.1755271926487,48.50189968584811,68.86559900884663,58.56130374056175,83.79120879120879,92.32471068754255,50.31315794971394,57.0889398108136,49.57328932272334,51.347966515061636,31.856959558067327,51.55696379659646,64.20837259218234,45.7481865230856,125.64102564102564,38.666437532222034,45.343592006838556,9999.0,38.705571880439464,48.07692307692308,28.621183980082705,39.1920085043956,36.35559866322245,28.169014084507044,9999.0,9999.0,66.64399766829564,50.606161717272826,25.641025641025642,20.5761316872428,18.90359168241966,45.08160215362385,39.06042004214113,42.33870967741935,20.833333333333332,78.37242776117724,30.85102298468967,0.0,60.83333333333333,59.887600983491396,55.7873992928766,43.11666674295235,46.836120227805836,39.47972336966246,32.417105195933175,45.721346926166206,44.02950447314896,44.53001579778831,128.72208436724566,31.482208034620918,23.86634844868735,9999.0,43.911703857758546
religious_belief|WVS_F,74.41520779328386,95.72649572649573,76.65923919569829,61.7283950617284,86.71864325041193,69.44444444444444,95.52983889267075,78.47049745956411,59.1715976331361,62.5,70.92198581560284,53.71742112482853,78.25677199824129,92.36571210203253,69.74347329452404,150.84598698481562,68.24858757062147,73.50093151668874,9999.0,60.12072434607646,51.282051282051285,56.77852348993289,63.69426751592357,59.56947162426614,61.28445401207209,9999.0,9999.0,94.80133717814581,79.52569169960475,50.84598698481562,55.829762710165625,55.182279436816856,70.48780487804878,59.646365422396855,61.50537634408602,40.0,106.52976727102742,53.98601398601399,60.83333333333333,0.0,85.09256232728137,91.04103031579942,63.201856148491885,74.99345973765602,62.8310502283105,56.89189189189189,70.92630826995618,72.18684398299914,63.69668246445498,131.92721257237386,53.86962552011096,47.861635220125784,9999.0,72.06904336760873
religious_exclusivism|WVS_F,58.69531370571264,84.24657534246575,60.93934510812708,45.87155963302752,70.99874916284071,93.71383017789162,102.24733207422537,62.75060337199291,64.1025641025641,66.96536515365702,31.446540880503143,51.01979059492828,63.99440921887543,76.64581801446133,58.9990505899905,134.24657534246575,54.529779438178025,57.781037429117525,9999.0,62.523131811672,57.9995444636059,41.058629402361674,30.487804878048777,52.41935483870968,32.25806451612903,9999.0,9999.0,79.0814430905746,55.05782944807335,34.24657534246575,46.03902817265443,42.7211516136522,57.94325780692073,60.70160179749221,65.6931162229689,45.09256232728137,79.74888862189115,49.74058199864652,59.887600983491396,85.09256232728137,0.0,81.25029577828823,66.92631390455726,59.273565650084805,61.49783059800038,50.6404174573055,53.763440860215056,52.91005291005291,61.018709242681034,138.64470575392846,52.749867794817554,45.68088330807534,9999.0,54.4686202257706
