,acceptance_of_state_surveillance|WVS_H,authoritarian_governance_tolerance|WVS_E,autocracy_support|WVS_E,basic_needs_deprivation|WVS_H,child_qualities_autonomy_self_expression|WVS_A,child_qualities_conformity_tradition|WVS_A,child_qualities_prosocial_diligence|WVS_A,civic_dishonesty_tolerance|WVS_F,confidence_in_civil_society_organizations|WVS_E,confidence_in_domestic_institutions|WVS_E,confidence_in_international_organizations|WVS_E,crime_victimization|WVS_H,democratic_system_evaluation|WVS_E,democratic_values_importance|WVS_E,economic_ideology|WVS_E,electoral_integrity|WVS_E,existential_threat_worry|WVS_H,familial_duty_obligations|WVS_D,female_income_threat_to_marriage|WVS_D,freedom_security_tradeoff_perception|WVS_H,gender_role_traditionalism|WVS_D,immigrant_origin_status|WVS_G,importance_of_life_domains|WVS_A,institutional_threat_perception|WVS_H,international_organization_knowledge|WVS_E,job_scarcity_gender_discrimination|WVS_C,job_scarcity_nativist_preference|WVS_C,life_autonomy_morality_permissiveness|WVS_F,multilevel_place_attachment|WVS_G,neighborhood_disorder_and_crime|WVS_H,offline_political_participation|WVS_E,online_political_participation|WVS_E,outgroup_trust|WVS_G,perceived_corruption|WVS_E,perceived_negative_effects_of_immigration|WVS_G,perceived_positive_effects_of_immigration|WVS_G,political_information_sources|WVS_E,postmaterialist_values|WVS_E,precautionary_security_behaviors|WVS_H,religion_versus_secularism_orientation|WVS_F,religious_belief|WVS_F,religious_exclusivism|WVS_F,religious_practice_and_self_identification|WVS_F,science_skepticism|WVS_I,science_technology_optimism|WVS_E,sexual_and_reproductive_morality_permissiveness|WVS_F,social_intolerance_outgroups|WVS_A,societal_change_attitudes|WVS_E,socioeconomic_insecurity_worry|WVS_H,subjective_wellbeing|WVS_A,violence_tolerance|WVS_F,voluntary_association_active_membership|WVS_A,voluntary_association_belonging|WVS_A,voting_participation|WVS_E,work_ethic|WVS_C
acceptance_of_state_surveillance|WVS_H,0.0,138.88888888888889,151.51515151515153,9999.0,101.010101010101,344.82758620689657,1000.0,1000.0,117.6470588235294,142.85714285714286,285.7142857142857,9999.0,54.34782608695652,400.0,175.43859649122805,108.69565217391305,9999.0,129.87012987012986,192.30769230769232,9999.0,36.231884057971016,111.11111111111111,181.81818181818184,9999.0,181.81818181818184,30.395136778115504,277.77777777777777,303.03030303030306,149.2537313432836,9999.0,555.5555555555555,625.0,625.0,9999.0,500.0,243.90243902439022,909.090909090909,227.27272727272725,9999.0,909.090909090909,181.81818181818184,238.0952380952381,625.0,312.5,80.0,1000.0,9999.0,99.00990099009901,9999.0,666.6666666666666,60.6060606060606,120.48192771084337,163.93442622950818,107.52688172043011,69.44444444444444
authoritarian_governance_tolerance|WVS_E,138.88888888888889,0.0,9999.0,9999.0,37.03703703703704,1000.0,101.010101010101,9.881422924901186,9999.0,9999.0,9999.0,13.157894736842106,9999.0,9999.0,9999.0,9999.0,18.281535648994517,48.543689320388346,1000.0,32.05128205128205,46.51162790697675,42.19409282700422,344.82758620689657,14.705882352941176,9999.0,434.7826086956522,31.152647975077883,555.5555555555555,22.675736961451246,21.929824561403507,9999.0,9999.0,18.01801801801802,9999.0,37.735849056603776,22.172949002217294,9999.0,9999.0,19.342359767891683,25.44529262086514,29.850746268656714,22.93577981651376,147.05882352941177,17.271157167530223,9999.0,35.587188612099645,9999.0,9999.0,8.748906386701663,19.880715705765407,12.360939431396787,57.14285714285714,46.08294930875576,9999.0,62.5
autocracy_support|WVS_E,151.51515151515153,9999.0,0.0,9999.0,37.03703703703704,81.96721311475409,121.95121951219511,6.93000693000693,9999.0,9999.0,9999.0,10.26694045174538,9999.0,9999.0,9999.0,9999.0,16.80672268907563,18.726591760299623,45.87155963302752,17.094017094017094,107.52688172043011,172.41379310344828,68.9655172413793,10.741138560687432,9999.0,44.642857142857146,43.66812227074236,56.497175141242934,15.822784810126581,16.80672268907563,9999.0,9999.0,14.5985401459854,9999.0,104.16666666666667,28.248587570621467,9999.0,9999.0,15.06024096385542,16.835016835016834,19.880715705765407,20.04008016032064,74.07407407407408,18.38235294117647,9999.0,17.921146953405017,9999.0,9999.0,5.574136008918617,15.923566878980893,7.923930269413629,181.81818181818184,555.5555555555555,9999.0,63.69426751592357
basic_needs_deprivation|WVS_H,9999.0,9999.0,9999.0,0.0,9999.0,9999.0,9999.0,9999.0,9999.0,9999.0,9999.0,9999.0,9999.0,9999.0,9999.0,9999.0,9999.0,9999.0,9999.0,9999.0,9999.0,9999.0,9999.0,9999.0,9999.0,9999.0,9999.0,9999.0,9999.0,9999.0,9999.0,9999.0,9999.0,9999.0,9999.0,9999.0,9999.0,9999.0,9999.0,9999.0,9999.0,9999.0,9999.0,9999.0,9999.0,9999.0,9999.0,9999.0,9999.0,9999.0,9999.0,9999.0,9999.0,9999.0,9999.0
child_qualities_autonomy_self_expression|WVS_A,101.010101010101,37.03703703703704,37.03703703703704,9999.0,0.0,9999.0,9999.0,34.24657534246575,66.2251655629139,140.8450704225352,208.33333333333334,25.38071065989848,136.986301369863,81.96721311475409,74.07407407407408,41.1522633744856,114.9425287356322,67.56756756756756,72.99270072992701,108.69565217391305,18.214936247723134,181.81818181818184,9999.0,56.81818181818181,87.71929824561403,17.21170395869191,44.24778761061947,147.05882352941177,285.7142857142857,60.24096385542168,51.54639175257732,81.96721311475409,56.17977528089888,9999.0,59.1715976331361,34.48275862068965,67.56756756756756,169.49152542372883,90.90909090909092,71.94244604316548,909.090909090909,37.3134328358209,263.1578947368421,54.6448087431694,322.5806451612903,344.82758620689657,9999.0,123.4567901234568,35.842293906810035,9999.0,18.726591760299623,9999.0,9999.0,38.91050583657587,32.67973856209151
child_qualities_conformity_tradition|WVS_A,344.82758620689657,1000.0,81.96721311475409,9999.0,9999.0,0.0,9999.0,47.16981132075472,188.67924528301887,1000.0,238.0952380952381,90.09009009009009,526.3157894736842,1000.0,312.5,84.03361344537815,303.03030303030306,65.35947712418302,90.09009009009009,99.00990099009901,294.11764705882354,40.816326530612244,9999.0,89.28571428571429,81.96721311475409,1000.0,129.87012987012986,149.2537313432836,135.13513513513513,256.4102564102564,1000.0,76.92307692307692,256.4102564102564,9999.0,100.0,200.0,263.1578947368421,116.27906976744185,588.2352941176471,103.09278350515464,142.85714285714286,1000.0,303.03030303030306,217.3913043478261,119.04761904761905,64.93506493506493,9999.0,58.47953216374269,42.016806722689076,9999.0,38.61003861003861,9999.0,9999.0,100.0,232.5581395348837
child_qualities_prosocial_diligence|WVS_A,1000.0,101.010101010101,121.95121951219511,9999.0,9999.0,9999.0,0.0,163.93442622950818,196.078431372549,270.27027027027026,270.27027027027026,133.33333333333334,181.81818181818184,217.3913043478261,263.1578947368421,108.69565217391305,151.51515151515153,1000.0,151.51515151515153,217.3913043478261,65.35947712418302,82.64462809917356,9999.0,416.6666666666667,769.2307692307693,64.1025641025641,100.0,250.0,1000.0,400.0,151.51515151515153,147.05882352941177,185.18518518518516,9999.0,123.4567901234568,84.74576271186442,217.3913043478261,1000.0,263.1578947368421,400.0,1000.0,98.0392156862745,1000.0,113.63636363636363,178.57142857142858,357.14285714285717,9999.0,169.49152542372883,322.5806451612903,9999.0,88.49557522123894,9999.0,9999.0,120.48192771084337,131.57894736842104
civic_dishonesty_tolerance|WVS_F,1000.0,9.881422924901186,6.93000693000693,9999.0,34.24657534246575,47.16981132075472,163.93442622950818,0.0,46.728971962616825,20.79002079002079,86.95652173913044,9.652509652509652,11.961722488038278,64.93506493506493,74.6268656716418,6.978367062107466,20.242914979757085,15.1285930408472,30.674846625766875,15.772870662460567,50.5050505050505,25.44529262086514,53.763440860215056,10.111223458038422,24.03846153846154,256.4102564102564,76.92307692307692,9999.0,15.698587127158554,16.666666666666668,15.1285930408472,39.21568627450981,14.814814814814813,9999.0,666.6666666666666,30.395136778115504,21.459227467811157,15.552099533437016,15.552099533437016,9999.0,9999.0,9999.0,9999.0,23.364485981308412,38.167938931297705,9999.0,9999.0,10.845986984815617,5.321979776476849,16.077170418006432,9999.0,185.18518518518516,67.11409395973155,6.849315068493151,45.24886877828054
confidence_in_civil_society_organizations|WVS_E,117.6470588235294,9999.0,9999.0,9999.0,66.2251655629139,188.67924528301887,196.078431372549,46.728971962616825,0.0,9999.0,9999.0,357.14285714285717,9999.0,9999.0,9999.0,9999.0,185.18518518518516,113.63636363636363,40.32258064516129,34.48275862068965,24.096385542168672,44.642857142857146,64.1025641025641,55.24861878453038,9999.0,18.214936247723134,53.191489361702125,67.56756756756756,54.054054054054056,158.73015873015873,9999.0,9999.0,153.84615384615384,9999.0,58.13953488372093,57.14285714285714,9999.0,9999.0,33.67003367003367,109.89010989010988,60.24096385542168,90.90909090909092,357.14285714285717,238.0952380952381,9999.0,42.37288135593221,9999.0,9999.0,26.80965147453083,125.0,322.5806451612903,1000.0,121.95121951219511,9999.0,51.81347150259067
confidence_in_domestic_institutions|WVS_E,142.85714285714286,9999.0,9999.0,9999.0,140.8450704225352,1000.0,270.27027027027026,20.79002079002079,9999.0,0.0,9999.0,26.954177897574123,9999.0,9999.0,9999.0,9999.0,35.3356890459364,106.38297872340425,196.078431372549,47.16981132075472,172.41379310344828,111.11111111111111,232.5581395348837,27.77777777777778,9999.0,63.69426751592357,72.99270072992701,204.08163265306123,42.19409282700422,45.45454545454546,9999.0,9999.0,39.21568627450981,9999.0,114.9425287356322,60.24096385542168,9999.0,9999.0,29.069767441860463,55.24861878453038,53.763440860215056,59.523809523809526,256.4102564102564,42.016806722689076,9999.0,68.4931506849315,9999.0,9999.0,16.129032258064516,42.016806722689076,31.746031746031747,80.64516129032258,75.75757575757576,9999.0,1000.0
confidence_in_international_organizations|WVS_E,285.7142857142857,9999.0,9999.0,9999.0,208.33333333333334,238.0952380952381,270.27027027027026,86.95652173913044,9999.0,9999.0,0.0,75.18796992481204,9999.0,9999.0,9999.0,9999.0,60.975609756097555,243.90243902439022,140.8450704225352,454.5454545454545,833.3333333333334,46.728971962616825,454.5454545454545,106.38297872340425,9999.0,1000.0,73.52941176470588,322.5806451612903,161.29032258064515,125.0,9999.0,9999.0,75.75757575757576,9999.0,81.30081300813008,63.291139240506325,9999.0,9999.0,81.96721311475409,208.33333333333334,322.5806451612903,89.28571428571429,1000.0,59.523809523809526,9999.0,384.61538461538464,9999.0,9999.0,62.893081761006286,104.16666666666667,294.11764705882354,84.74576271186442,74.07407407407408,9999.0,625.0
crime_victimization|WVS_H,9999.0,13.157894736842106,10.26694045174538,9999.0,25.38071065989848,90.09009009009009,133.33333333333334,9.652509652509652,357.14285714285717,26.954177897574123,75.18796992481204,0.0,16.528925619834713,53.763440860215056,69.93006993006993,9.47867298578199,9999.0,22.62443438914027,188.67924528301887,9999.0,20.120724346076457,81.30081300813008,1000.0,9999.0,36.90036900369004,28.328611898016998,33.67003367003367,133.33333333333334,25.125628140703515,9999.0,18.083182640144663,1000.0,19.455252918287936,9999.0,70.4225352112676,26.595744680851062,26.17801047120419,25.77319587628866,9999.0,22.026431718061673,33.003300330033,23.419203747072597,72.46376811594203,24.691358024691358,44.84304932735426,25.510204081632654,9999.0,23.809523809523807,9999.0,20.491803278688522,8.787346221441124,666.6666666666666,454.5454545454545,10.204081632653061,29.498525073746315
democratic_system_evaluation|WVS_E,54.34782608695652,9999.0,9999.0,9999.0,136.986301369863,526.3157894736842,181.81818181818184,11.961722488038278,9999.0,9999.0,9999.0,16.528925619834713,0.0,9999.0,9999.0,9999.0,17.636684303350968,78.125,81.30081300813008,20.366598778004075,28.653295128939828,46.948356807511736,81.96721311475409,14.836795252225519,9999.0,20.242914979757085,52.35602094240838,111.11111111111111,20.74688796680498,23.474178403755868,9999.0,9999.0,19.120458891013385,9999.0,93.45794392523365,30.395136778115504,9999.0,9999.0,13.550135501355014,30.581039755351682,27.47252747252747,38.314176245210724,138.88888888888889,21.367521367521366,9999.0,31.746031746031747,9999.0,9999.0,8.628127696289905,20.5761316872428,21.459227467811157,33.003300330033,39.682539682539684,9999.0,85.47008547008546
democratic_values_importance|WVS_E,400.0,9999.0,9999.0,9999.0,81.96721311475409,1000.0,217.3913043478261,64.93506493506493,9999.0,9999.0,9999.0,53.763440860215056,9999.0,0.0,9999.0,9999.0,105.26315789473685,200.0,147.05882352941177,277.77777777777777,43.29004329004329,96.15384615384616,217.3913043478261,116.27906976744185,9999.0,45.24886877828054,74.07407407407408,270.27027027027026,370.3703703703703,135.13513513513513,9999.0,9999.0,100.0,9999.0,90.90909090909092,63.69426751592357,9999.0,9999.0,400.0,140.8450704225352,714.2857142857143,64.93506493506493,1000.0,77.51937984496124,9999.0,1000.0,9999.0,9999.0,75.18796992481204,135.13513513513513,46.29629629629629,1000.0,344.82758620689657,9999.0,83.33333333333333
economic_ideology|WVS_E,175.43859649122805,9999.0,9999.0,9999.0,74.07407407407408,312.5,263.1578947368421,74.6268656716418,9999.0,9999.0,9999.0,69.93006993006993,9999.0,9999.0,0.0,9999.0,303.03030303030306,104.16666666666667,204.08163265306123,192.30769230769232,33.222591362126245,714.2857142857143,232.5581395348837,263.1578947368421,9999.0,31.847133757961785,92.59259259259258,357.14285714285717,1000.0,666.6666666666666,9999.0,9999.0,192.30769230769232,9999.0,169.49152542372883,89.28571428571429,9999.0,9999.0,78.74015748031496,140.8450704225352,1000.0,76.33587786259541,1000.0,163.93442622950818,9999.0,476.1904761904762,9999.0,9999.0,112.35955056179776,434.7826086956522,33.333333333333336,114.9425287356322,136.986301369863,9999.0,62.11180124223603
electoral_integrity|WVS_E,108.69565217391305,9999.0,9999.0,9999.0,41.1522633744856,84.03361344537815,108.69565217391305,6.978367062107466,9999.0,9999.0,9999.0,9.47867298578199,9999.0,9999.0,9999.0,0.0,16.366612111292962,21.186440677966104,43.10344827586207,16.420361247947454,357.14285714285717,76.92307692307692,61.7283950617284,10.395010395010395,9999.0,44.84304932735426,51.02040816326531,55.24861878453038,15.797788309636653,18.01801801801802,9999.0,9999.0,14.814814814814813,9999.0,112.35955056179776,26.80965147453083,9999.0,9999.0,13.869625520110958,17.825311942959004,19.9203187250996,22.72727272727273,77.51937984496124,19.53125,9999.0,17.271157167530223,9999.0,9999.0,6.067961165048543,16.638935108153078,8.488964346349745,175.43859649122805,384.61538461538464,9999.0,83.33333333333333
existential_threat_worry|WVS_H,9999.0,18.281535648994517,16.80672268907563,9999.0,114.9425287356322,303.03030303030306,151.51515151515153,20.242914979757085,185.18518518518516,35.3356890459364,60.975609756097555,9999.0,17.636684303350968,105.26315789473685,303.03030303030306,16.366612111292962,0.0,312.5,666.6666666666666,9999.0,370.3703703703703,33.557046979865774,625.0,9999.0,588.2352941176471,103.09278350515464,45.662100456621005,1000.0,43.859649122807014,9999.0,27.62430939226519,95.23809523809523,32.78688524590164,9999.0,51.282051282051285,32.67973856209151,50.76142131979696,44.24778761061947,9999.0,51.02040816326531,60.975609756097555,37.45318352059925,1000.0,27.247956403269754,25.641025641025642,106.38297872340425,9999.0,57.14285714285714,9999.0,41.84100418410041,32.05128205128205,58.8235294117647,43.29004329004329,15.384615384615383,454.5454545454545
familial_duty_obligations|WVS_D,129.87012987012986,48.543689320388346,18.726591760299623,9999.0,67.56756756756756,65.35947712418302,1000.0,15.1285930408472,113.63636363636363,106.38297872340425,243.90243902439022,22.62443438914027,78.125,200.0,104.16666666666667,21.186440677966104,312.5,0.0,9999.0,42.73504273504273,9999.0,20.920502092050206,105.26315789473685,25.57544757033248,35.3356890459364,111.11111111111111,263.1578947368421,71.94244604316548,42.73504273504273,50.5050505050505,67.56756756756756,47.84688995215311,51.282051282051285,9999.0,77.51937984496124,303.03030303030306,58.13953488372093,40.816326530612244,108.69565217391305,33.78378378378378,46.29629629629629,90.09009009009009,97.08737864077669,370.3703703703703,100.0,27.77777777777778,9999.0,24.630541871921185,13.21003963011889,49.75124378109453,12.903225806451614,51.02040816326531,37.59398496240602,24.93765586034913,62.11180124223603
female_income_threat_to_marriage|WVS_D,192.30769230769232,1000.0,45.87155963302752,9999.0,72.99270072992701,90.09009009009009,151.51515151515153,30.674846625766875,40.32258064516129,196.078431372549,140.8450704225352,188.67924528301887,81.30081300813008,147.05882352941177,204.08163265306123,43.10344827586207,666.6666666666666,9999.0,0.0,29.58579881656805,9999.0,24.875621890547265,53.763440860215056,48.07692307692308,80.0,20.491803278688522,40.32258064516129,51.02040816326531,52.35602094240838,263.1578947368421,370.3703703703703,31.545741324921135,178.57142857142858,9999.0,37.45318352059925,42.5531914893617,1000.0,50.25125628140703,41.666666666666664,78.125,50.76142131979696,74.6268656716418,188.67924528301887,74.07407407407408,142.85714285714286,33.11258278145695,9999.0,21.645021645021647,23.04147465437788,136.986301369863,64.51612903225806,104.16666666666667,44.84304932735426,45.662100456621005,64.93506493506493
freedom_security_tradeoff_perception|WVS_H,9999.0,32.05128205128205,17.094017094017094,9999.0,108.69565217391305,99.00990099009901,217.3913043478261,15.772870662460567,34.48275862068965,47.16981132075472,454.5454545454545,9999.0,20.366598778004075,277.77777777777777,192.30769230769232,16.420361247947454,9999.0,42.73504273504273,29.58579881656805,0.0,22.172949002217294,28.653295128939828,45.87155963302752,9999.0,74.6268656716418,15.360983102918585,65.78947368421052,44.84304932735426,27.62430939226519,9999.0,52.631578947368425,37.45318352059925,45.04504504504504,9999.0,54.94505494505494,87.71929824561403,81.30081300813008,29.850746268656714,9999.0,40.816326530612244,32.67973856209151,270.27027027027026,136.986301369863,151.51515151515153,75.75757575757576,24.93765586034913,9999.0,15.89825119236884,9999.0,41.666666666666664,28.901734104046245,909.090909090909,93.45794392523365,16.474464579901156,57.4712643678161
gender_role_traditionalism|WVS_D,36.231884057971016,46.51162790697675,107.52688172043011,9999.0,18.214936247723134,294.11764705882354,65.35947712418302,50.5050505050505,24.096385542168672,172.41379310344828,833.3333333333334,20.120724346076457,28.653295128939828,43.29004329004329,33.222591362126245,357.14285714285717,370.3703703703703,9999.0,9999.0,22.172949002217294,0.0,70.92198581560284,34.72222222222222,476.1904761904762,40.983606557377044,6.91085003455425,20.32520325203252,45.45454545454546,53.475935828877,86.95652173913044,61.34969325153375,36.63003663003663,86.95652173913044,9999.0,29.15451895043732,20.28397565922921,55.24861878453038,208.33333333333334,16.556291390728475,70.92198581560284,68.9655172413793,20.618556701030926,263.1578947368421,48.309178743961354,61.7283950617284,83.33333333333333,9999.0,21.73913043478261,344.82758620689657,188.67924528301887,12.077294685990339,42.37288135593221,135.13513513513513,714.2857142857143,14.814814814814813
immigrant_origin_status|WVS_G,111.11111111111111,42.19409282700422,172.41379310344828,9999.0,181.81818181818184,40.816326530612244,82.64462809917356,25.44529262086514,44.642857142857146,111.11111111111111,46.728971962616825,81.30081300813008,46.948356807511736,96.15384615384616,714.2857142857143,76.92307692307692,33.557046979865774,20.920502092050206,24.875621890547265,28.653295128939828,70.92198581560284,0.0,54.054054054054056,31.446540880503143,40.0,43.47826086956522,23.474178403755868,40.16064257028113,9999.0,92.59259259259258,109.89010989010988,21.367521367521366,9999.0,9999.0,9999.0,9999.0,1000.0,53.763440860215056,133.33333333333334,47.16981132075472,50.25125628140703,41.49377593360996,68.02721088435375,27.397260273972606,25.188916876574307,22.52252252252252,9999.0,18.90359168241966,19.157088122605362,102.04081632653062,22.321428571428573,35.2112676056338,23.474178403755868,100.0,1000.0
importance_of_life_domains|WVS_A,181.81818181818184,344.82758620689657,68.9655172413793,9999.0,9999.0,9999.0,9999.0,53.763440860215056,64.1025641025641,232.5581395348837,454.5454545454545,1000.0,81.96721311475409,217.3913043478261,232.5581395348837,61.7283950617284,625.0,105.26315789473685,53.763440860215056,45.87155963302752,34.72222222222222,54.054054054054056,0.0,79.36507936507937,188.67924528301887,25.706940874035993,65.78947368421052,82.64462809917356,78.125,357.14285714285717,1000.0,61.7283950617284,270.27027027027026,9999.0,67.56756756756756,72.46376811594203,1000.0,80.64516129032258,55.55555555555556,149.2537313432836,84.74576271186442,114.9425287356322,454.5454545454545,192.30769230769232,1000.0,56.497175141242934,9999.0,37.03703703703704,38.02281368821293,9999.0,192.30769230769232,9999.0,9999.0,61.34969325153375,77.51937984496124
institutional_threat_perception|WVS_H,9999.0,14.705882352941176,10.741138560687432,9999.0,56.81818181818181,89.28571428571429,416.6666666666667,10.111223458038422,55.24861878453038,27.77777777777778,106.38297872340425,9999.0,14.836795252225519,116.27906976744185,263.1578947368421,10.395010395010395,9999.0,25.57544757033248,48.07692307692308,9999.0,476.1904761904762,31.446540880503143,79.36507936507937,0.0,55.24861878453038,71.94244604316548,131.57894736842104,64.51612903225806,21.551724137931036,9999.0,21.27659574468085,82.64462809917356,21.551724137931036,9999.0,1000.0,46.51162790697675,34.36426116838488,23.255813953488374,9999.0,24.154589371980677,27.62430939226519,47.84688995215311,72.46376811594203,38.02281368821293,46.08294930875576,23.31002331002331,9999.0,15.847860538827257,9999.0,20.964360587002098,12.345679012345679,144.92753623188406,1000.0,10.504201680672269,99.00990099009901
international_organization_knowledge|WVS_E,181.81818181818184,9999.0,9999.0,9999.0,87.71929824561403,81.96721311475409,769.2307692307693,24.03846153846154,9999.0,9999.0,9999.0,36.90036900369004,9999.0,9999.0,9999.0,9999.0,588.2352941176471,35.3356890459364,80.0,74.6268656716418,40.983606557377044,40.0,188.67924528301887,55.24861878453038,0.0,59.1715976331361,1000.0,135.13513513513513,90.90909090909092,175.43859649122805,9999.0,9999.0,89.28571428571429,9999.0,123.4567901234568,1000.0,9999.0,9999.0,192.30769230769232,51.282051282051285,89.28571428571429,87.71929824561403,270.27027027027026,1000.0,9999.0,42.918454935622314,9999.0,9999.0,24.509803921568626,140.8450704225352,17.6678445229682,46.948356807511736,36.63003663003663,9999.0,60.975609756097555
job_scarcity_gender_discrimination|WVS_C,30.395136778115504,434.7826086956522,44.642857142857146,9999.0,17.21170395869191,1000.0,64.1025641025641,256.4102564102564,18.214936247723134,63.69426751592357,1000.0,28.328611898016998,20.242914979757085,45.24886877828054,31.847133757961785,44.84304932735426,103.09278350515464,111.11111111111111,20.491803278688522,15.360983102918585,6.91085003455425,43.47826086956522,25.706940874035993,71.94244604316548,59.1715976331361,0.0,9999.0,30.030030030030026,29.850746268656714,1000.0,116.27906976744185,22.779043280182233,1000.0,9999.0,24.330900243309003,17.6056338028169,64.1025641025641,46.29629629629629,13.333333333333334,1000.0,35.714285714285715,21.413276231263385,1000.0,51.282051282051285,38.91050583657587,31.948881789137378,9999.0,12.903225806451614,30.395136778115504,714.2857142857143,16.129032258064516,45.87155963302752,333.3333333333333,40.983606557377044,9999.0
job_scarcity_nativist_preference|WVS_C,277.77777777777777,31.152647975077883,43.66812227074236,9999.0,44.24778761061947,129.87012987012986,100.0,76.92307692307692,53.191489361702125,72.99270072992701,73.52941176470588,33.67003367003367,52.35602094240838,74.07407407407408,92.59259259259258,51.02040816326531,45.662100456621005,263.1578947368421,40.32258064516129,65.78947368421052,20.32520325203252,23.474178403755868,65.78947368421052,131.57894736842104,1000.0,9999.0,0.0,66.2251655629139,1000.0,78.74015748031496,39.52569169960474,36.90036900369004,59.523809523809526,9999.0,35.08771929824561,26.38522427440633,69.44444444444444,833.3333333333334,125.0,151.51515151515153,270.27027027027026,32.67973856209151,909.090909090909,28.409090909090907,45.45454545454546,76.33587786259541,9999.0,45.45454545454546,116.27906976744185,92.59259259259258,43.66812227074236,86.95652173913044,49.01960784313725,43.10344827586207,9999.0
life_autonomy_morality_permissiveness|WVS_F,303.03030303030306,555.5555555555555,56.497175141242934,9999.0,147.05882352941177,149.2537313432836,250.0,9999.0,67.56756756756756,204.08163265306123,322.5806451612903,133.33333333333334,111.11111111111111,270.27027027027026,357.14285714285717,55.24861878453038,1000.0,71.94244604316548,51.02040816326531,44.84304932735426,45.45454545454546,40.16064257028113,82.64462809917356,64.51612903225806,135.13513513513513,30.030030030030026,66.2251655629139,0.0,70.92198581560284,188.67924528301887,1000.0,57.14285714285714,227.27272727272725,9999.0,64.51612903225806,76.33587786259541,434.7826086956522,78.74015748031496,60.975609756097555,9999.0,9999.0,9999.0,9999.0,158.73015873015873,416.6666666666667,9999.0,9999.0,35.2112676056338,33.898305084745765,172.41379310344828,9999.0,196.078431372549,81.30081300813008,59.523809523809526,111.11111111111111
multilevel_place_attachment|WVS_G,149.2537313432836,22.675736961451246,15.822784810126581,9999.0,285.7142857142857,135.13513513513513,1000.0,15.698587127158554,54.054054054054056,42.19409282700422,161.29032258064515,25.125628140703515,20.74688796680498,370.3703703703703,1000.0,15.797788309636653,43.859649122807014,42.73504273504273,52.35602094240838,27.62430939226519,53.475935828877,9999.0,78.125,21.551724137931036,90.90909090909092,29.850746268656714,1000.0,70.92198581560284,0.0,35.587188612099645,35.3356890459364,82.64462809917356,9999.0,9999.0,9999.0,9999.0,57.4712643678161,32.57328990228013,23.419203747072597,38.61003861003861,36.90036900369004,96.15384615384616,125.0,60.6060606060606,52.35602094240838,32.05128205128205,9999.0,20.5761316872428,12.121212121212121,34.129692832764505,21.691973969631235,204.08163265306123,1000.0,14.66275659824047,270.27027027027026
neighborhood_disorder_and_crime|WVS_H,9999.0,21.929824561403507,16.80672268907563,9999.0,60.24096385542168,256.4102564102564,400.0,16.666666666666668,158.73015873015873,45.45454545454546,125.0,9999.0,23.474178403755868,135.13513513513513,666.6666666666666,18.01801801801802,9999.0,50.5050505050505,263.1578947368421,9999.0,86.95652173913044,92.59259259259258,357.14285714285717,9999.0,175.43859649122805,1000.0,78.74015748031496,188.67924528301887,35.587188612099645,0.0,27.3224043715847,500.0,31.152647975077883,9999.0,149.2537313432836,44.24778761061947,50.0,40.48582995951417,9999.0,36.63003663003663,47.84688995215311,55.24861878453038,103.09278350515464,42.016806722689076,58.13953488372093,44.642857142857146,9999.0,33.898305084745765,9999.0,29.940119760479043,20.408163265306122,108.69565217391305,99.00990099009901,15.772870662460567,81.96721311475409
offline_political_participation|WVS_E,555.5555555555555,9999.0,9999.0,9999.0,51.54639175257732,1000.0,151.51515151515153,15.1285930408472,9999.0,9999.0,9999.0,18.083182640144663,9999.0,9999.0,9999.0,9999.0,27.62430939226519,67.56756756756756,370.3703703703703,52.631578947368425,61.34969325153375,109.89010989010988,1000.0,21.27659574468085,9999.0,116.27906976744185,39.52569169960474,1000.0,35.3356890459364,27.3224043715847,0.0,9999.0,25.641025641025642,9999.0,56.497175141242934,30.211480362537767,9999.0,9999.0,26.38522427440633,40.816326530612244,52.631578947368425,31.347962382445143,136.986301369863,27.247956403269754,9999.0,63.291139240506325,9999.0,9999.0,12.953367875647668,27.855153203342617,19.120458891013385,57.4712643678161,46.51162790697675,9999.0,71.94244604316548
online_political_participation|WVS_E,625.0,9999.0,9999.0,9999.0,81.96721311475409,76.92307692307692,147.05882352941177,39.21568627450981,9999.0,9999.0,9999.0,1000.0,9999.0,9999.0,9999.0,9999.0,95.23809523809523,47.84688995215311,31.545741324921135,37.45318352059925,36.63003663003663,21.367521367521366,61.7283950617284,82.64462809917356,9999.0,22.779043280182233,36.90036900369004,57.14285714285714,82.64462809917356,500.0,9999.0,0.0,526.3157894736842,9999.0,35.3356890459364,37.174721189591075,9999.0,9999.0,90.09009009009009,98.0392156862745,66.2251655629139,55.24861878453038,232.5581395348837,51.282051282051285,9999.0,36.63003663003663,9999.0,9999.0,33.67003367003367,500.0,53.475935828877,57.4712643678161,36.36363636363637,9999.0,85.47008547008546
outgroup_trust|WVS_G,625.0,18.01801801801802,14.5985401459854,9999.0,56.17977528089888,256.4102564102564,185.18518518518516,14.814814814814813,153.84615384615384,39.21568627450981,75.75757575757576,19.455252918287936,19.120458891013385,100.0,192.30769230769232,14.814814814814813,32.78688524590164,51.282051282051285,178.57142857142858,45.04504504504504,86.95652173913044,9999.0,270.27027027027026,21.551724137931036,89.28571428571429,1000.0,59.523809523809526,227.27272727272725,9999.0,31.152647975077883,25.641025641025642,526.3157894736842,0.0,9999.0,9999.0,9999.0,40.983606557377044,36.101083032490976,30.959752321981423,36.496350364963504,45.24886877828054,40.16064257028113,142.85714285714286,33.222591362126245,42.19409282700422,43.66812227074236,9999.0,32.25806451612903,12.658227848101266,30.674846625766875,17.064846416382252,119.04761904761905,97.08737864077669,14.367816091954024,102.04081632653062
perceived_corruption|WVS_E,9999.0,9999.0,9999.0,9999.0,9999.0,9999.0,9999.0,9999.0,9999.0,9999.0,9999.0,9999.0,9999.0,9999.0,9999.0,9999.0,9999.0,9999.0,9999.0,9999.0,9999.0,9999.0,9999.0,9999.0,9999.0,9999.0,9999.0,9999.0,9999.0,9999.0,9999.0,9999.0,9999.0,0.0,9999.0,9999.0,9999.0,9999.0,9999.0,9999.0,9999.0,9999.0,9999.0,9999.0,9999.0,9999.0,9999.0,9999.0,9999.0,9999.0,9999.0,9999.0,9999.0,9999.0,9999.0
perceived_negative_effects_of_immigration|WVS_G,500.0,37.735849056603776,104.16666666666667,9999.0,59.1715976331361,100.0,123.4567901234568,666.6666666666666,58.13953488372093,114.9425287356322,81.30081300813008,70.4225352112676,93.45794392523365,90.90909090909092,169.49152542372883,112.35955056179776,51.282051282051285,77.51937984496124,37.45318352059925,54.94505494505494,29.15451895043732,9999.0,67.56756756756756,1000.0,123.4567901234568,24.330900243309003,35.08771929824561,64.51612903225806,9999.0,149.2537313432836,56.497175141242934,35.3356890459364,9999.0,9999.0,0.0,9999.0,129.87012987012986,169.49152542372883,161.29032258064515,555.5555555555555,129.87012987012986,39.52569169960474,384.61538461538464,40.816326530612244,44.84304932735426,50.5050505050505,9999.0,40.32258064516129,99.00990099009901,131.57894736842104,303.03030303030306,69.44444444444444,37.735849056603776,77.51937984496124,59.880239520958085
perceived_positive_effects_of_immigration|WVS_G,243.90243902439022,22.172949002217294,28.248587570621467,9999.0,34.48275862068965,200.0,84.74576271186442,30.395136778115504,57.14285714285714,60.24096385542168,63.291139240506325,26.595744680851062,30.395136778115504,63.69426751592357,89.28571428571429,26.80965147453083,32.67973856209151,303.03030303030306,42.5531914893617,87.71929824561403,20.28397565922921,9999.0,72.46376811594203,46.51162790697675,1000.0,17.6056338028169,26.38522427440633,76.33587786259541,9999.0,44.24778761061947,30.211480362537767,37.174721189591075,9999.0,9999.0,9999.0,0.0,48.07692307692308,153.84615384615384,1000.0,74.07407407407408,416.6666666666667,27.397260273972606,714.2857142857143,28.409090909090907,41.49377593360996,172.41379310344828,9999.0,68.4931506849315,36.76470588235294,50.76142131979696,26.7379679144385,85.47008547008546,42.918454935622314,25.06265664160401,37.45318352059925
political_information_sources|WVS_E,909.090909090909,9999.0,9999.0,9999.0,67.56756756756756,263.1578947368421,217.3913043478261,21.459227467811157,9999.0,9999.0,9999.0,26.17801047120419,9999.0,9999.0,9999.0,9999.0,50.76142131979696,58.13953488372093,1000.0,81.30081300813008,55.24861878453038,1000.0,1000.0,34.36426116838488,9999.0,64.1025641025641,69.44444444444444,434.7826086956522,57.4712643678161,50.0,9999.0,9999.0,40.983606557377044,9999.0,129.87012987012986,48.07692307692308,0.0,9999.0,71.94244604316548,50.76142131979696,72.46376811594203,51.54639175257732,217.3913043478261,49.75124378109453,9999.0,64.1025641025641,9999.0,9999.0,17.73049645390071,45.45454545454546,21.73913043478261,1000.0,238.0952380952381,9999.0,72.99270072992701
postmaterialist_values|WVS_E,227.27272727272725,9999.0,9999.0,9999.0,169.49152542372883,116.27906976744185,1000.0,15.552099533437016,9999.0,9999.0,9999.0,25.77319587628866,9999.0,9999.0,9999.0,9999.0,44.24778761061947,40.816326530612244,50.25125628140703,29.850746268656714,208.33333333333334,53.763440860215056,80.64516129032258,23.255813953488374,9999.0,46.29629629629629,833.3333333333334,78.74015748031496,32.57328990228013,40.48582995951417,9999.0,9999.0,36.101083032490976,9999.0,169.49152542372883,153.84615384615384,9999.0,0.0,28.011204481792713,38.91050583657587,39.52569169960474,78.74015748031496,135.13513513513513,65.35947712418302,9999.0,32.05128205128205,9999.0,9999.0,12.642225031605562,40.65040650406504,19.76284584980237,1000.0,200.0,9999.0,1000.0
precautionary_security_behaviors|WVS_H,9999.0,19.342359767891683,15.06024096385542,9999.0,90.90909090909092,588.2352941176471,263.1578947368421,15.552099533437016,33.67003367003367,29.069767441860463,81.96721311475409,9999.0,13.550135501355014,400.0,78.74015748031496,13.869625520110958,9999.0,108.69565217391305,41.666666666666664,9999.0,16.556291390728475,133.33333333333334,55.55555555555556,9999.0,192.30769230769232,13.333333333333334,125.0,60.975609756097555,23.419203747072597,9999.0,26.38522427440633,90.09009009009009,30.959752321981423,9999.0,161.29032258064515,1000.0,71.94244604316548,28.011204481792713,0.0,46.08294930875576,30.959752321981423,322.5806451612903,123.4567901234568,51.02040816326531,28.08988764044944,30.487804878048777,9999.0,16.181229773462782,9999.0,28.08988764044944,57.80346820809249,39.682539682539684,56.497175141242934,13.440860215053764,41.49377593360996
religion_versus_secularism_orientation|WVS_F,909.090909090909,25.44529262086514,16.835016835016834,9999.0,71.94244604316548,103.09278350515464,400.0,9999.0,109.89010989010988,55.24861878453038,208.33333333333334,22.026431718061673,30.581039755351682,140.8450704225352,140.8450704225352,17.825311942959004,51.02040816326531,33.78378378378378,78.125,40.816326530612244,70.92198581560284,47.16981132075472,149.2537313432836,24.154589371980677,51.282051282051285,1000.0,151.51515151515153,9999.0,38.61003861003861,36.63003663003663,40.816326530612244,98.0392156862745,36.496350364963504,9999.0,555.5555555555555,74.07407407407408,50.76142131979696,38.91050583657587,46.08294930875576,0.0,9999.0,9999.0,9999.0,62.893081761006286,114.9425287356322,9999.0,9999.0,27.3224043715847,12.836970474967908,40.16064257028113,9999.0,178.57142857142858,102.04081632653062,17.543859649122805,74.07407407407408
religious_belief|WVS_F,181.81818181818184,29.850746268656714,19.880715705765407,9999.0,909.090909090909,142.85714285714286,1000.0,9999.0,60.24096385542168,53.763440860215056,322.5806451612903,33.003300330033,27.47252747252747,714.2857142857143,1000.0,19.9203187250996,60.975609756097555,46.29629629629629,50.76142131979696,32.67973856209151,68.9655172413793,50.25125628140703,84.74576271186442,27.62430939226519,89.28571428571429,35.714285714285715,270.27027027027026,9999.0,36.90036900369004,47.84688995215311,52.631578947368425,66.2251655629139,45.24886877828054,9999.0,129.87012987012986,416.6666666666667,72.46376811594203,39.52569169960474,30.959752321981423,9999.0,0.0,9999.0,9999.0,86.20689655172414,89.28571428571429,9999.0,9999.0,24.03846153846154,14.55604075691412,44.052863436123346,9999.0,1000.0,227.27272727272725,18.41620626151013,357.14285714285717
religious_exclusivism|WVS_F,238.0952380952381,22.93577981651376,20.04008016032064,9999.0,37.3134328358209,1000.0,98.0392156862745,9999.0,90.90909090909092,59.523809523809526,89.28571428571429,23.419203747072597,38.314176245210724,64.93506493506493,76.33587786259541,22.72727272727273,37.45318352059925,90.09009009009009,74.6268656716418,270.27027027027026,20.618556701030926,41.49377593360996,114.9425287356322,47.84688995215311,87.71929824561403,21.413276231263385,32.67973856209151,9999.0,96.15384615384616,55.24861878453038,31.347962382445143,55.24861878453038,40.16064257028113,9999.0,39.52569169960474,27.397260273972606,51.54639175257732,78.74015748031496,322.5806451612903,9999.0,9999.0,0.0,9999.0,30.211480362537767,50.0,9999.0,9999.0,344.82758620689657,25.125628140703515,50.0,9999.0,303.03030303030306,125.0,21.78649237472767,39.52569169960474
religious_practice_and_self_identification|WVS_F,625.0,147.05882352941177,74.07407407407408,9999.0,263.1578947368421,303.03030303030306,1000.0,9999.0,357.14285714285717,256.4102564102564,1000.0,72.46376811594203,138.88888888888889,1000.0,1000.0,77.51937984496124,1000.0,97.08737864077669,188.67924528301887,136.986301369863,263.1578947368421,68.02721088435375,454.5454545454545,72.46376811594203,270.27027027027026,1000.0,909.090909090909,9999.0,125.0,103.09278350515464,136.986301369863,232.5581395348837,142.85714285714286,9999.0,384.61538461538464,714.2857142857143,217.3913043478261,135.13513513513513,123.4567901234568,9999.0,9999.0,9999.0,0.0,909.090909090909,909.090909090909,9999.0,9999.0,76.33587786259541,42.918454935622314,112.35955056179776,9999.0,833.3333333333334,500.0,74.6268656716418,285.7142857142857
science_skepticism|WVS_I,312.5,17.271157167530223,18.38235294117647,9999.0,54.6448087431694,217.3913043478261,113.63636363636363,23.364485981308412,238.0952380952381,42.016806722689076,59.523809523809526,24.691358024691358,21.367521367521366,77.51937984496124,163.93442622950818,19.53125,27.247956403269754,370.3703703703703,74.07407407407408,151.51515151515153,48.309178743961354,27.397260273972606,192.30769230769232,38.02281368821293,1000.0,51.282051282051285,28.409090909090907,158.73015873015873,60.6060606060606,42.016806722689076,27.247956403269754,51.282051282051285,33.222591362126245,9999.0,40.816326530612244,28.409090909090907,49.75124378109453,65.35947712418302,51.02040816326531,62.893081761006286,86.20689655172414,30.211480362537767,909.090909090909,0.0,30.211480362537767,1000.0,9999.0,285.7142857142857,20.04008016032064,40.816326530612244,27.855153203342617,58.13953488372093,45.24886877828054,17.6056338028169,80.0
science_technology_optimism|WVS_E,80.0,9999.0,9999.0,9999.0,322.5806451612903,119.04761904761905,178.57142857142858,38.167938931297705,9999.0,9999.0,9999.0,44.84304932735426,9999.0,9999.0,9999.0,9999.0,25.641025641025642,100.0,142.85714285714286,75.75757575757576,61.7283950617284,25.188916876574307,1000.0,46.08294930875576,9999.0,38.91050583657587,45.45454545454546,416.6666666666667,52.35602094240838,58.13953488372093,9999.0,9999.0,42.19409282700422,9999.0,44.84304932735426,41.49377593360996,9999.0,9999.0,28.08988764044944,114.9425287356322,89.28571428571429,50.0,909.090909090909,30.211480362537767,0.0,1000.0,9999.0,9999.0,27.17391304347826,48.543689320388346,416.6666666666667,41.1522633744856,30.030030030030026,9999.0,144.92753623188406
