,acceptance_of_state_surveillance|WVS_H,authoritarian_governance_tolerance|WVS_E,autocracy_support|WVS_E,basic_needs_deprivation|WVS_H,child_qualities_autonomy_self_expression|WVS_A,child_qualities_conformity_tradition|WVS_A,child_qualities_prosocial_diligence|WVS_A,civic_dishonesty_tolerance|WVS_F,confidence_in_civil_society_organizations|WVS_E,confidence_in_domestic_institutions|WVS_E,confidence_in_international_organizations|WVS_E,crime_victimization|WVS_H,democratic_system_evaluation|WVS_E,democratic_values_importance|WVS_E,economic_ideology|WVS_E,electoral_integrity|WVS_E,existential_threat_worry|WVS_H,familial_duty_obligations|WVS_D,female_income_threat_to_marriage|WVS_D,freedom_security_tradeoff_perception|WVS_H,gender_role_traditionalism|WVS_D,immigrant_origin_status|WVS_G,importance_of_life_domains|WVS_A,institutional_threat_perception|WVS_H,international_organization_knowledge|WVS_E,job_scarcity_gender_discrimination|WVS_C,job_scarcity_nativist_preference|WVS_C,life_autonomy_morality_permissiveness|WVS_F,multilevel_place_attachment|WVS_G,neighborhood_disorder_and_crime|WVS_H,offline_political_participation|WVS_E,online_political_participation|WVS_E,outgroup_trust|WVS_G,perceived_corruption|WVS_E,perceived_negative_effects_of_immigration|WVS_G,perceived_positive_effects_of_immigration|WVS_G,political_information_sources|WVS_E,postmaterialist_values|WVS_E,precautionary_security_behaviors|WVS_H,religion_versus_secularism_orientation|WVS_F,religious_belief|WVS_F,religious_exclusivism|WVS_F,religious_practice_and_self_identification|WVS_F,science_skepticism|WVS_I,science_technology_optimism|WVS_E,sexual_and_reproductive_morality_permissiveness|WVS_F,social_intolerance_outgroups|WVS_A,societal_change_attitudes|WVS_E,socioeconomic_insecurity_worry|WVS_H,subjective_wellbeing|WVS_A,violence_tolerance|WVS_F,voluntary_association_active_membership|WVS_A,voluntary_association_belonging|WVS_A,voting_participation|WVS_E,work_ethic|WVS_C
acceptance_of_state_surveillance|WVS_H,0.0,270.27027027027026,400.0,9999.0,60.6060606060606,75.18796992481204,416.6666666666667,45.662100456621005,91.74311926605505,78.125,212.7659574468085,9999.0,370.3703703703703,416.6666666666667,217.3913043478261,1000.0,9999.0,35.714285714285715,37.87878787878788,9999.0,31.25,55.24861878453038,208.33333333333334,9999.0,53.191489361702125,33.003300330033,33.222591362126245,61.34969325153375,68.9655172413793,9999.0,85.47008547008546,49.504950495049506,112.35955056179776,1000.0,40.816326530612244,222.22222222222223,54.054054054054056,51.54639175257732,9999.0,51.81347150259067,84.74576271186442,55.55555555555556,66.2251655629139,48.309178743961354,102.04081632653062,34.129692832764505,75.75757575757576,200.0,9999.0,52.083333333333336,9999.0,9999.0,9999.0,9999.0,41.84100418410041
authoritarian_governance_tolerance|WVS_E,270.27027027027026,0.0,9999.0,29.761904761904763,17.094017094017094,18.38235294117647,29.41176470588235,28.409090909090907,9999.0,9999.0,9999.0,60.975609756097555,9999.0,9999.0,9999.0,9999.0,42.5531914893617,22.52252252252252,16.260162601626018,26.666666666666668,22.172949002217294,52.631578947368425,200.0,333.3333333333333,9999.0,12.706480304955527,13.35113484646195,14.025245441795231,27.548209366391184,100.0,9999.0,9999.0,30.030030030030026,9999.0,14.285714285714285,80.0,9999.0,9999.0,100.0,12.69035532994924,24.630541871921185,11.904761904761903,11.976047904191615,13.175230566534916,9999.0,10.493179433368311,14.265335235378032,9999.0,18.115942028985508,17.636684303350968,9999.0,9999.0,9999.0,9999.0,13.908205841446453
autocracy_support|WVS_E,400.0,9999.0,0.0,153.84615384615384,45.87155963302752,55.55555555555556,121.95121951219511,59.880239520958085,9999.0,9999.0,9999.0,32.05128205128205,9999.0,9999.0,9999.0,9999.0,119.04761904761905,344.82758620689657,33.222591362126245,74.07407407407408,41.49377593360996,26.7379679144385,119.04761904761905,71.94244604316548,9999.0,21.598272138228943,24.57002457002457,48.543689320388346,48.78048780487805,34.129692832764505,9999.0,9999.0,72.99270072992701,9999.0,30.395136778115504,58.13953488372093,9999.0,9999.0,36.231884057971016,44.052863436123346,88.49557522123894,39.0625,42.016806722689076,36.90036900369004,9999.0,30.674846625766875,29.761904761904763,9999.0,41.666666666666664,81.96721311475409,9999.0,9999.0,9999.0,9999.0,39.21568627450981
basic_needs_deprivation|WVS_H,9999.0,29.761904761904763,153.84615384615384,0.0,56.17977528089888,43.47826086956522,68.4931506849315,322.5806451612903,51.54639175257732,44.052863436123346,181.81818181818184,9999.0,147.05882352941177,19.9203187250996,95.23809523809523,454.5454545454545,9999.0,23.980815347721823,87.71929824561403,9999.0,82.64462809917356,20.70393374741201,108.69565217391305,9999.0,21.978021978021978,97.08737864077669,172.41379310344828,31.347962382445143,666.6666666666666,9999.0,35.587188612099645,15.600624024960997,147.05882352941177,71.42857142857143,103.09278350515464,50.25125628140703,24.691358024691358,80.0,9999.0,28.653295128939828,59.523809523809526,21.645021645021647,23.58490566037736,36.63003663003663,416.6666666666667,24.875621890547265,78.125,80.64516129032258,9999.0,27.700831024930746,9999.0,9999.0,9999.0,9999.0,33.557046979865774
child_qualities_autonomy_self_expression|WVS_A,60.6060606060606,17.094017094017094,45.87155963302752,56.17977528089888,0.0,9999.0,9999.0,13.679890560875513,238.0952380952381,14.771048744460858,256.4102564102564,33.44481605351171,38.314176245210724,212.7659574468085,29.940119760479043,72.46376811594203,41.32231404958678,14.513788098693759,11.148272017837234,19.53125,13.123359580052492,14.684287812041118,9999.0,70.4225352112676,29.15451895043732,9.460737937559129,8.56898029134533,11.273957158962796,16.863406408094434,43.47826086956522,12.062726176115802,7.704160246533128,18.79699248120301,151.51515151515153,9.990009990009991,41.1522633744856,9.45179584120983,15.772870662460567,34.48275862068965,9.633911368015413,15.4320987654321,9.671179883945841,8.756567425569177,10.030090270812437,17.452006980802793,7.158196134574088,9999.0,21.73913043478261,7.936507936507937,9999.0,9999.0,9999.0,9999.0,9999.0,10.615711252653927
child_qualities_conformity_tradition|WVS_A,75.18796992481204,18.38235294117647,55.55555555555556,43.47826086956522,9999.0,0.0,9999.0,16.420361247947454,322.5806451612903,16.638935108153078,256.4102564102564,49.26108374384237,41.32231404958678,90.90909090909092,31.152647975077883,90.09009009009009,41.666666666666664,16.207455429497568,13.477088948787062,21.88183807439825,16.97792869269949,18.552875695732837,9999.0,78.125,21.231422505307854,11.723329425556859,10.741138560687432,12.836970474967908,18.79699248120301,59.523809523809526,11.918951132300357,7.867820613690008,21.05263157894737,232.5581395348837,11.312217194570135,56.497175141242934,9.746588693957115,18.93939393939394,27.62430939226519,10.75268817204301,16.863406408094434,10.626992561105206,9.354536950420954,11.428571428571429,19.193857965451055,8.340283569641368,9999.0,24.271844660194173,9.115770282588878,9999.0,9999.0,9999.0,9999.0,9999.0,11.235955056179776
child_qualities_prosocial_diligence|WVS_A,416.6666666666667,29.41176470588235,121.95121951219511,68.4931506849315,9999.0,9999.0,0.0,33.557046979865774,71.42857142857143,25.641025641025642,476.1904761904762,119.04761904761905,63.69426751592357,71.42857142857143,54.6448087431694,196.078431372549,59.880239520958085,34.72222222222222,30.211480362537767,36.90036900369004,58.47953216374269,60.6060606060606,9999.0,120.48192771084337,23.094688221709006,29.069767441860463,22.62443438914027,22.72727272727273,40.48582995951417,166.66666666666666,17.761989342806395,14.184397163120568,32.89473684210526,454.5454545454545,22.98850574712644,172.41379310344828,16.69449081803005,47.84688995215311,31.545741324921135,19.49317738791423,25.77319587628866,17.88908765652952,14.749262536873157,20.876826722338205,35.2112676056338,15.1285930408472,9999.0,41.666666666666664,19.011406844106464,9999.0,9999.0,9999.0,9999.0,9999.0,20.618556701030926
civic_dishonesty_tolerance|WVS_F,45.662100456621005,28.409090909090907,59.880239520958085,322.5806451612903,13.679890560875513,16.420361247947454,33.557046979865774,0.0,126.58227848101265,17.123287671232877,476.1904761904762,31.847133757961785,53.191489361702125,1000.0,38.91050583657587,135.13513513513513,51.54639175257732,15.576323987538942,12.626262626262625,24.271844660194173,14.367816091954024,13.698630136986303,232.5581395348837,54.94505494505494,178.57142857142858,11.001100110011002,9.900990099009901,9999.0,18.484288354898336,41.1522633744856,20.70393374741201,10.460251046025103,20.66115702479339,147.05882352941177,10.787486515641856,40.983606557377044,11.210762331838565,15.974440894568689,31.948881789137378,9999.0,9999.0,9999.0,9999.0,11.52073732718894,18.69158878504673,9999.0,15.408320493066256,29.850746268656714,8.025682182985554,15.197568389057752,9999.0,9999.0,9999.0,9999.0,11.312217194570135
confidence_in_civil_society_organizations|WVS_E,91.74311926605505,9999.0,9999.0,51.54639175257732,238.0952380952381,322.5806451612903,71.42857142857143,126.58227848101265,0.0,9999.0,9999.0,32.362459546925564,9999.0,9999.0,9999.0,9999.0,55.24861878453038,1000.0,41.49377593360996,250.0,26.954177897574123,28.328611898016998,140.8450704225352,1000.0,9999.0,22.42152466367713,33.44481605351171,1000.0,104.16666666666667,33.67003367003367,9999.0,9999.0,138.88888888888889,9999.0,62.11180124223603,60.6060606060606,9999.0,9999.0,17.57469244288225,156.25,91.74311926605505,107.52688172043011,37.87878787878788,588.2352941176471,9999.0,833.3333333333334,68.4931506849315,9999.0,144.92753623188406,131.57894736842104,9999.0,9999.0,9999.0,9999.0,263.1578947368421
confidence_in_domestic_institutions|WVS_E,78.125,9999.0,9999.0,44.052863436123346,14.771048744460858,16.638935108153078,25.641025641025642,17.123287671232877,9999.0,0.0,9999.0,112.35955056179776,9999.0,9999.0,9999.0,9999.0,30.581039755351682,16.286644951140065,17.21170395869191,25.0,22.22222222222222,26.881720430107528,181.81818181818184,129.87012987012986,9999.0,16.286644951140065,12.135922330097086,14.265335235378032,22.42152466367713,277.77777777777777,9999.0,9999.0,21.367521367521366,9999.0,13.717421124828531,123.4567901234568,9999.0,9999.0,16.129032258064516,11.337868480725623,16.611295681063122,11.641443538998836,9.775171065493646,12.69035532994924,9999.0,9.017132551848512,17.123287671232877,9999.0,9.337068160597573,15.479876160990711,9999.0,9999.0,9999.0,9999.0,12.88659793814433
confidence_in_international_organizations|WVS_E,212.7659574468085,9999.0,9999.0,181.81818181818184,256.4102564102564,256.4102564102564,476.1904761904762,476.1904761904762,9999.0,9999.0,0.0,43.859649122807014,9999.0,9999.0,9999.0,9999.0,82.64462809917356,63.69426751592357,135.13513513513513,212.7659574468085,476.1904761904762,63.291139240506325,101.010101010101,107.52688172043011,9999.0,51.81347150259067,84.74576271186442,166.66666666666666,169.49152542372883,43.29004329004329,9999.0,9999.0,833.3333333333334,9999.0,111.11111111111111,94.33962264150944,9999.0,9999.0,29.58579881656805,357.14285714285717,666.6666666666666,204.08163265306123,769.2307692307693,222.22222222222223,9999.0,181.81818181818184,59.1715976331361,9999.0,77.51937984496124,285.7142857142857,9999.0,9999.0,9999.0,9999.0,400.0
crime_victimization|WVS_H,9999.0,60.975609756097555,32.05128205128205,9999.0,33.44481605351171,49.26108374384237,119.04761904761905,31.847133757961785,32.362459546925564,112.35955056179776,43.859649122807014,0.0,33.557046979865774,16.077170418006432,79.36507936507937,40.983606557377044,9999.0,56.81818181818181,21.73913043478261,9999.0,30.8641975308642,11.441647597254004,52.631578947368425,9999.0,136.986301369863,13.927576601671309,15.037593984962406,43.859649122807014,26.666666666666668,9999.0,19.841269841269842,21.598272138228943,42.73504273504273,50.5050505050505,20.242914979757085,24.154589371980677,43.29004329004329,18.281535648994517,9999.0,42.918454935622314,76.92307692307692,48.78048780487805,33.44481605351171,28.98550724637681,28.011204481792713,22.779043280182233,19.607843137254903,35.3356890459364,9999.0,434.7826086956522,9999.0,9999.0,9999.0,9999.0,35.97122302158274
democratic_system_evaluation|WVS_E,370.3703703703703,9999.0,9999.0,147.05882352941177,38.314176245210724,41.32231404958678,63.69426751592357,53.191489361702125,9999.0,9999.0,9999.0,33.557046979865774,0.0,9999.0,9999.0,9999.0,142.85714285714286,909.090909090909,40.983606557377044,52.083333333333336,133.33333333333334,27.62430939226519,112.35955056179776,41.1522633744856,9999.0,29.15451895043732,29.15451895043732,42.5531914893617,43.10344827586207,31.545741324921135,9999.0,9999.0,44.44444444444444,9999.0,29.673590504451038,57.80346820809249,9999.0,9999.0,120.48192771084337,35.08771929824561,49.01960784313725,36.496350364963504,25.839793281653748,32.57328990228013,9999.0,26.315789473684212,29.498525073746315,9999.0,38.167938931297705,78.125,9999.0,9999.0,9999.0,9999.0,42.37288135593221
democratic_values_importance|WVS_E,416.6666666666667,9999.0,9999.0,19.9203187250996,212.7659574468085,90.90909090909092,71.42857142857143,1000.0,9999.0,9999.0,9999.0,16.077170418006432,9999.0,0.0,9999.0,9999.0,21.459227467811157,20.79002079002079,120.48192771084337,208.33333333333334,294.11764705882354,14.684287812041118,52.91005291005291,23.64066193853428,9999.0,33.78378378378378,52.083333333333336,57.80346820809249,84.74576271186442,14.641288433382138,9999.0,9999.0,294.11764705882354,9999.0,85.47008547008546,30.959752321981423,9999.0,9999.0,11.723329425556859,42.5531914893617,54.6448087431694,38.167938931297705,39.37007874015748,86.95652173913044,9999.0,50.0,81.30081300813008,9999.0,63.291139240506325,29.761904761904763,9999.0,9999.0,9999.0,9999.0,59.880239520958085
economic_ideology|WVS_E,217.3913043478261,9999.0,9999.0,95.23809523809523,29.940119760479043,31.152647975077883,54.6448087431694,38.91050583657587,9999.0,9999.0,9999.0,79.36507936507937,9999.0,9999.0,0.0,9999.0,116.27906976744185,39.8406374501992,27.62430939226519,47.39336492890995,39.682539682539684,41.49377593360996,500.0,149.2537313432836,9999.0,21.73913043478261,21.929824561403507,27.247956403269754,40.816326530612244,76.92307692307692,9999.0,9999.0,45.04504504504504,9999.0,24.93765586034913,96.15384615384616,9999.0,9999.0,93.45794392523365,22.321428571428573,35.08771929824561,22.93577981651376,20.618556701030926,24.03846153846154,9999.0,17.953321364452425,25.706940874035993,9999.0,22.371364653243848,33.557046979865774,9999.0,9999.0,9999.0,9999.0,23.923444976076556
electoral_integrity|WVS_E,1000.0,9999.0,9999.0,454.5454545454545,72.46376811594203,90.09009009009009,196.078431372549,135.13513513513513,9999.0,9999.0,9999.0,40.983606557377044,9999.0,9999.0,9999.0,0.0,112.35955056179776,303.03030303030306,49.504950495049506,116.27906976744185,58.8235294117647,43.10344827586207,113.63636363636363,133.33333333333334,9999.0,28.169014084507044,33.44481605351171,64.93506493506493,75.18796992481204,42.016806722689076,9999.0,9999.0,147.05882352941177,9999.0,46.51162790697675,76.33587786259541,9999.0,9999.0,29.498525073746315,68.4931506849315,250.0,56.17977528089888,80.0,60.6060606060606,9999.0,46.29629629629629,37.59398496240602,9999.0,175.43859649122805,140.8450704225352,9999.0,9999.0,9999.0,9999.0,64.51612903225806
existential_threat_worry|WVS_H,9999.0,42.5531914893617,119.04761904761905,9999.0,41.32231404958678,41.666666666666664,59.880239520958085,51.54639175257732,55.24861878453038,30.581039755351682,82.64462809917356,9999.0,142.85714285714286,21.459227467811157,116.27906976744185,112.35955056179776,0.0,18.832391713747647,49.75124378109453,9999.0,50.25125628140703,36.496350364963504,76.92307692307692,9999.0,33.67003367003367,86.95652173913044,60.6060606060606,29.239766081871345,185.18518518518516,9999.0,116.27906976744185,23.64066193853428,62.5,106.38297872340425,47.16981132075472,66.2251655629139,21.83406113537118,277.77777777777777,9999.0,24.154589371980677,38.46153846153846,21.83406113537118,19.68503937007874,27.700831024930746,117.6470588235294,22.22222222222222,90.09009009009009,107.52688172043011,9999.0,25.0,9999.0,9999.0,9999.0,9999.0,28.08988764044944
familial_duty_obligations|WVS_D,35.714285714285715,22.52252252252252,344.82758620689657,23.980815347721823,14.513788098693759,16.207455429497568,34.72222222222222,15.576323987538942,1000.0,16.286644951140065,63.69426751592357,56.81818181818181,909.090909090909,20.79002079002079,39.8406374501992,303.03030303030306,18.832391713747647,0.0,9999.0,29.761904761904763,9999.0,59.523809523809526,54.054054054054056,41.666666666666664,65.35947712418302,12.836970474967908,11.890606420927469,13.477088948787062,24.271844660194173,33.78378378378378,61.34969325153375,9.79431929480901,27.548209366391184,156.25,12.610340479192939,1000.0,11.049723756906078,24.509803921568626,13.869625520110958,10.845986984815617,17.761989342806395,10.952902519167578,10.695187165775401,12.391573729863694,25.125628140703515,8.216926869350862,19.267822736030826,34.48275862068965,8.077544426494347,11.507479861910241,9999.0,9999.0,9999.0,9999.0,10.964912280701753
female_income_threat_to_marriage|WVS_D,37.87878787878788,16.260162601626018,33.222591362126245,87.71929824561403,11.148272017837234,13.477088948787062,30.211480362537767,12.626262626262625,41.49377593360996,17.21170395869191,135.13513513513513,21.73913043478261,40.983606557377044,120.48192771084337,27.62430939226519,49.504950495049506,49.75124378109453,9999.0,0.0,20.366598778004075,9999.0,11.723329425556859,588.2352941176471,83.33333333333333,75.18796992481204,7.710100231303007,7.53012048192771,11.19820828667413,14.471780028943561,28.409090909090907,12.69035532994924,6.988120195667365,18.51851851851852,129.87012987012986,8.31255195344971,32.154340836012864,9.765625,12.970168612191959,172.41379310344828,9.940357852882704,16.31321370309951,9.823182711198427,9.433962264150944,9.718172983479105,16.025641025641026,6.688963210702341,10.183299389002038,18.93939393939394,6.997900629811057,12.360939431396787,9999.0,9999.0,9999.0,9999.0,9.22509225092251
freedom_security_tradeoff_perception|WVS_H,9999.0,26.666666666666668,74.07407407407408,9999.0,19.53125,21.88183807439825,36.90036900369004,24.271844660194173,250.0,25.0,212.7659574468085,9999.0,52.083333333333336,208.33333333333334,47.39336492890995,116.27906976744185,9999.0,29.761904761904763,20.366598778004075,0.0,28.653295128939828,30.769230769230766,625.0,9999.0,27.247956403269754,17.6678445229682,15.847860538827257,19.37984496124031,29.239766081871345,9999.0,16.077170418006432,11.26126126126126,30.030030030030026,250.0,16.44736842105263,75.75757575757576,14.947683109118087,28.901734104046245,9999.0,15.698587127158554,24.630541871921185,15.600624024960997,13.869625520110958,16.778523489932887,28.653295128939828,13.531799729364007,20.618556701030926,32.25806451612903,9999.0,23.980815347721823,9999.0,9999.0,9999.0,9999.0,18.214936247723134
gender_role_traditionalism|WVS_D,31.25,22.172949002217294,41.49377593360996,82.64462809917356,13.123359580052492,16.97792869269949,58.47953216374269,14.367816091954024,26.954177897574123,22.22222222222222,476.1904761904762,30.8641975308642,133.33333333333334,294.11764705882354,39.682539682539684,58.8235294117647,50.25125628140703,9999.0,9999.0,28.653295128939828,0.0,13.966480446927374,238.0952380952381,119.04761904761905,45.24886877828054,7.886435331230284,8.244023083264633,13.020833333333334,18.315018315018314,46.29629629629629,36.36363636363637,9.47867298578199,27.932960893854748,357.14285714285717,10.183299389002038,43.10344827586207,11.248593925759279,14.104372355430183,1000.0,12.004801920768308,22.075055187637968,10.857763300760043,13.698630136986303,11.834319526627219,22.42152466367713,8.460236886632826,12.468827930174564,24.57002457002457,8.382229673093043,13.623978201634877,9999.0,9999.0,9999.0,9999.0,10.75268817204301
immigrant_origin_status|WVS_G,55.24861878453038,52.631578947368425,26.7379679144385,20.70393374741201,14.684287812041118,18.552875695732837,60.6060606060606,13.698630136986303,28.328611898016998,26.881720430107528,63.291139240506325,11.441647597254004,27.62430939226519,14.684287812041118,41.49377593360996,43.10344827586207,36.496350364963504,59.523809523809526,11.723329425556859,30.769230769230766,13.966480446927374,0.0,73.52941176470588,16.181229773462782,33.557046979865774,8.445945945945946,8.424599831508003,19.960079840319363,9999.0,10.869565217391305,20.32520325203252,12.626262626262625,9999.0,38.167938931297705,9999.0,9999.0,16.778523489932887,10.869565217391305,16.89189189189189,16.10305958132045,23.094688221709006,21.367521367521366,15.360983102918585,12.77139208173691,17.064846416382252,10.0,13.531799729364007,25.77319587628866,8.787346221441124,30.674846625766875,9999.0,9999.0,9999.0,9999.0,15.600624024960997
importance_of_life_domains|WVS_A,208.33333333333334,200.0,119.04761904761905,108.69565217391305,9999.0,9999.0,9999.0,232.5581395348837,140.8450704225352,181.81818181818184,101.010101010101,52.631578947368425,112.35955056179776,52.91005291005291,500.0,113.63636363636363,76.92307692307692,54.054054054054056,588.2352941176471,625.0,238.0952380952381,73.52941176470588,0.0,90.09009009009009,142.85714285714286,96.15384615384616,204.08163265306123,1000.0,270.27027027027026,47.61904761904761,46.29629629629629,125.0,1000.0,222.22222222222223,454.5454545454545,108.69565217391305,1000.0,142.85714285714286,35.2112676056338,303.03030303030306,277.77777777777777,526.3157894736842,312.5,1000.0,256.4102564102564,714.2857142857143,9999.0,158.73015873015873,75.18796992481204,9999.0,9999.0,9999.0,9999.0,9999.0,476.1904761904762
institutional_threat_perception|WVS_H,9999.0,333.3333333333333,71.94244604316548,9999.0,70.4225352112676,78.125,120.48192771084337,54.94505494505494,1000.0,129.87012987012986,107.52688172043011,9999.0,41.1522633744856,23.64066193853428,149.2537313432836,133.33333333333334,9999.0,41.666666666666664,83.33333333333333,9999.0,119.04761904761905,16.181229773462782,90.09009009009009,0.0,208.33333333333334,54.34782608695652,36.76470588235294,175.43859649122805,44.44444444444444,9999.0,31.746031746031747,106.38297872340425,48.543689320388346,59.523809523809526,40.48582995951417,37.3134328358209,238.0952380952381,38.91050583657587,9999.0,108.69565217391305,75.18796992481204,1000.0,42.73504273504273,59.523809523809526,41.84100418410041,52.35602094240838,54.054054054054056,131.57894736842104,9999.0,114.9425287356322,9999.0,9999.0,9999.0,9999.0,133.33333333333334
international_organization_knowledge|WVS_E,53.191489361702125,9999.0,9999.0,21.978021978021978,29.15451895043732,21.231422505307854,23.094688221709006,178.57142857142858,9999.0,9999.0,9999.0,136.986301369863,9999.0,9999.0,9999.0,9999.0,33.67003367003367,65.35947712418302,75.18796992481204,27.247956403269754,45.24886877828054,33.557046979865774,142.85714285714286,208.33333333333334,0.0,83.33333333333333,50.76142131979696,19.047619047619047,63.69426751592357,140.8450704225352,9999.0,9999.0,28.73563218390805,9999.0,31.347962382445143,294.11764705882354,9999.0,9999.0,22.172949002217294,16.339869281045754,23.20185614849188,12.9366106080207,11.049723756906078,18.484288354898336,9999.0,14.727540500736376,22.573363431151243,9999.0,128.2051282051282,24.390243902439025,9999.0,9999.0,9999.0,9999.0,20.618556701030926
job_scarcity_gender_discrimination|WVS_C,33.003300330033,12.706480304955527,21.598272138228943,97.08737864077669,9.460737937559129,11.723329425556859,29.069767441860463,11.001100110011002,22.42152466367713,16.286644951140065,51.81347150259067,13.927576601671309,29.15451895043732,33.78378378378378,21.73913043478261,28.169014084507044,86.95652173913044,12.836970474967908,7.710100231303007,17.6678445229682,7.886435331230284,8.445945945945946,96.15384615384616,54.34782608695652,83.33333333333333,0.0,9999.0,9.017132551848512,11.682242990654206,16.80672268907563,9.633911368015413,5.9066745422327225,16.420361247947454,80.0,7.042253521126761,20.2020202020202,7.818608287724784,9.37207122774133,30.3030303030303,8.64304235090752,14.245014245014245,8.123476848090982,9.140767824497258,7.955449482895784,13.531799729364007,5.861664712778429,8.176614881439084,14.619883040935672,6.635700066357001,11.534025374855824,9999.0,9999.0,9999.0,9999.0,9999.0
job_scarcity_nativist_preference|WVS_C,33.222591362126245,13.35113484646195,24.57002457002457,172.41379310344828,8.56898029134533,10.741138560687432,22.62443438914027,9.900990099009901,33.44481605351171,12.135922330097086,84.74576271186442,15.037593984962406,29.15451895043732,52.083333333333336,21.929824561403507,33.44481605351171,60.6060606060606,11.890606420927469,7.53012048192771,15.847860538827257,8.244023083264633,8.424599831508003,204.08163265306123,36.76470588235294,50.76142131979696,9999.0,0.0,9.00900900900901,11.60092807424594,17.513134851138354,9.75609756097561,5.694760820045558,14.388489208633093,74.07407407407408,6.756756756756757,22.075055187637968,7.112375533428165,9.049773755656108,188.67924528301887,7.849293563579277,11.76470588235294,7.336757153338224,7.057163020465773,7.49063670411985,12.330456226880393,5.807200929152149,8.045052292839904,14.880952380952381,5.9171597633136095,10.526315789473685,9999.0,9999.0,9999.0,9999.0,9999.0
life_autonomy_morality_permissiveness|WVS_F,61.34969325153375,14.025245441795231,48.543689320388346,31.347962382445143,11.273957158962796,12.836970474967908,22.72727272727273,9999.0,1000.0,14.265335235378032,166.66666666666666,43.859649122807014,42.5531914893617,57.80346820809249,27.247956403269754,64.93506493506493,29.239766081871345,13.477088948787062,11.19820828667413,19.37984496124031,13.020833333333334,19.960079840319363,1000.0,175.43859649122805,19.047619047619047,9.017132551848512,9.00900900900901,0.0,16.233766233766232,75.75757575757576,10.460251046025103,6.180469715698393,17.825311942959004,322.5806451612903,9.433962264150944,46.728971962616825,8.460236886632826,17.421602787456447,29.58579881656805,9999.0,9999.0,9999.0,9999.0,9.416195856873824,16.863406408094434,9999.0,10.940919037199125,18.315018315018314,8.123476848090982,11.947431302270012,9999.0,9999.0,9999.0,9999.0,9.19963201471941
multilevel_place_attachment|WVS_G,68.9655172413793,27.548209366391184,48.78048780487805,666.6666666666666,16.863406408094434,18.79699248120301,40.48582995951417,18.484288354898336,104.16666666666667,22.42152466367713,169.49152542372883,26.666666666666668,43.10344827586207,84.74576271186442,40.816326530612244,75.18796992481204,185.18518518518516,24.271844660194173,14.471780028943561,29.239766081871345,18.315018315018314,9999.0,270.27027027027026,44.44444444444444,63.69426751592357,11.682242990654206,11.60092807424594,16.233766233766232,0.0,30.211480362537767,17.482517482517483,11.574074074074073,9999.0,108.69565217391305,9999.0,9999.0,13.908205841446453,18.181818181818183,151.51515151515153,14.57725947521866,22.075055187637968,14.184397163120568,13.037809647979138,14.534883720930232,22.321428571428573,10.649627263045794,15.503875968992247,30.395136778115504,10.91703056768559,20.161290322580644,9999.0,9999.0,9999.0,9999.0,15.015015015015013
neighborhood_disorder_and_crime|WVS_H,9999.0,100.0,34.129692832764505,9999.0,43.47826086956522,59.523809523809526,166.66666666666666,41.1522633744856,33.67003367003367,277.77777777777777,43.29004329004329,9999.0,31.545741324921135,14.641288433382138,76.92307692307692,42.016806722689076,9999.0,33.78378378378378,28.409090909090907,9999.0,46.29629629629629,10.869565217391305,47.61904761904761,9999.0,140.8450704225352,16.80672268907563,17.513134851138354,75.75757575757576,30.211480362537767,0.0,18.315018315018314,36.36363636363637,52.631578947368425,49.26108374384237,23.86634844868735,24.213075060532685,78.74015748031496,20.618556701030926,9999.0,68.02721088435375,133.33333333333334,129.87012987012986,67.56756756756756,44.642857142857146,31.645569620253163,37.174721189591075,21.459227467811157,45.662100456621005,9999.0,103.09278350515464,9999.0,9999.0,9999.0,9999.0,61.7283950617284
offline_political_participation|WVS_E,85.47008547008546,9999.0,9999.0,35.587188612099645,12.062726176115802,11.918951132300357,17.761989342806395,20.70393374741201,9999.0,9999.0,9999.0,19.841269841269842,9999.0,9999.0,9999.0,9999.0,116.27906976744185,61.34969325153375,12.69035532994924,16.077170418006432,36.36363636363637,20.32520325203252,46.29629629629629,31.746031746031747,9999.0,9.633911368015413,9.75609756097561,10.460251046025103,17.482517482517483,18.315018315018314,0.0,9999.0,16.835016835016834,9999.0,10.449320794148381,31.152647975077883,9999.0,9999.0,83.33333333333333,9.560229445506693,16.556291390728475,8.787346221441124,7.662835249042145,9.940357852882704,9999.0,7.74593338497289,8.936550491510276,9999.0,19.68503937007874,15.552099533437016,9999.0,9999.0,9999.0,9999.0,11.160714285714286
online_political_participation|WVS_E,49.504950495049506,9999.0,9999.0,15.600624024960997,7.704160246533128,7.867820613690008,14.184397163120568,10.460251046025103,9999.0,9999.0,9999.0,21.598272138228943,9999.0,9999.0,9999.0,9999.0,23.64066193853428,9.79431929480901,6.988120195667365,11.26126126126126,9.47867298578199,12.626262626262625,125.0,106.38297872340425,9999.0,5.9066745422327225,5.694760820045558,6.180469715698393,11.574074074074073,36.36363636363637,9999.0,0.0,11.363636363636365,9999.0,6.329113924050633,28.901734104046245,9999.0,9999.0,23.364485981308412,5.216484089723526,9.099181073703367,5.130836326321191,5.099439061703213,5.963029218843173,9999.0,4.432624113475177,6.596306068601582,9999.0,5.777007510109763,7.776049766718508,9999.0,9999.0,9999.0,9999.0,6.108735491753206
outgroup_trust|WVS_G,112.35955056179776,30.030030030030026,72.99270072992701,147.05882352941177,18.79699248120301,21.05263157894737,32.89473684210526,20.66115702479339,138.88888888888889,21.367521367521366,833.3333333333334,42.73504273504273,44.44444444444444,294.11764705882354,45.04504504504504,147.05882352941177,62.5,27.548209366391184,18.51851851851852,30.030030030030026,27.932960893854748,9999.0,1000.0,48.543689320388346,28.73563218390805,16.420361247947454,14.388489208633093,17.825311942959004,9999.0,52.631578947368425,16.835016835016834,11.363636363636365,0.0,151.51515151515153,9999.0,9999.0,14.534883720930232,25.0,34.36426116838488,14.641288433382138,21.186440677966104,14.992503748125937,12.300123001230013,15.337423312883438,24.03846153846154,11.185682326621924,19.342359767891683,36.76470588235294,11.709601873536299,21.78649237472767,9999.0,9999.0,9999.0,9999.0,16.10305958132045
perceived_corruption|WVS_E,1000.0,9999.0,9999.0,71.42857142857143,151.51515151515153,232.5581395348837,454.5454545454545,147.05882352941177,9999.0,9999.0,9999.0,50.5050505050505,9999.0,9999.0,9999.0,9999.0,106.38297872340425,156.25,129.87012987012986,250.0,357.14285714285717,38.167938931297705,222.22222222222223,59.523809523809526,9999.0,80.0,74.07407407407408,322.5806451612903,108.69565217391305,49.26108374384237,9999.0,9999.0,151.51515151515153,0.0,86.20689655172414,93.45794392523365,9999.0,9999.0,68.9655172413793,344.82758620689657,270.27027027027026,434.7826086956522,185.18518518518516,147.05882352941177,9999.0,138.88888888888889,112.35955056179776,9999.0,89.28571428571429,666.6666666666666,9999.0,9999.0,9999.0,9999.0,285.7142857142857
perceived_negative_effects_of_immigration|WVS_G,40.816326530612244,14.285714285714285,30.395136778115504,103.09278350515464,9.990009990009991,11.312217194570135,22.98850574712644,10.787486515641856,62.11180124223603,13.717421124828531,111.11111111111111,20.242914979757085,29.673590504451038,85.47008547008546,24.93765586034913,46.51162790697675,47.16981132075472,12.610340479192939,8.31255195344971,16.44736842105263,10.183299389002038,9999.0,454.5454545454545,40.48582995951417,31.347962382445143,7.042253521126761,6.756756756756757,9.433962264150944,9999.0,23.86634844868735,10.449320794148381,6.329113924050633,9999.0,86.20689655172414,0.0,9999.0,7.905138339920948,10.989010989010989,69.93006993006993,7.980845969672786,13.003901170351106,8.143322475570033,7.057163020465773,8.223684210526315,13.986013986013987,5.851375073142188,8.865248226950355,17.035775127768314,6.570302233902759,11.160714285714286,9999.0,9999.0,9999.0,9999.0,8.156606851549755
perceived_positive_effects_of_immigration|WVS_G,222.22222222222223,80.0,58.13953488372093,50.25125628140703,41.1522633744856,56.497175141242934,172.41379310344828,40.983606557377044,60.6060606060606,123.4567901234568,94.33962264150944,24.154589371980677,57.80346820809249,30.959752321981423,96.15384615384616,76.33587786259541,66.2251655629139,1000.0,32.154340836012864,75.75757575757576,43.10344827586207,9999.0,108.69565217391305,37.3134328358209,294.11764705882354,20.2020202020202,22.075055187637968,46.728971962616825,9999.0,24.213075060532685,31.152647975077883,28.901734104046245,9999.0,93.45794392523365,9999.0,0.0,49.26108374384237,28.409090909090907,29.761904761904763,46.08294930875576,73.52941176470588,52.083333333333336,44.642857142857146,38.91050583657587,43.859649122807014,30.674846625766875,28.328611898016998,52.35602094240838,31.25,106.38297872340425,9999.0,9999.0,9999.0,9999.0,41.49377593360996
political_information_sources|WVS_E,54.054054054054056,9999.0,9999.0,24.691358024691358,9.45179584120983,9.746588693957115,16.69449081803005,11.210762331838565,9999.0,9999.0,9999.0,43.29004329004329,9999.0,9999.0,9999.0,9999.0,21.83406113537118,11.049723756906078,9.765625,14.947683109118087,11.248593925759279,16.778523489932887,1000.0,238.0952380952381,9999.0,7.818608287724784,7.112375533428165,8.460236886632826,13.908205841446453,78.74015748031496,9999.0,9999.0,14.534883720930232,9999.0,7.905138339920948,49.26108374384237,0.0,9999.0,18.93939393939394,7.158196134574088,11.507479861910241,6.729475100942126,6.218905472636816,7.24112961622013,9999.0,5.621135469364812,8.8339222614841,9999.0,6.591957811470007,9.487666034155598,9999.0,9999.0,9999.0,9999.0,7.53012048192771
postmaterialist_values|WVS_E,51.54639175257732,9999.0,9999.0,80.0,15.772870662460567,18.93939393939394,47.84688995215311,15.974440894568689,9999.0,9999.0,9999.0,18.281535648994517,9999.0,9999.0,9999.0,9999.0,277.77777777777777,24.509803921568626,12.970168612191959,28.901734104046245,14.104372355430183,10.869565217391305,142.85714285714286,38.91050583657587,9999.0,9.37207122774133,9.049773755656108,17.421602787456447,18.181818181818183,20.618556701030926,9999.0,9999.0,25.0,9999.0,10.989010989010989,28.409090909090907,9999.0,0.0,40.816326530612244,14.43001443001443,23.31002331002331,14.749262536873157,14.367816091954024,13.793103448275863,9999.0,9.727626459143968,12.9366106080207,9999.0,9.624639076034649,21.321961620469086,9999.0,9999.0,9999.0,9999.0,13.869625520110958
precautionary_security_behaviors|WVS_H,9999.0,100.0,36.231884057971016,9999.0,34.48275862068965,27.62430939226519,31.545741324921135,31.948881789137378,17.57469244288225,16.129032258064516,29.58579881656805,9999.0,120.48192771084337,11.723329425556859,93.45794392523365,29.498525073746315,9999.0,13.869625520110958,172.41379310344828,9999.0,1000.0,16.89189189189189,35.2112676056338,9999.0,22.172949002217294,30.3030303030303,188.67924528301887,29.58579881656805,151.51515151515153,9999.0,83.33333333333333,23.364485981308412,34.36426116838488,68.9655172413793,69.93006993006993,29.761904761904763,18.93939393939394,40.816326530612244,0.0,19.841269841269842,19.646365422396855,18.115942028985508,11.668611435239207,24.691358024691358,95.23809523809523,18.315018315018314,106.38297872340425,151.51515151515153,9999.0,17.57469244288225,9999.0,9999.0,9999.0,9999.0,20.04008016032064
religion_versus_secularism_orientation|WVS_F,51.81347150259067,12.69035532994924,44.052863436123346,28.653295128939828,9.633911368015413,10.75268817204301,19.49317738791423,9999.0,156.25,11.337868480725623,357.14285714285717,42.918454935622314,35.08771929824561,42.5531914893617,22.321428571428573,68.4931506849315,24.154589371980677,10.845986984815617,9.940357852882704,15.698587127158554,12.004801920768308,16.10305958132045,303.03030303030306,108.69565217391305,16.339869281045754,8.64304235090752,7.849293563579277,9999.0,14.57725947521866,68.02721088435375,9.560229445506693,5.216484089723526,14.641288433382138,344.82758620689657,7.980845969672786,46.08294930875576,7.158196134574088,14.43001443001443,19.841269841269842,0.0,9999.0,9999.0,9999.0,7.874015748031496,14.749262536873157,9999.0,10.34126163391934,16.556291390728475,6.666666666666667,9.990009990009991,9999.0,9999.0,9999.0,9999.0,8.431703204047217
religious_belief|WVS_F,84.74576271186442,24.630541871921185,88.49557522123894,59.523809523809526,15.4320987654321,16.863406408094434,25.77319587628866,9999.0,91.74311926605505,16.611295681063122,666.6666666666666,76.92307692307692,49.01960784313725,54.6448087431694,35.08771929824561,250.0,38.46153846153846,17.761989342806395,16.31321370309951,24.630541871921185,22.075055187637968,23.094688221709006,277.77777777777777,75.18796992481204,23.20185614849188,14.245014245014245,11.76470588235294,9999.0,22.075055187637968,133.33333333333334,16.556291390728475,9.099181073703367,21.186440677966104,270.27027027027026,13.003901170351106,73.52941176470588,11.507479861910241,23.31002331002331,19.646365422396855,9999.0,0.0,9999.0,9999.0,12.239902080783354,20.74688796680498,9999.0,16.366612111292962,29.673590504451038,9.551098376313275,15.600624024960997,9999.0,9999.0,9999.0,9999.0,13.054830287206267
religious_exclusivism|WVS_F,55.55555555555556,11.904761904761903,39.0625,21.645021645021647,9.671179883945841,10.626992561105206,17.88908765652952,9999.0,107.52688172043011,11.641443538998836,204.08163265306123,48.78048780487805,36.496350364963504,38.167938931297705,22.93577981651376,56.17977528089888,21.83406113537118,10.952902519167578,9.823182711198427,15.600624024960997,10.857763300760043,21.367521367521366,526.3157894736842,1000.0,12.9366106080207,8.123476848090982,7.336757153338224,9999.0,14.184397163120568,129.87012987012986,8.787346221441124,5.130836326321191,14.992503748125937,434.7826086956522,8.143322475570033,52.083333333333336,6.729475100942126,14.749262536873157,18.115942028985508,9999.0,9999.0,0.0,9999.0,8.012820512820513,14.43001443001443,9999.0,9.46969696969697,16.420361247947454,7.002801120448178,9.46969696969697,9999.0,9999.0,9999.0,9999.0,8.244023083264633
religious_practice_and_self_identification|WVS_F,66.2251655629139,11.976047904191615,42.016806722689076,23.58490566037736,8.756567425569177,9.354536950420954,14.749262536873157,9999.0,37.87878787878788,9.775171065493646,769.2307692307693,33.44481605351171,25.839793281653748,39.37007874015748,20.618556701030926,80.0,19.68503937007874,10.695187165775401,9.433962264150944,13.869625520110958,13.698630136986303,15.360983102918585,312.5,42.73504273504273,11.049723756906078,9.140767824497258,7.057163020465773,9999.0,13.037809647979138,67.56756756756756,7.662835249042145,5.099439061703213,12.300123001230013,185.18518518518516,7.057163020465773,44.642857142857146,6.218905472636816,14.367816091954024,11.668611435239207,9999.0,9999.0,9999.0,0.0,7.451564828614008,12.077294685990339,9999.0,9.328358208955224,15.748031496062993,5.743825387708213,9.132420091324201,9999.0,9999.0,9999.0,9999.0,7.267441860465116
