,acceptance_of_state_surveillance|WVS_H,authoritarian_governance_tolerance|WVS_E,autocracy_support|WVS_E,basic_needs_deprivation|WVS_H,child_qualities_autonomy_self_expression|WVS_A,child_qualities_conformity_tradition|WVS_A,child_qualities_prosocial_diligence|WVS_A,civic_dishonesty_tolerance|WVS_F,confidence_in_civil_society_organizations|WVS_E,confidence_in_domestic_institutions|WVS_E,confidence_in_international_organizations|WVS_E,crime_victimization|WVS_H,democratic_system_evaluation|WVS_E,democratic_values_importance|WVS_E,economic_ideology|WVS_E,electoral_integrity|WVS_E,existential_threat_worry|WVS_H,familial_duty_obligations|WVS_D,female_income_threat_to_marriage|WVS_D,freedom_security_tradeoff_perception|WVS_H,gender_role_traditionalism|WVS_D,immigrant_origin_status|WVS_G,importance_of_life_domains|WVS_A,institutional_threat_perception|WVS_H,international_organization_knowledge|WVS_E,job_scarcity_gender_discrimination|WVS_C,job_scarcity_nativist_preference|WVS_C,life_autonomy_morality_permissiveness|WVS_F,multilevel_place_attachment|WVS_G,neighborhood_disorder_and_crime|WVS_H,offline_political_participation|WVS_E,online_political_participation|WVS_E,outgroup_trust|WVS_G,perceived_corruption|WVS_E,perceived_negative_effects_of_immigration|WVS_G,perceived_positive_effects_of_immigration|WVS_G,political_information_sources|WVS_E,postmaterialist_values|WVS_E,precautionary_security_behaviors|WVS_H,religion_versus_secularism_orientation|WVS_F,religious_belief|WVS_F,religious_exclusivism|WVS_F,religious_practice_and_self_identification|WVS_F,science_skepticism|WVS_I,science_technology_optimism|WVS_E,sexual_and_reproductive_morality_permissiveness|WVS_F,social_intolerance_outgroups|WVS_A,societal_change_attitudes|WVS_E,socioeconomic_insecurity_worry|WVS_H,subjective_wellbeing|WVS_A,violence_tolerance|WVS_F,voluntary_association_active_membership|WVS_A,voluntary_association_belonging|WVS_A,voting_participation|WVS_E,work_ethic|WVS_C
acceptance_of_state_surveillance|WVS_H,0.0,1000.0,204.08163265306123,9999.0,1000.0,277.77777777777777,454.5454545454545,416.6666666666667,833.3333333333334,1000.0,303.03030303030306,9999.0,1000.0,263.1578947368421,357.14285714285717,1000.0,9999.0,1000.0,285.7142857142857,9999.0,158.73015873015873,23.474178403755868,1000.0,9999.0,108.69565217391305,333.3333333333333,526.3157894736842,526.3157894736842,175.43859649122805,9999.0,9999.0,58.8235294117647,256.4102564102564,217.3913043478261,100.0,1000.0,76.92307692307692,1000.0,9999.0,714.2857142857143,285.7142857142857,1000.0,1000.0,256.4102564102564,153.84615384615384,714.2857142857143,208.33333333333334,208.33333333333334,9999.0,84.03361344537815,135.13513513513513,9999.0,9999.0,434.7826086956522,238.0952380952381
authoritarian_governance_tolerance|WVS_E,1000.0,0.0,9999.0,434.7826086956522,270.27027027027026,104.16666666666667,833.3333333333334,227.27272727272725,9999.0,9999.0,9999.0,68.9655172413793,9999.0,9999.0,9999.0,9999.0,454.5454545454545,156.25,357.14285714285717,1000.0,104.16666666666667,74.07407407407408,112.35955056179776,61.34969325153375,9999.0,169.49152542372883,68.4931506849315,416.6666666666667,80.64516129032258,55.55555555555556,9999.0,9999.0,1000.0,9999.0,588.2352941176471,117.6470588235294,9999.0,9999.0,62.893081761006286,166.66666666666666,117.6470588235294,126.58227848101265,172.41379310344828,357.14285714285717,9999.0,1000.0,71.94244604316548,9999.0,129.87012987012986,277.77777777777777,41.49377593360996,9999.0,9999.0,9999.0,588.2352941176471
autocracy_support|WVS_E,204.08163265306123,9999.0,0.0,294.11764705882354,1000.0,163.93442622950818,1000.0,1000.0,9999.0,9999.0,9999.0,92.59259259259258,9999.0,9999.0,9999.0,9999.0,256.4102564102564,294.11764705882354,156.25,588.2352941176471,400.0,32.67973856209151,227.27272727272725,66.66666666666667,9999.0,1000.0,77.51937984496124,357.14285714285717,119.04761904761905,68.9655172413793,9999.0,9999.0,322.5806451612903,9999.0,144.92753623188406,200.0,9999.0,9999.0,217.3913043478261,131.57894736842104,175.43859649122805,138.88888888888889,222.22222222222223,370.3703703703703,9999.0,666.6666666666666,99.00990099009901,9999.0,163.93442622950818,142.85714285714286,65.35947712418302,9999.0,9999.0,9999.0,333.3333333333333
basic_needs_deprivation|WVS_H,9999.0,434.7826086956522,294.11764705882354,0.0,1000.0,294.11764705882354,285.7142857142857,714.2857142857143,454.5454545454545,217.3913043478261,1000.0,9999.0,1000.0,85.47008547008546,263.1578947368421,222.22222222222223,9999.0,204.08163265306123,294.11764705882354,9999.0,114.9425287356322,84.74576271186442,138.88888888888889,9999.0,126.58227848101265,144.92753623188406,370.3703703703703,147.05882352941177,1000.0,9999.0,9999.0,90.09009009009009,140.8450704225352,86.95652173913044,212.7659574468085,1000.0,101.010101010101,1000.0,9999.0,526.3157894736842,88.49557522123894,769.2307692307693,169.49152542372883,625.0,126.58227848101265,208.33333333333334,102.04081632653062,188.67924528301887,9999.0,103.09278350515464,114.9425287356322,9999.0,9999.0,68.4931506849315,333.3333333333333
child_qualities_autonomy_self_expression|WVS_A,1000.0,270.27027027027026,1000.0,1000.0,0.0,9999.0,9999.0,322.5806451612903,370.3703703703703,333.3333333333333,322.5806451612903,1000.0,454.5454545454545,188.67924528301887,416.6666666666667,270.27027027027026,1000.0,833.3333333333334,250.0,434.7826086956522,103.09278350515464,1000.0,9999.0,1000.0,1000.0,175.43859649122805,555.5555555555555,294.11764705882354,243.90243902439022,454.5454545454545,9999.0,101.010101010101,555.5555555555555,526.3157894736842,1000.0,666.6666666666666,227.27272727272725,1000.0,86.20689655172414,192.30769230769232,312.5,1000.0,1000.0,333.3333333333333,232.5581395348837,434.7826086956522,9999.0,384.61538461538464,192.30769230769232,9999.0,125.0,9999.0,9999.0,188.67924528301887,256.4102564102564
child_qualities_conformity_tradition|WVS_A,277.77777777777777,104.16666666666667,163.93442622950818,294.11764705882354,9999.0,0.0,9999.0,434.7826086956522,196.078431372549,126.58227848101265,250.0,135.13513513513513,434.7826086956522,156.25,1000.0,277.77777777777777,400.0,277.77777777777777,666.6666666666666,1000.0,105.26315789473685,41.1522633744856,9999.0,81.30081300813008,131.57894736842104,169.49152542372883,114.9425287356322,1000.0,99.00990099009901,72.99270072992701,9999.0,62.11180124223603,1000.0,204.08163265306123,222.22222222222223,185.18518518518516,75.75757575757576,277.77777777777777,70.92198581560284,454.5454545454545,129.87012987012986,212.7659574468085,322.5806451612903,1000.0,222.22222222222223,1000.0,9999.0,123.4567901234568,109.89010989010988,9999.0,53.191489361702125,9999.0,9999.0,98.0392156862745,1000.0
child_qualities_prosocial_diligence|WVS_A,454.5454545454545,833.3333333333334,1000.0,285.7142857142857,9999.0,9999.0,0.0,1000.0,1000.0,1000.0,714.2857142857143,204.08163265306123,1000.0,270.27027027027026,500.0,294.11764705882354,370.3703703703703,833.3333333333334,555.5555555555555,526.3157894736842,526.3157894736842,166.66666666666666,9999.0,1000.0,303.03030303030306,526.3157894736842,1000.0,285.7142857142857,476.1904761904762,625.0,9999.0,303.03030303030306,232.5581395348837,217.3913043478261,416.6666666666667,555.5555555555555,303.03030303030306,714.2857142857143,1000.0,1000.0,294.11764705882354,1000.0,555.5555555555555,1000.0,303.03030303030306,434.7826086956522,9999.0,833.3333333333334,625.0,9999.0,1000.0,9999.0,9999.0,294.11764705882354,500.0
civic_dishonesty_tolerance|WVS_F,416.6666666666667,227.27272727272725,1000.0,714.2857142857143,322.5806451612903,434.7826086956522,1000.0,0.0,250.0,208.33333333333334,217.3913043478261,120.48192771084337,454.5454545454545,178.57142857142858,769.2307692307693,666.6666666666666,1000.0,312.5,454.5454545454545,555.5555555555555,156.25,78.125,178.57142857142858,526.3157894736842,1000.0,196.078431372549,1000.0,9999.0,714.2857142857143,270.27027027027026,9999.0,222.22222222222223,1000.0,400.0,384.61538461538464,476.1904761904762,400.0,909.090909090909,98.0392156862745,9999.0,9999.0,9999.0,9999.0,217.3913043478261,303.03030303030306,9999.0,181.81818181818184,1000.0,454.5454545454545,1000.0,9999.0,9999.0,9999.0,123.4567901234568,833.3333333333334
confidence_in_civil_society_organizations|WVS_E,833.3333333333334,9999.0,9999.0,454.5454545454545,370.3703703703703,196.078431372549,1000.0,250.0,0.0,9999.0,9999.0,73.52941176470588,9999.0,9999.0,9999.0,9999.0,625.0,204.08163265306123,833.3333333333334,1000.0,161.29032258064515,526.3157894736842,126.58227848101265,109.89010989010988,9999.0,217.3913043478261,121.95121951219511,1000.0,188.67924528301887,93.45794392523365,9999.0,9999.0,1000.0,9999.0,1000.0,181.81818181818184,9999.0,9999.0,88.49557522123894,243.90243902439022,151.51515151515153,222.22222222222223,196.078431372549,294.11764705882354,9999.0,714.2857142857143,107.52688172043011,9999.0,285.7142857142857,1000.0,68.4931506849315,9999.0,9999.0,9999.0,625.0
confidence_in_domestic_institutions|WVS_E,1000.0,9999.0,9999.0,217.3913043478261,333.3333333333333,126.58227848101265,1000.0,208.33333333333334,9999.0,0.0,9999.0,45.04504504504504,9999.0,9999.0,9999.0,9999.0,277.77777777777777,125.0,222.22222222222223,1000.0,136.986301369863,153.84615384615384,94.33962264150944,63.291139240506325,9999.0,163.93442622950818,72.99270072992701,1000.0,113.63636363636363,55.865921787709496,9999.0,9999.0,384.61538461538464,9999.0,476.1904761904762,114.9425287356322,9999.0,9999.0,62.893081761006286,116.27906976744185,94.33962264150944,126.58227848101265,120.48192771084337,294.11764705882354,9999.0,833.3333333333334,64.93506493506493,9999.0,166.66666666666666,285.7142857142857,45.662100456621005,9999.0,9999.0,9999.0,322.5806451612903
confidence_in_international_organizations|WVS_E,303.03030303030306,9999.0,9999.0,1000.0,322.5806451612903,250.0,714.2857142857143,217.3913043478261,9999.0,9999.0,0.0,84.74576271186442,9999.0,9999.0,9999.0,9999.0,1000.0,212.7659574468085,1000.0,1000.0,222.22222222222223,81.96721311475409,147.05882352941177,151.51515151515153,9999.0,250.0,161.29032258064515,1000.0,238.0952380952381,120.48192771084337,9999.0,9999.0,1000.0,9999.0,312.5,185.18518518518516,9999.0,9999.0,96.15384615384616,400.0,196.078431372549,256.4102564102564,208.33333333333334,227.27272727272725,9999.0,1000.0,126.58227848101265,9999.0,625.0,714.2857142857143,76.92307692307692,9999.0,9999.0,9999.0,500.0
crime_victimization|WVS_H,9999.0,68.9655172413793,92.59259259259258,9999.0,1000.0,135.13513513513513,204.08163265306123,120.48192771084337,73.52941176470588,45.04504504504504,84.74576271186442,0.0,434.7826086956522,40.32258064516129,77.51937984496124,76.33587786259541,9999.0,48.309178743961354,57.14285714285714,9999.0,263.1578947368421,78.74015748031496,42.5531914893617,9999.0,67.56756756756756,126.58227848101265,35.2112676056338,263.1578947368421,400.0,9999.0,9999.0,270.27027027027026,58.8235294117647,44.642857142857146,833.3333333333334,103.09278350515464,67.56756756756756,181.81818181818184,9999.0,37.87878787878788,36.101083032490976,72.99270072992701,38.46153846153846,121.95121951219511,161.29032258064515,131.57894736842104,35.714285714285715,37.174721189591075,9999.0,344.82758620689657,38.314176245210724,9999.0,9999.0,22.42152466367713,95.23809523809523
democratic_system_evaluation|WVS_E,1000.0,9999.0,9999.0,1000.0,454.5454545454545,434.7826086956522,1000.0,454.5454545454545,9999.0,9999.0,9999.0,434.7826086956522,0.0,9999.0,9999.0,9999.0,1000.0,588.2352941176471,666.6666666666666,909.090909090909,196.078431372549,434.7826086956522,322.5806451612903,476.1904761904762,9999.0,294.11764705882354,1000.0,666.6666666666666,384.61538461538464,333.3333333333333,9999.0,9999.0,1000.0,9999.0,1000.0,625.0,9999.0,9999.0,140.8450704225352,769.2307692307693,344.82758620689657,1000.0,1000.0,416.6666666666667,9999.0,769.2307692307693,294.11764705882354,9999.0,370.3703703703703,769.2307692307693,158.73015873015873,9999.0,9999.0,9999.0,714.2857142857143
democratic_values_importance|WVS_E,263.1578947368421,9999.0,9999.0,85.47008547008546,188.67924528301887,156.25,270.27027027027026,178.57142857142858,9999.0,9999.0,9999.0,40.32258064516129,9999.0,0.0,9999.0,9999.0,116.27906976744185,114.9425287356322,1000.0,109.89010989010988,42.5531914893617,73.52941176470588,72.99270072992701,192.30769230769232,9999.0,53.475935828877,1000.0,71.94244604316548,434.7826086956522,81.30081300813008,9999.0,9999.0,135.13513513513513,9999.0,188.67924528301887,1000.0,9999.0,9999.0,35.97122302158274,208.33333333333334,51.81347150259067,555.5555555555555,153.84615384615384,147.05882352941177,9999.0,91.74311926605505,58.47953216374269,9999.0,78.125,62.893081761006286,47.84688995215311,9999.0,9999.0,9999.0,98.0392156862745
economic_ideology|WVS_E,357.14285714285717,9999.0,9999.0,263.1578947368421,416.6666666666667,1000.0,500.0,769.2307692307693,9999.0,9999.0,9999.0,77.51937984496124,9999.0,9999.0,0.0,9999.0,256.4102564102564,370.3703703703703,151.51515151515153,1000.0,357.14285714285717,76.92307692307692,400.0,136.986301369863,9999.0,1000.0,136.986301369863,833.3333333333334,1000.0,129.87012987012986,9999.0,9999.0,200.0,9999.0,256.4102564102564,1000.0,9999.0,9999.0,322.5806451612903,126.58227848101265,270.27027027027026,294.11764705882354,212.7659574468085,454.5454545454545,9999.0,1000.0,204.08163265306123,9999.0,1000.0,322.5806451612903,294.11764705882354,9999.0,9999.0,9999.0,333.3333333333333
electoral_integrity|WVS_E,1000.0,9999.0,9999.0,222.22222222222223,270.27027027027026,277.77777777777777,294.11764705882354,666.6666666666666,9999.0,9999.0,9999.0,76.33587786259541,9999.0,9999.0,9999.0,0.0,277.77777777777777,555.5555555555555,196.078431372549,909.090909090909,158.73015873015873,120.48192771084337,1000.0,476.1904761904762,9999.0,588.2352941176471,1000.0,384.61538461538464,112.35955056179776,1000.0,9999.0,9999.0,153.84615384615384,9999.0,1000.0,312.5,9999.0,9999.0,121.95121951219511,217.3913043478261,312.5,1000.0,232.5581395348837,1000.0,9999.0,454.5454545454545,1000.0,9999.0,204.08163265306123,1000.0,138.88888888888889,9999.0,9999.0,9999.0,625.0
existential_threat_worry|WVS_H,9999.0,454.5454545454545,256.4102564102564,9999.0,1000.0,400.0,370.3703703703703,1000.0,625.0,277.77777777777777,1000.0,9999.0,1000.0,116.27906976744185,256.4102564102564,277.77777777777777,0.0,238.0952380952381,212.7659574468085,9999.0,208.33333333333334,62.5,188.67924528301887,9999.0,121.95121951219511,227.27272727272725,238.0952380952381,294.11764705882354,1000.0,9999.0,9999.0,107.52688172043011,161.29032258064515,121.95121951219511,169.49152542372883,1000.0,99.00990099009901,1000.0,9999.0,238.0952380952381,123.4567901234568,555.5555555555555,212.7659574468085,1000.0,178.57142857142858,303.03030303030306,123.4567901234568,140.8450704225352,9999.0,112.35955056179776,133.33333333333334,9999.0,9999.0,97.08737864077669,555.5555555555555
familial_duty_obligations|WVS_D,1000.0,156.25,294.11764705882354,204.08163265306123,833.3333333333334,277.77777777777777,833.3333333333334,312.5,204.08163265306123,125.0,212.7659574468085,48.309178743961354,588.2352941176471,114.9425287356322,370.3703703703703,555.5555555555555,238.0952380952381,0.0,9999.0,769.2307692307693,9999.0,625.0,116.27906976744185,121.95121951219511,192.30769230769232,196.078431372549,136.986301369863,454.5454545454545,769.2307692307693,94.33962264150944,9999.0,196.078431372549,222.22222222222223,120.48192771084337,1000.0,277.77777777777777,149.2537313432836,555.5555555555555,102.04081632653062,172.41379310344828,105.26315789473685,263.1578947368421,140.8450704225352,294.11764705882354,344.82758620689657,333.3333333333333,97.08737864077669,136.986301369863,303.03030303030306,312.5,81.96721311475409,9999.0,9999.0,67.56756756756756,1000.0
female_income_threat_to_marriage|WVS_D,285.7142857142857,357.14285714285717,156.25,294.11764705882354,250.0,666.6666666666666,555.5555555555555,454.5454545454545,833.3333333333334,222.22222222222223,1000.0,57.14285714285714,666.6666666666666,1000.0,151.51515151515153,196.078431372549,212.7659574468085,9999.0,0.0,285.7142857142857,9999.0,64.51612903225806,454.5454545454545,80.64516129032258,166.66666666666666,232.5581395348837,68.02721088435375,204.08163265306123,769.2307692307693,83.33333333333333,9999.0,277.77777777777777,175.43859649122805,333.3333333333333,208.33333333333334,303.03030303030306,217.3913043478261,400.0,136.986301369863,72.99270072992701,333.3333333333333,136.986301369863,151.51515151515153,277.77777777777777,232.5581395348837,344.82758620689657,166.66666666666666,64.51612903225806,769.2307692307693,555.5555555555555,227.27272727272725,9999.0,9999.0,322.5806451612903,133.33333333333334
freedom_security_tradeoff_perception|WVS_H,9999.0,1000.0,588.2352941176471,9999.0,434.7826086956522,1000.0,526.3157894736842,555.5555555555555,1000.0,1000.0,1000.0,9999.0,909.090909090909,109.89010989010988,1000.0,909.090909090909,9999.0,769.2307692307693,285.7142857142857,0.0,94.33962264150944,833.3333333333334,285.7142857142857,9999.0,357.14285714285717,135.13513513513513,136.986301369863,121.95121951219511,476.1904761904762,9999.0,9999.0,90.90909090909092,434.7826086956522,147.05882352941177,555.5555555555555,400.0,200.0,344.82758620689657,9999.0,138.88888888888889,166.66666666666666,222.22222222222223,1000.0,357.14285714285717,113.63636363636363,172.41379310344828,357.14285714285717,188.67924528301887,9999.0,123.4567901234568,500.0,9999.0,9999.0,135.13513513513513,133.33333333333334
gender_role_traditionalism|WVS_D,158.73015873015873,104.16666666666667,400.0,114.9425287356322,103.09278350515464,105.26315789473685,526.3157894736842,156.25,161.29032258064515,136.986301369863,222.22222222222223,263.1578947368421,196.078431372549,42.5531914893617,357.14285714285717,158.73015873015873,208.33333333333334,9999.0,9999.0,94.33962264150944,0.0,36.496350364963504,76.33587786259541,526.3157894736842,82.64462809917356,47.61904761904761,178.57142857142858,62.893081761006286,103.09278350515464,112.35955056179776,9999.0,23.419203747072597,416.6666666666667,70.92198581560284,135.13513513513513,769.2307692307693,40.816326530612244,1000.0,27.027027027027028,71.94244604316548,58.47953216374269,263.1578947368421,1000.0,161.29032258064515,48.07692307692308,90.90909090909092,66.66666666666667,256.4102564102564,45.662100456621005,50.0,40.65040650406504,9999.0,9999.0,42.5531914893617,64.1025641025641
immigrant_origin_status|WVS_G,23.474178403755868,74.07407407407408,32.67973856209151,84.74576271186442,1000.0,41.1522633744856,166.66666666666666,78.125,526.3157894736842,153.84615384615384,81.96721311475409,78.74015748031496,434.7826086956522,73.52941176470588,76.92307692307692,120.48192771084337,62.5,625.0,64.51612903225806,833.3333333333334,36.496350364963504,0.0,1000.0,27.027027027027028,23.86634844868735,105.26315789473685,37.174721189591075,1000.0,9999.0,25.974025974025974,9999.0,12.224938875305623,9999.0,52.35602094240838,9999.0,9999.0,15.576323987538942,200.0,33.898305084745765,769.2307692307693,67.56756756756756,86.95652173913044,263.1578947368421,42.73504273504273,49.75124378109453,222.22222222222223,35.587188612099645,28.49002849002849,24.630541871921185,18.38235294117647,24.691358024691358,9999.0,9999.0,294.11764705882354,85.47008547008546
importance_of_life_domains|WVS_A,1000.0,112.35955056179776,227.27272727272725,138.88888888888889,9999.0,9999.0,9999.0,178.57142857142858,126.58227848101265,94.33962264150944,147.05882352941177,42.5531914893617,322.5806451612903,72.99270072992701,400.0,1000.0,188.67924528301887,116.27906976744185,454.5454545454545,285.7142857142857,76.33587786259541,1000.0,0.0,99.00990099009901,126.58227848101265,97.08737864077669,144.92753623188406,163.93442622950818,256.4102564102564,68.02721088435375,9999.0,73.52941176470588,192.30769230769232,85.47008547008546,555.5555555555555,208.33333333333334,75.18796992481204,500.0,53.191489361702125,384.61538461538464,71.42857142857143,285.7142857142857,121.95121951219511,181.81818181818184,112.35955056179776,172.41379310344828,9999.0,149.2537313432836,131.57894736842104,9999.0,50.5050505050505,9999.0,9999.0,46.728971962616825,833.3333333333334
institutional_threat_perception|WVS_H,9999.0,61.34969325153375,66.66666666666667,9999.0,1000.0,81.30081300813008,1000.0,526.3157894736842,109.89010989010988,63.291139240506325,151.51515151515153,9999.0,476.1904761904762,192.30769230769232,136.986301369863,476.1904761904762,9999.0,121.95121951219511,80.64516129032258,9999.0,526.3157894736842,27.027027027027028,99.00990099009901,0.0,72.99270072992701,588.2352941176471,35.3356890459364,131.57894736842104,62.11180124223603,9999.0,9999.0,93.45794392523365,256.4102564102564,175.43859649122805,131.57894736842104,81.96721311475409,51.282051282051285,117.6470588235294,9999.0,55.865921787709496,95.23809523809523,65.78947368421052,90.90909090909092,434.7826086956522,416.6666666666667,238.0952380952381,48.78048780487805,38.91050583657587,9999.0,125.0,33.557046979865774,9999.0,9999.0,70.92198581560284,113.63636363636363
international_organization_knowledge|WVS_E,108.69565217391305,9999.0,9999.0,126.58227848101265,1000.0,131.57894736842104,303.03030303030306,1000.0,9999.0,9999.0,9999.0,67.56756756756756,9999.0,9999.0,9999.0,9999.0,121.95121951219511,192.30769230769232,166.66666666666666,357.14285714285717,82.64462809917356,23.86634844868735,126.58227848101265,72.99270072992701,0.0,140.8450704225352,103.09278350515464,263.1578947368421,106.38297872340425,59.523809523809526,9999.0,9999.0,138.88888888888889,9999.0,86.20689655172414,277.77777777777777,9999.0,9999.0,72.46376811594203,243.90243902439022,85.47008547008546,217.3913043478261,204.08163265306123,500.0,9999.0,285.7142857142857,67.11409395973155,9999.0,82.64462809917356,59.523809523809526,53.191489361702125,9999.0,9999.0,9999.0,312.5
job_scarcity_gender_discrimination|WVS_C,333.3333333333333,169.49152542372883,1000.0,144.92753623188406,175.43859649122805,169.49152542372883,526.3157894736842,196.078431372549,217.3913043478261,163.93442622950818,250.0,126.58227848101265,294.11764705882354,53.475935828877,1000.0,588.2352941176471,227.27272727272725,196.078431372549,232.5581395348837,135.13513513513513,47.61904761904761,105.26315789473685,97.08737864077669,588.2352941176471,140.8450704225352,0.0,9999.0,87.71929824561403,256.4102564102564,153.84615384615384,9999.0,38.91050583657587,270.27027027027026,78.74015748031496,294.11764705882354,1000.0,72.99270072992701,1000.0,39.21568627450981,121.95121951219511,78.74015748031496,526.3157894736842,476.1904761904762,172.41379310344828,66.2251655629139,123.4567901234568,85.47008547008546,357.14285714285717,76.33587786259541,78.125,62.5,9999.0,9999.0,57.14285714285714,9999.0
job_scarcity_nativist_preference|WVS_C,526.3157894736842,68.4931506849315,77.51937984496124,370.3703703703703,555.5555555555555,114.9425287356322,1000.0,1000.0,121.95121951219511,72.99270072992701,161.29032258064515,35.2112676056338,1000.0,1000.0,136.986301369863,1000.0,238.0952380952381,136.986301369863,68.02721088435375,136.986301369863,178.57142857142858,37.174721189591075,144.92753623188406,35.3356890459364,103.09278350515464,9999.0,0.0,77.51937984496124,81.96721311475409,37.735849056603776,9999.0,476.1904761904762,232.5581395348837,769.2307692307693,178.57142857142858,81.30081300813008,81.30081300813008,111.11111111111111,555.5555555555555,44.642857142857146,161.29032258064515,60.24096385542168,82.64462809917356,344.82758620689657,121.95121951219511,169.49152542372883,61.7283950617284,38.91050583657587,1000.0,1000.0,43.10344827586207,9999.0,9999.0,102.04081632653062,9999.0
life_autonomy_morality_permissiveness|WVS_F,526.3157894736842,416.6666666666667,357.14285714285717,147.05882352941177,294.11764705882354,1000.0,285.7142857142857,9999.0,1000.0,1000.0,1000.0,263.1578947368421,666.6666666666666,71.94244604316548,833.3333333333334,384.61538461538464,294.11764705882354,454.5454545454545,204.08163265306123,121.95121951219511,62.893081761006286,1000.0,163.93442622950818,131.57894736842104,263.1578947368421,87.71929824561403,77.51937984496124,0.0,232.5581395348837,476.1904761904762,9999.0,56.17977528089888,200.0,91.74311926605505,400.0,196.078431372549,158.73015873015873,227.27272727272725,64.1025641025641,9999.0,9999.0,9999.0,9999.0,250.0,68.4931506849315,9999.0,270.27027027027026,121.95121951219511,116.27906976744185,95.23809523809523,9999.0,9999.0,9999.0,81.30081300813008,88.49557522123894
multilevel_place_attachment|WVS_G,175.43859649122805,80.64516129032258,119.04761904761905,1000.0,243.90243902439022,99.00990099009901,476.1904761904762,714.2857142857143,188.67924528301887,113.63636363636363,238.0952380952381,400.0,384.61538461538464,434.7826086956522,1000.0,112.35955056179776,1000.0,769.2307692307693,769.2307692307693,476.1904761904762,103.09278350515464,9999.0,256.4102564102564,62.11180124223603,106.38297872340425,256.4102564102564,81.96721311475409,232.5581395348837,0.0,66.2251655629139,9999.0,52.631578947368425,9999.0,1000.0,9999.0,9999.0,59.880239520958085,181.81818181818184,62.893081761006286,833.3333333333334,277.77777777777777,131.57894736842104,1000.0,555.5555555555555,555.5555555555555,312.5,85.47008547008546,94.33962264150944,80.64516129032258,123.4567901234568,44.84304932735426,9999.0,9999.0,277.77777777777777,1000.0
neighborhood_disorder_and_crime|WVS_H,9999.0,55.55555555555556,68.9655172413793,9999.0,454.5454545454545,72.99270072992701,625.0,270.27027027027026,93.45794392523365,55.865921787709496,120.48192771084337,9999.0,333.3333333333333,81.30081300813008,129.87012987012986,1000.0,9999.0,94.33962264150944,83.33333333333333,9999.0,112.35955056179776,25.974025974025974,68.02721088435375,9999.0,59.523809523809526,153.84615384615384,37.735849056603776,476.1904761904762,66.2251655629139,0.0,9999.0,51.81347150259067,156.25,82.64462809917356,106.38297872340425,81.30081300813008,41.49377593360996,128.2051282051282,9999.0,62.893081761006286,59.1715976331361,72.46376811594203,77.51937984496124,1000.0,263.1578947368421,1000.0,40.32258064516129,38.91050583657587,9999.0,77.51937984496124,28.98550724637681,9999.0,9999.0,42.5531914893617,172.41379310344828
offline_political_participation|WVS_E,9999.0,9999.0,9999.0,9999.0,9999.0,9999.0,9999.0,9999.0,9999.0,9999.0,9999.0,9999.0,9999.0,9999.0,9999.0,9999.0,9999.0,9999.0,9999.0,9999.0,9999.0,9999.0,9999.0,9999.0,9999.0,9999.0,9999.0,9999.0,9999.0,9999.0,0.0,9999.0,9999.0,9999.0,9999.0,9999.0,9999.0,9999.0,9999.0,9999.0,9999.0,9999.0,9999.0,9999.0,9999.0,9999.0,9999.0,9999.0,9999.0,9999.0,9999.0,9999.0,9999.0,9999.0,9999.0
online_political_participation|WVS_E,58.8235294117647,9999.0,9999.0,90.09009009009009,101.010101010101,62.11180124223603,303.03030303030306,222.22222222222223,9999.0,9999.0,9999.0,270.27027027027026,9999.0,9999.0,9999.0,9999.0,107.52688172043011,196.078431372549,277.77777777777777,90.90909090909092,23.419203747072597,12.224938875305623,73.52941176470588,93.45794392523365,9999.0,38.91050583657587,476.1904761904762,56.17977528089888,52.631578947368425,51.81347150259067,9999.0,0.0,217.3913043478261,9999.0,51.81347150259067,333.3333333333333,9999.0,9999.0,21.321961620469086,60.6060606060606,46.728971962616825,769.2307692307693,1000.0,666.6666666666666,9999.0,90.90909090909092,37.3134328358209,9999.0,28.49002849002849,30.581039755351682,25.188916876574307,9999.0,9999.0,9999.0,50.0
outgroup_trust|WVS_G,256.4102564102564,1000.0,322.5806451612903,140.8450704225352,555.5555555555555,1000.0,232.5581395348837,1000.0,1000.0,384.61538461538464,1000.0,58.8235294117647,1000.0,135.13513513513513,200.0,153.84615384615384,161.29032258064515,222.22222222222223,175.43859649122805,434.7826086956522,416.6666666666667,9999.0,192.30769230769232,256.4102564102564,138.88888888888889,270.27027027027026,232.5581395348837,200.0,9999.0,156.25,9999.0,217.3913043478261,0.0,100.0,9999.0,9999.0,140.8450704225352,1000.0,303.03030303030306,222.22222222222223,120.48192771084337,1000.0,181.81818181818184,1000.0,181.81818181818184,277.77777777777777,156.25,163.93442622950818,312.5,119.04761904761905,384.61538461538464,9999.0,9999.0,83.33333333333333,1000.0
perceived_corruption|WVS_E,217.3913043478261,9999.0,9999.0,86.95652173913044,526.3157894736842,204.08163265306123,217.3913043478261,400.0,9999.0,9999.0,9999.0,44.642857142857146,9999.0,9999.0,9999.0,9999.0,121.95121951219511,120.48192771084337,333.3333333333333,147.05882352941177,70.92198581560284,52.35602094240838,85.47008547008546,175.43859649122805,9999.0,78.74015748031496,769.2307692307693,91.74311926605505,1000.0,82.64462809917356,9999.0,9999.0,100.0,0.0,136.986301369863,1000.0,9999.0,9999.0,52.083333333333336,1000.0,65.78947368421052,1000.0,126.58227848101265,344.82758620689657,9999.0,107.52688172043011,73.52941176470588,9999.0,98.0392156862745,76.33587786259541,70.4225352112676,9999.0,9999.0,9999.0,158.73015873015873
perceived_negative_effects_of_immigration|WVS_G,100.0,588.2352941176471,144.92753623188406,212.7659574468085,1000.0,222.22222222222223,416.6666666666667,384.61538461538464,1000.0,476.1904761904762,312.5,833.3333333333334,1000.0,188.67924528301887,256.4102564102564,1000.0,169.49152542372883,1000.0,208.33333333333334,555.5555555555555,135.13513513513513,9999.0,555.5555555555555,131.57894736842104,86.20689655172414,294.11764705882354,178.57142857142858,400.0,9999.0,106.38297872340425,9999.0,51.81347150259067,9999.0,136.986301369863,0.0,9999.0,63.291139240506325,1000.0,161.29032258064515,833.3333333333334,163.93442622950818,500.0,1000.0,212.7659574468085,140.8450704225352,909.090909090909,135.13513513513513,117.6470588235294,92.59259259259258,70.4225352112676,90.90909090909092,9999.0,9999.0,312.5,256.4102564102564
perceived_positive_effects_of_immigration|WVS_G,1000.0,117.6470588235294,200.0,1000.0,666.6666666666666,185.18518518518516,555.5555555555555,476.1904761904762,181.81818181818184,114.9425287356322,185.18518518518516,103.09278350515464,625.0,1000.0,1000.0,312.5,1000.0,277.77777777777777,303.03030303030306,400.0,769.2307692307693,9999.0,208.33333333333334,81.96721311475409,277.77777777777777,1000.0,81.30081300813008,196.078431372549,9999.0,81.30081300813008,9999.0,333.3333333333333,9999.0,1000.0,9999.0,0.0,161.29032258064515,208.33333333333334,169.49152542372883,147.05882352941177,285.7142857142857,136.986301369863,238.0952380952381,1000.0,434.7826086956522,526.3157894736842,119.04761904761905,106.38297872340425,384.61538461538464,1000.0,69.93006993006993,9999.0,9999.0,175.43859649122805,212.7659574468085
political_information_sources|WVS_E,76.92307692307692,9999.0,9999.0,101.010101010101,227.27272727272725,75.75757575757576,303.03030303030306,400.0,9999.0,9999.0,9999.0,67.56756756756756,9999.0,9999.0,9999.0,9999.0,99.00990099009901,149.2537313432836,217.3913043478261,200.0,40.816326530612244,15.576323987538942,75.18796992481204,51.282051282051285,9999.0,72.99270072992701,81.30081300813008,158.73015873015873,59.880239520958085,41.49377593360996,9999.0,9999.0,140.8450704225352,9999.0,63.291139240506325,161.29032258064515,0.0,9999.0,35.714285714285715,1000.0,55.55555555555556,178.57142857142858,181.81818181818184,1000.0,9999.0,181.81818181818184,44.24778761061947,9999.0,45.04504504504504,42.73504273504273,28.328611898016998,9999.0,9999.0,9999.0,121.95121951219511
postmaterialist_values|WVS_E,1000.0,9999.0,9999.0,1000.0,1000.0,277.77777777777777,714.2857142857143,909.090909090909,9999.0,9999.0,9999.0,181.81818181818184,9999.0,9999.0,9999.0,9999.0,1000.0,555.5555555555555,400.0,344.82758620689657,1000.0,200.0,500.0,117.6470588235294,9999.0,1000.0,111.11111111111111,227.27272727272725,181.81818181818184,128.2051282051282,9999.0,9999.0,1000.0,9999.0,1000.0,208.33333333333334,9999.0,0.0,357.14285714285717,196.078431372549,714.2857142857143,200.0,434.7826086956522,1000.0,9999.0,384.61538461538464,196.078431372549,9999.0,769.2307692307693,833.3333333333334,116.27906976744185,9999.0,9999.0,9999.0,243.90243902439022
precautionary_security_behaviors|WVS_H,9999.0,62.893081761006286,217.3913043478261,9999.0,86.20689655172414,70.92198581560284,1000.0,98.0392156862745,88.49557522123894,62.893081761006286,96.15384615384616,9999.0,140.8450704225352,35.97122302158274,322.5806451612903,121.95121951219511,9999.0,102.04081632653062,136.986301369863,9999.0,27.027027027027028,33.898305084745765,53.191489361702125,9999.0,72.46376811594203,39.21568627450981,555.5555555555555,64.1025641025641,62.893081761006286,9999.0,9999.0,21.321961620469086,303.03030303030306,52.083333333333336,161.29032258064515,169.49152542372883,35.714285714285715,357.14285714285717,0.0,78.74015748031496,42.19409282700422,1000.0,217.3913043478261,96.15384615384616,44.24778761061947,83.33333333333333,42.016806722689076,1000.0,9999.0,47.16981132075472,25.706940874035993,9999.0,9999.0,29.069767441860463,69.93006993006993
religion_versus_secularism_orientation|WVS_F,714.2857142857143,166.66666666666666,131.57894736842104,526.3157894736842,192.30769230769232,454.5454545454545,1000.0,9999.0,243.90243902439022,116.27906976744185,400.0,37.87878787878788,769.2307692307693,208.33333333333334,126.58227848101265,217.3913043478261,238.0952380952381,172.41379310344828,72.99270072992701,138.88888888888889,71.94244604316548,769.2307692307693,384.61538461538464,55.865921787709496,243.90243902439022,121.95121951219511,44.642857142857146,9999.0,833.3333333333334,62.893081761006286,9999.0,60.6060606060606,222.22222222222223,1000.0,833.3333333333334,147.05882352941177,1000.0,196.078431372549,78.74015748031496,0.0,9999.0,9999.0,9999.0,312.5,101.010101010101,9999.0,135.13513513513513,48.543689320388346,156.25,217.3913043478261,9999.0,9999.0,9999.0,256.4102564102564,63.291139240506325
religious_belief|WVS_F,285.7142857142857,117.6470588235294,175.43859649122805,88.49557522123894,312.5,129.87012987012986,294.11764705882354,9999.0,151.51515151515153,94.33962264150944,196.078431372549,36.101083032490976,344.82758620689657,51.81347150259067,270.27027027027026,312.5,123.4567901234568,105.26315789473685,333.3333333333333,166.66666666666666,58.47953216374269,67.56756756756756,71.42857142857143,95.23809523809523,85.47008547008546,78.74015748031496,161.29032258064515,9999.0,277.77777777777777,59.1715976331361,9999.0,46.728971962616825,120.48192771084337,65.78947368421052,163.93442622950818,285.7142857142857,55.55555555555556,714.2857142857143,42.19409282700422,9999.0,0.0,9999.0,9999.0,212.7659574468085,75.18796992481204,9999.0,54.94505494505494,123.4567901234568,86.95652173913044,79.36507936507937,9999.0,9999.0,9999.0,41.49377593360996,200.0
religious_exclusivism|WVS_F,1000.0,126.58227848101265,138.88888888888889,769.2307692307693,1000.0,212.7659574468085,1000.0,9999.0,222.22222222222223,126.58227848101265,256.4102564102564,72.99270072992701,1000.0,555.5555555555555,294.11764705882354,1000.0,555.5555555555555,263.1578947368421,136.986301369863,222.22222222222223,263.1578947368421,86.95652173913044,285.7142857142857,65.78947368421052,217.3913043478261,526.3157894736842,60.24096385542168,9999.0,131.57894736842104,72.46376811594203,9999.0,769.2307692307693,1000.0,1000.0,500.0,136.986301369863,178.57142857142858,200.0,1000.0,9999.0,9999.0,0.0,9999.0,625.0,200.0,9999.0,133.33333333333334,72.46376811594203,1000.0,1000.0,9999.0,9999.0,9999.0,222.22222222222223,131.57894736842104
religious_practice_and_self_identification|WVS_F,1000.0,172.41379310344828,222.22222222222223,169.49152542372883,1000.0,322.5806451612903,555.5555555555555,9999.0,196.078431372549,120.48192771084337,208.33333333333334,38.46153846153846,1000.0,153.84615384615384,212.7659574468085,232.5581395348837,212.7659574468085,140.8450704225352,151.51515151515153,1000.0,1000.0,263.1578947368421,121.95121951219511,90.90909090909092,204.08163265306123,476.1904761904762,82.64462809917356,9999.0,1000.0,77.51937984496124,9999.0,1000.0,181.81818181818184,126.58227848101265,1000.0,238.0952380952381,181.81818181818184,434.7826086956522,217.3913043478261,9999.0,9999.0,9999.0,0.0,416.6666666666667,1000.0,9999.0,98.0392156862745,93.45794392523365,1000.0,714.2857142857143,9999.0,9999.0,9999.0,71.42857142857143,217.3913043478261
science_skepticism|WVS_I,256.4102564102564,357.14285714285717,370.3703703703703,625.0,333.3333333333333,1000.0,1000.0,217.3913043478261,294.11764705882354,294.11764705882354,227.27272727272725,121.95121951219511,416.6666666666667,147.05882352941177,454.5454545454545,1000.0,1000.0,294.11764705882354,277.77777777777777,357.14285714285717,161.29032258064515,42.73504273504273,181.81818181818184,434.7826086956522,500.0,172.41379310344828,344.82758620689657,250.0,555.5555555555555,1000.0,9999.0,666.6666666666666,1000.0,344.82758620689657,212.7659574468085,1000.0,1000.0,1000.0,96.15384615384616,312.5,212.7659574468085,625.0,416.6666666666667,0.0,277.77777777777777,270.27027027027026,333.3333333333333,222.22222222222223,1000.0,588.2352941176471,243.90243902439022,9999.0,9999.0,111.11111111111111,476.1904761904762
science_technology_optimism|WVS_E,153.84615384615384,9999.0,9999.0,126.58227848101265,232.5581395348837,222.22222222222223,303.03030303030306,303.03030303030306,9999.0,9999.0,9999.0,161.29032258064515,9999.0,9999.0,9999.0,9999.0,178.57142857142858,344.82758620689657,232.5581395348837,113.63636363636363,48.07692307692308,49.75124378109453,112.35955056179776,416.6666666666667,9999.0,66.2251655629139,121.95121951219511,68.4931506849315,555.5555555555555,263.1578947368421,9999.0,9999.0,181.81818181818184,9999.0,140.8450704225352,434.7826086956522,9999.0,9999.0,44.24778761061947,101.010101010101,75.18796992481204,200.0,1000.0,277.77777777777777,0.0,106.38297872340425,105.26315789473685,9999.0,74.07407407407408,68.02721088435375,80.0,9999.0,9999.0,9999.0,84.74576271186442
sexual_and_reproductive_morality_permissiveness|WVS_F,714.2857142857143,1000.0,666.6666666666666,208.33333333333334,434.7826086956522,1000.0,434.7826086956522,9999.0,714.2857142857143,833.3333333333334,1000.0,131.57894736842104,769.2307692307693,91.74311926605505,1000.0,454.5454545454545,303.03030303030306,333.3333333333333,344.82758620689657,172.41379310344828,90.90909090909092,222.22222222222223,172.41379310344828,238.0952380952381,285.7142857142857,123.4567901234568,169.49152542372883,9999.0,312.5,1000.0,9999.0,90.90909090909092,277.77777777777777,107.52688172043011,909.090909090909,526.3157894736842,181.81818181818184,384.61538461538464,83.33333333333333,9999.0,9999.0,9999.0,9999.0,270.27027027027026,106.38297872340425,0.0,238.0952380952381,256.4102564102564,217.3913043478261,153.84615384615384,9999.0,9999.0,9999.0,87.71929824561403,151.51515151515153
social_intolerance_outgroups|WVS_A,208.33333333333334,71.94244604316548,99.00990099009901,102.04081632653062,9999.0,9999.0,9999.0,181.81818181818184,107.52688172043011,64.93506493506493,126.58227848101265,35.714285714285715,294.11764705882354,58.47953216374269,204.08163265306123,1000.0,123.4567901234568,97.08737864077669,166.66666666666666,357.14285714285717,66.66666666666667,35.587188612099645,9999.0,48.78048780487805,67.11409395973155,85.47008547008546,61.7283950617284,270.27027027027026,85.47008547008546,40.32258064516129,9999.0,37.3134328358209,156.25,73.52941176470588,135.13513513513513,119.04761904761905,44.24778761061947,196.078431372549,42.016806722689076,135.13513513513513,54.94505494505494,133.33333333333334,98.0392156862745,333.3333333333333,105.26315789473685,238.0952380952381,0.0,62.5,72.99270072992701,9999.0,34.013605442176875,9999.0,9999.0,39.52569169960474,625.0
