,acceptance_of_state_surveillance|WVS_H,authoritarian_governance_tolerance|WVS_E,autocracy_support|WVS_E,basic_needs_deprivation|WVS_H,child_qualities_autonomy_self_expression|WVS_A,child_qualities_conformity_tradition|WVS_A,child_qualities_prosocial_diligence|WVS_A,civic_dishonesty_tolerance|WVS_F,confidence_in_civil_society_organizations|WVS_E,confidence_in_domestic_institutions|WVS_E,confidence_in_international_organizations|WVS_E,crime_victimization|WVS_H,democratic_system_evaluation|WVS_E,democratic_values_importance|WVS_E,economic_ideology|WVS_E,electoral_integrity|WVS_E,existential_threat_worry|WVS_H,familial_duty_obligations|WVS_D,female_income_threat_to_marriage|WVS_D,freedom_security_tradeoff_perception|WVS_H,gender_role_traditionalism|WVS_D,immigrant_origin_status|WVS_G,importance_of_life_domains|WVS_A,institutional_threat_perception|WVS_H,international_organization_knowledge|WVS_E,job_scarcity_gender_discrimination|WVS_C,job_scarcity_nativist_preference|WVS_C,life_autonomy_morality_permissiveness|WVS_F,multilevel_place_attachment|WVS_G,neighborhood_disorder_and_crime|WVS_H,offline_political_participation|WVS_E,online_political_participation|WVS_E,outgroup_trust|WVS_G,perceived_corruption|WVS_E,perceived_negative_effects_of_immigration|WVS_G,perceived_positive_effects_of_immigration|WVS_G,political_information_sources|WVS_E,postmaterialist_values|WVS_E,precautionary_security_behaviors|WVS_H,religion_versus_secularism_orientation|WVS_F,religious_belief|WVS_F,religious_exclusivism|WVS_F,religious_practice_and_self_identification|WVS_F,science_skepticism|WVS_I,science_technology_optimism|WVS_E,sexual_and_reproductive_morality_permissiveness|WVS_F,social_intolerance_outgroups|WVS_A,societal_change_attitudes|WVS_E,socioeconomic_insecurity_worry|WVS_H,subjective_wellbeing|WVS_A,violence_tolerance|WVS_F,voluntary_association_active_membership|WVS_A,voluntary_association_belonging|WVS_A,voting_participation|WVS_E,work_ethic|WVS_C
acceptance_of_state_surveillance|WVS_H,0.0,105.26315789473685,144.92753623188406,9999.0,153.84615384615384,434.7826086956522,1000.0,96.15384615384616,400.0,149.2537313432836,322.5806451612903,9999.0,1000.0,1000.0,128.2051282051282,238.0952380952381,9999.0,212.7659574468085,75.75757575757576,9999.0,103.09278350515464,120.48192771084337,294.11764705882354,9999.0,104.16666666666667,222.22222222222223,270.27027027027026,357.14285714285717,256.4102564102564,9999.0,151.51515151515153,1000.0,476.1904761904762,9999.0,370.3703703703703,333.3333333333333,67.11409395973155,1000.0,9999.0,140.8450704225352,256.4102564102564,89.28571428571429,243.90243902439022,178.57142857142858,526.3157894736842,204.08163265306123,83.33333333333333,81.30081300813008,9999.0,149.2537313432836,101.010101010101,1000.0,357.14285714285717,1000.0,1000.0
authoritarian_governance_tolerance|WVS_E,105.26315789473685,0.0,9999.0,34.84320557491289,72.46376811594203,625.0,50.25125628140703,51.54639175257732,9999.0,9999.0,9999.0,76.92307692307692,9999.0,9999.0,9999.0,9999.0,89.28571428571429,128.2051282051282,68.9655172413793,178.57142857142858,68.9655172413793,63.69426751592357,434.7826086956522,77.51937984496124,9999.0,434.7826086956522,60.24096385542168,312.5,153.84615384615384,312.5,9999.0,9999.0,147.05882352941177,9999.0,1000.0,125.0,9999.0,9999.0,86.20689655172414,34.96503496503497,49.26108374384237,34.96503496503497,277.77777777777777,56.81818181818181,9999.0,156.25,78.125,9999.0,98.0392156862745,67.11409395973155,45.87155963302752,909.090909090909,163.93442622950818,9999.0,909.090909090909
autocracy_support|WVS_E,144.92753623188406,9999.0,0.0,35.08771929824561,73.52941176470588,285.7142857142857,34.129692832764505,49.26108374384237,9999.0,9999.0,9999.0,74.6268656716418,9999.0,9999.0,9999.0,9999.0,55.55555555555556,400.0,67.56756756756756,588.2352941176471,40.16064257028113,24.390243902439025,294.11764705882354,35.2112676056338,9999.0,232.5581395348837,49.75124378109453,555.5555555555555,125.0,416.6666666666667,9999.0,9999.0,65.35947712418302,9999.0,153.84615384615384,102.04081632653062,9999.0,9999.0,41.49377593360996,30.769230769230766,28.409090909090907,26.455026455026456,178.57142857142858,44.052863436123346,9999.0,129.87012987012986,140.8450704225352,9999.0,62.11180124223603,75.18796992481204,33.333333333333336,263.1578947368421,1000.0,9999.0,1000.0
basic_needs_deprivation|WVS_H,9999.0,34.84320557491289,35.08771929824561,0.0,41.1522633744856,384.61538461538464,32.154340836012864,39.0625,185.18518518518516,26.246719160104984,238.0952380952381,9999.0,89.28571428571429,63.291139240506325,84.03361344537815,61.34969325153375,9999.0,104.16666666666667,42.73504273504273,9999.0,28.169014084507044,14.22475106685633,1000.0,9999.0,384.61538461538464,144.92753623188406,43.29004329004329,144.92753623188406,57.80346820809249,9999.0,161.29032258064515,34.602076124567475,63.291139240506325,9999.0,227.27272727272725,75.75757575757576,16.129032258064516,1000.0,9999.0,20.964360587002098,24.93765586034913,19.49317738791423,58.8235294117647,35.08771929824561,44.84304932735426,181.81818181818184,29.850746268656714,23.52941176470588,9999.0,43.66812227074236,24.213075060532685,666.6666666666666,123.4567901234568,45.87155963302752,82.64462809917356
child_qualities_autonomy_self_expression|WVS_A,153.84615384615384,72.46376811594203,73.52941176470588,41.1522633744856,0.0,9999.0,9999.0,74.07407407407408,370.3703703703703,54.34782608695652,476.1904761904762,80.0,204.08163265306123,169.49152542372883,175.43859649122805,125.0,175.43859649122805,232.5581395348837,81.96721311475409,454.5454545454545,55.24861878453038,30.3030303030303,9999.0,82.64462809917356,555.5555555555555,232.5581395348837,95.23809523809523,270.27027027027026,114.9425287356322,333.3333333333333,277.77777777777777,75.75757575757576,129.87012987012986,9999.0,526.3157894736842,151.51515151515153,31.645569620253163,1000.0,121.95121951219511,45.87155963302752,51.81347150259067,40.983606557377044,135.13513513513513,73.52941176470588,92.59259259259258,270.27027027027026,9999.0,45.24886877828054,185.18518518518516,9999.0,49.01960784313725,9999.0,9999.0,72.99270072992701,192.30769230769232
child_qualities_conformity_tradition|WVS_A,434.7826086956522,625.0,285.7142857142857,384.61538461538464,9999.0,0.0,9999.0,217.3913043478261,188.67924528301887,270.27027027027026,454.5454545454545,357.14285714285717,1000.0,1000.0,270.27027027027026,416.6666666666667,149.2537313432836,1000.0,71.42857142857143,126.58227848101265,83.33333333333333,81.30081300813008,9999.0,169.49152542372883,144.92753623188406,78.125,833.3333333333334,1000.0,400.0,666.6666666666666,89.28571428571429,97.08737864077669,243.90243902439022,9999.0,1000.0,1000.0,104.16666666666667,1000.0,1000.0,357.14285714285717,222.22222222222223,277.77777777777777,92.59259259259258,1000.0,238.0952380952381,161.29032258064515,9999.0,129.87012987012986,109.89010989010988,9999.0,135.13513513513513,9999.0,9999.0,1000.0,1000.0
child_qualities_prosocial_diligence|WVS_A,1000.0,50.25125628140703,34.129692832764505,32.154340836012864,9999.0,9999.0,0.0,64.1025641025641,63.69426751592357,23.980815347721823,52.35602094240838,106.38297872340425,47.61904761904761,29.498525073746315,86.95652173913044,46.51162790697675,71.94244604316548,1000.0,79.36507936507937,99.00990099009901,66.66666666666667,22.42152466367713,9999.0,29.32551319648094,24.03846153846154,60.6060606060606,32.05128205128205,769.2307692307693,138.88888888888889,153.84615384615384,36.76470588235294,18.315018315018314,57.14285714285714,9999.0,63.69426751592357,81.30081300813008,22.573363431151243,200.0,22.98850574712644,17.57469244288225,20.618556701030926,21.27659574468085,27.247956403269754,33.557046979865774,30.8641975308642,285.7142857142857,9999.0,30.395136778115504,196.078431372549,9999.0,35.3356890459364,9999.0,9999.0,116.27906976744185,169.49152542372883
civic_dishonesty_tolerance|WVS_F,96.15384615384616,51.54639175257732,49.26108374384237,39.0625,74.07407407407408,217.3913043478261,64.1025641025641,0.0,370.3703703703703,40.65040650406504,555.5555555555555,72.99270072992701,114.9425287356322,104.16666666666667,125.0,60.975609756097555,68.4931506849315,161.29032258064515,44.84304932735426,588.2352941176471,42.016806722689076,37.174721189591075,555.5555555555555,54.94505494505494,217.3913043478261,138.88888888888889,66.2251655629139,9999.0,126.58227848101265,526.3157894736842,285.7142857142857,76.92307692307692,97.08737864077669,9999.0,1000.0,116.27906976744185,39.21568627450981,434.7826086956522,86.95652173913044,9999.0,9999.0,9999.0,9999.0,59.523809523809526,109.89010989010988,9999.0,72.99270072992701,30.959752321981423,62.5,78.74015748031496,9999.0,303.03030303030306,344.82758620689657,400.0,833.3333333333334
confidence_in_civil_society_organizations|WVS_E,400.0,9999.0,9999.0,185.18518518518516,370.3703703703703,188.67924528301887,63.69426751592357,370.3703703703703,0.0,9999.0,9999.0,909.090909090909,9999.0,9999.0,9999.0,9999.0,192.30769230769232,1000.0,69.44444444444444,131.57894736842104,384.61538461538464,80.64516129032258,208.33333333333334,333.3333333333333,9999.0,90.90909090909092,172.41379310344828,1000.0,555.5555555555555,357.14285714285717,9999.0,9999.0,588.2352941176471,9999.0,196.078431372549,555.5555555555555,9999.0,9999.0,105.26315789473685,68.9655172413793,113.63636363636363,136.986301369863,49.75124378109453,172.41379310344828,9999.0,136.986301369863,1000.0,9999.0,116.27906976744185,357.14285714285717,625.0,188.67924528301887,344.82758620689657,9999.0,172.41379310344828
confidence_in_domestic_institutions|WVS_E,149.2537313432836,9999.0,9999.0,26.246719160104984,54.34782608695652,270.27027027027026,23.980815347721823,40.65040650406504,9999.0,0.0,9999.0,58.13953488372093,9999.0,9999.0,9999.0,9999.0,47.84688995215311,476.1904761904762,76.33587786259541,909.090909090909,30.030030030030026,16.10305958132045,140.8450704225352,25.57544757033248,9999.0,166.66666666666666,38.314176245210724,500.0,83.33333333333333,263.1578947368421,9999.0,9999.0,46.51162790697675,9999.0,88.49557522123894,76.33587786259541,9999.0,9999.0,29.850746268656714,20.876826722338205,19.76284584980237,19.455252918287936,72.46376811594203,35.3356890459364,9999.0,153.84615384615384,80.0,9999.0,54.94505494505494,63.69426751592357,24.03846153846154,263.1578947368421,1000.0,9999.0,147.05882352941177
confidence_in_international_organizations|WVS_E,322.5806451612903,9999.0,9999.0,238.0952380952381,476.1904761904762,454.5454545454545,52.35602094240838,555.5555555555555,9999.0,9999.0,0.0,1000.0,9999.0,9999.0,9999.0,9999.0,250.0,416.6666666666667,116.27906976744185,526.3157894736842,526.3157894736842,76.92307692307692,178.57142857142858,83.33333333333333,9999.0,149.2537313432836,108.69565217391305,555.5555555555555,1000.0,666.6666666666666,9999.0,9999.0,172.41379310344828,9999.0,153.84615384615384,384.61538461538464,9999.0,9999.0,61.34969325153375,63.291139240506325,64.51612903225806,100.0,80.64516129032258,133.33333333333334,9999.0,357.14285714285717,196.078431372549,9999.0,1000.0,370.3703703703703,161.29032258064515,1000.0,1000.0,9999.0,625.0
crime_victimization|WVS_H,9999.0,76.92307692307692,74.6268656716418,9999.0,80.0,357.14285714285717,106.38297872340425,72.99270072992701,909.090909090909,58.13953488372093,1000.0,0.0,312.5,344.82758620689657,104.16666666666667,149.2537313432836,9999.0,188.67924528301887,53.763440860215056,9999.0,46.728971962616825,28.08988764044944,1000.0,9999.0,212.7659574468085,104.16666666666667,116.27906976744185,227.27272727272725,100.0,9999.0,116.27906976744185,114.9425287356322,125.0,9999.0,1000.0,151.51515151515153,31.948881789137378,714.2857142857143,9999.0,54.34782608695652,58.8235294117647,38.91050583657587,222.22222222222223,81.96721311475409,117.6470588235294,212.7659574468085,55.24861878453038,46.51162790697675,9999.0,88.49557522123894,48.543689320388346,1000.0,232.5581395348837,60.975609756097555,156.25
democratic_system_evaluation|WVS_E,1000.0,9999.0,9999.0,89.28571428571429,204.08163265306123,1000.0,47.61904761904761,114.9425287356322,9999.0,9999.0,9999.0,312.5,0.0,9999.0,9999.0,9999.0,94.33962264150944,1000.0,1000.0,1000.0,112.35955056179776,61.7283950617284,270.27027027027026,61.34969325153375,9999.0,270.27027027027026,77.51937984496124,909.090909090909,526.3157894736842,769.2307692307693,9999.0,9999.0,126.58227848101265,9999.0,175.43859649122805,208.33333333333334,9999.0,9999.0,55.55555555555556,46.948356807511736,47.16981132075472,55.24861878453038,163.93442622950818,89.28571428571429,9999.0,588.2352941176471,322.5806451612903,9999.0,113.63636363636363,178.57142857142858,80.64516129032258,526.3157894736842,1000.0,9999.0,714.2857142857143
democratic_values_importance|WVS_E,1000.0,9999.0,9999.0,63.291139240506325,169.49152542372883,1000.0,29.498525073746315,104.16666666666667,9999.0,9999.0,9999.0,344.82758620689657,9999.0,0.0,9999.0,9999.0,62.11180124223603,454.5454545454545,500.0,666.6666666666666,65.78947368421052,36.36363636363637,123.4567901234568,37.03703703703704,9999.0,333.3333333333333,51.81347150259067,500.0,370.3703703703703,555.5555555555555,9999.0,9999.0,74.07407407407408,9999.0,90.90909090909092,136.986301369863,9999.0,9999.0,34.48275862068965,32.78688524590164,29.15451895043732,37.174721189591075,80.0,58.8235294117647,9999.0,476.1904761904762,285.7142857142857,9999.0,90.09009009009009,135.13513513513513,48.309178743961354,303.03030303030306,500.0,9999.0,1000.0
economic_ideology|WVS_E,128.2051282051282,9999.0,9999.0,84.03361344537815,175.43859649122805,270.27027027027026,86.95652173913044,125.0,9999.0,9999.0,9999.0,104.16666666666667,9999.0,9999.0,0.0,9999.0,1000.0,200.0,53.475935828877,666.6666666666666,86.20689655172414,90.90909090909092,185.18518518518516,232.5581395348837,9999.0,89.28571428571429,555.5555555555555,238.0952380952381,175.43859649122805,1000.0,9999.0,9999.0,1000.0,9999.0,181.81818181818184,526.3157894736842,9999.0,9999.0,85.47008547008546,769.2307692307693,370.3703703703703,192.30769230769232,103.09278350515464,1000.0,9999.0,185.18518518518516,60.975609756097555,9999.0,333.3333333333333,192.30769230769232,117.6470588235294,1000.0,400.0,9999.0,322.5806451612903
electoral_integrity|WVS_E,238.0952380952381,9999.0,9999.0,61.34969325153375,125.0,416.6666666666667,46.51162790697675,60.975609756097555,9999.0,9999.0,9999.0,149.2537313432836,9999.0,9999.0,9999.0,0.0,56.17977528089888,400.0,117.6470588235294,1000.0,86.95652173913044,117.6470588235294,1000.0,54.34782608695652,9999.0,312.5,63.69426751592357,1000.0,625.0,714.2857142857143,9999.0,9999.0,108.69565217391305,9999.0,303.03030303030306,153.84615384615384,9999.0,9999.0,55.55555555555556,43.10344827586207,47.61904761904761,42.37288135593221,1000.0,63.291139240506325,9999.0,153.84615384615384,1000.0,9999.0,72.99270072992701,105.26315789473685,58.8235294117647,384.61538461538464,625.0,9999.0,163.93442622950818
existential_threat_worry|WVS_H,9999.0,89.28571428571429,55.55555555555556,9999.0,175.43859649122805,149.2537313432836,71.94244604316548,68.4931506849315,192.30769230769232,47.84688995215311,250.0,9999.0,94.33962264150944,62.11180124223603,1000.0,56.17977528089888,0.0,909.090909090909,62.893081761006286,9999.0,55.24861878453038,71.94244604316548,714.2857142857143,9999.0,454.5454545454545,142.85714285714286,77.51937984496124,1000.0,625.0,9999.0,1000.0,185.18518518518516,87.71929824561403,9999.0,285.7142857142857,181.81818181818184,312.5,238.0952380952381,9999.0,67.56756756756756,46.51162790697675,48.78048780487805,90.09009009009009,95.23809523809523,416.6666666666667,94.33962264150944,357.14285714285717,38.314176245210724,9999.0,188.67924528301887,54.94505494505494,114.9425287356322,285.7142857142857,58.8235294117647,125.0
familial_duty_obligations|WVS_D,212.7659574468085,128.2051282051282,400.0,104.16666666666667,232.5581395348837,1000.0,1000.0,161.29032258064515,1000.0,476.1904761904762,416.6666666666667,188.67924528301887,1000.0,454.5454545454545,200.0,400.0,909.090909090909,0.0,9999.0,172.41379310344828,9999.0,263.1578947368421,277.77777777777777,434.7826086956522,147.05882352941177,263.1578947368421,344.82758620689657,500.0,666.6666666666666,666.6666666666666,909.090909090909,163.93442622950818,714.2857142857143,9999.0,344.82758620689657,555.5555555555555,51.81347150259067,833.3333333333334,312.5,158.73015873015873,1000.0,181.81818181818184,833.3333333333334,238.0952380952381,357.14285714285717,1000.0,129.87012987012986,181.81818181818184,1000.0,181.81818181818184,333.3333333333333,333.3333333333333,192.30769230769232,370.3703703703703,1000.0
female_income_threat_to_marriage|WVS_D,75.75757575757576,68.9655172413793,67.56756756756756,42.73504273504273,81.96721311475409,71.42857142857143,79.36507936507937,44.84304932735426,69.44444444444444,76.33587786259541,116.27906976744185,53.763440860215056,1000.0,500.0,53.475935828877,117.6470588235294,62.893081761006286,9999.0,0.0,60.975609756097555,9999.0,21.78649237472767,172.41379310344828,75.75757575757576,36.76470588235294,28.328611898016998,1000.0,158.73015873015873,78.125,476.1904761904762,28.81844380403458,43.29004329004329,88.49557522123894,9999.0,243.90243902439022,161.29032258064515,357.14285714285717,270.27027027027026,181.81818181818184,1000.0,70.4225352112676,48.543689320388346,36.76470588235294,188.67924528301887,188.67924528301887,56.17977528089888,41.84100418410041,31.746031746031747,41.84100418410041,120.48192771084337,33.222591362126245,81.30081300813008,238.0952380952381,111.11111111111111,526.3157894736842
freedom_security_tradeoff_perception|WVS_H,9999.0,178.57142857142858,588.2352941176471,9999.0,454.5454545454545,126.58227848101265,99.00990099009901,588.2352941176471,131.57894736842104,909.090909090909,526.3157894736842,9999.0,1000.0,666.6666666666666,666.6666666666666,1000.0,9999.0,172.41379310344828,60.975609756097555,0.0,59.880239520958085,55.865921787709496,666.6666666666666,9999.0,166.66666666666666,44.642857142857146,175.43859649122805,1000.0,434.7826086956522,9999.0,54.6448087431694,45.24886877828054,161.29032258064515,9999.0,769.2307692307693,1000.0,31.948881789137378,322.5806451612903,9999.0,81.30081300813008,163.93442622950818,1000.0,57.4712643678161,200.0,111.11111111111111,129.87012987012986,1000.0,294.11764705882354,9999.0,185.18518518518516,140.8450704225352,95.23809523809523,105.26315789473685,147.05882352941177,909.090909090909
gender_role_traditionalism|WVS_D,103.09278350515464,68.9655172413793,40.16064257028113,28.169014084507044,55.24861878453038,83.33333333333333,66.66666666666667,42.016806722689076,384.61538461538464,30.030030030030026,526.3157894736842,46.728971962616825,112.35955056179776,65.78947368421052,86.20689655172414,86.95652173913044,55.24861878453038,9999.0,9999.0,59.880239520958085,0.0,11.560693641618498,200.0,29.850746268656714,625.0,27.700831024930746,96.15384615384616,178.57142857142858,56.17977528089888,1000.0,35.46099290780142,238.0952380952381,45.04504504504504,9999.0,135.13513513513513,98.0392156862745,90.90909090909092,161.29032258064515,63.69426751592357,44.44444444444444,24.390243902439025,23.696682464454977,196.078431372549,55.55555555555556,126.58227848101265,75.75757575757576,38.75968992248062,23.752969121140143,44.24778761061947,80.0,23.474178403755868,80.64516129032258,161.29032258064515,23.094688221709006,69.93006993006993
immigrant_origin_status|WVS_G,120.48192771084337,63.69426751592357,24.390243902439025,14.22475106685633,30.3030303030303,81.30081300813008,22.42152466367713,37.174721189591075,80.64516129032258,16.10305958132045,76.92307692307692,28.08988764044944,61.7283950617284,36.36363636363637,90.90909090909092,117.6470588235294,71.94244604316548,263.1578947368421,21.78649237472767,55.865921787709496,11.560693641618498,0.0,52.91005291005291,16.722408026755854,36.90036900369004,19.801980198019802,52.35602094240838,105.26315789473685,9999.0,163.93442622950818,27.932960893854748,71.94244604316548,9999.0,9999.0,9999.0,9999.0,20.964360587002098,64.1025641025641,26.80965147453083,16.69449081803005,11.641443538998836,13.071895424836601,35.2112676056338,31.152647975077883,34.602076124567475,121.95121951219511,24.03846153846154,16.44736842105263,53.191489361702125,57.14285714285714,12.484394506866415,71.94244604316548,108.69565217391305,9.157509157509157,23.980815347721823
importance_of_life_domains|WVS_A,294.11764705882354,434.7826086956522,294.11764705882354,1000.0,9999.0,9999.0,9999.0,555.5555555555555,208.33333333333334,140.8450704225352,178.57142857142858,1000.0,270.27027027027026,123.4567901234568,185.18518518518516,1000.0,714.2857142857143,277.77777777777777,172.41379310344828,666.6666666666666,200.0,52.91005291005291,0.0,111.11111111111111,70.4225352112676,1000.0,322.5806451612903,833.3333333333334,588.2352941176471,1000.0,263.1578947368421,129.87012987012986,208.33333333333334,9999.0,169.49152542372883,714.2857142857143,400.0,1000.0,92.59259259259258,121.95121951219511,85.47008547008546,156.25,99.00990099009901,370.3703703703703,192.30769230769232,384.61538461538464,9999.0,476.1904761904762,1000.0,9999.0,204.08163265306123,9999.0,9999.0,78.125,212.7659574468085
institutional_threat_perception|WVS_H,9999.0,77.51937984496124,35.2112676056338,9999.0,82.64462809917356,169.49152542372883,29.32551319648094,54.94505494505494,333.3333333333333,25.57544757033248,83.33333333333333,9999.0,61.34969325153375,37.03703703703704,232.5581395348837,54.34782608695652,9999.0,434.7826086956522,75.75757575757576,9999.0,29.850746268656714,16.722408026755854,111.11111111111111,0.0,47.61904761904761,72.99270072992701,48.07692307692308,1000.0,100.0,9999.0,714.2857142857143,48.543689320388346,47.16981132075472,9999.0,80.64516129032258,99.00990099009901,72.99270072992701,1000.0,9999.0,27.47252747252747,21.978021978021978,24.03846153846154,104.16666666666667,48.07692307692308,59.880239520958085,147.05882352941177,250.0,26.525198938992045,9999.0,96.15384615384616,28.57142857142857,113.63636363636363,238.0952380952381,67.11409395973155,227.27272727272725
international_organization_knowledge|WVS_E,104.16666666666667,9999.0,9999.0,384.61538461538464,555.5555555555555,144.92753623188406,24.03846153846154,217.3913043478261,9999.0,9999.0,9999.0,212.7659574468085,9999.0,9999.0,9999.0,9999.0,454.5454545454545,147.05882352941177,36.76470588235294,166.66666666666666,625.0,36.90036900369004,70.4225352112676,47.61904761904761,0.0,59.1715976331361,60.24096385542168,227.27272727272725,1000.0,303.03030303030306,9999.0,9999.0,105.26315789473685,9999.0,68.4931506849315,285.7142857142857,9999.0,9999.0,30.487804878048777,35.587188612099645,35.714285714285715,63.69426751592357,29.239766081871345,88.49557522123894,9999.0,92.59259259259258,66.2251655629139,9999.0,227.27272727272725,555.5555555555555,158.73015873015873,357.14285714285717,769.2307692307693,9999.0,163.93442622950818
job_scarcity_gender_discrimination|WVS_C,222.22222222222223,434.7826086956522,232.5581395348837,144.92753623188406,232.5581395348837,78.125,60.6060606060606,138.88888888888889,90.90909090909092,166.66666666666666,149.2537313432836,104.16666666666667,270.27027027027026,333.3333333333333,89.28571428571429,312.5,142.85714285714286,263.1578947368421,28.328611898016998,44.642857142857146,27.700831024930746,19.801980198019802,1000.0,72.99270072992701,59.1715976331361,0.0,9999.0,277.77777777777777,88.49557522123894,270.27027027027026,26.80965147453083,28.98550724637681,86.95652173913044,9999.0,1000.0,588.2352941176471,39.8406374501992,128.2051282051282,156.25,87.71929824561403,90.09009009009009,133.33333333333334,45.04504504504504,294.11764705882354,107.52688172043011,81.30081300813008,69.44444444444444,69.44444444444444,63.291139240506325,400.0,48.309178743961354,71.94244604316548,92.59259259259258,34.36426116838488,9999.0
job_scarcity_nativist_preference|WVS_C,270.27027027027026,60.24096385542168,49.75124378109453,43.29004329004329,95.23809523809523,833.3333333333334,32.05128205128205,66.2251655629139,172.41379310344828,38.314176245210724,108.69565217391305,116.27906976744185,77.51937984496124,51.81347150259067,555.5555555555555,63.69426751592357,77.51937984496124,344.82758620689657,1000.0,175.43859649122805,96.15384615384616,52.35602094240838,322.5806451612903,48.07692307692308,60.24096385542168,9999.0,0.0,1000.0,217.3913043478261,303.03030303030306,73.52941176470588,30.581039755351682,101.010101010101,9999.0,153.84615384615384,131.57894736842104,32.57328990228013,212.7659574468085,41.49377593360996,28.73563218390805,36.231884057971016,33.557046979865774,68.02721088435375,51.282051282051285,54.34782608695652,555.5555555555555,416.6666666666667,40.0,125.0,77.51937984496124,48.543689320388346,909.090909090909,238.0952380952381,250.0,9999.0
life_autonomy_morality_permissiveness|WVS_F,357.14285714285717,312.5,555.5555555555555,144.92753623188406,270.27027027027026,1000.0,769.2307692307693,9999.0,1000.0,500.0,555.5555555555555,227.27272727272725,909.090909090909,500.0,238.0952380952381,1000.0,1000.0,500.0,158.73015873015873,1000.0,178.57142857142858,105.26315789473685,833.3333333333334,1000.0,227.27272727272725,277.77777777777777,1000.0,0.0,303.03030303030306,1000.0,196.078431372549,1000.0,1000.0,9999.0,909.090909090909,666.6666666666666,112.35955056179776,833.3333333333334,370.3703703703703,9999.0,9999.0,9999.0,9999.0,526.3157894736842,1000.0,9999.0,131.57894736842104,208.33333333333334,1000.0,344.82758620689657,9999.0,1000.0,666.6666666666666,142.85714285714286,370.3703703703703
multilevel_place_attachment|WVS_G,256.4102564102564,153.84615384615384,125.0,57.80346820809249,114.9425287356322,400.0,138.88888888888889,126.58227848101265,555.5555555555555,83.33333333333333,1000.0,100.0,526.3157894736842,370.3703703703703,175.43859649122805,625.0,625.0,666.6666666666666,78.125,434.7826086956522,56.17977528089888,9999.0,588.2352941176471,100.0,1000.0,88.49557522123894,217.3913043478261,303.03030303030306,0.0,555.5555555555555,117.6470588235294,256.4102564102564,9999.0,9999.0,9999.0,9999.0,65.35947712418302,312.5,270.27027027027026,76.33587786259541,67.11409395973155,55.24861878453038,204.08163265306123,135.13513513513513,158.73015873015873,400.0,72.99270072992701,75.18796992481204,294.11764705882354,151.51515151515153,56.81818181818181,769.2307692307693,1000.0,43.66812227074236,107.52688172043011
neighborhood_disorder_and_crime|WVS_H,9999.0,312.5,416.6666666666667,9999.0,333.3333333333333,666.6666666666666,153.84615384615384,526.3157894736842,357.14285714285717,263.1578947368421,666.6666666666666,9999.0,769.2307692307693,555.5555555555555,1000.0,714.2857142857143,9999.0,666.6666666666666,476.1904761904762,9999.0,1000.0,163.93442622950818,1000.0,9999.0,303.03030303030306,270.27027027027026,303.03030303030306,1000.0,555.5555555555555,0.0,285.7142857142857,123.4567901234568,1000.0,9999.0,1000.0,666.6666666666666,83.33333333333333,1000.0,9999.0,128.2051282051282,277.77777777777777,178.57142857142858,140.8450704225352,250.0,212.7659574468085,666.6666666666666,333.3333333333333,312.5,9999.0,312.5,285.7142857142857,476.1904761904762,434.7826086956522,250.0,500.0
offline_political_participation|WVS_E,151.51515151515153,9999.0,9999.0,161.29032258064515,277.77777777777777,89.28571428571429,36.76470588235294,285.7142857142857,9999.0,9999.0,9999.0,116.27906976744185,9999.0,9999.0,9999.0,9999.0,1000.0,909.090909090909,28.81844380403458,54.6448087431694,35.46099290780142,27.932960893854748,263.1578947368421,714.2857142857143,9999.0,26.80965147453083,73.52941176470588,196.078431372549,117.6470588235294,285.7142857142857,0.0,9999.0,169.49152542372883,9999.0,200.0,1000.0,9999.0,9999.0,62.893081761006286,47.16981132075472,1000.0,1000.0,40.0,121.95121951219511,9999.0,92.59259259259258,58.13953488372093,9999.0,92.59259259259258,285.7142857142857,71.94244604316548,95.23809523809523,133.33333333333334,9999.0,128.2051282051282
online_political_participation|WVS_E,1000.0,9999.0,9999.0,34.602076124567475,75.75757575757576,97.08737864077669,18.315018315018314,76.92307692307692,9999.0,9999.0,9999.0,114.9425287356322,9999.0,9999.0,9999.0,9999.0,185.18518518518516,163.93442622950818,43.29004329004329,45.24886877828054,238.0952380952381,71.94244604316548,129.87012987012986,48.543689320388346,9999.0,28.98550724637681,30.581039755351682,1000.0,256.4102564102564,123.4567901234568,9999.0,0.0,119.04761904761905,9999.0,106.38297872340425,101.010101010101,9999.0,9999.0,29.940119760479043,16.638935108153078,30.3030303030303,26.041666666666668,22.271714922048996,35.08771929824561,9999.0,108.69565217391305,1000.0,9999.0,163.93442622950818,54.94505494505494,59.523809523809526,81.30081300813008,78.125,9999.0,500.0
outgroup_trust|WVS_G,476.1904761904762,147.05882352941177,65.35947712418302,63.291139240506325,129.87012987012986,243.90243902439022,57.14285714285714,97.08737864077669,588.2352941176471,46.51162790697675,172.41379310344828,125.0,126.58227848101265,74.07407407407408,1000.0,108.69565217391305,87.71929824561403,714.2857142857143,88.49557522123894,161.29032258064515,45.04504504504504,9999.0,208.33333333333334,47.16981132075472,105.26315789473685,86.95652173913044,101.010101010101,1000.0,9999.0,1000.0,169.49152542372883,119.04761904761905,0.0,9999.0,9999.0,9999.0,140.8450704225352,909.090909090909,59.880239520958085,58.47953216374269,38.314176245210724,41.666666666666664,232.5581395348837,92.59259259259258,117.6470588235294,222.22222222222223,188.67924528301887,46.728971962616825,88.49557522123894,172.41379310344828,46.08294930875576,181.81818181818184,303.03030303030306,67.56756756756756,200.0
perceived_corruption|WVS_E,9999.0,9999.0,9999.0,9999.0,9999.0,9999.0,9999.0,9999.0,9999.0,9999.0,9999.0,9999.0,9999.0,9999.0,9999.0,9999.0,9999.0,9999.0,9999.0,9999.0,9999.0,9999.0,9999.0,9999.0,9999.0,9999.0,9999.0,9999.0,9999.0,9999.0,9999.0,9999.0,9999.0,0.0,9999.0,9999.0,9999.0,9999.0,9999.0,9999.0,9999.0,9999.0,9999.0,9999.0,9999.0,9999.0,9999.0,9999.0,9999.0,9999.0,9999.0,9999.0,9999.0,9999.0,9999.0
perceived_negative_effects_of_immigration|WVS_G,370.3703703703703,1000.0,153.84615384615384,227.27272727272725,526.3157894736842,1000.0,63.69426751592357,1000.0,196.078431372549,88.49557522123894,153.84615384615384,1000.0,175.43859649122805,90.90909090909092,181.81818181818184,303.03030303030306,285.7142857142857,344.82758620689657,243.90243902439022,769.2307692307693,135.13513513513513,9999.0,169.49152542372883,80.64516129032258,68.4931506849315,1000.0,153.84615384615384,909.090909090909,9999.0,1000.0,200.0,106.38297872340425,9999.0,9999.0,0.0,9999.0,500.0,1000.0,70.92198581560284,84.03361344537815,63.69426751592357,89.28571428571429,90.09009009009009,163.93442622950818,138.88888888888889,625.0,333.3333333333333,138.88888888888889,769.2307692307693,714.2857142857143,131.57894736842104,714.2857142857143,526.3157894736842,91.74311926605505,250.0
perceived_positive_effects_of_immigration|WVS_G,333.3333333333333,125.0,102.04081632653062,75.75757575757576,151.51515151515153,1000.0,81.30081300813008,116.27906976744185,555.5555555555555,76.33587786259541,384.61538461538464,151.51515151515153,208.33333333333334,136.986301369863,526.3157894736842,153.84615384615384,181.81818181818184,555.5555555555555,161.29032258064515,1000.0,98.0392156862745,9999.0,714.2857142857143,99.00990099009901,285.7142857142857,588.2352941176471,131.57894736842104,666.6666666666666,9999.0,666.6666666666666,1000.0,101.010101010101,9999.0,9999.0,9999.0,0.0,65.78947368421052,1000.0,113.63636363636363,69.93006993006993,70.4225352112676,61.7283950617284,196.078431372549,109.89010989010988,149.2537313432836,454.5454545454545,142.85714285714286,71.94244604316548,204.08163265306123,158.73015873015873,75.18796992481204,1000.0,833.3333333333334,188.67924528301887,476.1904761904762
political_information_sources|WVS_E,67.11409395973155,9999.0,9999.0,16.129032258064516,31.645569620253163,104.16666666666667,22.573363431151243,39.21568627450981,9999.0,9999.0,9999.0,31.948881789137378,9999.0,9999.0,9999.0,9999.0,312.5,51.81347150259067,357.14285714285717,31.948881789137378,90.90909090909092,20.964360587002098,400.0,72.99270072992701,9999.0,39.8406374501992,32.57328990228013,112.35955056179776,65.35947712418302,83.33333333333333,9999.0,9999.0,140.8450704225352,9999.0,500.0,65.78947368421052,0.0,9999.0,75.75757575757576,15.600624024960997,32.362459546925564,18.38235294117647,22.123893805309734,29.239766081871345,9999.0,200.0,26.525198938992045,9999.0,123.4567901234568,31.055900621118013,31.055900621118013,57.4712643678161,44.24778761061947,9999.0,72.99270072992701
postmaterialist_values|WVS_E,1000.0,9999.0,9999.0,1000.0,1000.0,1000.0,200.0,434.7826086956522,9999.0,9999.0,9999.0,714.2857142857143,9999.0,9999.0,9999.0,9999.0,238.0952380952381,833.3333333333334,270.27027027027026,322.5806451612903,161.29032258064515,64.1025641025641,1000.0,1000.0,9999.0,128.2051282051282,212.7659574468085,833.3333333333334,312.5,1000.0,9999.0,9999.0,909.090909090909,9999.0,1000.0,1000.0,9999.0,0.0,243.90243902439022,217.3913043478261,1000.0,833.3333333333334,588.2352941176471,357.14285714285717,9999.0,1000.0,217.3913043478261,9999.0,384.61538461538464,555.5555555555555,476.1904761904762,1000.0,588.2352941176471,9999.0,178.57142857142858
precautionary_security_behaviors|WVS_H,9999.0,86.20689655172414,41.49377593360996,9999.0,121.95121951219511,1000.0,22.98850574712644,86.95652173913044,105.26315789473685,29.850746268656714,61.34969325153375,9999.0,55.55555555555556,34.48275862068965,85.47008547008546,55.55555555555556,9999.0,312.5,181.81818181818184,9999.0,63.69426751592357,26.80965147453083,92.59259259259258,9999.0,30.487804878048777,156.25,41.49377593360996,370.3703703703703,270.27027027027026,9999.0,62.893081761006286,29.940119760479043,59.880239520958085,9999.0,70.92198581560284,113.63636363636363,75.75757575757576,243.90243902439022,0.0,26.80965147453083,24.752475247524753,28.73563218390805,50.5050505050505,48.543689320388346,50.25125628140703,1000.0,131.57894736842104,36.231884057971016,9999.0,113.63636363636363,44.642857142857146,285.7142857142857,526.3157894736842,1000.0,1000.0
religion_versus_secularism_orientation|WVS_F,140.8450704225352,34.96503496503497,30.769230769230766,20.964360587002098,45.87155963302752,357.14285714285717,17.57469244288225,9999.0,68.9655172413793,20.876826722338205,63.291139240506325,54.34782608695652,46.948356807511736,32.78688524590164,769.2307692307693,43.10344827586207,67.56756756756756,158.73015873015873,1000.0,81.30081300813008,44.44444444444444,16.69449081803005,121.95121951219511,27.47252747252747,35.587188612099645,87.71929824561403,28.73563218390805,9999.0,76.33587786259541,128.2051282051282,47.16981132075472,16.638935108153078,58.47953216374269,9999.0,84.03361344537815,69.93006993006993,15.600624024960997,217.3913043478261,26.80965147453083,0.0,9999.0,9999.0,9999.0,28.328611898016998,31.055900621118013,9999.0,73.52941176470588,22.321428571428573,129.87012987012986,40.816326530612244,9999.0,227.27272727272725,111.11111111111111,70.92198581560284,142.85714285714286
religious_belief|WVS_F,256.4102564102564,49.26108374384237,28.409090909090907,24.93765586034913,51.81347150259067,222.22222222222223,20.618556701030926,9999.0,113.63636363636363,19.76284584980237,64.51612903225806,58.8235294117647,47.16981132075472,29.15451895043732,370.3703703703703,47.61904761904761,46.51162790697675,1000.0,70.4225352112676,163.93442622950818,24.390243902439025,11.641443538998836,85.47008547008546,21.978021978021978,35.714285714285715,90.09009009009009,36.231884057971016,9999.0,67.11409395973155,277.77777777777777,1000.0,30.3030303030303,38.314176245210724,9999.0,63.69426751592357,70.4225352112676,32.362459546925564,1000.0,24.752475247524753,9999.0,0.0,9999.0,9999.0,31.746031746031747,40.16064257028113,9999.0,94.33962264150944,20.876826722338205,53.763440860215056,64.93506493506493,9999.0,147.05882352941177,344.82758620689657,33.67003367003367,95.23809523809523
religious_exclusivism|WVS_F,89.28571428571429,34.96503496503497,26.455026455026456,19.49317738791423,40.983606557377044,277.77777777777777,21.27659574468085,9999.0,136.986301369863,19.455252918287936,100.0,38.91050583657587,55.24861878453038,37.174721189591075,192.30769230769232,42.37288135593221,48.78048780487805,181.81818181818184,48.543689320388346,1000.0,23.696682464454977,13.071895424836601,156.25,24.03846153846154,63.69426751592357,133.33333333333334,33.557046979865774,9999.0,55.24861878453038,178.57142857142858,1000.0,26.041666666666668,41.666666666666664,9999.0,89.28571428571429,61.7283950617284,18.38235294117647,833.3333333333334,28.73563218390805,9999.0,9999.0,0.0,9999.0,29.673590504451038,37.3134328358209,9999.0,46.29629629629629,18.90359168241966,50.76142131979696,43.47826086956522,9999.0,333.3333333333333,294.11764705882354,42.918454935622314,96.15384615384616
religious_practice_and_self_identification|WVS_F,243.90243902439022,277.77777777777777,178.57142857142858,58.8235294117647,135.13513513513513,92.59259259259258,27.247956403269754,9999.0,49.75124378109453,72.46376811594203,80.64516129032258,222.22222222222223,163.93442622950818,80.0,103.09278350515464,1000.0,90.09009009009009,833.3333333333334,36.76470588235294,57.4712643678161,196.078431372549,35.2112676056338,99.00990099009901,104.16666666666667,29.239766081871345,45.04504504504504,68.02721088435375,9999.0,204.08163265306123,140.8450704225352,40.0,22.271714922048996,232.5581395348837,9999.0,90.09009009009009,196.078431372549,22.123893805309734,588.2352941176471,50.5050505050505,9999.0,9999.0,9999.0,0.0,66.66666666666667,41.32231404958678,9999.0,370.3703703703703,476.1904761904762,57.14285714285714,119.04761904761905,9999.0,80.0,117.6470588235294,34.48275862068965,74.07407407407408
science_skepticism|WVS_I,178.57142857142858,56.81818181818181,44.052863436123346,35.08771929824561,73.52941176470588,1000.0,33.557046979865774,59.523809523809526,172.41379310344828,35.3356890459364,133.33333333333334,81.96721311475409,89.28571428571429,58.8235294117647,1000.0,63.291139240506325,95.23809523809523,238.0952380952381,188.67924528301887,200.0,55.55555555555556,31.152647975077883,370.3703703703703,48.07692307692308,88.49557522123894,294.11764705882354,51.282051282051285,526.3157894736842,135.13513513513513,250.0,121.95121951219511,35.08771929824561,92.59259259259258,9999.0,163.93442622950818,109.89010989010988,29.239766081871345,357.14285714285717,48.543689320388346,28.328611898016998,31.746031746031747,29.673590504451038,66.66666666666667,0.0,58.47953216374269,322.5806451612903,106.38297872340425,34.013605442176875,112.35955056179776,72.99270072992701,40.65040650406504,769.2307692307693,208.33333333333334,270.27027027027026,416.6666666666667
science_technology_optimism|WVS_E,526.3157894736842,9999.0,9999.0,44.84304932735426,92.59259259259258,238.0952380952381,30.8641975308642,109.89010989010988,9999.0,9999.0,9999.0,117.6470588235294,9999.0,9999.0,9999.0,9999.0,416.6666666666667,357.14285714285717,188.67924528301887,111.11111111111111,126.58227848101265,34.602076124567475,192.30769230769232,59.880239520958085,9999.0,107.52688172043011,54.34782608695652,1000.0,158.73015873015873,212.7659574468085,9999.0,9999.0,117.6470588235294,9999.0,138.88888888888889,149.2537313432836,9999.0,9999.0,50.25125628140703,31.055900621118013,40.16064257028113,37.3134328358209,41.32231404958678,58.47953216374269,0.0,285.7142857142857,140.8450704225352,9999.0,833.3333333333334,86.95652173913044,59.523809523809526,217.3913043478261,188.67924528301887,9999.0,172.41379310344828
