,acceptance_of_state_surveillance|WVS_H,authoritarian_governance_tolerance|WVS_E,autocracy_support|WVS_E,basic_needs_deprivation|WVS_H,child_qualities_autonomy_self_expression|WVS_A,child_qualities_conformity_tradition|WVS_A,child_qualities_prosocial_diligence|WVS_A,civic_dishonesty_tolerance|WVS_F,confidence_in_civil_society_organizations|WVS_E,confidence_in_domestic_institutions|WVS_E,confidence_in_international_organizations|WVS_E,crime_victimization|WVS_H,democratic_system_evaluation|WVS_E,democratic_values_importance|WVS_E,economic_ideology|WVS_E,electoral_integrity|WVS_E,existential_threat_worry|WVS_H,familial_duty_obligations|WVS_D,female_income_threat_to_marriage|WVS_D,freedom_security_tradeoff_perception|WVS_H,gender_role_traditionalism|WVS_D,immigrant_origin_status|WVS_G,importance_of_life_domains|WVS_A,institutional_threat_perception|WVS_H,international_organization_knowledge|WVS_E,job_scarcity_gender_discrimination|WVS_C,job_scarcity_nativist_preference|WVS_C,life_autonomy_morality_permissiveness|WVS_F,multilevel_place_attachment|WVS_G,neighborhood_disorder_and_crime|WVS_H,offline_political_participation|WVS_E,online_political_participation|WVS_E,outgroup_trust|WVS_G,perceived_corruption|WVS_E,perceived_negative_effects_of_immigration|WVS_G,perceived_positive_effects_of_immigration|WVS_G,political_information_sources|WVS_E,postmaterialist_values|WVS_E,precautionary_security_behaviors|WVS_H,religion_versus_secularism_orientation|WVS_F,religious_belief|WVS_F,religious_exclusivism|WVS_F,religious_practice_and_self_identification|WVS_F,science_skepticism|WVS_I,science_technology_optimism|WVS_E,sexual_and_reproductive_morality_permissiveness|WVS_F,social_intolerance_outgroups|WVS_A,societal_change_attitudes|WVS_E,socioeconomic_insecurity_worry|WVS_H,subjective_wellbeing|WVS_A,violence_tolerance|WVS_F,voluntary_association_active_membership|WVS_A,voluntary_association_belonging|WVS_A,voting_participation|WVS_E,work_ethic|WVS_C
acceptance_of_state_surveillance|WVS_H,0.0,108.69565217391305,102.04081632653062,9999.0,277.77777777777777,1000.0,222.22222222222223,125.0,63.69426751592357,227.27272727272725,128.2051282051282,9999.0,96.15384615384616,1000.0,71.42857142857143,243.90243902439022,9999.0,181.81818181818184,833.3333333333334,9999.0,1000.0,71.94244604316548,161.29032258064515,9999.0,212.7659574468085,243.90243902439022,169.49152542372883,400.0,107.52688172043011,9999.0,9999.0,50.25125628140703,106.38297872340425,9999.0,178.57142857142858,1000.0,35.97122302158274,1000.0,9999.0,196.078431372549,357.14285714285717,42.5531914893617,51.02040816326531,357.14285714285717,113.63636363636363,256.4102564102564,84.03361344537815,769.2307692307693,9999.0,161.29032258064515,312.5,9999.0,185.18518518518516,9999.0,116.27906976744185
authoritarian_governance_tolerance|WVS_E,108.69565217391305,0.0,9999.0,9999.0,51.282051282051285,64.1025641025641,208.33333333333334,212.7659574468085,9999.0,9999.0,9999.0,80.0,9999.0,9999.0,9999.0,9999.0,71.94244604316548,59.1715976331361,72.46376811594203,49.75124378109453,61.34969325153375,82.64462809917356,62.11180124223603,121.95121951219511,9999.0,55.24861878453038,277.77777777777777,62.893081761006286,68.9655172413793,263.1578947368421,9999.0,9999.0,256.4102564102564,9999.0,625.0,232.5581395348837,9999.0,9999.0,52.631578947368425,71.94244604316548,285.7142857142857,27.47252747252747,23.364485981308412,400.0,9999.0,49.26108374384237,44.642857142857146,9999.0,34.24657534246575,222.22222222222223,454.5454545454545,9999.0,53.475935828877,9999.0,57.80346820809249
autocracy_support|WVS_E,102.04081632653062,9999.0,0.0,9999.0,111.11111111111111,270.27027027027026,129.87012987012986,123.4567901234568,9999.0,9999.0,9999.0,63.291139240506325,9999.0,9999.0,9999.0,9999.0,72.46376811594203,161.29032258064515,172.41379310344828,58.47953216374269,227.27272727272725,114.9425287356322,111.11111111111111,129.87012987012986,9999.0,277.77777777777777,526.3157894736842,175.43859649122805,73.52941176470588,101.010101010101,9999.0,9999.0,178.57142857142858,9999.0,285.7142857142857,714.2857142857143,9999.0,9999.0,58.8235294117647,109.89010989010988,1000.0,33.222591362126245,31.545741324921135,1000.0,9999.0,106.38297872340425,53.191489361702125,9999.0,71.42857142857143,500.0,1000.0,9999.0,79.36507936507937,9999.0,112.35955056179776
basic_needs_deprivation|WVS_H,9999.0,9999.0,9999.0,0.0,9999.0,9999.0,9999.0,9999.0,9999.0,9999.0,9999.0,9999.0,9999.0,9999.0,9999.0,9999.0,9999.0,9999.0,9999.0,9999.0,9999.0,9999.0,9999.0,9999.0,9999.0,9999.0,9999.0,9999.0,9999.0,9999.0,9999.0,9999.0,9999.0,9999.0,9999.0,9999.0,9999.0,9999.0,9999.0,9999.0,9999.0,9999.0,9999.0,9999.0,9999.0,9999.0,9999.0,9999.0,9999.0,9999.0,9999.0,9999.0,9999.0,9999.0,9999.0
child_qualities_autonomy_self_expression|WVS_A,277.77777777777777,51.282051282051285,111.11111111111111,9999.0,0.0,9999.0,9999.0,833.3333333333334,256.4102564102564,46.29629629629629,128.2051282051282,454.5454545454545,62.11180124223603,89.28571428571429,263.1578947368421,126.58227848101265,526.3157894736842,36.63003663003663,33.78378378378378,49.504950495049506,27.62430939226519,33.333333333333336,9999.0,169.49152542372883,454.5454545454545,22.123893805309734,1000.0,45.24886877828054,74.07407407407408,158.73015873015873,9999.0,33.898305084745765,56.81818181818181,9999.0,1000.0,120.48192771084337,25.510204081632654,52.35602094240838,588.2352941176471,86.20689655172414,105.26315789473685,48.07692307692308,28.328611898016998,188.67924528301887,212.7659574468085,36.76470588235294,9999.0,119.04761904761905,24.57002457002457,9999.0,185.18518518518516,9999.0,9999.0,9999.0,35.97122302158274
child_qualities_conformity_tradition|WVS_A,1000.0,64.1025641025641,270.27027027027026,9999.0,9999.0,0.0,9999.0,166.66666666666666,1000.0,46.08294930875576,83.33333333333333,666.6666666666666,41.32231404958678,79.36507936507937,161.29032258064515,95.23809523809523,1000.0,58.13953488372093,52.35602094240838,101.010101010101,45.87155963302752,33.333333333333336,9999.0,1000.0,555.5555555555555,37.174721189591075,526.3157894736842,44.052863436123346,178.57142857142858,68.4931506849315,9999.0,37.3134328358209,51.81347150259067,9999.0,175.43859649122805,142.85714285714286,27.700831024930746,41.1522633744856,101.010101010101,64.1025641025641,128.2051282051282,47.16981132075472,24.03846153846154,114.9425287356322,909.090909090909,36.101083032490976,9999.0,217.3913043478261,30.3030303030303,9999.0,1000.0,9999.0,9999.0,9999.0,62.11180124223603
child_qualities_prosocial_diligence|WVS_A,222.22222222222223,208.33333333333334,129.87012987012986,9999.0,9999.0,9999.0,0.0,178.57142857142858,136.986301369863,1000.0,120.48192771084337,106.38297872340425,80.64516129032258,333.3333333333333,77.51937984496124,277.77777777777777,156.25,526.3157894736842,222.22222222222223,87.71929824561403,555.5555555555555,40.65040650406504,9999.0,196.078431372549,1000.0,322.5806451612903,416.6666666666667,588.2352941176471,94.33962264150944,117.6470588235294,9999.0,238.0952380952381,263.1578947368421,9999.0,312.5,1000.0,625.0,133.33333333333334,400.0,833.3333333333334,1000.0,116.27906976744185,131.57894736842104,370.3703703703703,500.0,1000.0,9999.0,1000.0,588.2352941176471,9999.0,1000.0,9999.0,9999.0,9999.0,185.18518518518516
civic_dishonesty_tolerance|WVS_F,125.0,212.7659574468085,123.4567901234568,9999.0,833.3333333333334,166.66666666666666,178.57142857142858,0.0,104.16666666666667,1000.0,97.08737864077669,100.0,67.56756756756756,277.77777777777777,81.30081300813008,217.3913043478261,101.010101010101,1000.0,588.2352941176471,102.04081632653062,312.5,85.47008547008546,1000.0,181.81818181818184,555.5555555555555,169.49152542372883,588.2352941176471,9999.0,125.0,84.74576271186442,9999.0,232.5581395348837,108.69565217391305,9999.0,277.77777777777777,909.090909090909,103.09278350515464,142.85714285714286,111.11111111111111,9999.0,9999.0,9999.0,9999.0,303.03030303030306,222.22222222222223,9999.0,121.95121951219511,1000.0,1000.0,526.3157894736842,9999.0,9999.0,294.11764705882354,9999.0,370.3703703703703
confidence_in_civil_society_organizations|WVS_E,63.69426751592357,9999.0,9999.0,9999.0,256.4102564102564,1000.0,136.986301369863,104.16666666666667,0.0,9999.0,9999.0,47.61904761904761,9999.0,9999.0,9999.0,9999.0,46.51162790697675,212.7659574468085,294.11764705882354,57.4712643678161,434.7826086956522,1000.0,121.95121951219511,81.30081300813008,9999.0,138.88888888888889,172.41379310344828,263.1578947368421,74.6268656716418,58.13953488372093,9999.0,9999.0,72.99270072992701,9999.0,153.84615384615384,1000.0,9999.0,9999.0,43.29004329004329,109.89010989010988,256.4102564102564,30.395136778115504,31.545741324921135,333.3333333333333,9999.0,208.33333333333334,49.75124378109453,9999.0,116.27906976744185,161.29032258064515,400.0,9999.0,90.90909090909092,9999.0,131.57894736842104
confidence_in_domestic_institutions|WVS_E,227.27272727272725,9999.0,9999.0,9999.0,46.29629629629629,46.08294930875576,1000.0,1000.0,9999.0,0.0,9999.0,129.87012987012986,9999.0,9999.0,9999.0,9999.0,135.13513513513513,58.8235294117647,64.51612903225806,71.42857142857143,53.191489361702125,38.61003861003861,51.282051282051285,222.22222222222223,9999.0,50.76142131979696,277.77777777777777,52.631578947368425,117.6470588235294,181.81818181818184,9999.0,9999.0,82.64462809917356,9999.0,333.3333333333333,175.43859649122805,9999.0,9999.0,62.893081761006286,66.2251655629139,185.18518518518516,30.674846625766875,21.231422505307854,161.29032258064515,9999.0,40.32258064516129,58.8235294117647,9999.0,32.67973856209151,322.5806451612903,833.3333333333334,9999.0,52.631578947368425,9999.0,68.4931506849315
confidence_in_international_organizations|WVS_E,128.2051282051282,9999.0,9999.0,9999.0,128.2051282051282,83.33333333333333,120.48192771084337,97.08737864077669,9999.0,9999.0,0.0,60.975609756097555,9999.0,9999.0,9999.0,9999.0,75.18796992481204,119.04761904761905,120.48192771084337,120.48192771084337,72.46376811594203,25.44529262086514,188.67924528301887,192.30769230769232,9999.0,46.29629629629629,1000.0,117.6470588235294,101.010101010101,56.497175141242934,9999.0,9999.0,60.975609756097555,9999.0,212.7659574468085,322.5806451612903,9999.0,9999.0,73.52941176470588,666.6666666666666,178.57142857142858,73.52941176470588,156.25,175.43859649122805,9999.0,113.63636363636363,81.96721311475409,9999.0,106.38297872340425,714.2857142857143,625.0,9999.0,400.0,9999.0,161.29032258064515
crime_victimization|WVS_H,9999.0,80.0,63.291139240506325,9999.0,454.5454545454545,666.6666666666666,106.38297872340425,100.0,47.61904761904761,129.87012987012986,60.975609756097555,0.0,52.91005291005291,188.67924528301887,46.948356807511736,192.30769230769232,9999.0,454.5454545454545,384.61538461538464,9999.0,120.48192771084337,30.674846625766875,263.1578947368421,9999.0,344.82758620689657,72.46376811594203,526.3157894736842,1000.0,67.11409395973155,9999.0,9999.0,112.35955056179776,76.92307692307692,9999.0,277.77777777777777,1000.0,56.17977528089888,128.2051282051282,9999.0,103.09278350515464,285.7142857142857,29.498525073746315,28.011204481792713,400.0,172.41379310344828,285.7142857142857,41.1522633744856,625.0,9999.0,1000.0,454.5454545454545,9999.0,75.18796992481204,9999.0,555.5555555555555
democratic_system_evaluation|WVS_E,96.15384615384616,9999.0,9999.0,9999.0,62.11180124223603,41.32231404958678,80.64516129032258,67.56756756756756,9999.0,9999.0,9999.0,52.91005291005291,0.0,9999.0,9999.0,9999.0,57.80346820809249,64.51612903225806,98.0392156862745,68.4931506849315,49.01960784313725,16.97792869269949,68.4931506849315,126.58227848101265,9999.0,37.174721189591075,312.5,60.975609756097555,78.74015748031496,40.65040650406504,9999.0,9999.0,40.0,9999.0,116.27906976744185,188.67924528301887,9999.0,9999.0,119.04761904761905,204.08163265306123,113.63636363636363,75.75757575757576,153.84615384615384,105.26315789473685,9999.0,47.39336492890995,108.69565217391305,9999.0,46.948356807511736,263.1578947368421,714.2857142857143,9999.0,1000.0,9999.0,140.8450704225352
democratic_values_importance|WVS_E,1000.0,9999.0,9999.0,9999.0,89.28571428571429,79.36507936507937,333.3333333333333,277.77777777777777,9999.0,9999.0,9999.0,188.67924528301887,9999.0,0.0,9999.0,9999.0,500.0,73.52941176470588,119.04761904761905,250.0,68.02721088435375,26.38522427440633,102.04081632653062,555.5555555555555,9999.0,51.81347150259067,270.27027027027026,96.15384615384616,833.3333333333334,163.93442622950818,9999.0,9999.0,105.26315789473685,9999.0,909.090909090909,357.14285714285717,9999.0,9999.0,1000.0,222.22222222222223,277.77777777777777,294.11764705882354,86.95652173913044,270.27027027027026,9999.0,72.46376811594203,833.3333333333334,9999.0,53.763440860215056,192.30769230769232,285.7142857142857,9999.0,238.0952380952381,9999.0,100.0
economic_ideology|WVS_E,71.42857142857143,9999.0,9999.0,9999.0,263.1578947368421,161.29032258064515,77.51937984496124,81.30081300813008,9999.0,9999.0,9999.0,46.948356807511736,9999.0,9999.0,0.0,9999.0,53.763440860215056,714.2857142857143,222.22222222222223,40.816326530612244,526.3157894736842,22.675736961451246,1000.0,92.59259259259258,9999.0,256.4102564102564,500.0,294.11764705882354,44.44444444444444,60.975609756097555,9999.0,9999.0,74.6268656716418,9999.0,136.986301369863,1000.0,9999.0,9999.0,63.291139240506325,161.29032258064515,312.5,32.362459546925564,42.19409282700422,204.08163265306123,9999.0,1000.0,45.662100456621005,9999.0,116.27906976744185,370.3703703703703,1000.0,9999.0,66.2251655629139,9999.0,149.2537313432836
electoral_integrity|WVS_E,243.90243902439022,9999.0,9999.0,9999.0,126.58227848101265,95.23809523809523,277.77777777777777,217.3913043478261,9999.0,9999.0,9999.0,192.30769230769232,9999.0,9999.0,9999.0,0.0,227.27272727272725,156.25,140.8450704225352,714.2857142857143,114.9425287356322,64.1025641025641,188.67924528301887,370.3703703703703,9999.0,97.08737864077669,1000.0,147.05882352941177,370.3703703703703,120.48192771084337,9999.0,9999.0,105.26315789473685,9999.0,294.11764705882354,400.0,9999.0,9999.0,666.6666666666666,322.5806451612903,285.7142857142857,1000.0,135.13513513513513,263.1578947368421,9999.0,106.38297872340425,1000.0,9999.0,101.010101010101,1000.0,1000.0,9999.0,344.82758620689657,9999.0,277.77777777777777
existential_threat_worry|WVS_H,9999.0,71.94244604316548,72.46376811594203,9999.0,526.3157894736842,1000.0,156.25,101.010101010101,46.51162790697675,135.13513513513513,75.18796992481204,9999.0,57.80346820809249,500.0,53.763440860215056,227.27272727272725,0.0,1000.0,149.2537313432836,9999.0,156.25,312.5,156.25,9999.0,181.81818181818184,66.66666666666667,133.33333333333334,303.03030303030306,104.16666666666667,9999.0,9999.0,41.84100418410041,72.99270072992701,9999.0,204.08163265306123,714.2857142857143,31.055900621118013,454.5454545454545,9999.0,98.0392156862745,212.7659574468085,27.027027027027028,27.700831024930746,625.0,99.00990099009901,200.0,49.26108374384237,1000.0,9999.0,161.29032258064515,1000.0,9999.0,104.16666666666667,9999.0,357.14285714285717
familial_duty_obligations|WVS_D,181.81818181818184,59.1715976331361,161.29032258064515,9999.0,36.63003663003663,58.13953488372093,526.3157894736842,1000.0,212.7659574468085,58.8235294117647,119.04761904761905,454.5454545454545,64.51612903225806,73.52941176470588,714.2857142857143,156.25,1000.0,0.0,9999.0,46.29629629629629,9999.0,18.552875695732837,51.81347150259067,103.09278350515464,243.90243902439022,18.867924528301888,312.5,46.728971962616825,89.28571428571429,200.0,9999.0,26.666666666666668,69.44444444444444,9999.0,200.0,144.92753623188406,22.42152466367713,58.8235294117647,166.66666666666666,151.51515151515153,129.87012987012986,101.010101010101,51.54639175257732,270.27027027027026,96.15384615384616,39.52569169960474,526.3157894736842,98.0392156862745,23.04147465437788,138.88888888888889,90.09009009009009,9999.0,78.74015748031496,9999.0,27.855153203342617
female_income_threat_to_marriage|WVS_D,833.3333333333334,72.46376811594203,172.41379310344828,9999.0,33.78378378378378,52.35602094240838,222.22222222222223,588.2352941176471,294.11764705882354,64.51612903225806,120.48192771084337,384.61538461538464,98.0392156862745,119.04761904761905,222.22222222222223,140.8450704225352,149.2537313432836,9999.0,0.0,43.47826086956522,9999.0,144.92753623188406,80.64516129032258,178.57142857142858,1000.0,16.611295681063122,136.986301369863,58.8235294117647,57.14285714285714,100.0,9999.0,116.27906976744185,49.01960784313725,9999.0,625.0,108.69565217391305,57.14285714285714,101.010101010101,58.8235294117647,277.77777777777777,90.90909090909092,1000.0,71.42857142857143,312.5,666.6666666666666,47.16981132075472,370.3703703703703,97.08737864077669,26.109660574412533,212.7659574468085,166.66666666666666,9999.0,51.54639175257732,9999.0,30.12048192771084
freedom_security_tradeoff_perception|WVS_H,9999.0,49.75124378109453,58.47953216374269,9999.0,49.504950495049506,101.010101010101,87.71929824561403,102.04081632653062,57.4712643678161,71.42857142857143,120.48192771084337,9999.0,68.4931506849315,250.0,40.816326530612244,714.2857142857143,9999.0,46.29629629629629,43.47826086956522,0.0,43.10344827586207,322.5806451612903,71.94244604316548,9999.0,238.0952380952381,32.467532467532465,1000.0,81.96721311475409,45.87155963302752,9999.0,9999.0,44.052863436123346,1000.0,9999.0,163.93442622950818,212.7659574468085,25.31645569620253,303.03030303030306,9999.0,103.09278350515464,312.5,31.847133757961785,28.169014084507044,1000.0,99.00990099009901,61.7283950617284,49.75124378109453,169.49152542372883,9999.0,769.2307692307693,181.81818181818184,9999.0,46.51162790697675,9999.0,38.75968992248062
gender_role_traditionalism|WVS_D,1000.0,61.34969325153375,227.27272727272725,9999.0,27.62430939226519,45.87155963302752,555.5555555555555,312.5,434.7826086956522,53.191489361702125,72.46376811594203,120.48192771084337,49.01960784313725,68.02721088435375,526.3157894736842,114.9425287356322,156.25,9999.0,9999.0,43.10344827586207,0.0,19.23076923076923,54.054054054054056,103.09278350515464,476.1904761904762,13.908205841446453,526.3157894736842,40.983606557377044,69.44444444444444,96.15384615384616,9999.0,40.65040650406504,45.662100456621005,9999.0,238.0952380952381,102.04081632653062,27.47252747252747,50.25125628140703,50.76142131979696,208.33333333333334,87.71929824561403,1000.0,90.09009009009009,270.27027027027026,149.2537313432836,36.90036900369004,625.0,72.99270072992701,19.49317738791423,322.5806451612903,90.09009009009009,9999.0,56.81818181818181,9999.0,22.93577981651376
immigrant_origin_status|WVS_G,71.94244604316548,82.64462809917356,114.9425287356322,9999.0,33.333333333333336,33.333333333333336,40.65040650406504,85.47008547008546,1000.0,38.61003861003861,25.44529262086514,30.674846625766875,16.97792869269949,26.38522427440633,22.675736961451246,64.1025641025641,312.5,18.552875695732837,144.92753623188406,322.5806451612903,19.23076923076923,0.0,21.413276231263385,53.191489361702125,57.14285714285714,19.120458891013385,24.330900243309003,24.875621890547265,9999.0,106.38297872340425,9999.0,7.776049766718508,9999.0,9999.0,9999.0,9999.0,6.872852233676976,14.005602240896357,357.14285714285717,109.89010989010988,370.3703703703703,256.4102564102564,64.51612903225806,91.74311926605505,30.030030030030026,29.673590504451038,35.08771929824561,54.94505494505494,15.313935681470138,19.157088122605362,32.57328990228013,9999.0,81.30081300813008,9999.0,23.58490566037736
importance_of_life_domains|WVS_A,161.29032258064515,62.11180124223603,111.11111111111111,9999.0,9999.0,9999.0,9999.0,1000.0,121.95121951219511,51.282051282051285,188.67924528301887,263.1578947368421,68.4931506849315,102.04081632653062,1000.0,188.67924528301887,156.25,51.81347150259067,80.64516129032258,71.94244604316548,54.054054054054056,21.413276231263385,0.0,158.73015873015873,208.33333333333334,48.543689320388346,151.51515151515153,54.054054054054056,163.93442622950818,344.82758620689657,9999.0,28.248587570621467,99.00990099009901,9999.0,1000.0,217.3913043478261,21.27659574468085,49.75124378109453,75.75757575757576,74.6268656716418,196.078431372549,34.129692832764505,24.509803921568626,192.30769230769232,140.8450704225352,42.016806722689076,9999.0,200.0,31.746031746031747,9999.0,263.1578947368421,9999.0,9999.0,9999.0,60.24096385542168
institutional_threat_perception|WVS_H,9999.0,121.95121951219511,129.87012987012986,9999.0,169.49152542372883,1000.0,196.078431372549,181.81818181818184,81.30081300813008,222.22222222222223,192.30769230769232,9999.0,126.58227848101265,555.5555555555555,92.59259259259258,370.3703703703703,9999.0,103.09278350515464,178.57142857142858,9999.0,103.09278350515464,53.191489361702125,158.73015873015873,0.0,232.5581395348837,111.11111111111111,263.1578947368421,256.4102564102564,117.6470588235294,9999.0,9999.0,63.69426751592357,217.3913043478261,9999.0,149.2537313432836,1000.0,42.37288135593221,294.11764705882354,9999.0,333.3333333333333,666.6666666666666,66.2251655629139,93.45794392523365,500.0,119.04761904761905,212.7659574468085,196.078431372549,344.82758620689657,9999.0,185.18518518518516,196.078431372549,9999.0,192.30769230769232,9999.0,75.18796992481204
international_organization_knowledge|WVS_E,212.7659574468085,9999.0,9999.0,9999.0,454.5454545454545,555.5555555555555,1000.0,555.5555555555555,9999.0,9999.0,9999.0,344.82758620689657,9999.0,9999.0,9999.0,9999.0,181.81818181818184,243.90243902439022,1000.0,238.0952380952381,476.1904761904762,57.14285714285714,208.33333333333334,232.5581395348837,0.0,1000.0,263.1578947368421,256.4102564102564,666.6666666666666,303.03030303030306,9999.0,9999.0,434.7826086956522,9999.0,476.1904761904762,1000.0,9999.0,9999.0,163.93442622950818,322.5806451612903,1000.0,106.38297872340425,99.00990099009901,1000.0,9999.0,303.03030303030306,270.27027027027026,9999.0,163.93442622950818,208.33333333333334,454.5454545454545,9999.0,555.5555555555555,9999.0,238.0952380952381
job_scarcity_gender_discrimination|WVS_C,243.90243902439022,55.24861878453038,277.77777777777777,9999.0,22.123893805309734,37.174721189591075,322.5806451612903,169.49152542372883,138.88888888888889,50.76142131979696,46.29629629629629,72.46376811594203,37.174721189591075,51.81347150259067,256.4102564102564,97.08737864077669,66.66666666666667,18.867924528301888,16.611295681063122,32.467532467532465,13.908205841446453,19.120458891013385,48.543689320388346,111.11111111111111,1000.0,0.0,9999.0,33.333333333333336,51.282051282051285,67.56756756756756,9999.0,43.29004329004329,29.761904761904763,9999.0,285.7142857142857,74.6268656716418,34.602076124567475,42.918454935622314,26.109660574412533,588.2352941176471,58.13953488372093,87.71929824561403,250.0,192.30769230769232,277.77777777777777,29.15451895043732,181.81818181818184,54.34782608695652,15.698587127158554,1000.0,69.44444444444444,9999.0,45.24886877828054,9999.0,9999.0
job_scarcity_nativist_preference|WVS_C,169.49152542372883,277.77777777777777,526.3157894736842,9999.0,1000.0,526.3157894736842,416.6666666666667,588.2352941176471,172.41379310344828,277.77777777777777,1000.0,526.3157894736842,312.5,270.27027027027026,500.0,1000.0,133.33333333333334,312.5,136.986301369863,1000.0,526.3157894736842,24.330900243309003,151.51515151515153,263.1578947368421,263.1578947368421,9999.0,0.0,232.5581395348837,322.5806451612903,238.0952380952381,9999.0,46.51162790697675,217.3913043478261,9999.0,400.0,666.6666666666666,39.21568627450981,128.2051282051282,87.71929824561403,263.1578947368421,434.7826086956522,92.59259259259258,98.0392156862745,1000.0,158.73015873015873,294.11764705882354,833.3333333333334,1000.0,153.84615384615384,113.63636363636363,322.5806451612903,9999.0,526.3157894736842,9999.0,9999.0
life_autonomy_morality_permissiveness|WVS_F,400.0,62.893081761006286,175.43859649122805,9999.0,45.24886877828054,44.052863436123346,588.2352941176471,9999.0,263.1578947368421,52.631578947368425,117.6470588235294,1000.0,60.975609756097555,96.15384615384616,294.11764705882354,147.05882352941177,303.03030303030306,46.728971962616825,58.8235294117647,81.96721311475409,40.983606557377044,24.875621890547265,54.054054054054056,256.4102564102564,256.4102564102564,33.333333333333336,232.5581395348837,0.0,153.84615384615384,120.48192771084337,9999.0,30.211480362537767,74.07407407407408,9999.0,833.3333333333334,178.57142857142858,24.271844660194173,46.08294930875576,116.27906976744185,9999.0,9999.0,9999.0,9999.0,158.73015873015873,208.33333333333334,9999.0,95.23809523809523,175.43859649122805,29.58579881656805,166.66666666666666,9999.0,9999.0,68.9655172413793,9999.0,54.34782608695652
multilevel_place_attachment|WVS_G,107.52688172043011,68.9655172413793,73.52941176470588,9999.0,74.07407407407408,178.57142857142858,94.33962264150944,125.0,74.6268656716418,117.6470588235294,101.010101010101,67.11409395973155,78.74015748031496,833.3333333333334,44.44444444444444,370.3703703703703,104.16666666666667,89.28571428571429,57.14285714285714,45.87155963302752,69.44444444444444,9999.0,163.93442622950818,117.6470588235294,666.6666666666666,51.282051282051285,322.5806451612903,153.84615384615384,0.0,94.33962264150944,9999.0,169.49152542372883,9999.0,9999.0,9999.0,9999.0,60.975609756097555,217.3913043478261,136.986301369863,149.2537313432836,714.2857142857143,43.29004329004329,38.167938931297705,1000.0,200.0,113.63636363636363,54.34782608695652,384.61538461538464,59.523809523809526,454.5454545454545,625.0,9999.0,57.4712643678161,9999.0,63.69426751592357
neighborhood_disorder_and_crime|WVS_H,9999.0,263.1578947368421,101.010101010101,9999.0,158.73015873015873,68.4931506849315,117.6470588235294,84.74576271186442,58.13953488372093,181.81818181818184,56.497175141242934,9999.0,40.65040650406504,163.93442622950818,60.975609756097555,120.48192771084337,9999.0,200.0,100.0,9999.0,96.15384615384616,106.38297872340425,344.82758620689657,9999.0,303.03030303030306,67.56756756756756,238.0952380952381,120.48192771084337,94.33962264150944,0.0,9999.0,128.2051282051282,49.75124378109453,9999.0,109.89010989010988,250.0,67.11409395973155,86.20689655172414,9999.0,1000.0,158.73015873015873,59.880239520958085,204.08163265306123,163.93442622950818,120.48192771084337,120.48192771084337,112.35955056179776,714.2857142857143,9999.0,256.4102564102564,400.0,9999.0,1000.0,9999.0,476.1904761904762
offline_political_participation|WVS_E,9999.0,9999.0,9999.0,9999.0,9999.0,9999.0,9999.0,9999.0,9999.0,9999.0,9999.0,9999.0,9999.0,9999.0,9999.0,9999.0,9999.0,9999.0,9999.0,9999.0,9999.0,9999.0,9999.0,9999.0,9999.0,9999.0,9999.0,9999.0,9999.0,9999.0,0.0,9999.0,9999.0,9999.0,9999.0,9999.0,9999.0,9999.0,9999.0,9999.0,9999.0,9999.0,9999.0,9999.0,9999.0,9999.0,9999.0,9999.0,9999.0,9999.0,9999.0,9999.0,9999.0,9999.0,9999.0
online_political_participation|WVS_E,50.25125628140703,9999.0,9999.0,9999.0,33.898305084745765,37.3134328358209,238.0952380952381,232.5581395348837,9999.0,9999.0,9999.0,112.35955056179776,9999.0,9999.0,9999.0,9999.0,41.84100418410041,26.666666666666668,116.27906976744185,44.052863436123346,40.65040650406504,7.776049766718508,28.248587570621467,63.69426751592357,9999.0,43.29004329004329,46.51162790697675,30.211480362537767,169.49152542372883,128.2051282051282,9999.0,0.0,238.0952380952381,9999.0,185.18518518518516,285.7142857142857,9999.0,9999.0,30.12048192771084,45.662100456621005,769.2307692307693,17.88908765652952,14.641288433382138,149.2537313432836,9999.0,27.932960893854748,47.84688995215311,9999.0,18.41620626151013,37.03703703703704,77.51937984496124,9999.0,59.880239520958085,9999.0,29.239766081871345
outgroup_trust|WVS_G,106.38297872340425,256.4102564102564,178.57142857142858,9999.0,56.81818181818181,51.81347150259067,263.1578947368421,108.69565217391305,72.99270072992701,82.64462809917356,60.975609756097555,76.92307692307692,40.0,105.26315789473685,74.6268656716418,105.26315789473685,72.99270072992701,69.44444444444444,49.01960784313725,1000.0,45.662100456621005,9999.0,99.00990099009901,217.3913043478261,434.7826086956522,29.761904761904763,217.3913043478261,74.07407407407408,9999.0,49.75124378109453,9999.0,238.0952380952381,0.0,9999.0,9999.0,9999.0,500.0,60.24096385542168,84.74576271186442,256.4102564102564,106.38297872340425,149.2537313432836,126.58227848101265,138.88888888888889,169.49152542372883,55.55555555555556,256.4102564102564,227.27272727272725,49.26108374384237,277.77777777777777,1000.0,9999.0,133.33333333333334,9999.0,89.28571428571429
perceived_corruption|WVS_E,9999.0,9999.0,9999.0,9999.0,9999.0,9999.0,9999.0,9999.0,9999.0,9999.0,9999.0,9999.0,9999.0,9999.0,9999.0,9999.0,9999.0,9999.0,9999.0,9999.0,9999.0,9999.0,9999.0,9999.0,9999.0,9999.0,9999.0,9999.0,9999.0,9999.0,9999.0,9999.0,9999.0,0.0,9999.0,9999.0,9999.0,9999.0,9999.0,9999.0,9999.0,9999.0,9999.0,9999.0,9999.0,9999.0,9999.0,9999.0,9999.0,9999.0,9999.0,9999.0,9999.0,9999.0,9999.0
perceived_negative_effects_of_immigration|WVS_G,178.57142857142858,625.0,285.7142857142857,9999.0,1000.0,175.43859649122805,312.5,277.77777777777777,153.84615384615384,333.3333333333333,212.7659574468085,277.77777777777777,116.27906976744185,909.090909090909,136.986301369863,294.11764705882354,204.08163265306123,200.0,625.0,163.93442622950818,238.0952380952381,9999.0,1000.0,149.2537313432836,476.1904761904762,285.7142857142857,400.0,833.3333333333334,9999.0,109.89010989010988,9999.0,185.18518518518516,9999.0,9999.0,0.0,9999.0,123.4567901234568,256.4102564102564,500.0,384.61538461538464,416.6666666666667,1000.0,166.66666666666666,263.1578947368421,161.29032258064515,312.5,833.3333333333334,526.3157894736842,400.0,294.11764705882354,227.27272727272725,9999.0,1000.0,9999.0,147.05882352941177
perceived_positive_effects_of_immigration|WVS_G,1000.0,232.5581395348837,714.2857142857143,9999.0,120.48192771084337,142.85714285714286,1000.0,909.090909090909,1000.0,175.43859649122805,322.5806451612903,1000.0,188.67924528301887,357.14285714285717,1000.0,400.0,714.2857142857143,144.92753623188406,108.69565217391305,212.7659574468085,102.04081632653062,9999.0,217.3913043478261,1000.0,1000.0,74.6268656716418,666.6666666666666,178.57142857142858,9999.0,250.0,9999.0,285.7142857142857,9999.0,9999.0,9999.0,0.0,172.41379310344828,212.7659574468085,714.2857142857143,384.61538461538464,322.5806451612903,294.11764705882354,117.6470588235294,500.0,1000.0,135.13513513513513,357.14285714285717,500.0,98.0392156862745,1000.0,1000.0,9999.0,172.41379310344828,9999.0,153.84615384615384
political_information_sources|WVS_E,35.97122302158274,9999.0,9999.0,9999.0,25.510204081632654,27.700831024930746,625.0,103.09278350515464,9999.0,9999.0,9999.0,56.17977528089888,9999.0,9999.0,9999.0,9999.0,31.055900621118013,22.42152466367713,57.14285714285714,25.31645569620253,27.47252747252747,6.872852233676976,21.27659574468085,42.37288135593221,9999.0,34.602076124567475,39.21568627450981,24.271844660194173,60.975609756097555,67.11409395973155,9999.0,9999.0,500.0,9999.0,123.4567901234568,172.41379310344828,0.0,9999.0,22.371364653243848,32.362459546925564,303.03030303030306,13.123359580052492,10.787486515641856,138.88888888888889,9999.0,21.83406113537118,29.940119760479043,9999.0,13.262599469496022,32.25806451612903,62.5,9999.0,36.76470588235294,9999.0,22.371364653243848
postmaterialist_values|WVS_E,1000.0,9999.0,9999.0,9999.0,52.35602094240838,41.1522633744856,133.33333333333334,142.85714285714286,9999.0,9999.0,9999.0,128.2051282051282,9999.0,9999.0,9999.0,9999.0,454.5454545454545,58.8235294117647,101.010101010101,303.03030303030306,50.25125628140703,14.005602240896357,49.75124378109453,294.11764705882354,9999.0,42.918454935622314,128.2051282051282,46.08294930875576,217.3913043478261,86.20689655172414,9999.0,9999.0,60.24096385542168,9999.0,256.4102564102564,212.7659574468085,9999.0,0.0,169.49152542372883,90.09009009009009,175.43859649122805,68.9655172413793,34.013605442176875,126.58227848101265,9999.0,40.48582995951417,277.77777777777777,9999.0,29.673590504451038,98.0392156862745,232.5581395348837,9999.0,136.986301369863,9999.0,64.1025641025641
precautionary_security_behaviors|WVS_H,9999.0,52.631578947368425,58.8235294117647,9999.0,588.2352941176471,101.010101010101,400.0,111.11111111111111,43.29004329004329,62.893081761006286,73.52941176470588,9999.0,119.04761904761905,1000.0,63.291139240506325,666.6666666666666,9999.0,166.66666666666666,58.8235294117647,9999.0,50.76142131979696,357.14285714285717,75.75757575757576,9999.0,163.93442622950818,26.109660574412533,87.71929824561403,116.27906976744185,136.986301369863,9999.0,9999.0,30.12048192771084,84.74576271186442,9999.0,500.0,714.2857142857143,22.371364653243848,169.49152542372883,0.0,48.543689320388346,222.22222222222223,16.556291390728475,14.513788098693759,400.0,117.6470588235294,81.30081300813008,26.666666666666668,196.078431372549,9999.0,129.87012987012986,175.43859649122805,9999.0,70.4225352112676,9999.0,126.58227848101265
religion_versus_secularism_orientation|WVS_F,196.078431372549,71.94244604316548,109.89010989010988,9999.0,86.20689655172414,64.1025641025641,833.3333333333334,9999.0,109.89010989010988,66.2251655629139,666.6666666666666,103.09278350515464,204.08163265306123,222.22222222222223,161.29032258064515,322.5806451612903,98.0392156862745,151.51515151515153,277.77777777777777,103.09278350515464,208.33333333333334,109.89010989010988,74.6268656716418,333.3333333333333,322.5806451612903,588.2352941176471,263.1578947368421,9999.0,149.2537313432836,1000.0,9999.0,45.662100456621005,256.4102564102564,9999.0,384.61538461538464,384.61538461538464,32.362459546925564,90.09009009009009,48.543689320388346,0.0,9999.0,9999.0,9999.0,238.0952380952381,256.4102564102564,9999.0,55.24861878453038,1000.0,59.1715976331361,312.5,9999.0,9999.0,70.92198581560284,9999.0,178.57142857142858
religious_belief|WVS_F,357.14285714285717,285.7142857142857,1000.0,9999.0,105.26315789473685,128.2051282051282,1000.0,9999.0,256.4102564102564,185.18518518518516,178.57142857142858,285.7142857142857,113.63636363636363,277.77777777777777,312.5,285.7142857142857,212.7659574468085,129.87012987012986,90.90909090909092,312.5,87.71929824561403,370.3703703703703,196.078431372549,666.6666666666666,1000.0,58.13953488372093,434.7826086956522,9999.0,714.2857142857143,158.73015873015873,9999.0,769.2307692307693,106.38297872340425,9999.0,416.6666666666667,322.5806451612903,303.03030303030306,175.43859649122805,222.22222222222223,9999.0,0.0,9999.0,9999.0,370.3703703703703,526.3157894736842,9999.0,1000.0,434.7826086956522,95.23809523809523,500.0,9999.0,9999.0,172.41379310344828,9999.0,151.51515151515153
religious_exclusivism|WVS_F,42.5531914893617,27.47252747252747,33.222591362126245,9999.0,48.07692307692308,47.16981132075472,116.27906976744185,9999.0,30.395136778115504,30.674846625766875,73.52941176470588,29.498525073746315,75.75757575757576,294.11764705882354,32.362459546925564,1000.0,27.027027027027028,101.010101010101,1000.0,31.847133757961785,1000.0,256.4102564102564,34.129692832764505,66.2251655629139,106.38297872340425,87.71929824561403,92.59259259259258,9999.0,43.29004329004329,59.880239520958085,9999.0,17.88908765652952,149.2537313432836,9999.0,1000.0,294.11764705882354,13.123359580052492,68.9655172413793,16.556291390728475,9999.0,9999.0,0.0,9999.0,250.0,71.94244604316548,9999.0,18.975332068311197,1000.0,29.41176470588235,135.13513513513513,9999.0,9999.0,29.15451895043732,9999.0,88.49557522123894
religious_practice_and_self_identification|WVS_F,51.02040816326531,23.364485981308412,31.545741324921135,9999.0,28.328611898016998,24.03846153846154,131.57894736842104,9999.0,31.545741324921135,21.231422505307854,156.25,28.011204481792713,153.84615384615384,86.95652173913044,42.19409282700422,135.13513513513513,27.700831024930746,51.54639175257732,71.42857142857143,28.169014084507044,90.09009009009009,64.51612903225806,24.509803921568626,93.45794392523365,99.00990099009901,250.0,98.0392156862745,9999.0,38.167938931297705,204.08163265306123,9999.0,14.641288433382138,126.58227848101265,9999.0,166.66666666666666,117.6470588235294,10.787486515641856,34.013605442176875,14.513788098693759,9999.0,9999.0,9999.0,0.0,88.49557522123894,76.92307692307692,9999.0,15.408320493066256,588.2352941176471,17.953321364452425,123.4567901234568,9999.0,9999.0,22.42152466367713,9999.0,53.191489361702125
science_skepticism|WVS_I,357.14285714285717,400.0,1000.0,9999.0,188.67924528301887,114.9425287356322,370.3703703703703,303.03030303030306,333.3333333333333,161.29032258064515,175.43859649122805,400.0,105.26315789473685,270.27027027027026,204.08163265306123,263.1578947368421,625.0,270.27027027027026,312.5,1000.0,270.27027027027026,91.74311926605505,192.30769230769232,500.0,1000.0,192.30769230769232,1000.0,158.73015873015873,1000.0,163.93442622950818,9999.0,149.2537313432836,138.88888888888889,9999.0,263.1578947368421,500.0,138.88888888888889,126.58227848101265,400.0,238.0952380952381,370.3703703703703,250.0,88.49557522123894,0.0,1000.0,125.0,476.1904761904762,1000.0,133.33333333333334,1000.0,1000.0,9999.0,333.3333333333333,9999.0,666.6666666666666
science_technology_optimism|WVS_E,113.63636363636363,9999.0,9999.0,9999.0,212.7659574468085,909.090909090909,500.0,222.22222222222223,9999.0,9999.0,9999.0,172.41379310344828,9999.0,9999.0,9999.0,9999.0,99.00990099009901,96.15384615384616,666.6666666666666,99.00990099009901,149.2537313432836,30.030030030030026,140.8450704225352,119.04761904761905,9999.0,277.77777777777777,158.73015873015873,208.33333333333334,200.0,120.48192771084337,9999.0,9999.0,169.49152542372883,9999.0,161.29032258064515,1000.0,9999.0,9999.0,117.6470588235294,256.4102564102564,526.3157894736842,71.94244604316548,76.92307692307692,1000.0,0.0,196.078431372549,200.0,9999.0,80.64516129032258,120.48192771084337,185.18518518518516,9999.0,400.0,9999.0,97.08737864077669
sexual_and_reproductive_morality_permissiveness|WVS_F,256.4102564102564,49.26108374384237,106.38297872340425,9999.0,36.76470588235294,36.101083032490976,1000.0,9999.0,208.33333333333334,40.32258064516129,113.63636363636363,285.7142857142857,47.39336492890995,72.46376811594203,1000.0,106.38297872340425,200.0,39.52569169960474,47.16981132075472,61.7283950617284,36.90036900369004,29.673590504451038,42.016806722689076,212.7659574468085,303.03030303030306,29.15451895043732,294.11764705882354,9999.0,113.63636363636363,120.48192771084337,9999.0,27.932960893854748,55.55555555555556,9999.0,312.5,135.13513513513513,21.83406113537118,40.48582995951417,81.30081300813008,9999.0,9999.0,9999.0,9999.0,125.0,196.078431372549,0.0,60.6060606060606,156.25,23.980815347721823,212.7659574468085,9999.0,9999.0,48.309178743961354,9999.0,46.51162790697675
social_intolerance_outgroups|WVS_A,84.03361344537815,44.642857142857146,53.191489361702125,9999.0,9999.0,9999.0,9999.0,121.95121951219511,49.75124378109453,58.8235294117647,81.96721311475409,41.1522633744856,108.69565217391305,833.3333333333334,45.662100456621005,1000.0,49.26108374384237,526.3157894736842,370.3703703703703,49.75124378109453,625.0,35.08771929824561,9999.0,196.078431372549,270.27027027027026,181.81818181818184,833.3333333333334,95.23809523809523,54.34782608695652,112.35955056179776,9999.0,47.84688995215311,256.4102564102564,9999.0,833.3333333333334,357.14285714285717,29.940119760479043,277.77777777777777,26.666666666666668,55.24861878453038,1000.0,18.975332068311197,15.408320493066256,476.1904761904762,200.0,60.6060606060606,0.0,769.2307692307693,52.083333333333336,9999.0,217.3913043478261,9999.0,9999.0,9999.0,384.61538461538464
societal_change_attitudes|WVS_E,769.2307692307693,9999.0,9999.0,9999.0,119.04761904761905,217.3913043478261,1000.0,1000.0,9999.0,9999.0,9999.0,625.0,9999.0,9999.0,9999.0,9999.0,1000.0,98.0392156862745,97.08737864077669,169.49152542372883,72.99270072992701,54.94505494505494,200.0,344.82758620689657,9999.0,54.34782608695652,1000.0,175.43859649122805,384.61538461538464,714.2857142857143,9999.0,9999.0,227.27272727272725,9999.0,526.3157894736842,500.0,9999.0,9999.0,196.078431372549,1000.0,434.7826086956522,1000.0,588.2352941176471,1000.0,9999.0,156.25,769.2307692307693,0.0,77.51937984496124,434.7826086956522,263.1578947368421,9999.0,322.5806451612903,9999.0,84.03361344537815
