,acceptance_of_state_surveillance|WVS_H,authoritarian_governance_tolerance|WVS_E,autocracy_support|WVS_E,basic_needs_deprivation|WVS_H,child_qualities_autonomy_self_expression|WVS_A,child_qualities_conformity_tradition|WVS_A,child_qualities_prosocial_diligence|WVS_A,civic_dishonesty_tolerance|WVS_F,confidence_in_civil_society_organizations|WVS_E,confidence_in_domestic_institutions|WVS_E,confidence_in_international_organizations|WVS_E,crime_victimization|WVS_H,democratic_system_evaluation|WVS_E,democratic_values_importance|WVS_E,economic_ideology|WVS_E,electoral_integrity|WVS_E,existential_threat_worry|WVS_H,familial_duty_obligations|WVS_D,female_income_threat_to_marriage|WVS_D,freedom_security_tradeoff_perception|WVS_H,gender_role_traditionalism|WVS_D,immigrant_origin_status|WVS_G,importance_of_life_domains|WVS_A,institutional_threat_perception|WVS_H,international_organization_knowledge|WVS_E,job_scarcity_gender_discrimination|WVS_C,job_scarcity_nativist_preference|WVS_C,life_autonomy_morality_permissiveness|WVS_F,multilevel_place_attachment|WVS_G,neighborhood_disorder_and_crime|WVS_H,offline_political_participation|WVS_E,online_political_participation|WVS_E,outgroup_trust|WVS_G,perceived_corruption|WVS_E,perceived_negative_effects_of_immigration|WVS_G,perceived_positive_effects_of_immigration|WVS_G,political_information_sources|WVS_E,postmaterialist_values|WVS_E,precautionary_security_behaviors|WVS_H,religion_versus_secularism_orientation|WVS_F,religious_belief|WVS_F,religious_exclusivism|WVS_F,religious_practice_and_self_identification|WVS_F,science_skepticism|WVS_I,science_technology_optimism|WVS_E,sexual_and_reproductive_morality_permissiveness|WVS_F,social_intolerance_outgroups|WVS_A,societal_change_attitudes|WVS_E,socioeconomic_insecurity_worry|WVS_H,subjective_wellbeing|WVS_A,violence_tolerance|WVS_F,voluntary_association_active_membership|WVS_A,voluntary_association_belonging|WVS_A,voting_participation|WVS_E,work_ethic|WVS_C
acceptance_of_state_surveillance|WVS_H,0.0,83.33333333333333,256.4102564102564,9999.0,181.81818181818184,48.78048780487805,294.11764705882354,43.47826086956522,87.71929824561403,74.07407407407408,66.2251655629139,9999.0,104.16666666666667,188.67924528301887,66.2251655629139,56.17977528089888,9999.0,69.93006993006993,200.0,9999.0,88.49557522123894,28.328611898016998,285.7142857142857,9999.0,39.21568627450981,74.07407407407408,86.20689655172414,56.17977528089888,35.842293906810035,9999.0,9999.0,44.052863436123346,67.56756756756756,9999.0,67.11409395973155,526.3157894736842,117.6470588235294,90.90909090909092,9999.0,333.3333333333333,64.51612903225806,104.16666666666667,61.34969325153375,1000.0,120.48192771084337,53.191489361702125,56.17977528089888,102.04081632653062,9999.0,75.18796992481204,35.08771929824561,9999.0,9999.0,42.016806722689076,46.08294930875576
authoritarian_governance_tolerance|WVS_E,83.33333333333333,0.0,9999.0,9999.0,74.6268656716418,31.847133757961785,144.92753623188406,30.581039755351682,9999.0,9999.0,9999.0,125.0,9999.0,9999.0,9999.0,9999.0,47.16981132075472,43.10344827586207,232.5581395348837,196.078431372549,87.71929824561403,20.5761316872428,169.49152542372883,416.6666666666667,9999.0,169.49152542372883,41.32231404958678,42.73504273504273,41.1522633744856,119.04761904761905,9999.0,9999.0,76.92307692307692,9999.0,62.11180124223603,76.92307692307692,9999.0,9999.0,1000.0,76.33587786259541,72.46376811594203,50.76142131979696,28.73563218390805,1000.0,9999.0,47.84688995215311,212.7659574468085,9999.0,51.02040816326531,227.27272727272725,43.859649122807014,9999.0,9999.0,9999.0,30.487804878048777
autocracy_support|WVS_E,256.4102564102564,9999.0,0.0,9999.0,588.2352941176471,95.23809523809523,333.3333333333333,36.231884057971016,9999.0,9999.0,9999.0,175.43859649122805,9999.0,9999.0,9999.0,9999.0,1000.0,285.7142857142857,909.090909090909,277.77777777777777,104.16666666666667,17.6056338028169,151.51515151515153,47.61904761904761,9999.0,51.02040816326531,74.6268656716418,47.84688995215311,90.09009009009009,36.76470588235294,9999.0,9999.0,96.15384615384616,9999.0,75.18796992481204,129.87012987012986,9999.0,9999.0,196.078431372549,80.64516129032258,149.2537313432836,370.3703703703703,192.30769230769232,370.3703703703703,9999.0,47.84688995215311,77.51937984496124,9999.0,1000.0,69.44444444444444,40.0,9999.0,9999.0,9999.0,185.18518518518516
basic_needs_deprivation|WVS_H,9999.0,9999.0,9999.0,0.0,9999.0,9999.0,9999.0,9999.0,9999.0,9999.0,9999.0,9999.0,9999.0,9999.0,9999.0,9999.0,9999.0,9999.0,9999.0,9999.0,9999.0,9999.0,9999.0,9999.0,9999.0,9999.0,9999.0,9999.0,9999.0,9999.0,9999.0,9999.0,9999.0,9999.0,9999.0,9999.0,9999.0,9999.0,9999.0,9999.0,9999.0,9999.0,9999.0,9999.0,9999.0,9999.0,9999.0,9999.0,9999.0,9999.0,9999.0,9999.0,9999.0,9999.0,9999.0
child_qualities_autonomy_self_expression|WVS_A,181.81818181818184,74.6268656716418,588.2352941176471,9999.0,0.0,9999.0,9999.0,169.49152542372883,63.69426751592357,108.69565217391305,303.03030303030306,1000.0,285.7142857142857,128.2051282051282,175.43859649122805,400.0,88.49557522123894,70.4225352112676,238.0952380952381,500.0,86.20689655172414,78.125,9999.0,86.95652173913044,60.6060606060606,136.986301369863,131.57894736842104,277.77777777777777,129.87012987012986,103.09278350515464,9999.0,200.0,285.7142857142857,9999.0,384.61538461538464,136.986301369863,84.03361344537815,285.7142857142857,666.6666666666666,833.3333333333334,117.6470588235294,67.11409395973155,40.48582995951417,285.7142857142857,62.11180124223603,434.7826086956522,9999.0,161.29032258064515,62.11180124223603,9999.0,91.74311926605505,9999.0,9999.0,60.24096385542168,58.47953216374269
child_qualities_conformity_tradition|WVS_A,48.78048780487805,31.847133757961785,95.23809523809523,9999.0,9999.0,0.0,9999.0,19.68503937007874,67.11409395973155,333.3333333333333,136.986301369863,67.56756756756756,142.85714285714286,62.5,75.75757575757576,50.25125628140703,39.682539682539684,32.25806451612903,1000.0,67.11409395973155,135.13513513513513,9.84251968503937,9999.0,625.0,40.0,47.39336492890995,30.8641975308642,25.0,22.271714922048996,47.39336492890995,9999.0,116.27906976744185,36.63003663003663,9999.0,33.78378378378378,71.94244604316548,123.4567901234568,714.2857142857143,277.77777777777777,61.34969325153375,32.78688524590164,35.46099290780142,29.41176470588235,588.2352941176471,61.7283950617284,25.0,9999.0,84.74576271186442,27.700831024930746,9999.0,27.247956403269754,9999.0,9999.0,16.155088852988694,21.691973969631235
child_qualities_prosocial_diligence|WVS_A,294.11764705882354,144.92753623188406,333.3333333333333,9999.0,9999.0,9999.0,0.0,75.75757575757576,222.22222222222223,769.2307692307693,588.2352941176471,303.03030303030306,208.33333333333334,500.0,454.5454545454545,123.4567901234568,161.29032258064515,185.18518518518516,1000.0,1000.0,294.11764705882354,76.33587786259541,9999.0,238.0952380952381,303.03030303030306,476.1904761904762,106.38297872340425,100.0,135.13513513513513,123.4567901234568,9999.0,121.95121951219511,238.0952380952381,9999.0,172.41379310344828,227.27272727272725,232.5581395348837,384.61538461538464,1000.0,142.85714285714286,526.3157894736842,454.5454545454545,188.67924528301887,588.2352941176471,1000.0,119.04761904761905,9999.0,1000.0,1000.0,9999.0,68.9655172413793,9999.0,9999.0,69.44444444444444,107.52688172043011
civic_dishonesty_tolerance|WVS_F,43.47826086956522,30.581039755351682,36.231884057971016,9999.0,169.49152542372883,19.68503937007874,75.75757575757576,0.0,64.51612903225806,384.61538461538464,108.69565217391305,43.10344827586207,64.1025641025641,43.66812227074236,1000.0,21.929824561403507,45.24886877828054,34.84320557491289,270.27027027027026,59.880239520958085,45.87155963302752,5.197505197505198,99.00990099009901,20.920502092050206,74.07407407407408,19.53125,17.953321364452425,9999.0,17.73049645390071,14.347202295552368,9999.0,111.11111111111111,25.38071065989848,9999.0,20.70393374741201,44.24778761061947,270.27027027027026,37.45318352059925,384.61538461538464,9999.0,9999.0,9999.0,9999.0,125.0,88.49557522123894,9999.0,21.645021645021647,1000.0,54.054054054054056,39.52569169960474,9999.0,9999.0,9999.0,13.037809647979138,25.188916876574307
confidence_in_civil_society_organizations|WVS_E,87.71929824561403,9999.0,9999.0,9999.0,63.69426751592357,67.11409395973155,222.22222222222223,64.51612903225806,0.0,9999.0,9999.0,116.27906976744185,9999.0,9999.0,9999.0,9999.0,357.14285714285717,84.74576271186442,45.662100456621005,53.475935828877,21.186440677966104,21.929824561403507,256.4102564102564,40.16064257028113,9999.0,40.32258064516129,42.016806722689076,77.51937984496124,43.859649122807014,66.66666666666667,9999.0,9999.0,99.00990099009901,9999.0,188.67924528301887,25.06265664160401,9999.0,9999.0,25.125628140703515,40.16064257028113,158.73015873015873,58.47953216374269,51.282051282051285,833.3333333333334,9999.0,1000.0,29.239766081871345,9999.0,82.64462809917356,15.197568389057752,23.809523809523807,9999.0,9999.0,9999.0,101.010101010101
confidence_in_domestic_institutions|WVS_E,74.07407407407408,9999.0,9999.0,9999.0,108.69565217391305,333.3333333333333,769.2307692307693,384.61538461538464,9999.0,0.0,9999.0,94.33962264150944,9999.0,9999.0,9999.0,9999.0,99.00990099009901,1000.0,67.11409395973155,69.44444444444444,34.129692832764505,25.706940874035993,192.30769230769232,52.35602094240838,9999.0,117.6470588235294,158.73015873015873,1000.0,37.59398496240602,98.0392156862745,9999.0,9999.0,94.33962264150944,9999.0,103.09278350515464,36.90036900369004,9999.0,9999.0,27.855153203342617,71.42857142857143,131.57894736842104,97.08737864077669,909.090909090909,294.11764705882354,9999.0,204.08163265306123,27.100271002710027,9999.0,82.64462809917356,16.10305958132045,19.76284584980237,9999.0,9999.0,9999.0,102.04081632653062
confidence_in_international_organizations|WVS_E,66.2251655629139,9999.0,9999.0,9999.0,303.03030303030306,136.986301369863,588.2352941176471,108.69565217391305,9999.0,9999.0,0.0,135.13513513513513,9999.0,9999.0,9999.0,9999.0,54.6448087431694,116.27906976744185,123.4567901234568,86.95652173913044,169.49152542372883,17.953321364452425,72.46376811594203,29.940119760479043,9999.0,86.95652173913044,370.3703703703703,163.93442622950818,38.75968992248062,36.63003663003663,9999.0,9999.0,116.27906976744185,9999.0,227.27272727272725,49.75124378109453,9999.0,9999.0,32.362459546925564,72.99270072992701,113.63636363636363,714.2857142857143,44.44444444444444,1000.0,9999.0,1000.0,61.34969325153375,9999.0,46.29629629629629,19.342359767891683,40.0,9999.0,9999.0,9999.0,49.504950495049506
crime_victimization|WVS_H,9999.0,125.0,175.43859649122805,9999.0,1000.0,67.56756756756756,303.03030303030306,43.10344827586207,116.27906976744185,94.33962264150944,135.13513513513513,0.0,121.95121951219511,500.0,125.0,62.5,9999.0,117.6470588235294,222.22222222222223,9999.0,83.33333333333333,26.246719160104984,1000.0,9999.0,80.0,65.78947368421052,78.74015748031496,50.5050505050505,47.39336492890995,9999.0,9999.0,59.1715976331361,76.33587786259541,9999.0,69.44444444444444,1000.0,126.58227848101265,285.7142857142857,9999.0,151.51515151515153,90.09009009009009,217.3913043478261,181.81818181818184,500.0,147.05882352941177,49.26108374384237,58.13953488372093,238.0952380952381,9999.0,153.84615384615384,31.152647975077883,9999.0,9999.0,50.76142131979696,68.02721088435375
democratic_system_evaluation|WVS_E,104.16666666666667,9999.0,9999.0,9999.0,285.7142857142857,142.85714285714286,208.33333333333334,64.1025641025641,9999.0,9999.0,9999.0,121.95121951219511,0.0,9999.0,9999.0,9999.0,87.71929824561403,217.3913043478261,178.57142857142858,181.81818181818184,133.33333333333334,185.18518518518516,526.3157894736842,714.2857142857143,9999.0,1000.0,99.00990099009901,90.90909090909092,50.76142131979696,111.11111111111111,9999.0,9999.0,108.69565217391305,9999.0,90.90909090909092,144.92753623188406,9999.0,9999.0,64.93506493506493,285.7142857142857,333.3333333333333,243.90243902439022,227.27272727272725,217.3913043478261,9999.0,78.125,42.016806722689076,9999.0,322.5806451612903,38.167938931297705,23.980815347721823,9999.0,9999.0,9999.0,71.42857142857143
democratic_values_importance|WVS_E,188.67924528301887,9999.0,9999.0,9999.0,128.2051282051282,62.5,500.0,43.66812227074236,9999.0,9999.0,9999.0,500.0,9999.0,0.0,9999.0,9999.0,238.0952380952381,153.84615384615384,117.6470588235294,163.93442622950818,95.23809523809523,10.460251046025103,114.9425287356322,32.362459546925564,9999.0,89.28571428571429,56.81818181818181,49.26108374384237,119.04761904761905,35.3356890459364,9999.0,9999.0,588.2352941176471,9999.0,175.43859649122805,36.101083032490976,9999.0,9999.0,31.948881789137378,49.75124378109453,250.0,69.93006993006993,1000.0,1000.0,9999.0,69.44444444444444,61.7283950617284,9999.0,303.03030303030306,16.949152542372882,78.74015748031496,9999.0,9999.0,9999.0,476.1904761904762
economic_ideology|WVS_E,66.2251655629139,9999.0,9999.0,9999.0,175.43859649122805,75.75757575757576,454.5454545454545,1000.0,9999.0,9999.0,9999.0,125.0,9999.0,9999.0,0.0,9999.0,48.78048780487805,74.07407407407408,161.29032258064515,87.71929824561403,322.5806451612903,33.67003367003367,76.92307692307692,33.898305084745765,9999.0,151.51515151515153,500.0,1000.0,39.682539682539684,52.91005291005291,9999.0,9999.0,93.45794392523365,9999.0,106.38297872340425,74.07407407407408,9999.0,9999.0,42.37288135593221,107.52688172043011,89.28571428571429,166.66666666666666,41.1522633744856,714.2857142857143,9999.0,196.078431372549,69.93006993006993,9999.0,45.45454545454546,22.573363431151243,44.642857142857146,9999.0,9999.0,9999.0,41.666666666666664
electoral_integrity|WVS_E,56.17977528089888,9999.0,9999.0,9999.0,400.0,50.25125628140703,123.4567901234568,21.929824561403507,9999.0,9999.0,9999.0,62.5,9999.0,9999.0,9999.0,0.0,59.880239520958085,76.33587786259541,121.95121951219511,86.95652173913044,60.24096385542168,21.321961620469086,1000.0,87.71929824561403,9999.0,53.191489361702125,39.682539682539684,27.62430939226519,25.839793281653748,37.735849056603776,9999.0,9999.0,44.642857142857146,9999.0,40.0,1000.0,9999.0,9999.0,62.11180124223603,76.92307692307692,68.02721088435375,500.0,175.43859649122805,156.25,9999.0,27.17391304347826,26.38522427440633,9999.0,112.35955056179776,40.16064257028113,13.227513227513228,9999.0,9999.0,9999.0,36.63003663003663
existential_threat_worry|WVS_H,9999.0,47.16981132075472,1000.0,9999.0,88.49557522123894,39.682539682539684,161.29032258064515,45.24886877828054,357.14285714285717,99.00990099009901,54.6448087431694,9999.0,87.71929824561403,238.0952380952381,48.78048780487805,59.880239520958085,0.0,46.29629629629629,909.090909090909,9999.0,96.15384615384616,71.94244604316548,102.04081632653062,9999.0,23.419203747072597,101.010101010101,57.80346820809249,68.4931506849315,39.37007874015748,9999.0,9999.0,33.67003367003367,86.20689655172414,9999.0,84.74576271186442,270.27027027027026,103.09278350515464,71.42857142857143,9999.0,169.49152542372883,78.125,71.94244604316548,30.211480362537767,1000.0,333.3333333333333,82.64462809917356,98.0392156862745,76.33587786259541,9999.0,66.2251655629139,42.918454935622314,9999.0,9999.0,30.487804878048777,29.761904761904763
familial_duty_obligations|WVS_D,69.93006993006993,43.10344827586207,285.7142857142857,9999.0,70.4225352112676,32.25806451612903,185.18518518518516,34.84320557491289,84.74576271186442,1000.0,116.27906976744185,117.6470588235294,217.3913043478261,153.84615384615384,74.07407407407408,76.33587786259541,46.29629629629629,0.0,9999.0,125.0,9999.0,23.923444976076556,147.05882352941177,108.69565217391305,33.44481605351171,1000.0,46.948356807511736,45.45454545454546,38.61003861003861,555.5555555555555,9999.0,86.95652173913044,69.44444444444444,9999.0,64.1025641025641,109.89010989010988,263.1578947368421,196.078431372549,400.0,109.89010989010988,62.5,50.25125628140703,30.959752321981423,625.0,98.0392156862745,56.497175141242934,172.41379310344828,102.04081632653062,40.16064257028113,1000.0,49.75124378109453,9999.0,9999.0,26.246719160104984,29.41176470588235
female_income_threat_to_marriage|WVS_D,200.0,232.5581395348837,909.090909090909,9999.0,238.0952380952381,1000.0,1000.0,270.27027027027026,45.662100456621005,67.11409395973155,123.4567901234568,222.22222222222223,178.57142857142858,117.6470588235294,161.29032258064515,121.95121951219511,909.090909090909,9999.0,0.0,133.33333333333334,9999.0,78.74015748031496,833.3333333333334,1000.0,256.4102564102564,54.94505494505494,294.11764705882354,270.27027027027026,87.71929824561403,243.90243902439022,9999.0,93.45794392523365,142.85714285714286,9999.0,158.73015873015873,114.9425287356322,120.48192771084337,119.04761904761905,99.00990099009901,227.27272727272725,163.93442622950818,357.14285714285717,142.85714285714286,1000.0,75.18796992481204,131.57894736842104,72.99270072992701,263.1578947368421,163.93442622950818,75.75757575757576,61.7283950617284,9999.0,9999.0,270.27027027027026,588.2352941176471
freedom_security_tradeoff_perception|WVS_H,9999.0,196.078431372549,277.77777777777777,9999.0,500.0,67.11409395973155,1000.0,59.880239520958085,53.475935828877,69.44444444444444,86.95652173913044,9999.0,181.81818181818184,163.93442622950818,87.71929824561403,86.95652173913044,9999.0,125.0,133.33333333333334,0.0,46.08294930875576,24.813895781637715,909.090909090909,9999.0,69.44444444444444,44.44444444444444,208.33333333333334,74.07407407407408,40.16064257028113,9999.0,9999.0,78.74015748031496,70.92198581560284,9999.0,72.99270072992701,181.81818181818184,212.7659574468085,88.49557522123894,9999.0,434.7826086956522,61.7283950617284,166.66666666666666,196.078431372549,1000.0,131.57894736842104,55.24861878453038,64.51612903225806,131.57894736842104,9999.0,100.0,41.666666666666664,9999.0,9999.0,81.30081300813008,86.95652173913044
gender_role_traditionalism|WVS_D,88.49557522123894,87.71929824561403,104.16666666666667,9999.0,86.20689655172414,135.13513513513513,294.11764705882354,45.87155963302752,21.186440677966104,34.129692832764505,169.49152542372883,83.33333333333333,133.33333333333334,95.23809523809523,322.5806451612903,60.24096385542168,96.15384615384616,9999.0,9999.0,46.08294930875576,0.0,11.19820828667413,98.0392156862745,58.8235294117647,78.125,14.40922190201729,200.0,45.45454545454546,30.8641975308642,33.44481605351171,9999.0,833.3333333333334,47.61904761904761,9999.0,45.662100456621005,62.11180124223603,123.4567901234568,107.52688172043011,63.291139240506325,128.2051282051282,40.16064257028113,250.0,36.76470588235294,500.0,45.24886877828054,29.239766081871345,29.41176470588235,333.3333333333333,61.34969325153375,102.04081632653062,20.04008016032064,9999.0,9999.0,270.27027027027026,121.95121951219511
immigrant_origin_status|WVS_G,28.328611898016998,20.5761316872428,17.6056338028169,9999.0,78.125,9.84251968503937,76.33587786259541,5.197505197505198,21.929824561403507,25.706940874035993,17.953321364452425,26.246719160104984,185.18518518518516,10.460251046025103,33.67003367003367,21.321961620469086,71.94244604316548,23.923444976076556,78.74015748031496,24.813895781637715,11.19820828667413,0.0,32.78688524590164,8.347245409015025,10.706638115631693,6.238303181534623,11.1731843575419,6.55307994757536,9999.0,6.565988181221274,9999.0,10.427528675703858,9999.0,9999.0,9999.0,9999.0,18.90359168241966,14.084507042253522,32.67973856209151,15.64945226917058,11.013215859030836,20.5761316872428,87.71929824561403,161.29032258064515,13.245033112582782,7.137758743754461,14.40922190201729,106.38297872340425,17.482517482517483,9.775171065493646,8.368200836820083,9999.0,9999.0,7.621951219512194,23.20185614849188
importance_of_life_domains|WVS_A,285.7142857142857,169.49152542372883,151.51515151515153,9999.0,9999.0,9999.0,9999.0,99.00990099009901,256.4102564102564,192.30769230769232,72.46376811594203,1000.0,526.3157894736842,114.9425287356322,76.92307692307692,1000.0,102.04081632653062,147.05882352941177,833.3333333333334,909.090909090909,98.0392156862745,32.78688524590164,0.0,44.84304932735426,33.78378378378378,60.975609756097555,476.1904761904762,117.6470588235294,416.6666666666667,44.052863436123346,9999.0,75.18796992481204,625.0,9999.0,277.77777777777777,303.03030303030306,333.3333333333333,65.78947368421052,151.51515151515153,142.85714285714286,666.6666666666666,188.67924528301887,55.55555555555556,370.3703703703703,322.5806451612903,98.0392156862745,9999.0,117.6470588235294,92.59259259259258,9999.0,90.09009009009009,9999.0,9999.0,500.0,92.59259259259258
institutional_threat_perception|WVS_H,9999.0,416.6666666666667,47.61904761904761,9999.0,86.95652173913044,625.0,238.0952380952381,20.920502092050206,40.16064257028113,52.35602094240838,29.940119760479043,9999.0,714.2857142857143,32.362459546925564,33.898305084745765,87.71929824561403,9999.0,108.69565217391305,1000.0,9999.0,58.8235294117647,8.347245409015025,44.84304932735426,0.0,14.245014245014245,26.525198938992045,48.543689320388346,26.595744680851062,500.0,9999.0,9999.0,28.328611898016998,99.00990099009901,9999.0,62.5,52.083333333333336,175.43859649122805,22.72727272727273,9999.0,35.714285714285715,1000.0,153.84615384615384,28.328611898016998,121.95121951219511,69.44444444444444,29.15451895043732,50.0,50.25125628140703,9999.0,22.779043280182233,25.974025974025974,9999.0,9999.0,50.5050505050505,87.71929824561403
international_organization_knowledge|WVS_E,39.21568627450981,9999.0,9999.0,9999.0,60.6060606060606,40.0,303.03030303030306,74.07407407407408,9999.0,9999.0,9999.0,80.0,9999.0,9999.0,9999.0,9999.0,23.419203747072597,33.44481605351171,256.4102564102564,69.44444444444444,78.125,10.706638115631693,33.78378378378378,14.245014245014245,0.0,26.246719160104984,909.090909090909,64.51612903225806,24.509803921568626,16.39344262295082,9999.0,9999.0,97.08737864077669,9999.0,161.29032258064515,39.37007874015748,9999.0,9999.0,21.551724137931036,46.948356807511736,68.9655172413793,70.4225352112676,15.06024096385542,222.22222222222223,9999.0,125.0,74.6268656716418,9999.0,22.88329519450801,11.709601873536299,51.282051282051285,9999.0,9999.0,9999.0,19.841269841269842
job_scarcity_gender_discrimination|WVS_C,74.07407407407408,169.49152542372883,51.02040816326531,9999.0,136.986301369863,47.39336492890995,476.1904761904762,19.53125,40.32258064516129,117.6470588235294,86.95652173913044,65.78947368421052,1000.0,89.28571428571429,151.51515151515153,53.191489361702125,101.010101010101,1000.0,54.94505494505494,44.44444444444444,14.40922190201729,6.238303181534623,60.975609756097555,26.525198938992045,26.246719160104984,0.0,9999.0,23.64066193853428,27.100271002710027,20.161290322580644,9999.0,39.37007874015748,34.24657534246575,9999.0,31.948881789137378,232.5581395348837,136.986301369863,81.96721311475409,312.5,147.05882352941177,30.959752321981423,169.49152542372883,34.013605442176875,500.0,243.90243902439022,20.408163265306122,26.881720430107528,1000.0,43.47826086956522,51.282051282051285,17.152658662092627,9999.0,9999.0,71.42857142857143,9999.0
job_scarcity_nativist_preference|WVS_C,86.20689655172414,41.32231404958678,74.6268656716418,9999.0,131.57894736842104,30.8641975308642,106.38297872340425,17.953321364452425,42.016806722689076,158.73015873015873,370.3703703703703,78.74015748031496,99.00990099009901,56.81818181818181,500.0,39.682539682539684,57.80346820809249,46.948356807511736,294.11764705882354,208.33333333333334,200.0,11.1731843575419,476.1904761904762,48.543689320388346,909.090909090909,9999.0,0.0,25.38071065989848,36.36363636363637,28.169014084507044,9999.0,86.20689655172414,51.02040816326531,9999.0,40.816326530612244,53.763440860215056,588.2352941176471,55.865921787709496,158.73015873015873,36.496350364963504,77.51937984496124,72.99270072992701,55.55555555555556,263.1578947368421,76.92307692307692,26.80965147453083,52.083333333333336,1000.0,109.89010989010988,59.1715976331361,24.213075060532685,9999.0,9999.0,19.37984496124031,9999.0
life_autonomy_morality_permissiveness|WVS_F,56.17977528089888,42.73504273504273,47.84688995215311,9999.0,277.77777777777777,25.0,100.0,9999.0,77.51937984496124,1000.0,163.93442622950818,50.5050505050505,90.90909090909092,49.26108374384237,1000.0,27.62430939226519,68.4931506849315,45.45454545454546,270.27027027027026,74.07407407407408,45.45454545454546,6.55307994757536,117.6470588235294,26.595744680851062,64.51612903225806,23.64066193853428,25.38071065989848,0.0,23.923444976076556,17.98561151079137,9999.0,200.0,32.25806451612903,9999.0,25.0,54.94505494505494,322.5806451612903,53.763440860215056,208.33333333333334,9999.0,9999.0,9999.0,9999.0,192.30769230769232,117.6470588235294,9999.0,29.069767441860463,1000.0,62.11180124223603,58.8235294117647,9999.0,9999.0,9999.0,16.778523489932887,29.58579881656805
multilevel_place_attachment|WVS_G,35.842293906810035,41.1522633744856,90.09009009009009,9999.0,129.87012987012986,22.271714922048996,135.13513513513513,17.73049645390071,43.859649122807014,37.59398496240602,38.75968992248062,47.39336492890995,50.76142131979696,119.04761904761905,39.682539682539684,25.839793281653748,39.37007874015748,38.61003861003861,87.71929824561403,40.16064257028113,30.8641975308642,9999.0,416.6666666666667,500.0,24.509803921568626,27.100271002710027,36.36363636363637,23.923444976076556,0.0,44.642857142857146,9999.0,24.57002457002457,9999.0,9999.0,9999.0,9999.0,60.975609756097555,62.11180124223603,43.29004329004329,98.0392156862745,29.32551319648094,54.94505494505494,40.0,526.3157894736842,74.6268656716418,20.964360587002098,25.77319587628866,57.80346820809249,24.390243902439025,52.631578947368425,13.36898395721925,9999.0,9999.0,20.28397565922921,23.809523809523807
neighborhood_disorder_and_crime|WVS_H,9999.0,119.04761904761905,36.76470588235294,9999.0,103.09278350515464,47.39336492890995,123.4567901234568,14.347202295552368,66.66666666666667,98.0392156862745,36.63003663003663,9999.0,111.11111111111111,35.3356890459364,52.91005291005291,37.735849056603776,9999.0,555.5555555555555,243.90243902439022,9999.0,33.44481605351171,6.565988181221274,44.052863436123346,9999.0,16.39344262295082,20.161290322580644,28.169014084507044,17.98561151079137,44.642857142857146,0.0,9999.0,56.497175141242934,46.08294930875576,9999.0,30.959752321981423,47.61904761904761,1000.0,23.094688221709006,9999.0,28.409090909090907,91.74311926605505,1000.0,36.101083032490976,101.010101010101,100.0,17.6056338028169,28.57142857142857,65.35947712418302,9999.0,23.980815347721823,13.36898395721925,9999.0,9999.0,24.630541871921185,163.93442622950818
offline_political_participation|WVS_E,9999.0,9999.0,9999.0,9999.0,9999.0,9999.0,9999.0,9999.0,9999.0,9999.0,9999.0,9999.0,9999.0,9999.0,9999.0,9999.0,9999.0,9999.0,9999.0,9999.0,9999.0,9999.0,9999.0,9999.0,9999.0,9999.0,9999.0,9999.0,9999.0,9999.0,0.0,9999.0,9999.0,9999.0,9999.0,9999.0,9999.0,9999.0,9999.0,9999.0,9999.0,9999.0,9999.0,9999.0,9999.0,9999.0,9999.0,9999.0,9999.0,9999.0,9999.0,9999.0,9999.0,9999.0,9999.0
online_political_participation|WVS_E,44.052863436123346,9999.0,9999.0,9999.0,200.0,116.27906976744185,121.95121951219511,111.11111111111111,9999.0,9999.0,9999.0,59.1715976331361,9999.0,9999.0,9999.0,9999.0,33.67003367003367,86.95652173913044,93.45794392523365,78.74015748031496,833.3333333333334,10.427528675703858,75.18796992481204,28.328611898016998,9999.0,39.37007874015748,86.20689655172414,200.0,24.57002457002457,56.497175141242934,9999.0,0.0,78.125,9999.0,72.46376811594203,41.84100418410041,9999.0,9999.0,21.367521367521366,212.7659574468085,131.57894736842104,125.0,43.47826086956522,161.29032258064515,9999.0,166.66666666666666,21.645021645021647,9999.0,71.94244604316548,11.723329425556859,13.227513227513228,9999.0,9999.0,9999.0,28.409090909090907
outgroup_trust|WVS_G,67.56756756756756,76.92307692307692,96.15384615384616,9999.0,285.7142857142857,36.63003663003663,238.0952380952381,25.38071065989848,99.00990099009901,94.33962264150944,116.27906976744185,76.33587786259541,108.69565217391305,588.2352941176471,93.45794392523365,44.642857142857146,86.20689655172414,69.44444444444444,142.85714285714286,70.92198581560284,47.61904761904761,9999.0,625.0,99.00990099009901,97.08737864077669,34.24657534246575,51.02040816326531,32.25806451612903,9999.0,46.08294930875576,9999.0,78.125,0.0,9999.0,9999.0,9999.0,238.0952380952381,1000.0,133.33333333333334,109.89010989010988,44.24778761061947,93.45794392523365,119.04761904761905,625.0,333.3333333333333,30.8641975308642,42.19409282700422,147.05882352941177,53.191489361702125,400.0,22.271714922048996,9999.0,9999.0,30.8641975308642,43.66812227074236
perceived_corruption|WVS_E,9999.0,9999.0,9999.0,9999.0,9999.0,9999.0,9999.0,9999.0,9999.0,9999.0,9999.0,9999.0,9999.0,9999.0,9999.0,9999.0,9999.0,9999.0,9999.0,9999.0,9999.0,9999.0,9999.0,9999.0,9999.0,9999.0,9999.0,9999.0,9999.0,9999.0,9999.0,9999.0,9999.0,0.0,9999.0,9999.0,9999.0,9999.0,9999.0,9999.0,9999.0,9999.0,9999.0,9999.0,9999.0,9999.0,9999.0,9999.0,9999.0,9999.0,9999.0,9999.0,9999.0,9999.0,9999.0
perceived_negative_effects_of_immigration|WVS_G,67.11409395973155,62.11180124223603,75.18796992481204,9999.0,384.61538461538464,33.78378378378378,172.41379310344828,20.70393374741201,188.67924528301887,103.09278350515464,227.27272727272725,69.44444444444444,90.90909090909092,175.43859649122805,106.38297872340425,40.0,84.74576271186442,64.1025641025641,158.73015873015873,72.99270072992701,45.662100456621005,9999.0,277.77777777777777,62.5,161.29032258064515,31.948881789137378,40.816326530612244,25.0,9999.0,30.959752321981423,9999.0,72.46376811594203,9999.0,9999.0,0.0,9999.0,188.67924528301887,416.6666666666667,175.43859649122805,69.93006993006993,44.642857142857146,88.49557522123894,151.51515151515153,303.03030303030306,1000.0,24.875621890547265,37.03703703703704,200.0,49.26108374384237,370.3703703703703,18.34862385321101,9999.0,9999.0,23.696682464454977,37.735849056603776
perceived_positive_effects_of_immigration|WVS_G,526.3157894736842,76.92307692307692,129.87012987012986,9999.0,136.986301369863,71.94244604316548,227.27272727272725,44.24778761061947,25.06265664160401,36.90036900369004,49.75124378109453,1000.0,144.92753623188406,36.101083032490976,74.07407407407408,1000.0,270.27027027027026,109.89010989010988,114.9425287356322,181.81818181818184,62.11180124223603,9999.0,303.03030303030306,52.083333333333336,39.37007874015748,232.5581395348837,53.763440860215056,54.94505494505494,9999.0,47.61904761904761,9999.0,41.84100418410041,9999.0,9999.0,9999.0,0.0,60.24096385542168,38.314176245210724,52.35602094240838,53.191489361702125,1000.0,103.09278350515464,128.2051282051282,1000.0,35.3356890459364,81.30081300813008,125.0,147.05882352941177,200.0,29.940119760479043,769.2307692307693,9999.0,9999.0,35.587188612099645,101.010101010101
political_information_sources|WVS_E,117.6470588235294,9999.0,9999.0,9999.0,84.03361344537815,123.4567901234568,232.5581395348837,270.27027027027026,9999.0,9999.0,9999.0,126.58227848101265,9999.0,9999.0,9999.0,9999.0,103.09278350515464,263.1578947368421,120.48192771084337,212.7659574468085,123.4567901234568,18.90359168241966,333.3333333333333,175.43859649122805,9999.0,136.986301369863,588.2352941176471,322.5806451612903,60.975609756097555,1000.0,9999.0,9999.0,238.0952380952381,9999.0,188.67924528301887,60.24096385542168,0.0,9999.0,38.91050583657587,500.0,158.73015873015873,61.7283950617284,263.1578947368421,140.8450704225352,9999.0,200.0,31.746031746031747,9999.0,125.0,19.72386587771203,19.305019305019304,9999.0,9999.0,9999.0,149.2537313432836
postmaterialist_values|WVS_E,90.90909090909092,9999.0,9999.0,9999.0,285.7142857142857,714.2857142857143,384.61538461538464,37.45318352059925,9999.0,9999.0,9999.0,285.7142857142857,9999.0,9999.0,9999.0,9999.0,71.42857142857143,196.078431372549,119.04761904761905,88.49557522123894,107.52688172043011,14.084507042253522,65.78947368421052,22.72727272727273,9999.0,81.96721311475409,55.865921787709496,53.763440860215056,62.11180124223603,23.094688221709006,9999.0,9999.0,1000.0,9999.0,416.6666666666667,38.314176245210724,9999.0,0.0,33.222591362126245,41.1522633744856,125.0,1000.0,42.5531914893617,243.90243902439022,9999.0,62.893081761006286,212.7659574468085,9999.0,39.52569169960474,18.76172607879925,1000.0,9999.0,9999.0,9999.0,80.0
precautionary_security_behaviors|WVS_H,9999.0,1000.0,196.078431372549,9999.0,666.6666666666666,277.77777777777777,1000.0,384.61538461538464,25.125628140703515,27.855153203342617,32.362459546925564,9999.0,64.93506493506493,31.948881789137378,42.37288135593221,62.11180124223603,9999.0,400.0,99.00990099009901,9999.0,63.291139240506325,32.67973856209151,151.51515151515153,9999.0,21.551724137931036,312.5,158.73015873015873,208.33333333333334,43.29004329004329,9999.0,9999.0,21.367521367521366,133.33333333333334,9999.0,175.43859649122805,52.35602094240838,38.91050583657587,33.222591362126245,0.0,77.51937984496124,131.57894736842104,555.5555555555555,131.57894736842104,1000.0,31.055900621118013,1000.0,50.76142131979696,65.78947368421052,9999.0,22.831050228310502,41.32231404958678,9999.0,9999.0,192.30769230769232,88.49557522123894
religion_versus_secularism_orientation|WVS_F,333.3333333333333,76.33587786259541,80.64516129032258,9999.0,833.3333333333334,61.34969325153375,142.85714285714286,9999.0,40.16064257028113,71.42857142857143,72.99270072992701,151.51515151515153,285.7142857142857,49.75124378109453,107.52688172043011,76.92307692307692,169.49152542372883,109.89010989010988,227.27272727272725,434.7826086956522,128.2051282051282,15.64945226917058,142.85714285714286,35.714285714285715,46.948356807511736,147.05882352941177,36.496350364963504,9999.0,98.0392156862745,28.409090909090907,9999.0,212.7659574468085,109.89010989010988,9999.0,69.93006993006993,53.191489361702125,500.0,41.1522633744856,77.51937984496124,0.0,9999.0,9999.0,9999.0,208.33333333333334,72.46376811594203,9999.0,103.09278350515464,163.93442622950818,163.93442622950818,42.73504273504273,9999.0,9999.0,9999.0,28.169014084507044,68.4931506849315
religious_belief|WVS_F,64.51612903225806,72.46376811594203,149.2537313432836,9999.0,117.6470588235294,32.78688524590164,526.3157894736842,9999.0,158.73015873015873,131.57894736842104,113.63636363636363,90.09009009009009,333.3333333333333,250.0,89.28571428571429,68.02721088435375,78.125,62.5,163.93442622950818,61.7283950617284,40.16064257028113,11.013215859030836,666.6666666666666,1000.0,68.9655172413793,30.959752321981423,77.51937984496124,9999.0,29.32551319648094,91.74311926605505,9999.0,131.57894736842104,44.24778761061947,9999.0,44.642857142857146,1000.0,158.73015873015873,125.0,131.57894736842104,9999.0,0.0,9999.0,9999.0,555.5555555555555,185.18518518518516,9999.0,62.893081761006286,103.09278350515464,33.11258278145695,588.2352941176471,9999.0,9999.0,9999.0,35.3356890459364,46.728971962616825
religious_exclusivism|WVS_F,104.16666666666667,50.76142131979696,370.3703703703703,9999.0,67.11409395973155,35.46099290780142,454.5454545454545,9999.0,58.47953216374269,97.08737864077669,714.2857142857143,217.3913043478261,243.90243902439022,69.93006993006993,166.66666666666666,500.0,71.94244604316548,50.25125628140703,357.14285714285717,166.66666666666666,250.0,20.5761316872428,188.67924528301887,153.84615384615384,70.4225352112676,169.49152542372883,72.99270072992701,9999.0,54.94505494505494,1000.0,9999.0,125.0,93.45794392523365,9999.0,88.49557522123894,103.09278350515464,61.7283950617284,1000.0,555.5555555555555,9999.0,9999.0,0.0,9999.0,263.1578947368421,47.39336492890995,9999.0,212.7659574468085,151.51515151515153,39.8406374501992,92.59259259259258,9999.0,9999.0,9999.0,33.78378378378378,42.37288135593221
religious_practice_and_self_identification|WVS_F,61.34969325153375,28.73563218390805,192.30769230769232,9999.0,40.48582995951417,29.41176470588235,188.67924528301887,9999.0,51.282051282051285,909.090909090909,44.44444444444444,181.81818181818184,227.27272727272725,1000.0,41.1522633744856,175.43859649122805,30.211480362537767,30.959752321981423,142.85714285714286,196.078431372549,36.76470588235294,87.71929824561403,55.55555555555556,28.328611898016998,15.06024096385542,34.013605442176875,55.55555555555556,9999.0,40.0,36.101083032490976,9999.0,43.47826086956522,119.04761904761905,9999.0,151.51515151515153,128.2051282051282,263.1578947368421,42.5531914893617,131.57894736842104,9999.0,9999.0,9999.0,0.0,181.81818181818184,82.64462809917356,9999.0,93.45794392523365,53.191489361702125,29.58579881656805,86.95652173913044,9999.0,9999.0,9999.0,25.188916876574307,22.471910112359552
science_skepticism|WVS_I,1000.0,1000.0,370.3703703703703,9999.0,285.7142857142857,588.2352941176471,588.2352941176471,125.0,833.3333333333334,294.11764705882354,1000.0,500.0,217.3913043478261,1000.0,714.2857142857143,156.25,1000.0,625.0,1000.0,1000.0,500.0,161.29032258064515,370.3703703703703,121.95121951219511,222.22222222222223,500.0,263.1578947368421,192.30769230769232,526.3157894736842,101.010101010101,9999.0,161.29032258064515,625.0,9999.0,303.03030303030306,1000.0,140.8450704225352,243.90243902439022,1000.0,208.33333333333334,555.5555555555555,263.1578947368421,181.81818181818184,0.0,204.08163265306123,181.81818181818184,133.33333333333334,476.1904761904762,178.57142857142858,1000.0,74.6268656716418,9999.0,9999.0,270.27027027027026,1000.0
science_technology_optimism|WVS_E,120.48192771084337,9999.0,9999.0,9999.0,62.11180124223603,61.7283950617284,1000.0,88.49557522123894,9999.0,9999.0,9999.0,147.05882352941177,9999.0,9999.0,9999.0,9999.0,333.3333333333333,98.0392156862745,75.18796992481204,131.57894736842104,45.24886877828054,13.245033112582782,322.5806451612903,69.44444444444444,9999.0,243.90243902439022,76.92307692307692,117.6470588235294,74.6268656716418,100.0,9999.0,9999.0,333.3333333333333,9999.0,1000.0,35.3356890459364,9999.0,9999.0,31.055900621118013,72.46376811594203,185.18518518518516,47.39336492890995,82.64462809917356,204.08163265306123,0.0,158.73015873015873,31.645569620253163,9999.0,312.5,16.025641025641026,21.551724137931036,9999.0,9999.0,9999.0,227.27272727272725
sexual_and_reproductive_morality_permissiveness|WVS_F,53.191489361702125,47.84688995215311,47.84688995215311,9999.0,434.7826086956522,25.0,119.04761904761905,9999.0,1000.0,204.08163265306123,1000.0,49.26108374384237,78.125,69.44444444444444,196.078431372549,27.17391304347826,82.64462809917356,56.497175141242934,131.57894736842104,55.24861878453038,29.239766081871345,7.137758743754461,98.0392156862745,29.15451895043732,125.0,20.408163265306122,26.80965147453083,9999.0,20.964360587002098,17.6056338028169,9999.0,166.66666666666666,30.8641975308642,9999.0,24.875621890547265,81.30081300813008,200.0,62.893081761006286,1000.0,9999.0,9999.0,9999.0,9999.0,181.81818181818184,158.73015873015873,0.0,24.449877750611247,454.5454545454545,46.728971962616825,66.2251655629139,9999.0,9999.0,9999.0,18.181818181818183,32.154340836012864
social_intolerance_outgroups|WVS_A,56.17977528089888,212.7659574468085,77.51937984496124,9999.0,9999.0,9999.0,9999.0,21.645021645021647,29.239766081871345,27.100271002710027,61.34969325153375,58.13953488372093,42.016806722689076,61.7283950617284,69.93006993006993,26.38522427440633,98.0392156862745,172.41379310344828,72.99270072992701,64.51612903225806,29.41176470588235,14.40922190201729,9999.0,50.0,74.6268656716418,26.881720430107528,52.083333333333336,29.069767441860463,25.77319587628866,28.57142857142857,9999.0,21.645021645021647,42.19409282700422,9999.0,37.03703703703704,125.0,31.746031746031747,212.7659574468085,50.76142131979696,103.09278350515464,62.893081761006286,212.7659574468085,93.45794392523365,133.33333333333334,31.645569620253163,24.449877750611247,0.0,156.25,117.6470588235294,9999.0,11.904761904761903,9999.0,9999.0,36.101083032490976,57.80346820809249
