,acceptance_of_state_surveillance|WVS_H,authoritarian_governance_tolerance|WVS_E,autocracy_support|WVS_E,basic_needs_deprivation|WVS_H,child_qualities_autonomy_self_expression|WVS_A,child_qualities_conformity_tradition|WVS_A,child_qualities_prosocial_diligence|WVS_A,civic_dishonesty_tolerance|WVS_F,confidence_in_civil_society_organizations|WVS_E,confidence_in_domestic_institutions|WVS_E,confidence_in_international_organizations|WVS_E,crime_victimization|WVS_H,democratic_system_evaluation|WVS_E,democratic_values_importance|WVS_E,economic_ideology|WVS_E,electoral_integrity|WVS_E,existential_threat_worry|WVS_H,familial_duty_obligations|WVS_D,female_income_threat_to_marriage|WVS_D,freedom_security_tradeoff_perception|WVS_H,gender_role_traditionalism|WVS_D,immigrant_origin_status|WVS_G,importance_of_life_domains|WVS_A,institutional_threat_perception|WVS_H,international_organization_knowledge|WVS_E,job_scarcity_gender_discrimination|WVS_C,job_scarcity_nativist_preference|WVS_C,life_autonomy_morality_permissiveness|WVS_F,multilevel_place_attachment|WVS_G,neighborhood_disorder_and_crime|WVS_H,offline_political_participation|WVS_E,online_political_participation|WVS_E,outgroup_trust|WVS_G,perceived_corruption|WVS_E,perceived_negative_effects_of_immigration|WVS_G,perceived_positive_effects_of_immigration|WVS_G,political_information_sources|WVS_E,postmaterialist_values|WVS_E,precautionary_security_behaviors|WVS_H,religion_versus_secularism_orientation|WVS_F,religious_belief|WVS_F,religious_exclusivism|WVS_F,religious_practice_and_self_identification|WVS_F,science_skepticism|WVS_I,science_technology_optimism|WVS_E,sexual_and_reproductive_morality_permissiveness|WVS_F,social_intolerance_outgroups|WVS_A,societal_change_attitudes|WVS_E,socioeconomic_insecurity_worry|WVS_H,subjective_wellbeing|WVS_A,violence_tolerance|WVS_F,voluntary_association_active_membership|WVS_A,voluntary_association_belonging|WVS_A,voting_participation|WVS_E,work_ethic|WVS_C
acceptance_of_state_surveillance|WVS_H,0.0,384.61538461538464,89.28571428571429,9999.0,526.3157894736842,208.33333333333334,285.7142857142857,188.67924528301887,60.24096385542168,41.1522633744856,72.46376811594203,9999.0,9999.0,217.3913043478261,169.49152542372883,200.0,9999.0,175.43859649122805,555.5555555555555,9999.0,55.24861878453038,9999.0,476.1904761904762,9999.0,588.2352941176471,82.64462809917356,163.93442622950818,232.5581395348837,1000.0,9999.0,476.1904761904762,294.11764705882354,81.96721311475409,46.08294930875576,161.29032258064515,227.27272727272725,80.0,69.44444444444444,9999.0,54.34782608695652,370.3703703703703,48.07692307692308,181.81818181818184,149.2537313432836,1000.0,1000.0,76.92307692307692,60.6060606060606,9999.0,105.26315789473685,169.49152542372883,476.1904761904762,111.11111111111111,9999.0,161.29032258064515
authoritarian_governance_tolerance|WVS_E,384.61538461538464,0.0,9999.0,1000.0,416.6666666666667,833.3333333333334,285.7142857142857,500.0,9999.0,9999.0,9999.0,243.90243902439022,9999.0,9999.0,9999.0,9999.0,238.0952380952381,384.61538461538464,172.41379310344828,312.5,217.3913043478261,9999.0,769.2307692307693,196.078431372549,9999.0,357.14285714285717,153.84615384615384,416.6666666666667,500.0,100.0,9999.0,9999.0,138.88888888888889,9999.0,625.0,1000.0,9999.0,9999.0,285.7142857142857,333.3333333333333,1000.0,357.14285714285717,138.88888888888889,294.11764705882354,9999.0,555.5555555555555,1000.0,9999.0,1000.0,833.3333333333334,208.33333333333334,125.0,111.11111111111111,9999.0,666.6666666666666
autocracy_support|WVS_E,89.28571428571429,9999.0,0.0,54.94505494505494,312.5,156.25,588.2352941176471,135.13513513513513,9999.0,9999.0,9999.0,62.11180124223603,9999.0,9999.0,9999.0,9999.0,133.33333333333334,344.82758620689657,454.5454545454545,277.77777777777777,1000.0,9999.0,82.64462809917356,119.04761904761905,9999.0,250.0,120.48192771084337,99.00990099009901,833.3333333333334,1000.0,9999.0,9999.0,113.63636363636363,9999.0,526.3157894736842,89.28571428571429,9999.0,9999.0,96.15384615384616,192.30769230769232,370.3703703703703,69.44444444444444,285.7142857142857,769.2307692307693,9999.0,135.13513513513513,434.7826086956522,9999.0,59.523809523809526,333.3333333333333,83.33333333333333,178.57142857142858,333.3333333333333,9999.0,95.23809523809523
basic_needs_deprivation|WVS_H,9999.0,1000.0,54.94505494505494,0.0,322.5806451612903,36.496350364963504,526.3157894736842,78.125,45.662100456621005,22.72727272727273,55.865921787709496,9999.0,9999.0,65.35947712418302,35.587188612099645,104.16666666666667,9999.0,107.52688172043011,79.36507936507937,9999.0,22.22222222222222,9999.0,169.49152542372883,9999.0,1000.0,25.25252525252525,40.32258064516129,181.81818181818184,1000.0,9999.0,54.6448087431694,21.598272138228943,102.04081632653062,20.449897750511248,74.6268656716418,1000.0,17.793594306049823,22.98850574712644,9999.0,18.148820326678766,243.90243902439022,24.271844660194173,106.38297872340425,90.09009009009009,178.57142857142858,117.6470588235294,23.752969121140143,25.0,9999.0,29.58579881656805,55.24861878453038,55.24861878453038,74.6268656716418,9999.0,104.16666666666667
child_qualities_autonomy_self_expression|WVS_A,526.3157894736842,416.6666666666667,312.5,322.5806451612903,0.0,9999.0,9999.0,625.0,126.58227848101265,1000.0,200.0,322.5806451612903,9999.0,243.90243902439022,108.69565217391305,588.2352941176471,1000.0,1000.0,119.04761904761905,181.81818181818184,111.11111111111111,9999.0,9999.0,370.3703703703703,303.03030303030306,99.00990099009901,133.33333333333334,1000.0,666.6666666666666,232.5581395348837,175.43859649122805,34.24657534246575,175.43859649122805,181.81818181818184,588.2352941176471,188.67924528301887,45.87155963302752,126.58227848101265,204.08163265306123,116.27906976744185,1000.0,322.5806451612903,121.95121951219511,1000.0,384.61538461538464,227.27272727272725,9999.0,181.81818181818184,357.14285714285717,9999.0,434.7826086956522,9999.0,9999.0,9999.0,833.3333333333334
child_qualities_conformity_tradition|WVS_A,208.33333333333334,833.3333333333334,156.25,36.496350364963504,9999.0,0.0,9999.0,147.05882352941177,29.32551319648094,60.24096385542168,71.94244604316548,116.27906976744185,9999.0,51.282051282051285,43.47826086956522,54.054054054054056,64.93506493506493,400.0,39.682539682539684,32.05128205128205,17.21170395869191,9999.0,9999.0,64.1025641025641,58.8235294117647,17.035775127768314,41.32231404958678,370.3703703703703,222.22222222222223,27.027027027027028,158.73015873015873,10.638297872340425,416.6666666666667,29.850746268656714,67.56756756756756,49.75124378109453,10.582010582010582,31.645569620253163,27.47252747252747,24.271844660194173,625.0,39.682539682539684,102.04081632653062,80.0,98.0392156862745,45.662100456621005,9999.0,26.38522427440633,70.92198581560284,9999.0,178.57142857142858,9999.0,9999.0,9999.0,357.14285714285717
child_qualities_prosocial_diligence|WVS_A,285.7142857142857,285.7142857142857,588.2352941176471,526.3157894736842,9999.0,9999.0,0.0,434.7826086956522,200.0,140.8450704225352,147.05882352941177,212.7659574468085,9999.0,357.14285714285717,200.0,181.81818181818184,1000.0,294.11764705882354,151.51515151515153,454.5454545454545,714.2857142857143,9999.0,9999.0,163.93442622950818,500.0,1000.0,138.88888888888889,322.5806451612903,270.27027027027026,78.74015748031496,151.51515151515153,52.631578947368425,153.84615384615384,270.27027027027026,1000.0,526.3157894736842,144.92753623188406,285.7142857142857,285.7142857142857,208.33333333333334,1000.0,303.03030303030306,243.90243902439022,526.3157894736842,200.0,1000.0,9999.0,555.5555555555555,163.93442622950818,9999.0,222.22222222222223,9999.0,9999.0,9999.0,1000.0
civic_dishonesty_tolerance|WVS_F,188.67924528301887,500.0,135.13513513513513,78.125,625.0,147.05882352941177,434.7826086956522,0.0,126.58227848101265,120.48192771084337,333.3333333333333,104.16666666666667,9999.0,188.67924528301887,105.26315789473685,1000.0,1000.0,1000.0,178.57142857142858,714.2857142857143,114.9425287356322,9999.0,243.90243902439022,166.66666666666666,1000.0,158.73015873015873,84.03361344537815,9999.0,357.14285714285717,909.090909090909,113.63636363636363,67.56756756756756,1000.0,105.26315789473685,384.61538461538464,526.3157894736842,93.45794392523365,74.6268656716418,107.52688172043011,9999.0,9999.0,9999.0,9999.0,666.6666666666666,196.078431372549,9999.0,101.010101010101,85.47008547008546,250.0,126.58227848101265,9999.0,82.64462809917356,125.0,9999.0,178.57142857142858
confidence_in_civil_society_organizations|WVS_E,60.24096385542168,9999.0,9999.0,45.662100456621005,126.58227848101265,29.32551319648094,200.0,126.58227848101265,0.0,9999.0,9999.0,41.84100418410041,9999.0,9999.0,9999.0,9999.0,38.314176245210724,217.3913043478261,113.63636363636363,58.47953216374269,42.19409282700422,9999.0,41.84100418410041,58.13953488372093,9999.0,33.898305084745765,147.05882352941177,79.36507936507937,312.5,1000.0,9999.0,9999.0,104.16666666666667,9999.0,200.0,40.48582995951417,9999.0,9999.0,166.66666666666666,588.2352941176471,175.43859649122805,76.92307692307692,344.82758620689657,163.93442622950818,9999.0,52.083333333333336,75.18796992481204,9999.0,25.06265664160401,178.57142857142858,63.69426751592357,1000.0,476.1904761904762,9999.0,59.523809523809526
confidence_in_domestic_institutions|WVS_E,41.1522633744856,9999.0,9999.0,22.72727272727273,1000.0,60.24096385542168,140.8450704225352,120.48192771084337,9999.0,0.0,9999.0,1000.0,9999.0,9999.0,9999.0,9999.0,588.2352941176471,84.74576271186442,526.3157894736842,44.44444444444444,23.923444976076556,9999.0,166.66666666666666,68.02721088435375,9999.0,29.850746268656714,80.64516129032258,434.7826086956522,270.27027027027026,17.98561151079137,9999.0,9999.0,55.865921787709496,9999.0,76.92307692307692,714.2857142857143,9999.0,9999.0,21.691973969631235,20.120724346076457,243.90243902439022,24.630541871921185,1000.0,75.75757575757576,9999.0,125.0,29.940119760479043,9999.0,39.682539682539684,40.0,109.89010989010988,1000.0,38.75968992248062,9999.0,147.05882352941177
confidence_in_international_organizations|WVS_E,72.46376811594203,9999.0,9999.0,55.865921787709496,200.0,71.94244604316548,147.05882352941177,333.3333333333333,9999.0,9999.0,0.0,212.7659574468085,9999.0,9999.0,9999.0,9999.0,104.16666666666667,153.84615384615384,119.04761904761905,909.090909090909,344.82758620689657,9999.0,188.67924528301887,666.6666666666666,9999.0,263.1578947368421,833.3333333333334,357.14285714285717,222.22222222222223,46.51162790697675,9999.0,9999.0,75.75757575757576,9999.0,370.3703703703703,96.15384615384616,9999.0,9999.0,70.92198581560284,68.4931506849315,270.27027027027026,63.291139240506325,303.03030303030306,476.1904761904762,9999.0,222.22222222222223,1000.0,9999.0,42.5531914893617,625.0,250.0,121.95121951219511,57.80346820809249,9999.0,156.25
crime_victimization|WVS_H,9999.0,243.90243902439022,62.11180124223603,9999.0,322.5806451612903,116.27906976744185,212.7659574468085,104.16666666666667,41.84100418410041,1000.0,212.7659574468085,0.0,9999.0,384.61538461538464,384.61538461538464,136.986301369863,9999.0,277.77777777777777,1000.0,9999.0,79.36507936507937,9999.0,38.75968992248062,9999.0,178.57142857142858,46.948356807511736,77.51937984496124,53.191489361702125,119.04761904761905,9999.0,77.51937984496124,49.504950495049506,178.57142857142858,144.92753623188406,322.5806451612903,68.9655172413793,30.959752321981423,250.0,9999.0,43.29004329004329,909.090909090909,1000.0,76.33587786259541,400.0,88.49557522123894,62.5,131.57894736842104,192.30769230769232,9999.0,133.33333333333334,57.80346820809249,53.191489361702125,31.446540880503143,9999.0,71.94244604316548
democratic_system_evaluation|WVS_E,9999.0,9999.0,9999.0,9999.0,9999.0,9999.0,9999.0,9999.0,9999.0,9999.0,9999.0,9999.0,0.0,9999.0,9999.0,9999.0,9999.0,9999.0,9999.0,9999.0,9999.0,9999.0,9999.0,9999.0,9999.0,9999.0,9999.0,9999.0,9999.0,9999.0,9999.0,9999.0,9999.0,9999.0,9999.0,9999.0,9999.0,9999.0,9999.0,9999.0,9999.0,9999.0,9999.0,9999.0,9999.0,9999.0,9999.0,9999.0,9999.0,9999.0,9999.0,9999.0,9999.0,9999.0,9999.0
democratic_values_importance|WVS_E,217.3913043478261,9999.0,9999.0,65.35947712418302,243.90243902439022,51.282051282051285,357.14285714285717,188.67924528301887,9999.0,9999.0,9999.0,384.61538461538464,9999.0,0.0,9999.0,9999.0,204.08163265306123,769.2307692307693,103.09278350515464,90.90909090909092,44.24778761061947,9999.0,227.27272727272725,714.2857142857143,9999.0,45.45454545454546,80.0,400.0,344.82758620689657,78.74015748031496,9999.0,9999.0,1000.0,9999.0,163.93442622950818,227.27272727272725,9999.0,9999.0,58.47953216374269,59.1715976331361,1000.0,79.36507936507937,588.2352941176471,178.57142857142858,9999.0,185.18518518518516,47.84688995215311,9999.0,370.3703703703703,66.2251655629139,151.51515151515153,75.75757575757576,454.5454545454545,9999.0,555.5555555555555
economic_ideology|WVS_E,169.49152542372883,9999.0,9999.0,35.587188612099645,108.69565217391305,43.47826086956522,200.0,105.26315789473685,9999.0,9999.0,9999.0,384.61538461538464,9999.0,9999.0,0.0,9999.0,86.20689655172414,588.2352941176471,49.504950495049506,62.11180124223603,37.87878787878788,9999.0,126.58227848101265,333.3333333333333,9999.0,38.314176245210724,35.587188612099645,243.90243902439022,322.5806451612903,49.504950495049506,9999.0,9999.0,113.63636363636363,9999.0,161.29032258064515,294.11764705882354,9999.0,9999.0,41.32231404958678,28.98550724637681,833.3333333333334,50.0,41.84100418410041,555.5555555555555,9999.0,142.85714285714286,29.239766081871345,9999.0,80.0,37.45318352059925,59.523809523809526,42.37288135593221,312.5,9999.0,169.49152542372883
electoral_integrity|WVS_E,200.0,9999.0,9999.0,104.16666666666667,588.2352941176471,54.054054054054056,181.81818181818184,1000.0,9999.0,9999.0,9999.0,136.986301369863,9999.0,9999.0,9999.0,0.0,47.84688995215311,250.0,370.3703703703703,1000.0,117.6470588235294,9999.0,476.1904761904762,129.87012987012986,9999.0,105.26315789473685,909.090909090909,285.7142857142857,147.05882352941177,42.5531914893617,9999.0,9999.0,454.5454545454545,9999.0,434.7826086956522,153.84615384615384,9999.0,9999.0,192.30769230769232,73.52941176470588,312.5,120.48192771084337,62.5,196.078431372549,9999.0,555.5555555555555,188.67924528301887,9999.0,35.46099290780142,526.3157894736842,625.0,95.23809523809523,53.763440860215056,9999.0,500.0
existential_threat_worry|WVS_H,9999.0,238.0952380952381,133.33333333333334,9999.0,1000.0,64.93506493506493,1000.0,1000.0,38.314176245210724,588.2352941176471,104.16666666666667,9999.0,9999.0,204.08163265306123,86.20689655172414,47.84688995215311,0.0,1000.0,370.3703703703703,9999.0,66.2251655629139,9999.0,714.2857142857143,9999.0,102.04081632653062,70.92198581560284,196.078431372549,1000.0,400.0,9999.0,71.42857142857143,120.48192771084337,106.38297872340425,588.2352941176471,232.5581395348837,158.73015873015873,84.74576271186442,86.20689655172414,9999.0,277.77777777777777,526.3157894736842,714.2857142857143,50.76142131979696,125.0,322.5806451612903,217.3913043478261,172.41379310344828,144.92753623188406,9999.0,1000.0,169.49152542372883,1000.0,303.03030303030306,9999.0,277.77777777777777
familial_duty_obligations|WVS_D,175.43859649122805,384.61538461538464,344.82758620689657,107.52688172043011,1000.0,400.0,294.11764705882354,1000.0,217.3913043478261,84.74576271186442,153.84615384615384,277.77777777777777,9999.0,769.2307692307693,588.2352941176471,250.0,1000.0,0.0,9999.0,147.05882352941177,9999.0,9999.0,256.4102564102564,153.84615384615384,1000.0,123.4567901234568,833.3333333333334,588.2352941176471,416.6666666666667,54.34782608695652,357.14285714285717,526.3157894736842,153.84615384615384,90.90909090909092,277.77777777777777,1000.0,125.0,175.43859649122805,88.49557522123894,74.6268656716418,833.3333333333334,105.26315789473685,714.2857142857143,250.0,500.0,333.3333333333333,169.49152542372883,163.93442622950818,156.25,208.33333333333334,1000.0,238.0952380952381,86.20689655172414,9999.0,1000.0
female_income_threat_to_marriage|WVS_D,555.5555555555555,172.41379310344828,454.5454545454545,79.36507936507937,119.04761904761905,39.682539682539684,151.51515151515153,178.57142857142858,113.63636363636363,526.3157894736842,119.04761904761905,1000.0,9999.0,103.09278350515464,49.504950495049506,370.3703703703703,370.3703703703703,9999.0,0.0,90.90909090909092,9999.0,9999.0,121.95121951219511,769.2307692307693,185.18518518518516,49.26108374384237,49.01960784313725,588.2352941176471,238.0952380952381,175.43859649122805,65.35947712418302,16.69449081803005,82.64462809917356,76.33587786259541,256.4102564102564,128.2051282051282,22.62443438914027,43.10344827586207,84.74576271186442,62.5,1000.0,119.04761904761905,57.4712643678161,1000.0,136.986301369863,128.2051282051282,45.45454545454546,65.78947368421052,434.7826086956522,55.24861878453038,105.26315789473685,49.01960784313725,94.33962264150944,9999.0,1000.0
freedom_security_tradeoff_perception|WVS_H,9999.0,312.5,277.77777777777777,9999.0,181.81818181818184,32.05128205128205,454.5454545454545,714.2857142857143,58.47953216374269,44.44444444444444,909.090909090909,9999.0,9999.0,90.90909090909092,62.11180124223603,1000.0,9999.0,147.05882352941177,90.90909090909092,0.0,21.929824561403507,9999.0,43.47826086956522,9999.0,93.45794392523365,22.075055187637968,123.4567901234568,128.2051282051282,400.0,9999.0,666.6666666666666,19.49317738791423,277.77777777777777,31.152647975077883,81.96721311475409,73.52941176470588,15.1285930408472,43.47826086956522,9999.0,23.255813953488374,1000.0,39.21568627450981,125.0,82.64462809917356,1000.0,54.6448087431694,27.17391304347826,42.73504273504273,9999.0,38.91050583657587,625.0,555.5555555555555,43.10344827586207,9999.0,222.22222222222223
gender_role_traditionalism|WVS_D,55.24861878453038,217.3913043478261,1000.0,22.22222222222222,111.11111111111111,17.21170395869191,714.2857142857143,114.9425287356322,42.19409282700422,23.923444976076556,344.82758620689657,79.36507936507937,9999.0,44.24778761061947,37.87878787878788,117.6470588235294,66.2251655629139,9999.0,9999.0,21.929824561403507,0.0,9999.0,38.91050583657587,38.314176245210724,58.47953216374269,13.774104683195592,44.44444444444444,204.08163265306123,1000.0,13.404825737265416,1000.0,10.787486515641856,84.03361344537815,17.152658662092627,46.51162790697675,60.24096385542168,9.354536950420954,24.213075060532685,16.286644951140065,14.880952380952381,769.2307692307693,21.598272138228943,714.2857142857143,46.29629629629629,178.57142857142858,39.21568627450981,16.233766233766232,21.14164904862579,1000.0,21.551724137931036,200.0,76.92307692307692,39.52569169960474,9999.0,666.6666666666666
immigrant_origin_status|WVS_G,9999.0,9999.0,9999.0,9999.0,9999.0,9999.0,9999.0,9999.0,9999.0,9999.0,9999.0,9999.0,9999.0,9999.0,9999.0,9999.0,9999.0,9999.0,9999.0,9999.0,9999.0,0.0,9999.0,9999.0,9999.0,9999.0,9999.0,9999.0,9999.0,9999.0,9999.0,9999.0,9999.0,9999.0,9999.0,9999.0,9999.0,9999.0,9999.0,9999.0,9999.0,9999.0,9999.0,9999.0,9999.0,9999.0,9999.0,9999.0,9999.0,9999.0,9999.0,9999.0,9999.0,9999.0,9999.0
importance_of_life_domains|WVS_A,476.1904761904762,769.2307692307693,82.64462809917356,169.49152542372883,9999.0,9999.0,9999.0,243.90243902439022,41.84100418410041,166.66666666666666,188.67924528301887,38.75968992248062,9999.0,227.27272727272725,126.58227848101265,476.1904761904762,714.2857142857143,256.4102564102564,121.95121951219511,43.47826086956522,38.91050583657587,9999.0,0.0,39.682539682539684,121.95121951219511,31.347962382445143,1000.0,68.9655172413793,200.0,23.980815347721823,158.73015873015873,23.86634844868735,181.81818181818184,58.8235294117647,153.84615384615384,67.56756756756756,19.37984496124031,98.0392156862745,59.523809523809526,32.467532467532465,1000.0,113.63636363636363,75.75757575757576,200.0,185.18518518518516,55.55555555555556,9999.0,119.04761904761905,1000.0,9999.0,126.58227848101265,9999.0,9999.0,9999.0,101.010101010101
institutional_threat_perception|WVS_H,9999.0,196.078431372549,119.04761904761905,9999.0,370.3703703703703,64.1025641025641,163.93442622950818,166.66666666666666,58.13953488372093,68.02721088435375,666.6666666666666,9999.0,9999.0,714.2857142857143,333.3333333333333,129.87012987012986,9999.0,153.84615384615384,769.2307692307693,9999.0,38.314176245210724,9999.0,39.682539682539684,0.0,175.43859649122805,32.67973856209151,128.2051282051282,64.51612903225806,129.87012987012986,9999.0,98.0392156862745,39.8406374501992,476.1904761904762,52.083333333333336,138.88888888888889,72.99270072992701,24.875621890547265,133.33333333333334,9999.0,29.761904761904763,1000.0,75.75757575757576,111.11111111111111,133.33333333333334,109.89010989010988,58.8235294117647,53.191489361702125,136.986301369863,9999.0,68.4931506849315,89.28571428571429,59.1715976331361,28.49002849002849,9999.0,94.33962264150944
international_organization_knowledge|WVS_E,588.2352941176471,9999.0,9999.0,1000.0,303.03030303030306,58.8235294117647,500.0,1000.0,9999.0,9999.0,9999.0,178.57142857142858,9999.0,9999.0,9999.0,9999.0,102.04081632653062,1000.0,185.18518518518516,93.45794392523365,58.47953216374269,9999.0,121.95121951219511,175.43859649122805,0.0,59.880239520958085,434.7826086956522,384.61538461538464,588.2352941176471,140.8450704225352,9999.0,9999.0,1000.0,9999.0,243.90243902439022,114.9425287356322,9999.0,9999.0,142.85714285714286,156.25,714.2857142857143,434.7826086956522,416.6666666666667,192.30769230769232,9999.0,126.58227848101265,87.71929824561403,9999.0,78.125,142.85714285714286,333.3333333333333,277.77777777777777,1000.0,9999.0,263.1578947368421
job_scarcity_gender_discrimination|WVS_C,82.64462809917356,357.14285714285717,250.0,25.25252525252525,99.00990099009901,17.035775127768314,1000.0,158.73015873015873,33.898305084745765,29.850746268656714,263.1578947368421,46.948356807511736,9999.0,45.45454545454546,38.314176245210724,105.26315789473685,70.92198581560284,123.4567901234568,49.26108374384237,22.075055187637968,13.774104683195592,9999.0,31.347962382445143,32.67973856209151,59.880239520958085,0.0,9999.0,123.4567901234568,1000.0,15.748031496062993,384.61538461538464,9.920634920634921,222.22222222222223,19.801980198019802,52.35602094240838,47.84688995215311,9.354536950420954,25.510204081632654,19.193857965451055,15.923566878980893,1000.0,25.57544757033248,90.09009009009009,55.24861878453038,188.67924528301887,37.03703703703704,16.366612111292962,22.42152466367713,222.22222222222223,22.573363431151243,322.5806451612903,74.6268656716418,41.666666666666664,9999.0,9999.0
job_scarcity_nativist_preference|WVS_C,163.93442622950818,153.84615384615384,120.48192771084337,40.32258064516129,133.33333333333334,41.32231404958678,138.88888888888889,84.03361344537815,147.05882352941177,80.64516129032258,833.3333333333334,77.51937984496124,9999.0,80.0,35.587188612099645,909.090909090909,196.078431372549,833.3333333333334,49.01960784313725,123.4567901234568,44.44444444444444,9999.0,1000.0,128.2051282051282,434.7826086956522,9999.0,0.0,105.26315789473685,158.73015873015873,185.18518518518516,41.666666666666664,17.57469244288225,156.25,49.01960784313725,181.81818181818184,588.2352941176471,23.04147465437788,31.847133757961785,49.26108374384237,49.75124378109453,1000.0,56.17977528089888,76.33587786259541,555.5555555555555,86.95652173913044,400.0,34.48275862068965,39.52569169960474,192.30769230769232,43.859649122807014,55.24861878453038,34.129692832764505,62.5,9999.0,9999.0
life_autonomy_morality_permissiveness|WVS_F,232.5581395348837,416.6666666666667,99.00990099009901,181.81818181818184,1000.0,370.3703703703703,322.5806451612903,9999.0,79.36507936507937,434.7826086956522,357.14285714285717,53.191489361702125,9999.0,400.0,243.90243902439022,285.7142857142857,1000.0,588.2352941176471,588.2352941176471,128.2051282051282,204.08163265306123,9999.0,68.9655172413793,64.51612903225806,384.61538461538464,123.4567901234568,105.26315789473685,0.0,222.22222222222223,48.309178743961354,116.27906976744185,175.43859649122805,476.1904761904762,1000.0,1000.0,138.88888888888889,84.03361344537815,222.22222222222223,769.2307692307693,9999.0,9999.0,9999.0,9999.0,1000.0,142.85714285714286,9999.0,909.090909090909,178.57142857142858,769.2307692307693,666.6666666666666,9999.0,78.74015748031496,59.1715976331361,9999.0,125.0
multilevel_place_attachment|WVS_G,1000.0,500.0,833.3333333333334,1000.0,666.6666666666666,222.22222222222223,270.27027027027026,357.14285714285717,312.5,270.27027027027026,222.22222222222223,119.04761904761905,9999.0,344.82758620689657,322.5806451612903,147.05882352941177,400.0,416.6666666666667,238.0952380952381,400.0,1000.0,9999.0,200.0,129.87012987012986,588.2352941176471,1000.0,158.73015873015873,222.22222222222223,0.0,75.18796992481204,204.08163265306123,100.0,9999.0,384.61538461538464,9999.0,9999.0,370.3703703703703,476.1904761904762,476.1904761904762,166.66666666666666,1000.0,625.0,714.2857142857143,1000.0,188.67924528301887,500.0,400.0,303.03030303030306,161.29032258064515,1000.0,204.08163265306123,102.04081632653062,76.33587786259541,9999.0,454.5454545454545
neighborhood_disorder_and_crime|WVS_H,9999.0,100.0,1000.0,9999.0,232.5581395348837,27.027027027027028,78.74015748031496,909.090909090909,1000.0,17.98561151079137,46.51162790697675,9999.0,9999.0,78.74015748031496,49.504950495049506,42.5531914893617,9999.0,54.34782608695652,175.43859649122805,9999.0,13.404825737265416,9999.0,23.980815347721823,9999.0,140.8450704225352,15.748031496062993,185.18518518518516,48.309178743961354,75.18796992481204,0.0,204.08163265306123,16.233766233766232,70.92198581560284,15.082956259426847,50.25125628140703,57.4712643678161,10.40582726326743,24.449877750611247,9999.0,11.210762331838565,238.0952380952381,20.833333333333332,59.880239520958085,58.13953488372093,80.64516129032258,32.05128205128205,18.281535648994517,27.932960893854748,9999.0,22.52252252252252,172.41379310344828,61.34969325153375,14.184397163120568,9999.0,128.2051282051282
offline_political_participation|WVS_E,476.1904761904762,9999.0,9999.0,54.6448087431694,175.43859649122805,158.73015873015873,151.51515151515153,113.63636363636363,9999.0,9999.0,9999.0,77.51937984496124,9999.0,9999.0,9999.0,9999.0,71.42857142857143,357.14285714285717,65.35947712418302,666.6666666666666,1000.0,9999.0,158.73015873015873,98.0392156862745,9999.0,384.61538461538464,41.666666666666664,116.27906976744185,204.08163265306123,204.08163265306123,0.0,9999.0,84.74576271186442,9999.0,1000.0,312.5,9999.0,9999.0,121.95121951219511,99.00990099009901,1000.0,114.9425287356322,51.81347150259067,204.08163265306123,9999.0,344.82758620689657,77.51937984496124,9999.0,78.125,74.6268656716418,54.6448087431694,41.1522633744856,58.47953216374269,9999.0,120.48192771084337
online_political_participation|WVS_E,294.11764705882354,9999.0,9999.0,21.598272138228943,34.24657534246575,10.638297872340425,52.631578947368425,67.56756756756756,9999.0,9999.0,9999.0,49.504950495049506,9999.0,9999.0,9999.0,9999.0,120.48192771084337,526.3157894736842,16.69449081803005,19.49317738791423,10.787486515641856,9999.0,23.86634844868735,39.8406374501992,9999.0,9.920634920634921,17.57469244288225,175.43859649122805,100.0,16.233766233766232,9999.0,0.0,33.44481605351171,9999.0,44.44444444444444,26.881720430107528,9999.0,9999.0,17.761989342806395,13.531799729364007,270.27027027027026,25.77319587628866,22.075055187637968,70.92198581560284,9999.0,26.954177897574123,10.952902519167578,9999.0,86.20689655172414,14.367816091954024,50.25125628140703,16.97792869269949,126.58227848101265,9999.0,151.51515151515153
outgroup_trust|WVS_G,81.96721311475409,138.88888888888889,113.63636363636363,102.04081632653062,175.43859649122805,416.6666666666667,153.84615384615384,1000.0,104.16666666666667,55.865921787709496,75.75757575757576,178.57142857142858,9999.0,1000.0,113.63636363636363,454.5454545454545,106.38297872340425,153.84615384615384,82.64462809917356,277.77777777777777,84.03361344537815,9999.0,181.81818181818184,476.1904761904762,1000.0,222.22222222222223,156.25,476.1904761904762,9999.0,70.92198581560284,84.74576271186442,33.44481605351171,0.0,84.74576271186442,9999.0,9999.0,133.33333333333334,344.82758620689657,74.6268656716418,128.2051282051282,454.5454545454545,83.33333333333333,48.78048780487805,120.48192771084337,454.5454545454545,588.2352941176471,769.2307692307693,135.13513513513513,277.77777777777777,526.3157894736842,500.0,100.0,76.92307692307692,9999.0,294.11764705882354
perceived_corruption|WVS_E,46.08294930875576,9999.0,9999.0,20.449897750511248,181.81818181818184,29.850746268656714,270.27027027027026,105.26315789473685,9999.0,9999.0,9999.0,144.92753623188406,9999.0,9999.0,9999.0,9999.0,588.2352941176471,90.90909090909092,76.33587786259541,31.152647975077883,17.152658662092627,9999.0,58.8235294117647,52.083333333333336,9999.0,19.801980198019802,49.01960784313725,1000.0,384.61538461538464,15.082956259426847,9999.0,9999.0,84.74576271186442,0.0,62.5,169.49152542372883,9999.0,9999.0,19.569471624266146,16.366612111292962,303.03030303030306,22.123893805309734,96.15384615384616,65.78947368421052,9999.0,64.93506493506493,20.618556701030926,9999.0,48.78048780487805,27.027027027027028,102.04081632653062,92.59259259259258,36.90036900369004,9999.0,181.81818181818184
perceived_negative_effects_of_immigration|WVS_G,161.29032258064515,625.0,526.3157894736842,74.6268656716418,588.2352941176471,67.56756756756756,1000.0,384.61538461538464,200.0,76.92307692307692,370.3703703703703,322.5806451612903,9999.0,163.93442622950818,161.29032258064515,434.7826086956522,232.5581395348837,277.77777777777777,256.4102564102564,81.96721311475409,46.51162790697675,9999.0,153.84615384615384,138.88888888888889,243.90243902439022,52.35602094240838,181.81818181818184,1000.0,9999.0,50.25125628140703,1000.0,44.44444444444444,9999.0,62.5,0.0,9999.0,36.496350364963504,87.71929824561403,56.17977528089888,51.02040816326531,1000.0,78.74015748031496,1000.0,149.2537313432836,769.2307692307693,149.2537313432836,57.80346820809249,71.94244604316548,1000.0,81.96721311475409,714.2857142857143,303.03030303030306,125.0,9999.0,1000.0
perceived_positive_effects_of_immigration|WVS_G,227.27272727272725,1000.0,89.28571428571429,1000.0,188.67924528301887,49.75124378109453,526.3157894736842,526.3157894736842,40.48582995951417,714.2857142857143,96.15384615384616,68.9655172413793,9999.0,227.27272727272725,294.11764705882354,153.84615384615384,158.73015873015873,1000.0,128.2051282051282,73.52941176470588,60.24096385542168,9999.0,67.56756756756756,72.99270072992701,114.9425287356322,47.84688995215311,588.2352941176471,138.88888888888889,9999.0,57.4712643678161,312.5,26.881720430107528,9999.0,169.49152542372883,9999.0,0.0,27.47252747252747,222.22222222222223,147.05882352941177,77.51937984496124,555.5555555555555,357.14285714285717,149.2537313432836,250.0,1000.0,88.49557522123894,62.893081761006286,204.08163265306123,95.23809523809523,97.08737864077669,188.67924528301887,384.61538461538464,208.33333333333334,9999.0,147.05882352941177
political_information_sources|WVS_E,80.0,9999.0,9999.0,17.793594306049823,45.87155963302752,10.582010582010582,144.92753623188406,93.45794392523365,9999.0,9999.0,9999.0,30.959752321981423,9999.0,9999.0,9999.0,9999.0,84.74576271186442,125.0,22.62443438914027,15.1285930408472,9.354536950420954,9999.0,19.37984496124031,24.875621890547265,9999.0,9.354536950420954,23.04147465437788,84.03361344537815,370.3703703703703,10.40582726326743,9999.0,9999.0,133.33333333333334,9999.0,36.496350364963504,27.47252747252747,0.0,9999.0,13.054830287206267,9.852216748768472,1000.0,18.726591760299623,34.013605442176875,45.04504504504504,9999.0,22.123893805309734,9.990009990009991,9999.0,277.77777777777777,13.774104683195592,84.03361344537815,28.901734104046245,44.84304932735426,9999.0,158.73015873015873
postmaterialist_values|WVS_E,69.44444444444444,9999.0,9999.0,22.98850574712644,126.58227848101265,31.645569620253163,285.7142857142857,74.6268656716418,9999.0,9999.0,9999.0,250.0,9999.0,9999.0,9999.0,9999.0,86.20689655172414,175.43859649122805,43.10344827586207,43.47826086956522,24.213075060532685,9999.0,98.0392156862745,133.33333333333334,9999.0,25.510204081632654,31.847133757961785,222.22222222222223,476.1904761904762,24.449877750611247,9999.0,9999.0,344.82758620689657,9999.0,87.71929824561403,222.22222222222223,9999.0,0.0,24.154589371980677,19.569471624266146,344.82758620689657,27.47252747252747,47.39336492890995,161.29032258064515,9999.0,101.010101010101,22.123893805309734,9999.0,50.25125628140703,27.027027027027028,53.475935828877,39.0625,178.57142857142858,9999.0,119.04761904761905
precautionary_security_behaviors|WVS_H,9999.0,285.7142857142857,96.15384615384616,9999.0,204.08163265306123,27.47252747252747,285.7142857142857,107.52688172043011,166.66666666666666,21.691973969631235,70.92198581560284,9999.0,9999.0,58.47953216374269,41.32231404958678,192.30769230769232,9999.0,88.49557522123894,84.74576271186442,9999.0,16.286644951140065,9999.0,59.523809523809526,9999.0,142.85714285714286,19.193857965451055,49.26108374384237,769.2307692307693,476.1904761904762,9999.0,121.95121951219511,17.761989342806395,74.6268656716418,19.569471624266146,56.17977528089888,147.05882352941177,13.054830287206267,24.154589371980677,0.0,16.39344262295082,333.3333333333333,22.321428571428573,169.49152542372883,63.69426751592357,344.82758620689657,56.81818181818181,18.45018450184502,23.752969121140143,9999.0,26.17801047120419,111.11111111111111,106.38297872340425,38.61003861003861,9999.0,217.3913043478261
religion_versus_secularism_orientation|WVS_F,54.34782608695652,333.3333333333333,192.30769230769232,18.148820326678766,116.27906976744185,24.271844660194173,208.33333333333334,9999.0,588.2352941176471,20.120724346076457,68.4931506849315,43.29004329004329,9999.0,59.1715976331361,28.98550724637681,73.52941176470588,277.77777777777777,74.6268656716418,62.5,23.255813953488374,14.880952380952381,9999.0,32.467532467532465,29.761904761904763,156.25,15.923566878980893,49.75124378109453,9999.0,166.66666666666666,11.210762331838565,99.00990099009901,13.531799729364007,128.2051282051282,16.366612111292962,51.02040816326531,77.51937984496124,9.852216748768472,19.569471624266146,16.39344262295082,0.0,9999.0,9999.0,9999.0,63.291139240506325,1000.0,9999.0,17.825311942959004,22.123893805309734,36.90036900369004,20.53388090349076,9999.0,158.73015873015873,24.875621890547265,9999.0,1000.0
religious_belief|WVS_F,370.3703703703703,1000.0,370.3703703703703,243.90243902439022,1000.0,625.0,1000.0,9999.0,175.43859649122805,243.90243902439022,270.27027027027026,909.090909090909,9999.0,1000.0,833.3333333333334,312.5,526.3157894736842,833.3333333333334,1000.0,1000.0,769.2307692307693,9999.0,1000.0,1000.0,714.2857142857143,1000.0,1000.0,9999.0,1000.0,238.0952380952381,1000.0,270.27027027027026,454.5454545454545,303.03030303030306,1000.0,555.5555555555555,1000.0,344.82758620689657,333.3333333333333,9999.0,0.0,9999.0,9999.0,1000.0,1000.0,9999.0,1000.0,588.2352941176471,217.3913043478261,909.090909090909,9999.0,1000.0,384.61538461538464,9999.0,714.2857142857143
religious_exclusivism|WVS_F,48.07692307692308,357.14285714285717,69.44444444444444,24.271844660194173,322.5806451612903,39.682539682539684,303.03030303030306,9999.0,76.92307692307692,24.630541871921185,63.291139240506325,1000.0,9999.0,79.36507936507937,50.0,120.48192771084337,714.2857142857143,105.26315789473685,119.04761904761905,39.21568627450981,21.598272138228943,9999.0,113.63636363636363,75.75757575757576,434.7826086956522,25.57544757033248,56.17977528089888,9999.0,625.0,20.833333333333332,114.9425287356322,25.77319587628866,83.33333333333333,22.123893805309734,78.74015748031496,357.14285714285717,18.726591760299623,27.47252747252747,22.321428571428573,9999.0,9999.0,0.0,9999.0,82.64462809917356,400.0,9999.0,25.77319587628866,29.498525073746315,49.01960784313725,31.948881789137378,9999.0,121.95121951219511,51.02040816326531,9999.0,163.93442622950818
religious_practice_and_self_identification|WVS_F,181.81818181818184,138.88888888888889,285.7142857142857,106.38297872340425,121.95121951219511,102.04081632653062,243.90243902439022,9999.0,344.82758620689657,1000.0,303.03030303030306,76.33587786259541,9999.0,588.2352941176471,41.84100418410041,62.5,50.76142131979696,714.2857142857143,57.4712643678161,125.0,714.2857142857143,9999.0,75.75757575757576,111.11111111111111,416.6666666666667,90.09009009009009,76.33587786259541,9999.0,714.2857142857143,59.880239520958085,51.81347150259067,22.075055187637968,48.78048780487805,96.15384615384616,1000.0,149.2537313432836,34.013605442176875,47.39336492890995,169.49152542372883,9999.0,9999.0,9999.0,0.0,147.05882352941177,1000.0,9999.0,75.18796992481204,666.6666666666666,67.56756756756756,64.51612903225806,9999.0,111.11111111111111,196.078431372549,9999.0,769.2307692307693
science_skepticism|WVS_I,149.2537313432836,294.11764705882354,769.2307692307693,90.09009009009009,1000.0,80.0,526.3157894736842,666.6666666666666,163.93442622950818,75.75757575757576,476.1904761904762,400.0,9999.0,178.57142857142858,555.5555555555555,196.078431372549,125.0,250.0,1000.0,82.64462809917356,46.29629629629629,9999.0,200.0,133.33333333333334,192.30769230769232,55.24861878453038,555.5555555555555,1000.0,1000.0,58.13953488372093,204.08163265306123,70.92198581560284,120.48192771084337,65.78947368421052,149.2537313432836,250.0,45.04504504504504,161.29032258064515,63.69426751592357,63.291139240506325,1000.0,82.64462809917356,147.05882352941177,0.0,1000.0,156.25,69.44444444444444,71.42857142857143,384.61538461538464,107.52688172043011,1000.0,1000.0,109.89010989010988,9999.0,1000.0
science_technology_optimism|WVS_E,1000.0,9999.0,9999.0,178.57142857142858,384.61538461538464,98.0392156862745,200.0,196.078431372549,9999.0,9999.0,9999.0,88.49557522123894,9999.0,9999.0,9999.0,9999.0,322.5806451612903,500.0,136.986301369863,1000.0,178.57142857142858,9999.0,185.18518518518516,109.89010989010988,9999.0,188.67924528301887,86.95652173913044,142.85714285714286,188.67924528301887,80.64516129032258,9999.0,9999.0,454.5454545454545,9999.0,769.2307692307693,1000.0,9999.0,9999.0,344.82758620689657,1000.0,1000.0,400.0,1000.0,1000.0,0.0,769.2307692307693,108.69565217391305,9999.0,172.41379310344828,188.67924528301887,120.48192771084337,66.2251655629139,62.893081761006286,9999.0,243.90243902439022
sexual_and_reproductive_morality_permissiveness|WVS_F,1000.0,555.5555555555555,135.13513513513513,117.6470588235294,227.27272727272725,45.662100456621005,1000.0,9999.0,52.083333333333336,125.0,222.22222222222223,62.5,9999.0,185.18518518518516,142.85714285714286,555.5555555555555,217.3913043478261,333.3333333333333,128.2051282051282,54.6448087431694,39.21568627450981,9999.0,55.55555555555556,58.8235294117647,126.58227848101265,37.03703703703704,400.0,9999.0,500.0,32.05128205128205,344.82758620689657,26.954177897574123,588.2352941176471,64.93506493506493,149.2537313432836,88.49557522123894,22.123893805309734,101.010101010101,56.81818181818181,9999.0,9999.0,9999.0,9999.0,156.25,769.2307692307693,0.0,48.07692307692308,88.49557522123894,312.5,62.11180124223603,9999.0,714.2857142857143,68.02721088435375,9999.0,158.73015873015873
social_intolerance_outgroups|WVS_A,76.92307692307692,1000.0,434.7826086956522,23.752969121140143,9999.0,9999.0,9999.0,101.010101010101,75.18796992481204,29.940119760479043,1000.0,131.57894736842104,9999.0,47.84688995215311,29.239766081871345,188.67924528301887,172.41379310344828,169.49152542372883,45.45454545454546,27.17391304347826,16.233766233766232,9999.0,9999.0,53.191489361702125,87.71929824561403,16.366612111292962,34.48275862068965,909.090909090909,400.0,18.281535648994517,77.51937984496124,10.952902519167578,769.2307692307693,20.618556701030926,57.80346820809249,62.893081761006286,9.990009990009991,22.123893805309734,18.45018450184502,17.825311942959004,1000.0,25.77319587628866,75.18796992481204,69.44444444444444,108.69565217391305,48.07692307692308,0.0,22.93577981651376,357.14285714285717,9999.0,81.30081300813008,9999.0,9999.0,9999.0,1000.0
