,acceptance_of_state_surveillance|WVS_H,authoritarian_governance_tolerance|WVS_E,autocracy_support|WVS_E,basic_needs_deprivation|WVS_H,child_qualities_autonomy_self_expression|WVS_A,child_qualities_conformity_tradition|WVS_A,child_qualities_prosocial_diligence|WVS_A,civic_dishonesty_tolerance|WVS_F,confidence_in_civil_society_organizations|WVS_E,confidence_in_domestic_institutions|WVS_E,confidence_in_international_organizations|WVS_E,crime_victimization|WVS_H,democratic_system_evaluation|WVS_E,democratic_values_importance|WVS_E,economic_ideology|WVS_E,electoral_integrity|WVS_E,existential_threat_worry|WVS_H,familial_duty_obligations|WVS_D,female_income_threat_to_marriage|WVS_D,freedom_security_tradeoff_perception|WVS_H,gender_role_traditionalism|WVS_D,immigrant_origin_status|WVS_G,importance_of_life_domains|WVS_A,institutional_threat_perception|WVS_H,international_organization_knowledge|WVS_E,job_scarcity_gender_discrimination|WVS_C,job_scarcity_nativist_preference|WVS_C,life_autonomy_morality_permissiveness|WVS_F,multilevel_place_attachment|WVS_G,neighborhood_disorder_and_crime|WVS_H,offline_political_participation|WVS_E,online_political_participation|WVS_E,outgroup_trust|WVS_G,perceived_corruption|WVS_E,perceived_negative_effects_of_immigration|WVS_G,perceived_positive_effects_of_immigration|WVS_G,political_information_sources|WVS_E,postmaterialist_values|WVS_E,precautionary_security_behaviors|WVS_H,religion_versus_secularism_orientation|WVS_F,religious_belief|WVS_F,religious_exclusivism|WVS_F,religious_practice_and_self_identification|WVS_F,science_skepticism|WVS_I,science_technology_optimism|WVS_E,sexual_and_reproductive_morality_permissiveness|WVS_F,social_intolerance_outgroups|WVS_A,societal_change_attitudes|WVS_E,socioeconomic_insecurity_worry|WVS_H,subjective_wellbeing|WVS_A,violence_tolerance|WVS_F,voluntary_association_active_membership|WVS_A,voluntary_association_belonging|WVS_A,voting_participation|WVS_E,work_ethic|WVS_C
acceptance_of_state_surveillance|WVS_H,0.0,67.11409395973155,54.054054054054056,9999.0,67.11409395973155,90.90909090909092,63.69426751592357,43.66812227074236,555.5555555555555,66.66666666666667,83.33333333333333,9999.0,909.090909090909,131.57894736842104,69.44444444444444,106.38297872340425,9999.0,1000.0,119.04761904761905,9999.0,238.0952380952381,128.2051282051282,185.18518518518516,9999.0,105.26315789473685,54.6448087431694,54.34782608695652,1000.0,74.6268656716418,9999.0,9999.0,400.0,384.61538461538464,9999.0,60.975609756097555,45.24886877828054,83.33333333333333,769.2307692307693,9999.0,30.959752321981423,1000.0,454.5454545454545,161.29032258064515,66.66666666666667,434.7826086956522,129.87012987012986,303.03030303030306,87.71929824561403,9999.0,1000.0,65.35947712418302,93.45794392523365,62.5,22.72727272727273,357.14285714285717
authoritarian_governance_tolerance|WVS_E,67.11409395973155,0.0,9999.0,92.59259259259258,73.52941176470588,72.46376811594203,175.43859649122805,49.26108374384237,9999.0,9999.0,9999.0,588.2352941176471,9999.0,9999.0,9999.0,9999.0,99.00990099009901,232.5581395348837,263.1578947368421,212.7659574468085,133.33333333333334,1000.0,181.81818181818184,93.45794392523365,9999.0,74.6268656716418,98.0392156862745,181.81818181818184,138.88888888888889,384.61538461538464,9999.0,9999.0,1000.0,9999.0,588.2352941176471,72.46376811594203,9999.0,9999.0,96.15384615384616,64.51612903225806,114.9425287356322,140.8450704225352,136.986301369863,163.93442622950818,9999.0,208.33333333333334,344.82758620689657,9999.0,181.81818181818184,250.0,62.893081761006286,92.59259259259258,322.5806451612903,9999.0,344.82758620689657
autocracy_support|WVS_E,54.054054054054056,9999.0,0.0,72.46376811594203,41.84100418410041,109.89010989010988,52.631578947368425,29.41176470588235,9999.0,9999.0,9999.0,70.92198581560284,9999.0,9999.0,9999.0,9999.0,50.25125628140703,178.57142857142858,454.5454545454545,714.2857142857143,500.0,192.30769230769232,101.010101010101,53.763440860215056,9999.0,142.85714285714286,50.25125628140703,166.66666666666666,95.23809523809523,192.30769230769232,9999.0,9999.0,142.85714285714286,9999.0,45.662100456621005,44.44444444444444,9999.0,9999.0,256.4102564102564,40.0,1000.0,166.66666666666666,555.5555555555555,46.51162790697675,9999.0,50.0,70.92198581560284,9999.0,76.33587786259541,101.010101010101,45.24886877828054,44.642857142857146,35.587188612099645,9999.0,400.0
basic_needs_deprivation|WVS_H,9999.0,92.59259259259258,72.46376811594203,0.0,416.6666666666667,102.04081632653062,71.42857142857143,117.6470588235294,1000.0,44.84304932735426,121.95121951219511,9999.0,333.3333333333333,147.05882352941177,128.2051282051282,49.504950495049506,9999.0,161.29032258064515,70.4225352112676,9999.0,84.03361344537815,40.16064257028113,1000.0,9999.0,95.23809523809523,44.44444444444444,64.93506493506493,121.95121951219511,45.24886877828054,9999.0,9999.0,63.69426751592357,285.7142857142857,9999.0,86.20689655172414,48.543689320388346,833.3333333333334,1000.0,9999.0,24.875621890547265,1000.0,333.3333333333333,138.88888888888889,123.4567901234568,434.7826086956522,111.11111111111111,111.11111111111111,238.0952380952381,9999.0,153.84615384615384,181.81818181818184,217.3913043478261,1000.0,35.842293906810035,121.95121951219511
child_qualities_autonomy_self_expression|WVS_A,67.11409395973155,73.52941176470588,41.84100418410041,416.6666666666667,0.0,9999.0,9999.0,13.10615989515072,76.92307692307692,64.1025641025641,36.90036900369004,71.94244604316548,192.30769230769232,156.25,22.88329519450801,24.213075060532685,23.148148148148145,43.66812227074236,57.14285714285714,94.33962264150944,40.48582995951417,19.193857965451055,9999.0,44.24778761061947,46.29629629629629,68.4931506849315,39.0625,33.11258278145695,181.81818181818184,65.78947368421052,9999.0,13.422818791946309,32.67973856209151,9999.0,21.413276231263385,37.3134328358209,12.626262626262625,112.35955056179776,27.17391304347826,128.2051282051282,1000.0,28.08988764044944,64.1025641025641,20.120724346076457,26.80965147453083,14.245014245014245,9999.0,26.954177897574123,77.51937984496124,9999.0,20.920502092050206,9999.0,9999.0,11.350737797956867,38.91050583657587
child_qualities_conformity_tradition|WVS_A,90.90909090909092,72.46376811594203,109.89010989010988,102.04081632653062,9999.0,0.0,9999.0,81.96721311475409,1000.0,138.88888888888889,1000.0,153.84615384615384,909.090909090909,89.28571428571429,172.41379310344828,1000.0,116.27906976744185,333.3333333333333,135.13513513513513,500.0,48.309178743961354,153.84615384615384,9999.0,243.90243902439022,263.1578947368421,35.587188612099645,103.09278350515464,1000.0,270.27027027027026,142.85714285714286,9999.0,85.47008547008546,1000.0,9999.0,1000.0,86.95652173913044,312.5,454.5454545454545,82.64462809917356,69.44444444444444,166.66666666666666,136.986301369863,322.5806451612903,126.58227848101265,90.90909090909092,232.5581395348837,9999.0,1000.0,120.48192771084337,9999.0,74.6268656716418,9999.0,9999.0,68.4931506849315,142.85714285714286
child_qualities_prosocial_diligence|WVS_A,63.69426751592357,175.43859649122805,52.631578947368425,71.42857142857143,9999.0,9999.0,0.0,24.03846153846154,114.9425287356322,75.75757575757576,47.84688995215311,42.73504273504273,86.95652173913044,212.7659574468085,38.91050583657587,1000.0,36.231884057971016,476.1904761904762,333.3333333333333,78.125,243.90243902439022,188.67924528301887,9999.0,52.631578947368425,86.20689655172414,80.64516129032258,39.37007874015748,263.1578947368421,37.174721189591075,105.26315789473685,9999.0,34.48275862068965,54.054054054054056,9999.0,26.38522427440633,41.1522633744856,29.069767441860463,200.0,588.2352941176471,35.46099290780142,104.16666666666667,44.642857142857146,109.89010989010988,22.93577981651376,45.04504504504504,41.32231404958678,9999.0,54.6448087431694,57.80346820809249,9999.0,45.04504504504504,9999.0,9999.0,17.98561151079137,169.49152542372883
civic_dishonesty_tolerance|WVS_F,43.66812227074236,49.26108374384237,29.41176470588235,117.6470588235294,13.10615989515072,81.96721311475409,24.03846153846154,0.0,59.880239520958085,104.16666666666667,29.32551319648094,62.893081761006286,119.04761904761905,75.75757575757576,18.45018450184502,22.72727272727273,17.33102253032929,45.45454545454546,61.34969325153375,49.504950495049506,67.56756756756756,18.832391713747647,35.714285714285715,35.587188612099645,41.84100418410041,1000.0,29.498525073746315,9999.0,666.6666666666666,66.66666666666667,9999.0,13.175230566534916,27.77777777777778,9999.0,17.6056338028169,27.77777777777778,11.299435028248588,109.89010989010988,21.413276231263385,9999.0,9999.0,9999.0,9999.0,16.69449081803005,26.109660574412533,9999.0,17.57469244288225,22.675736961451246,125.0,19.76284584980237,9999.0,12.01923076923077,11.135857461024498,9.40733772342427,40.983606557377044
confidence_in_civil_society_organizations|WVS_E,555.5555555555555,9999.0,9999.0,1000.0,76.92307692307692,1000.0,114.9425287356322,59.880239520958085,0.0,9999.0,9999.0,270.27027027027026,9999.0,9999.0,9999.0,9999.0,87.71929824561403,1000.0,555.5555555555555,114.9425287356322,1000.0,119.04761904761905,250.0,333.3333333333333,9999.0,250.0,142.85714285714286,222.22222222222223,227.27272727272725,384.61538461538464,9999.0,9999.0,95.23809523809523,9999.0,69.44444444444444,204.08163265306123,9999.0,9999.0,116.27906976744185,1000.0,285.7142857142857,83.33333333333333,125.0,63.291139240506325,9999.0,81.96721311475409,92.59259259259258,9999.0,1000.0,80.0,93.45794392523365,42.37288135593221,42.016806722689076,9999.0,238.0952380952381
confidence_in_domestic_institutions|WVS_E,66.66666666666667,9999.0,9999.0,44.84304932735426,64.1025641025641,138.88888888888889,75.75757575757576,104.16666666666667,9999.0,0.0,9999.0,61.34969325153375,9999.0,9999.0,9999.0,9999.0,238.0952380952381,51.81347150259067,43.66812227074236,138.88888888888889,40.65040650406504,21.83406113537118,135.13513513513513,169.49152542372883,9999.0,25.706940874035993,63.291139240506325,48.543689320388346,26.881720430107528,294.11764705882354,9999.0,9999.0,212.7659574468085,9999.0,86.20689655172414,62.5,9999.0,9999.0,36.63003663003663,19.23076923076923,144.92753623188406,166.66666666666666,192.30769230769232,142.85714285714286,9999.0,28.98550724637681,47.16981132075472,9999.0,23.20185614849188,69.93006993006993,120.48192771084337,294.11764705882354,434.7826086956522,9999.0,58.13953488372093
confidence_in_international_organizations|WVS_E,83.33333333333333,9999.0,9999.0,121.95121951219511,36.90036900369004,1000.0,47.84688995215311,29.32551319648094,9999.0,9999.0,0.0,44.84304932735426,9999.0,9999.0,9999.0,9999.0,47.61904761904761,156.25,384.61538461538464,161.29032258064515,56.17977528089888,79.36507936507937,117.6470588235294,59.1715976331361,9999.0,181.81818181818184,59.880239520958085,175.43859649122805,49.75124378109453,81.96721311475409,9999.0,9999.0,70.92198581560284,9999.0,31.055900621118013,61.34969325153375,9999.0,9999.0,243.90243902439022,57.4712643678161,133.33333333333334,49.504950495049506,153.84615384615384,25.188916876574307,9999.0,37.3134328358209,52.631578947368425,9999.0,112.35955056179776,51.54639175257732,63.69426751592357,22.123893805309734,22.271714922048996,9999.0,101.010101010101
crime_victimization|WVS_H,9999.0,588.2352941176471,70.92198581560284,9999.0,71.94244604316548,153.84615384615384,42.73504273504273,62.893081761006286,270.27027027027026,61.34969325153375,44.84304932735426,0.0,555.5555555555555,96.15384615384616,82.64462809917356,53.763440860215056,9999.0,181.81818181818184,625.0,9999.0,28.901734104046245,277.77777777777777,285.7142857142857,9999.0,158.73015873015873,38.61003861003861,75.18796992481204,175.43859649122805,26.881720430107528,9999.0,9999.0,56.81818181818181,188.67924528301887,9999.0,34.602076124567475,54.6448087431694,39.52569169960474,149.2537313432836,9999.0,29.239766081871345,79.36507936507937,58.8235294117647,588.2352941176471,21.186440677966104,37.174721189591075,59.880239520958085,136.986301369863,56.81818181818181,9999.0,74.6268656716418,400.0,22.371364653243848,24.330900243309003,21.05263157894737,111.11111111111111
democratic_system_evaluation|WVS_E,909.090909090909,9999.0,9999.0,333.3333333333333,192.30769230769232,909.090909090909,86.95652173913044,119.04761904761905,9999.0,9999.0,9999.0,555.5555555555555,0.0,9999.0,9999.0,9999.0,72.99270072992701,75.18796992481204,119.04761904761905,45.87155963302752,39.8406374501992,109.89010989010988,1000.0,285.7142857142857,9999.0,28.653295128939828,81.96721311475409,217.3913043478261,53.191489361702125,270.27027027027026,9999.0,9999.0,74.07407407407408,9999.0,58.8235294117647,204.08163265306123,9999.0,9999.0,140.8450704225352,64.51612903225806,114.9425287356322,74.07407407407408,72.99270072992701,67.56756756756756,9999.0,100.0,833.3333333333334,9999.0,54.34782608695652,98.0392156862745,121.95121951219511,33.003300330033,37.87878787878788,9999.0,181.81818181818184
democratic_values_importance|WVS_E,131.57894736842104,9999.0,9999.0,147.05882352941177,156.25,89.28571428571429,212.7659574468085,75.75757575757576,9999.0,9999.0,9999.0,96.15384615384616,9999.0,0.0,9999.0,9999.0,88.49557522123894,208.33333333333334,169.49152542372883,106.38297872340425,35.2112676056338,294.11764705882354,400.0,1000.0,9999.0,30.487804878048777,102.04081632653062,476.1904761904762,256.4102564102564,114.9425287356322,9999.0,9999.0,263.1578947368421,9999.0,303.03030303030306,140.8450704225352,9999.0,9999.0,52.631578947368425,120.48192771084337,232.5581395348837,333.3333333333333,476.1904761904762,129.87012987012986,9999.0,344.82758620689657,1000.0,9999.0,126.58227848101265,1000.0,62.893081761006286,333.3333333333333,434.7826086956522,9999.0,156.25
economic_ideology|WVS_E,69.44444444444444,9999.0,9999.0,128.2051282051282,22.88329519450801,172.41379310344828,38.91050583657587,18.45018450184502,9999.0,9999.0,9999.0,82.64462809917356,9999.0,9999.0,0.0,9999.0,30.959752321981423,100.0,166.66666666666666,69.93006993006993,133.33333333333334,40.16064257028113,68.4931506849315,56.17977528089888,9999.0,285.7142857142857,42.73504273504273,63.69426751592357,156.25,119.04761904761905,9999.0,9999.0,44.44444444444444,9999.0,28.011204481792713,48.543689320388346,9999.0,9999.0,45.04504504504504,114.9425287356322,294.11764705882354,40.0,86.20689655172414,25.510204081632654,9999.0,24.271844660194173,32.05128205128205,9999.0,416.6666666666667,34.72222222222222,29.069767441860463,18.69158878504673,17.18213058419244,9999.0,76.92307692307692
electoral_integrity|WVS_E,106.38297872340425,9999.0,9999.0,49.504950495049506,24.213075060532685,1000.0,1000.0,22.72727272727273,9999.0,9999.0,9999.0,53.763440860215056,9999.0,9999.0,9999.0,0.0,56.81818181818181,46.08294930875576,36.76470588235294,123.4567901234568,68.02721088435375,15.822784810126581,57.80346820809249,476.1904761904762,9999.0,39.0625,909.090909090909,33.11258278145695,23.419203747072597,476.1904761904762,9999.0,9999.0,45.45454545454546,9999.0,123.4567901234568,166.66666666666666,9999.0,9999.0,18.6219739292365,18.281535648994517,147.05882352941177,49.504950495049506,67.11409395973155,123.4567901234568,9999.0,16.863406408094434,23.52941176470588,9999.0,22.675736961451246,29.498525073746315,30.030030030030026,38.02281368821293,30.12048192771084,9999.0,45.662100456621005
existential_threat_worry|WVS_H,9999.0,99.00990099009901,50.25125628140703,9999.0,23.148148148148145,116.27906976744185,36.231884057971016,17.33102253032929,87.71929824561403,238.0952380952381,47.61904761904761,9999.0,72.99270072992701,88.49557522123894,30.959752321981423,56.81818181818181,0.0,250.0,555.5555555555555,9999.0,185.18518518518516,48.07692307692308,73.52941176470588,9999.0,41.666666666666664,47.39336492890995,39.37007874015748,77.51937984496124,86.95652173913044,9999.0,9999.0,24.449877750611247,38.167938931297705,9999.0,25.641025641025642,42.73504273504273,21.321961620469086,250.0,9999.0,77.51937984496124,181.81818181818184,39.21568627450981,64.51612903225806,24.096385542168672,45.24886877828054,28.248587570621467,32.362459546925564,51.54639175257732,9999.0,31.746031746031747,26.315789473684212,17.36111111111111,15.974440894568689,17.513134851138354,121.95121951219511
familial_duty_obligations|WVS_D,1000.0,232.5581395348837,178.57142857142858,161.29032258064515,43.66812227074236,333.3333333333333,476.1904761904762,45.45454545454546,1000.0,51.81347150259067,156.25,181.81818181818184,75.18796992481204,208.33333333333334,100.0,46.08294930875576,250.0,0.0,9999.0,89.28571428571429,9999.0,30.581039755351682,101.010101010101,104.16666666666667,178.57142857142858,22.98850574712644,500.0,66.2251655629139,58.47953216374269,94.33962264150944,9999.0,34.129692832764505,263.1578947368421,9999.0,153.84615384615384,476.1904761904762,30.8641975308642,208.33333333333334,112.35955056179776,42.19409282700422,243.90243902439022,131.57894736842104,588.2352941176471,74.07407407407408,72.99270072992701,27.027027027027028,45.24886877828054,52.91005291005291,39.0625,78.74015748031496,90.09009009009009,97.08737864077669,71.94244604316548,32.362459546925564,55.865921787709496
female_income_threat_to_marriage|WVS_D,119.04761904761905,263.1578947368421,454.5454545454545,70.4225352112676,57.14285714285714,135.13513513513513,333.3333333333333,61.34969325153375,555.5555555555555,43.66812227074236,384.61538461538464,625.0,119.04761904761905,169.49152542372883,166.66666666666666,36.76470588235294,555.5555555555555,9999.0,0.0,232.5581395348837,9999.0,28.49002849002849,142.85714285714286,833.3333333333334,204.08163265306123,26.246719160104984,144.92753623188406,64.51612903225806,51.02040816326531,140.8450704225352,9999.0,30.395136778115504,161.29032258064515,9999.0,588.2352941176471,144.92753623188406,35.714285714285715,277.77777777777777,71.42857142857143,29.498525073746315,588.2352941176471,101.010101010101,227.27272727272725,107.52688172043011,74.6268656716418,29.761904761904763,51.81347150259067,75.75757575757576,34.129692832764505,62.11180124223603,119.04761904761905,78.125,84.03361344537815,113.63636363636363,59.1715976331361
freedom_security_tradeoff_perception|WVS_H,9999.0,212.7659574468085,714.2857142857143,9999.0,94.33962264150944,500.0,78.125,49.504950495049506,114.9425287356322,138.88888888888889,161.29032258064515,9999.0,45.87155963302752,106.38297872340425,69.93006993006993,123.4567901234568,9999.0,89.28571428571429,232.5581395348837,0.0,35.97122302158274,238.0952380952381,384.61538461538464,9999.0,31.847133757961785,25.31645569620253,69.44444444444444,833.3333333333334,76.92307692307692,9999.0,9999.0,47.84688995215311,54.34782608695652,9999.0,46.948356807511736,200.0,77.51937984496124,1000.0,9999.0,107.52688172043011,120.48192771084337,58.8235294117647,50.5050505050505,58.13953488372093,113.63636363636363,1000.0,111.11111111111111,666.6666666666666,9999.0,51.54639175257732,59.1715976331361,27.77777777777778,25.44529262086514,149.2537313432836,312.5
gender_role_traditionalism|WVS_D,238.0952380952381,133.33333333333334,500.0,84.03361344537815,40.48582995951417,48.309178743961354,243.90243902439022,67.56756756756756,1000.0,40.65040650406504,56.17977528089888,28.901734104046245,39.8406374501992,35.2112676056338,133.33333333333334,68.02721088435375,185.18518518518516,9999.0,9999.0,35.97122302158274,0.0,23.923444976076556,82.64462809917356,49.26108374384237,54.34782608695652,8.984725965858042,86.95652173913044,58.8235294117647,175.43859649122805,30.487804878048777,9999.0,19.960079840319363,1000.0,9999.0,74.6268656716418,416.6666666666667,21.186440677966104,85.47008547008546,38.02281368821293,36.101083032490976,196.078431372549,51.02040816326531,153.84615384615384,22.675736961451246,23.923444976076556,18.148820326678766,33.898305084745765,29.673590504451038,29.58579881656805,44.24778761061947,158.73015873015873,26.455026455026456,38.02281368821293,25.06265664160401,28.011204481792713
immigrant_origin_status|WVS_G,128.2051282051282,1000.0,192.30769230769232,40.16064257028113,19.193857965451055,153.84615384615384,188.67924528301887,18.832391713747647,119.04761904761905,21.83406113537118,79.36507936507937,277.77777777777777,109.89010989010988,294.11764705882354,40.16064257028113,15.822784810126581,48.07692307692308,30.581039755351682,28.49002849002849,238.0952380952381,23.923444976076556,0.0,48.78048780487805,121.95121951219511,52.083333333333336,18.315018315018314,555.5555555555555,27.932960893854748,9999.0,78.125,9999.0,13.477088948787062,9999.0,9999.0,9999.0,9999.0,14.22475106685633,120.48192771084337,22.321428571428573,15.822784810126581,256.4102564102564,31.746031746031747,59.880239520958085,34.602076124567475,29.940119760479043,12.626262626262625,20.66115702479339,29.498525073746315,20.242914979757085,23.923444976076556,31.25,22.123893805309734,20.408163265306122,23.923444976076556,28.57142857142857
importance_of_life_domains|WVS_A,185.18518518518516,181.81818181818184,101.010101010101,1000.0,9999.0,9999.0,9999.0,35.714285714285715,250.0,135.13513513513513,117.6470588235294,285.7142857142857,1000.0,400.0,68.4931506849315,57.80346820809249,73.52941176470588,101.010101010101,142.85714285714286,384.61538461538464,82.64462809917356,48.78048780487805,0.0,117.6470588235294,200.0,114.9425287356322,131.57894736842104,86.20689655172414,161.29032258064515,188.67924528301887,9999.0,40.16064257028113,104.16666666666667,9999.0,72.46376811594203,119.04761904761905,34.129692832764505,322.5806451612903,67.11409395973155,169.49152542372883,625.0,90.09009009009009,222.22222222222223,64.1025641025641,82.64462809917356,36.496350364963504,9999.0,68.9655172413793,136.986301369863,9999.0,57.4712643678161,9999.0,9999.0,31.446540880503143,100.0
institutional_threat_perception|WVS_H,9999.0,93.45794392523365,53.763440860215056,9999.0,44.24778761061947,243.90243902439022,52.631578947368425,35.587188612099645,333.3333333333333,169.49152542372883,59.1715976331361,9999.0,285.7142857142857,1000.0,56.17977528089888,476.1904761904762,9999.0,104.16666666666667,833.3333333333334,9999.0,49.26108374384237,121.95121951219511,117.6470588235294,0.0,123.4567901234568,91.74311926605505,71.42857142857143,227.27272727272725,70.92198581560284,9999.0,9999.0,59.880239520958085,200.0,9999.0,45.04504504504504,50.25125628140703,33.898305084745765,222.22222222222223,9999.0,47.61904761904761,625.0,91.74311926605505,270.27027027027026,32.78688524590164,65.35947712418302,41.666666666666664,68.9655172413793,52.083333333333336,9999.0,117.6470588235294,68.9655172413793,41.84100418410041,36.36363636363637,18.34862385321101,129.87012987012986
international_organization_knowledge|WVS_E,105.26315789473685,9999.0,9999.0,95.23809523809523,46.29629629629629,263.1578947368421,86.20689655172414,41.84100418410041,9999.0,9999.0,9999.0,158.73015873015873,9999.0,9999.0,9999.0,9999.0,41.666666666666664,178.57142857142858,204.08163265306123,31.847133757961785,54.34782608695652,52.083333333333336,200.0,123.4567901234568,0.0,37.87878787878788,103.09278350515464,103.09278350515464,666.6666666666666,434.7826086956522,9999.0,9999.0,36.90036900369004,9999.0,40.0,370.3703703703703,9999.0,9999.0,32.89473684210526,55.24861878453038,99.00990099009901,36.36363636363637,35.2112676056338,37.87878787878788,9999.0,60.975609756097555,45.45454545454546,9999.0,243.90243902439022,34.36426116838488,52.083333333333336,19.267822736030826,20.53388090349076,9999.0,172.41379310344828
job_scarcity_gender_discrimination|WVS_C,54.6448087431694,74.6268656716418,142.85714285714286,44.44444444444444,68.4931506849315,35.587188612099645,80.64516129032258,1000.0,250.0,25.706940874035993,181.81818181818184,38.61003861003861,28.653295128939828,30.487804878048777,285.7142857142857,39.0625,47.39336492890995,22.98850574712644,26.246719160104984,25.31645569620253,8.984725965858042,18.315018315018314,114.9425287356322,91.74311926605505,37.87878787878788,0.0,9999.0,56.81818181818181,50.25125628140703,30.395136778115504,9999.0,22.573363431151243,102.04081632653062,9999.0,163.93442622950818,59.523809523809526,21.645021645021647,91.74311926605505,35.587188612099645,15.408320493066256,1000.0,70.4225352112676,102.04081632653062,32.154340836012864,29.761904761904763,15.384615384615383,41.666666666666664,36.63003663003663,17.543859649122805,72.99270072992701,56.497175141242934,86.95652173913044,322.5806451612903,45.24886877828054,9999.0
job_scarcity_nativist_preference|WVS_C,54.34782608695652,98.0392156862745,50.25125628140703,64.93506493506493,39.0625,103.09278350515464,39.37007874015748,29.498525073746315,142.85714285714286,63.291139240506325,59.880239520958085,75.18796992481204,81.96721311475409,102.04081632653062,42.73504273504273,909.090909090909,39.37007874015748,500.0,144.92753623188406,69.44444444444444,86.95652173913044,555.5555555555555,131.57894736842104,71.42857142857143,103.09278350515464,9999.0,0.0,416.6666666666667,51.282051282051285,454.5454545454545,9999.0,65.35947712418302,66.66666666666667,9999.0,33.003300330033,42.37288135593221,36.90036900369004,434.7826086956522,114.9425287356322,30.8641975308642,250.0,76.33587786259541,149.2537313432836,34.24657534246575,83.33333333333333,72.99270072992701,90.90909090909092,78.125,44.44444444444444,66.2251655629139,40.983606557377044,28.653295128939828,24.752475247524753,21.186440677966104,9999.0
life_autonomy_morality_permissiveness|WVS_F,1000.0,181.81818181818184,166.66666666666666,121.95121951219511,33.11258278145695,1000.0,263.1578947368421,9999.0,222.22222222222223,48.543689320388346,175.43859649122805,175.43859649122805,217.3913043478261,476.1904761904762,63.69426751592357,33.11258278145695,77.51937984496124,66.2251655629139,64.51612903225806,833.3333333333334,58.8235294117647,27.932960893854748,86.20689655172414,227.27272727272725,103.09278350515464,56.81818181818181,416.6666666666667,0.0,47.39336492890995,232.5581395348837,9999.0,29.239766081871345,84.03361344537815,9999.0,123.4567901234568,769.2307692307693,29.32551319648094,294.11764705882354,35.587188612099645,9999.0,9999.0,9999.0,9999.0,88.49557522123894,83.33333333333333,9999.0,37.174721189591075,61.34969325153375,40.16064257028113,48.543689320388346,9999.0,57.4712643678161,42.19409282700422,39.21568627450981,67.56756756756756
multilevel_place_attachment|WVS_G,74.6268656716418,138.88888888888889,95.23809523809523,45.24886877828054,181.81818181818184,270.27027027027026,37.174721189591075,666.6666666666666,227.27272727272725,26.881720430107528,49.75124378109453,26.881720430107528,53.191489361702125,256.4102564102564,156.25,23.419203747072597,86.95652173913044,58.47953216374269,51.02040816326531,76.92307692307692,175.43859649122805,9999.0,161.29032258064515,70.92198581560284,666.6666666666666,50.25125628140703,51.282051282051285,47.39336492890995,0.0,111.11111111111111,9999.0,151.51515151515153,9999.0,9999.0,9999.0,9999.0,277.77777777777777,384.61538461538464,22.471910112359552,15.527950310559007,51.282051282051285,65.35947712418302,454.5454545454545,23.809523809523807,64.1025641025641,41.1522633744856,78.125,1000.0,19.72386587771203,1000.0,84.74576271186442,24.57002457002457,26.954177897574123,47.39336492890995,108.69565217391305
neighborhood_disorder_and_crime|WVS_H,9999.0,384.61538461538464,192.30769230769232,9999.0,65.78947368421052,142.85714285714286,105.26315789473685,66.66666666666667,384.61538461538464,294.11764705882354,81.96721311475409,9999.0,270.27027027027026,114.9425287356322,119.04761904761905,476.1904761904762,9999.0,94.33962264150944,140.8450704225352,9999.0,30.487804878048777,78.125,188.67924528301887,9999.0,434.7826086956522,30.395136778115504,454.5454545454545,232.5581395348837,111.11111111111111,0.0,9999.0,43.47826086956522,196.078431372549,9999.0,64.51612903225806,166.66666666666666,40.816326530612244,196.078431372549,9999.0,1000.0,188.67924528301887,76.92307692307692,1000.0,35.714285714285715,50.25125628140703,42.73504273504273,78.74015748031496,68.9655172413793,9999.0,76.33587786259541,357.14285714285717,36.101083032490976,40.816326530612244,35.842293906810035,77.51937984496124
offline_political_participation|WVS_E,9999.0,9999.0,9999.0,9999.0,9999.0,9999.0,9999.0,9999.0,9999.0,9999.0,9999.0,9999.0,9999.0,9999.0,9999.0,9999.0,9999.0,9999.0,9999.0,9999.0,9999.0,9999.0,9999.0,9999.0,9999.0,9999.0,9999.0,9999.0,9999.0,9999.0,0.0,9999.0,9999.0,9999.0,9999.0,9999.0,9999.0,9999.0,9999.0,9999.0,9999.0,9999.0,9999.0,9999.0,9999.0,9999.0,9999.0,9999.0,9999.0,9999.0,9999.0,9999.0,9999.0,9999.0,9999.0
online_political_participation|WVS_E,400.0,9999.0,9999.0,63.69426751592357,13.422818791946309,85.47008547008546,34.48275862068965,13.175230566534916,9999.0,9999.0,9999.0,56.81818181818181,9999.0,9999.0,9999.0,9999.0,24.449877750611247,34.129692832764505,30.395136778115504,47.84688995215311,19.960079840319363,13.477088948787062,40.16064257028113,59.880239520958085,9999.0,22.573363431151243,65.35947712418302,29.239766081871345,151.51515151515153,43.47826086956522,9999.0,0.0,23.980815347721823,9999.0,18.552875695732837,119.04761904761905,9999.0,9999.0,27.027027027027028,24.875621890547265,100.0,18.083182640144663,32.57328990228013,13.404825737265416,9999.0,11.098779134295228,15.313935681470138,9999.0,29.32551319648094,14.992503748125937,22.471910112359552,9.606147934678194,10.131712259371835,9999.0,25.125628140703515
outgroup_trust|WVS_G,384.61538461538464,1000.0,142.85714285714286,285.7142857142857,32.67973856209151,1000.0,54.054054054054056,27.77777777777778,95.23809523809523,212.7659574468085,70.92198581560284,188.67924528301887,74.07407407407408,263.1578947368421,44.44444444444444,45.45454545454546,38.167938931297705,263.1578947368421,161.29032258064515,54.34782608695652,1000.0,9999.0,104.16666666666667,200.0,36.90036900369004,102.04081632653062,66.66666666666667,84.03361344537815,9999.0,196.078431372549,9999.0,23.980815347721823,0.0,9999.0,9999.0,9999.0,27.700831024930746,270.27027027027026,44.84304932735426,181.81818181818184,144.92753623188406,40.16064257028113,53.475935828877,29.41176470588235,46.728971962616825,34.129692832764505,37.87878787878788,72.99270072992701,384.61538461538464,34.84320557491289,39.682539682539684,20.0,19.37984496124031,34.602076124567475,91.74311926605505
perceived_corruption|WVS_E,9999.0,9999.0,9999.0,9999.0,9999.0,9999.0,9999.0,9999.0,9999.0,9999.0,9999.0,9999.0,9999.0,9999.0,9999.0,9999.0,9999.0,9999.0,9999.0,9999.0,9999.0,9999.0,9999.0,9999.0,9999.0,9999.0,9999.0,9999.0,9999.0,9999.0,9999.0,9999.0,9999.0,0.0,9999.0,9999.0,9999.0,9999.0,9999.0,9999.0,9999.0,9999.0,9999.0,9999.0,9999.0,9999.0,9999.0,9999.0,9999.0,9999.0,9999.0,9999.0,9999.0,9999.0,9999.0
perceived_negative_effects_of_immigration|WVS_G,60.975609756097555,588.2352941176471,45.662100456621005,86.20689655172414,21.413276231263385,1000.0,26.38522427440633,17.6056338028169,69.44444444444444,86.20689655172414,31.055900621118013,34.602076124567475,58.8235294117647,303.03030303030306,28.011204481792713,123.4567901234568,25.641025641025642,153.84615384615384,588.2352941176471,46.948356807511736,74.6268656716418,9999.0,72.46376811594203,45.04504504504504,40.0,163.93442622950818,33.003300330033,123.4567901234568,9999.0,64.51612903225806,9999.0,18.552875695732837,9999.0,9999.0,0.0,9999.0,17.953321364452425,121.95121951219511,200.0,36.496350364963504,69.44444444444444,26.455026455026456,54.94505494505494,14.471780028943561,26.246719160104984,25.839793281653748,30.3030303030303,35.714285714285715,58.47953216374269,26.041666666666668,33.11258278145695,11.778563015312132,11.709601873536299,13.966480446927374,71.42857142857143
perceived_positive_effects_of_immigration|WVS_G,45.24886877828054,72.46376811594203,44.44444444444444,48.543689320388346,37.3134328358209,86.95652173913044,41.1522633744856,27.77777777777778,204.08163265306123,62.5,61.34969325153375,54.6448087431694,204.08163265306123,140.8450704225352,48.543689320388346,166.66666666666666,42.73504273504273,476.1904761904762,144.92753623188406,200.0,416.6666666666667,9999.0,119.04761904761905,50.25125628140703,370.3703703703703,59.523809523809526,42.37288135593221,769.2307692307693,9999.0,166.66666666666666,9999.0,119.04761904761905,9999.0,9999.0,9999.0,0.0,40.48582995951417,333.3333333333333,1000.0,28.57142857142857,476.1904761904762,100.0,1000.0,34.36426116838488,81.96721311475409,59.1715976331361,98.0392156862745,65.35947712418302,45.87155963302752,104.16666666666667,51.54639175257732,37.3134328358209,30.12048192771084,19.23076923076923,1000.0
political_information_sources|WVS_E,83.33333333333333,9999.0,9999.0,833.3333333333334,12.626262626262625,312.5,29.069767441860463,11.299435028248588,9999.0,9999.0,9999.0,39.52569169960474,9999.0,9999.0,9999.0,9999.0,21.321961620469086,30.8641975308642,35.714285714285715,77.51937984496124,21.186440677966104,14.22475106685633,34.129692832764505,33.898305084745765,9999.0,21.645021645021647,36.90036900369004,29.32551319648094,277.77777777777777,40.816326530612244,9999.0,9999.0,27.700831024930746,9999.0,17.953321364452425,40.48582995951417,0.0,9999.0,29.940119760479043,57.4712643678161,158.73015873015873,21.008403361344538,51.282051282051285,12.9366106080207,9999.0,10.460251046025103,15.082956259426847,9999.0,45.24886877828054,16.207455429497568,19.76284584980237,10.845986984815617,9.980039920159681,9999.0,25.906735751295336
postmaterialist_values|WVS_E,769.2307692307693,9999.0,9999.0,1000.0,112.35955056179776,454.5454545454545,200.0,109.89010989010988,9999.0,9999.0,9999.0,149.2537313432836,9999.0,9999.0,9999.0,9999.0,250.0,208.33333333333334,277.77777777777777,1000.0,85.47008547008546,120.48192771084337,322.5806451612903,222.22222222222223,9999.0,91.74311926605505,434.7826086956522,294.11764705882354,384.61538461538464,196.078431372549,9999.0,9999.0,270.27027027027026,9999.0,121.95121951219511,333.3333333333333,9999.0,0.0,1000.0,909.090909090909,500.0,147.05882352941177,625.0,81.30081300813008,9999.0,80.64516129032258,138.88888888888889,9999.0,434.7826086956522,136.986301369863,285.7142857142857,72.99270072992701,79.36507936507937,9999.0,185.18518518518516
precautionary_security_behaviors|WVS_H,9999.0,96.15384615384616,256.4102564102564,9999.0,27.17391304347826,82.64462809917356,588.2352941176471,21.413276231263385,116.27906976744185,36.63003663003663,243.90243902439022,9999.0,140.8450704225352,52.631578947368425,45.04504504504504,18.6219739292365,9999.0,112.35955056179776,71.42857142857143,9999.0,38.02281368821293,22.321428571428573,67.11409395973155,9999.0,32.89473684210526,35.587188612099645,114.9425287356322,35.587188612099645,22.471910112359552,9999.0,9999.0,27.027027027027028,44.84304932735426,9999.0,200.0,1000.0,29.940119760479043,1000.0,0.0,25.06265664160401,84.74576271186442,80.64516129032258,56.17977528089888,97.08737864077669,1000.0,26.455026455026456,30.487804878048777,109.89010989010988,9999.0,37.735849056603776,21.978021978021978,63.291139240506325,40.32258064516129,81.30081300813008,101.010101010101
religion_versus_secularism_orientation|WVS_F,30.959752321981423,64.51612903225806,40.0,24.875621890547265,128.2051282051282,69.44444444444444,35.46099290780142,9999.0,1000.0,19.23076923076923,57.4712643678161,29.239766081871345,64.51612903225806,120.48192771084337,114.9425287356322,18.281535648994517,77.51937984496124,42.19409282700422,29.498525073746315,107.52688172043011,36.101083032490976,15.822784810126581,169.49152542372883,47.61904761904761,55.24861878453038,15.408320493066256,30.8641975308642,9999.0,15.527950310559007,1000.0,9999.0,24.875621890547265,181.81818181818184,9999.0,36.496350364963504,28.57142857142857,57.4712643678161,909.090909090909,25.06265664160401,0.0,9999.0,9999.0,9999.0,40.48582995951417,294.11764705882354,9999.0,46.948356807511736,303.03030303030306,14.265335235378032,65.78947368421052,9999.0,87.71929824561403,80.0,25.839793281653748,42.73504273504273
religious_belief|WVS_F,1000.0,114.9425287356322,1000.0,1000.0,1000.0,166.66666666666666,104.16666666666667,9999.0,285.7142857142857,144.92753623188406,133.33333333333334,79.36507936507937,114.9425287356322,232.5581395348837,294.11764705882354,147.05882352941177,181.81818181818184,243.90243902439022,588.2352941176471,120.48192771084337,196.078431372549,256.4102564102564,625.0,625.0,99.00990099009901,1000.0,250.0,9999.0,51.282051282051285,188.67924528301887,9999.0,100.0,144.92753623188406,9999.0,69.44444444444444,476.1904761904762,158.73015873015873,500.0,84.74576271186442,9999.0,0.0,9999.0,9999.0,48.543689320388346,74.6268656716418,9999.0,769.2307692307693,909.090909090909,98.0392156862745,117.6470588235294,9999.0,37.87878787878788,44.642857142857146,212.7659574468085,434.7826086956522
religious_exclusivism|WVS_F,454.5454545454545,140.8450704225352,166.66666666666666,333.3333333333333,28.08988764044944,136.986301369863,44.642857142857146,9999.0,83.33333333333333,166.66666666666666,49.504950495049506,58.8235294117647,74.07407407407408,333.3333333333333,40.0,49.504950495049506,39.21568627450981,131.57894736842104,101.010101010101,58.8235294117647,51.02040816326531,31.746031746031747,90.09009009009009,91.74311926605505,36.36363636363637,70.4225352112676,76.33587786259541,9999.0,65.35947712418302,76.92307692307692,9999.0,18.083182640144663,40.16064257028113,9999.0,26.455026455026456,100.0,21.008403361344538,147.05882352941177,80.64516129032258,9999.0,9999.0,0.0,9999.0,20.0,27.548209366391184,9999.0,31.746031746031747,47.39336492890995,217.3913043478261,26.246719160104984,9999.0,14.388489208633093,14.450867052023122,24.213075060532685,55.55555555555556
religious_practice_and_self_identification|WVS_F,161.29032258064515,136.986301369863,555.5555555555555,138.88888888888889,64.1025641025641,322.5806451612903,109.89010989010988,9999.0,125.0,192.30769230769232,153.84615384615384,588.2352941176471,72.99270072992701,476.1904761904762,86.20689655172414,67.11409395973155,64.51612903225806,588.2352941176471,227.27272727272725,50.5050505050505,153.84615384615384,59.880239520958085,222.22222222222223,270.27027027027026,35.2112676056338,102.04081632653062,149.2537313432836,9999.0,454.5454545454545,1000.0,9999.0,32.57328990228013,53.475935828877,9999.0,54.94505494505494,1000.0,51.282051282051285,625.0,56.17977528089888,9999.0,9999.0,9999.0,0.0,50.0,69.93006993006993,9999.0,62.5,312.5,294.11764705882354,44.44444444444444,9999.0,27.3224043715847,27.700831024930746,217.3913043478261,161.29032258064515
science_skepticism|WVS_I,66.66666666666667,163.93442622950818,46.51162790697675,123.4567901234568,20.120724346076457,126.58227848101265,22.93577981651376,16.69449081803005,63.291139240506325,142.85714285714286,25.188916876574307,21.186440677966104,67.56756756756756,129.87012987012986,25.510204081632654,123.4567901234568,24.096385542168672,74.07407407407408,107.52688172043011,58.13953488372093,22.675736961451246,34.602076124567475,64.1025641025641,32.78688524590164,37.87878787878788,32.154340836012864,34.24657534246575,88.49557522123894,23.809523809523807,35.714285714285715,9999.0,13.404825737265416,29.41176470588235,9999.0,14.471780028943561,34.36426116838488,12.9366106080207,81.30081300813008,97.08737864077669,40.48582995951417,48.543689320388346,20.0,50.0,0.0,19.569471624266146,15.723270440251572,23.923444976076556,26.525198938992045,74.07407407407408,20.28397565922921,35.46099290780142,9.643201542912246,9.746588693957115,12.285012285012286,43.29004329004329
science_technology_optimism|WVS_E,434.7826086956522,9999.0,9999.0,434.7826086956522,26.80965147453083,90.90909090909092,45.04504504504504,26.109660574412533,9999.0,9999.0,9999.0,37.174721189591075,9999.0,9999.0,9999.0,9999.0,45.24886877828054,72.99270072992701,74.6268656716418,113.63636363636363,23.923444976076556,29.940119760479043,82.64462809917356,65.35947712418302,9999.0,29.761904761904763,83.33333333333333,83.33333333333333,64.1025641025641,50.25125628140703,9999.0,9999.0,46.728971962616825,9999.0,26.246719160104984,81.96721311475409,9999.0,9999.0,1000.0,294.11764705882354,74.6268656716418,27.548209366391184,69.93006993006993,19.569471624266146,0.0,21.978021978021978,31.25,9999.0,119.04761904761905,26.525198938992045,59.523809523809526,15.15151515151515,14.925373134328357,9999.0,44.44444444444444
