,acceptance_of_state_surveillance|WVS_H,authoritarian_governance_tolerance|WVS_E,autocracy_support|WVS_E,basic_needs_deprivation|WVS_H,child_qualities_autonomy_self_expression|WVS_A,child_qualities_conformity_tradition|WVS_A,child_qualities_prosocial_diligence|WVS_A,civic_dishonesty_tolerance|WVS_F,confidence_in_civil_society_organizations|WVS_E,confidence_in_domestic_institutions|WVS_E,confidence_in_international_organizations|WVS_E,crime_victimization|WVS_H,democratic_system_evaluation|WVS_E,democratic_values_importance|WVS_E,economic_ideology|WVS_E,electoral_integrity|WVS_E,existential_threat_worry|WVS_H,familial_duty_obligations|WVS_D,female_income_threat_to_marriage|WVS_D,freedom_security_tradeoff_perception|WVS_H,gender_role_traditionalism|WVS_D,immigrant_origin_status|WVS_G,importance_of_life_domains|WVS_A,institutional_threat_perception|WVS_H,international_organization_knowledge|WVS_E,job_scarcity_gender_discrimination|WVS_C,job_scarcity_nativist_preference|WVS_C,life_autonomy_morality_permissiveness|WVS_F,multilevel_place_attachment|WVS_G,neighborhood_disorder_and_crime|WVS_H,offline_political_participation|WVS_E,online_political_participation|WVS_E,outgroup_trust|WVS_G,perceived_corruption|WVS_E,perceived_negative_effects_of_immigration|WVS_G,perceived_positive_effects_of_immigration|WVS_G,political_information_sources|WVS_E,postmaterialist_values|WVS_E,precautionary_security_behaviors|WVS_H,religion_versus_secularism_orientation|WVS_F,religious_belief|WVS_F,religious_exclusivism|WVS_F,religious_practice_and_self_identification|WVS_F,science_skepticism|WVS_I,science_technology_optimism|WVS_E,sexual_and_reproductive_morality_permissiveness|WVS_F,social_intolerance_outgroups|WVS_A,societal_change_attitudes|WVS_E,socioeconomic_insecurity_worry|WVS_H,subjective_wellbeing|WVS_A,violence_tolerance|WVS_F,voluntary_association_active_membership|WVS_A,voluntary_association_belonging|WVS_A,voting_participation|WVS_E,work_ethic|WVS_C
acceptance_of_state_surveillance|WVS_H,0.0,24.509803921568626,46.51162790697675,9999.0,13.333333333333334,92.59259259259258,45.04504504504504,285.7142857142857,156.25,25.641025641025642,21.598272138228943,9999.0,238.0952380952381,454.5454545454545,62.5,16.366612111292962,9999.0,23.20185614849188,12.78772378516624,9999.0,8.103727714748784,144.92753623188406,175.43859649122805,9999.0,35.3356890459364,8.849557522123893,98.0392156862745,14.534883720930232,9999.0,9999.0,23.64066193853428,7.880220646178092,144.92753623188406,9999.0,38.167938931297705,23.148148148148145,11.918951132300357,384.61538461538464,9999.0,112.35955056179776,20.920502092050206,11.337868480725623,16.077170418006432,21.231422505307854,166.66666666666666,11.037527593818984,7.547169811320754,12.72264631043257,9999.0,102.04081632653062,156.25,45.04504504504504,85.47008547008546,10.593220338983052,20.833333333333332
authoritarian_governance_tolerance|WVS_E,24.509803921568626,0.0,9999.0,30.487804878048777,15.748031496062993,227.27272727272725,102.04081632653062,1000.0,9999.0,9999.0,9999.0,33.333333333333336,9999.0,9999.0,9999.0,9999.0,16.89189189189189,41.1522633744856,19.342359767891683,227.27272727272725,13.793103448275863,200.0,769.2307692307693,9999.0,9999.0,12.72264631043257,243.90243902439022,18.587360594795538,9999.0,105.26315789473685,9999.0,9999.0,31.25,9999.0,43.859649122807014,30.674846625766875,9999.0,9999.0,19.342359767891683,46.51162790697675,33.898305084745765,12.78772378516624,23.696682464454977,18.214936247723134,9999.0,14.836795252225519,11.037527593818984,9999.0,45.04504504504504,1000.0,61.34969325153375,28.328611898016998,43.66812227074236,9999.0,63.291139240506325
autocracy_support|WVS_E,46.51162790697675,9999.0,0.0,36.63003663003663,24.154589371980677,500.0,1000.0,588.2352941176471,9999.0,9999.0,9999.0,63.69426751592357,9999.0,9999.0,9999.0,9999.0,21.73913043478261,83.33333333333333,39.8406374501992,1000.0,30.395136778115504,42.5531914893617,416.6666666666667,9999.0,9999.0,27.700831024930746,714.2857142857143,28.169014084507044,9999.0,147.05882352941177,9999.0,9999.0,31.347962382445143,9999.0,50.76142131979696,46.728971962616825,9999.0,9999.0,22.321428571428573,49.01960784313725,94.33962264150944,20.964360587002098,32.89473684210526,24.691358024691358,9999.0,24.630541871921185,20.833333333333332,9999.0,27.247956403269754,125.0,53.191489361702125,33.003300330033,42.73504273504273,9999.0,1000.0
basic_needs_deprivation|WVS_H,9999.0,30.487804878048777,36.63003663003663,0.0,24.630541871921185,294.11764705882354,181.81818181818184,204.08163265306123,90.90909090909092,41.49377593360996,48.78048780487805,9999.0,107.52688172043011,172.41379310344828,294.11764705882354,99.00990099009901,9999.0,32.362459546925564,31.545741324921135,9999.0,25.974025974025974,48.78048780487805,117.6470588235294,9999.0,476.1904761904762,22.026431718061673,909.090909090909,26.7379679144385,9999.0,9999.0,28.73563218390805,14.43001443001443,38.75968992248062,9999.0,129.87012987012986,71.42857142857143,20.28397565922921,106.38297872340425,9999.0,61.7283950617284,74.6268656716418,24.271844660194173,50.25125628140703,36.231884057971016,238.0952380952381,35.2112676056338,22.52252252252252,22.026431718061673,9999.0,97.08737864077669,277.77777777777777,34.129692832764505,41.49377593360996,54.94505494505494,71.42857142857143
child_qualities_autonomy_self_expression|WVS_A,13.333333333333334,15.748031496062993,24.154589371980677,24.630541871921185,0.0,9999.0,9999.0,243.90243902439022,78.125,17.88908765652952,16.077170418006432,15.313935681470138,46.29629629629629,256.4102564102564,62.893081761006286,14.025245441795231,13.089005235602095,20.833333333333332,9.765625,67.11409395973155,6.631299734748011,294.11764705882354,9999.0,9999.0,28.73563218390805,6.844626967830253,74.07407407407408,10.775862068965518,9999.0,32.25806451612903,22.779043280182233,5.9453032104637344,48.309178743961354,9999.0,27.100271002710027,15.923566878980893,8.650519031141869,303.03030303030306,20.833333333333332,54.054054054054056,16.5016501650165,7.604562737642585,12.468827930174564,14.124293785310734,94.33962264150944,7.955449482895784,9999.0,8.896797153024911,277.77777777777777,9999.0,333.3333333333333,9999.0,9999.0,8.340283569641368,17.98561151079137
child_qualities_conformity_tradition|WVS_A,92.59259259259258,227.27272727272725,500.0,294.11764705882354,9999.0,0.0,9999.0,151.51515151515153,666.6666666666666,114.9425287356322,77.51937984496124,45.662100456621005,166.66666666666666,270.27027027027026,666.6666666666666,37.59398496240602,70.92198581560284,116.27906976744185,56.81818181818181,120.48192771084337,32.89473684210526,31.645569620253163,9999.0,9999.0,62.11180124223603,34.84320557491289,136.986301369863,106.38297872340425,9999.0,151.51515151515153,59.1715976331361,66.2251655629139,101.010101010101,9999.0,87.71929824561403,55.865921787709496,65.78947368421052,149.2537313432836,63.291139240506325,212.7659574468085,50.25125628140703,31.152647975077883,45.45454545454546,96.15384615384616,416.6666666666667,29.58579881656805,9999.0,48.78048780487805,50.25125628140703,9999.0,212.7659574468085,9999.0,9999.0,21.186440677966104,121.95121951219511
child_qualities_prosocial_diligence|WVS_A,45.04504504504504,102.04081632653062,1000.0,181.81818181818184,9999.0,9999.0,0.0,833.3333333333334,144.92753623188406,64.93506493506493,76.33587786259541,48.309178743961354,344.82758620689657,256.4102564102564,140.8450704225352,31.446540880503143,104.16666666666667,49.504950495049506,29.15451895043732,175.43859649122805,19.569471624266146,68.02721088435375,9999.0,9999.0,53.763440860215056,21.231422505307854,222.22222222222223,39.37007874015748,9999.0,185.18518518518516,121.95121951219511,24.271844660194173,344.82758620689657,9999.0,175.43859649122805,57.14285714285714,30.211480362537767,769.2307692307693,1000.0,833.3333333333334,40.65040650406504,31.152647975077883,39.37007874015748,87.71929824561403,322.5806451612903,26.525198938992045,9999.0,38.61003861003861,53.475935828877,9999.0,133.33333333333334,9999.0,9999.0,22.675736961451246,41.32231404958678
civic_dishonesty_tolerance|WVS_F,285.7142857142857,1000.0,588.2352941176471,204.08163265306123,243.90243902439022,151.51515151515153,833.3333333333334,0.0,192.30769230769232,714.2857142857143,136.986301369863,85.47008547008546,196.078431372549,1000.0,1000.0,90.90909090909092,185.18518518518516,100.0,204.08163265306123,212.7659574468085,87.71929824561403,74.6268656716418,161.29032258064515,9999.0,172.41379310344828,90.90909090909092,196.078431372549,9999.0,9999.0,123.4567901234568,76.33587786259541,156.25,136.986301369863,9999.0,107.52688172043011,101.010101010101,400.0,153.84615384615384,116.27906976744185,9999.0,9999.0,9999.0,9999.0,151.51515151515153,1000.0,9999.0,46.948356807511736,119.04761904761905,95.23809523809523,91.74311926605505,9999.0,169.49152542372883,114.9425287356322,46.29629629629629,1000.0
confidence_in_civil_society_organizations|WVS_E,156.25,9999.0,9999.0,90.90909090909092,78.125,666.6666666666666,144.92753623188406,192.30769230769232,0.0,9999.0,9999.0,1000.0,9999.0,9999.0,9999.0,9999.0,161.29032258064515,54.94505494505494,66.2251655629139,555.5555555555555,142.85714285714286,526.3157894736842,204.08163265306123,9999.0,9999.0,78.74015748031496,277.77777777777777,107.52688172043011,9999.0,92.59259259259258,9999.0,9999.0,93.45794392523365,9999.0,125.0,1000.0,9999.0,9999.0,416.6666666666667,227.27272727272725,153.84615384615384,158.73015873015873,454.5454545454545,370.3703703703703,9999.0,204.08163265306123,121.95121951219511,9999.0,192.30769230769232,212.7659574468085,285.7142857142857,81.96721311475409,94.33962264150944,9999.0,121.95121951219511
confidence_in_domestic_institutions|WVS_E,25.641025641025642,9999.0,9999.0,41.49377593360996,17.88908765652952,114.9425287356322,64.93506493506493,714.2857142857143,9999.0,0.0,9999.0,29.761904761904763,9999.0,9999.0,9999.0,9999.0,23.809523809523807,41.32231404958678,18.315018315018314,144.92753623188406,13.386880856760374,129.87012987012986,1000.0,9999.0,9999.0,12.836970474967908,166.66666666666666,18.45018450184502,9999.0,101.010101010101,9999.0,9999.0,60.24096385542168,9999.0,54.6448087431694,31.152647975077883,9999.0,9999.0,28.81844380403458,81.30081300813008,27.932960893854748,13.927576601671309,20.920502092050206,24.57002457002457,9999.0,14.792899408284025,10.582010582010582,9999.0,312.5,129.87012987012986,185.18518518518516,42.37288135593221,74.07407407407408,9999.0,37.87878787878788
confidence_in_international_organizations|WVS_E,21.598272138228943,9999.0,9999.0,48.78048780487805,16.077170418006432,77.51937984496124,76.33587786259541,136.986301369863,9999.0,9999.0,0.0,22.22222222222222,9999.0,9999.0,9999.0,9999.0,18.148820326678766,70.92198581560284,16.155088852988694,83.33333333333333,10.695187165775401,123.4567901234568,222.22222222222223,9999.0,9999.0,10.869565217391305,85.47008547008546,17.094017094017094,9999.0,40.816326530612244,9999.0,9999.0,100.0,9999.0,31.055900621118013,22.22222222222222,9999.0,9999.0,21.321961620469086,98.0392156862745,24.93765586034913,11.627906976744187,17.421602787456447,19.305019305019304,9999.0,12.01923076923077,9.18273645546373,9999.0,526.3157894736842,66.2251655629139,85.47008547008546,48.543689320388346,172.41379310344828,9999.0,39.52569169960474
crime_victimization|WVS_H,9999.0,33.333333333333336,63.69426751592357,9999.0,15.313935681470138,45.662100456621005,48.309178743961354,85.47008547008546,1000.0,29.761904761904763,22.22222222222222,0.0,78.125,1000.0,93.45794392523365,15.552099533437016,9999.0,93.45794392523365,14.347202295552368,9999.0,8.726003490401396,30.12048192771084,113.63636363636363,9999.0,28.57142857142857,9.066183136899365,58.47953216374269,16.58374792703151,9999.0,9999.0,1000.0,10.141987829614605,138.88888888888889,9999.0,28.08988764044944,18.65671641791045,13.869625520110958,113.63636363636363,9999.0,1000.0,18.214936247723134,10.070493454179255,14.184397163120568,21.598272138228943,149.2537313432836,9.578544061302681,7.194244604316546,12.594458438287154,9999.0,32.67973856209151,256.4102564102564,119.04761904761905,153.84615384615384,9.191176470588236,25.641025641025642
democratic_system_evaluation|WVS_E,238.0952380952381,9999.0,9999.0,107.52688172043011,46.29629629629629,166.66666666666666,344.82758620689657,196.078431372549,9999.0,9999.0,9999.0,78.125,0.0,9999.0,9999.0,9999.0,24.213075060532685,56.497175141242934,136.986301369863,303.03030303030306,112.35955056179776,57.4712643678161,91.74311926605505,9999.0,9999.0,65.35947712418302,232.5581395348837,96.15384615384616,9999.0,1000.0,9999.0,9999.0,66.2251655629139,9999.0,60.975609756097555,55.55555555555556,9999.0,9999.0,19.23076923076923,98.0392156862745,112.35955056179776,25.44529262086514,52.083333333333336,34.84320557491289,9999.0,28.73563218390805,45.45454545454546,9999.0,59.1715976331361,100.0,38.75968992248062,86.95652173913044,454.5454545454545,9999.0,71.42857142857143
democratic_values_importance|WVS_E,454.5454545454545,9999.0,9999.0,172.41379310344828,256.4102564102564,270.27027027027026,256.4102564102564,1000.0,9999.0,9999.0,9999.0,1000.0,9999.0,0.0,9999.0,9999.0,169.49152542372883,384.61538461538464,909.090909090909,769.2307692307693,1000.0,52.35602094240838,526.3157894736842,9999.0,9999.0,500.0,1000.0,172.41379310344828,9999.0,196.078431372549,9999.0,9999.0,125.0,9999.0,200.0,769.2307692307693,9999.0,9999.0,178.57142857142858,185.18518518518516,222.22222222222223,333.3333333333333,555.5555555555555,109.89010989010988,9999.0,1000.0,1000.0,9999.0,70.92198581560284,149.2537313432836,243.90243902439022,172.41379310344828,153.84615384615384,9999.0,312.5
economic_ideology|WVS_E,62.5,9999.0,9999.0,294.11764705882354,62.893081761006286,666.6666666666666,140.8450704225352,1000.0,9999.0,9999.0,9999.0,93.45794392523365,9999.0,9999.0,0.0,9999.0,476.1904761904762,54.94505494505494,47.84688995215311,344.82758620689657,31.948881789137378,156.25,212.7659574468085,9999.0,9999.0,32.467532467532465,434.7826086956522,57.4712643678161,9999.0,104.16666666666667,9999.0,9999.0,285.7142857142857,9999.0,303.03030303030306,135.13513513513513,9999.0,9999.0,82.64462809917356,833.3333333333334,91.74311926605505,74.07407407407408,78.125,217.3913043478261,9999.0,62.893081761006286,30.674846625766875,9999.0,86.20689655172414,1000.0,90.09009009009009,526.3157894736842,909.090909090909,9999.0,55.865921787709496
electoral_integrity|WVS_E,16.366612111292962,9999.0,9999.0,99.00990099009901,14.025245441795231,37.59398496240602,31.446540880503143,90.90909090909092,9999.0,9999.0,9999.0,15.552099533437016,9999.0,9999.0,9999.0,0.0,25.906735751295336,34.24657534246575,11.148272017837234,45.87155963302752,6.693440428380187,24.213075060532685,185.18518518518516,9999.0,9999.0,7.704160246533128,54.94505494505494,14.367816091954024,9999.0,30.395136778115504,9999.0,9999.0,55.55555555555556,9999.0,31.347962382445143,17.6678445229682,9999.0,9999.0,64.1025641025641,181.81818181818184,14.347202295552368,10.070493454179255,13.140604467805518,25.0,9999.0,9.242144177449168,6.075334143377886,9999.0,18.01801801801802,26.38522427440633,76.92307692307692,172.41379310344828,106.38297872340425,9999.0,16.528925619834713
existential_threat_worry|WVS_H,9999.0,16.89189189189189,21.73913043478261,9999.0,13.089005235602095,70.92198581560284,104.16666666666667,185.18518518518516,161.29032258064515,23.809523809523807,18.148820326678766,9999.0,24.213075060532685,169.49152542372883,476.1904761904762,25.906735751295336,0.0,526.3157894736842,18.148820326678766,9999.0,13.245033112582782,46.948356807511736,87.71929824561403,9999.0,59.880239520958085,11.507479861910241,106.38297872340425,19.23076923076923,9999.0,9999.0,113.63636363636363,9.22509225092251,36.76470588235294,9999.0,27.17391304347826,21.413276231263385,11.428571428571429,256.4102564102564,9999.0,49.01960784313725,23.255813953488374,9.18273645546373,15.923566878980893,15.974440894568689,91.74311926605505,9.9601593625498,9.025270758122744,10.718113612004288,9999.0,51.81347150259067,30.3030303030303,29.15451895043732,69.93006993006993,12.091898428053206,107.52688172043011
familial_duty_obligations|WVS_D,23.20185614849188,41.1522633744856,83.33333333333333,32.362459546925564,20.833333333333332,116.27906976744185,49.504950495049506,100.0,54.94505494505494,41.32231404958678,70.92198581560284,93.45794392523365,56.497175141242934,384.61538461538464,54.94505494505494,34.24657534246575,526.3157894736842,0.0,9999.0,476.1904761904762,9999.0,21.231422505307854,41.32231404958678,9999.0,98.0392156862745,13.003901170351106,270.27027027027026,18.45018450184502,9999.0,100.0,15.797788309636653,11.876484560570072,60.6060606060606,9999.0,270.27027027027026,119.04761904761905,16.528925619834713,56.81818181818181,32.467532467532465,85.47008547008546,50.25125628140703,36.101083032490976,50.5050505050505,75.75757575757576,476.1904761904762,54.6448087431694,14.450867052023122,24.330900243309003,250.0,45.04504504504504,33.78378378378378,33.44481605351171,33.78378378378378,45.87155963302752,21.321961620469086
female_income_threat_to_marriage|WVS_D,12.78772378516624,19.342359767891683,39.8406374501992,31.545741324921135,9.765625,56.81818181818181,29.15451895043732,204.08163265306123,66.2251655629139,18.315018315018314,16.155088852988694,14.347202295552368,136.986301369863,909.090909090909,47.84688995215311,11.148272017837234,18.148820326678766,9999.0,0.0,54.94505494505494,9999.0,68.9655172413793,232.5581395348837,9999.0,22.371364653243848,6.353240152477763,70.4225352112676,10.881392818280741,9999.0,32.154340836012864,25.25252525252525,6.180469715698393,131.57894736842104,9999.0,31.645569620253163,16.233766233766232,8.718395815170009,277.77777777777777,37.174721189591075,109.89010989010988,14.388489208633093,8.058017727639001,11.547344110854503,17.094017094017094,104.16666666666667,7.94912559618442,5.344735435595938,8.849557522123893,41.1522633744856,52.083333333333336,128.2051282051282,35.587188612099645,68.02721088435375,7.246376811594202,15.15151515151515
freedom_security_tradeoff_perception|WVS_H,9999.0,227.27272727272725,1000.0,9999.0,67.11409395973155,120.48192771084337,175.43859649122805,212.7659574468085,555.5555555555555,144.92753623188406,83.33333333333333,9999.0,303.03030303030306,769.2307692307693,344.82758620689657,45.87155963302752,9999.0,476.1904761904762,54.94505494505494,0.0,33.11258278145695,71.42857142857143,208.33333333333334,9999.0,84.03361344537815,35.2112676056338,172.41379310344828,74.6268656716418,9999.0,9999.0,147.05882352941177,47.39336492890995,153.84615384615384,9999.0,90.90909090909092,64.1025641025641,62.893081761006286,227.27272727272725,9999.0,400.0,62.893081761006286,38.167938931297705,51.282051282051285,91.74311926605505,625.0,33.67003367003367,25.44529262086514,51.81347150259067,9999.0,80.64516129032258,833.3333333333334,526.3157894736842,158.73015873015873,28.409090909090907,107.52688172043011
gender_role_traditionalism|WVS_D,8.103727714748784,13.793103448275863,30.395136778115504,25.974025974025974,6.631299734748011,32.89473684210526,19.569471624266146,87.71929824561403,142.85714285714286,13.386880856760374,10.695187165775401,8.726003490401396,112.35955056179776,1000.0,31.948881789137378,6.693440428380187,13.245033112582782,9999.0,9999.0,33.11258278145695,0.0,48.78048780487805,243.90243902439022,9999.0,14.727540500736376,4.133939644481191,36.63003663003663,6.882312456985547,9999.0,15.673981191222571,18.281535648994517,4.27715996578272,1000.0,9999.0,16.077170418006432,10.34126163391934,6.013229104028864,322.5806451612903,30.487804878048777,129.87012987012986,9.08265213442325,5.282620179609086,7.342143906020559,11.481056257175661,77.51937984496124,5.130836326321191,3.4638032559750607,6.002400960384154,21.978021978021978,25.38071065989848,53.191489361702125,27.17391304347826,95.23809523809523,4.549590536851683,10.2880658436214
immigrant_origin_status|WVS_G,144.92753623188406,200.0,42.5531914893617,48.78048780487805,294.11764705882354,31.645569620253163,68.02721088435375,74.6268656716418,526.3157894736842,129.87012987012986,123.4567901234568,30.12048192771084,57.4712643678161,52.35602094240838,156.25,24.213075060532685,46.948356807511736,21.231422505307854,68.9655172413793,71.42857142857143,48.78048780487805,0.0,34.36426116838488,9999.0,26.7379679144385,67.56756756756756,88.49557522123894,78.125,9999.0,72.99270072992701,14.903129657228016,32.67973856209151,9999.0,9999.0,9999.0,9999.0,232.5581395348837,58.8235294117647,21.14164904862579,57.14285714285714,26.455026455026456,24.449877750611247,52.083333333333336,909.090909090909,166.66666666666666,21.09704641350211,20.491803278688522,116.27906976744185,17.391304347826086,18.115942028985508,52.35602094240838,53.763440860215056,31.152647975077883,11.441647597254004,1000.0
importance_of_life_domains|WVS_A,175.43859649122805,769.2307692307693,416.6666666666667,117.6470588235294,9999.0,9999.0,9999.0,161.29032258064515,204.08163265306123,1000.0,222.22222222222223,113.63636363636363,91.74311926605505,526.3157894736842,212.7659574468085,185.18518518518516,87.71929824561403,41.32231404958678,232.5581395348837,208.33333333333334,243.90243902439022,34.36426116838488,0.0,9999.0,232.5581395348837,277.77777777777777,217.3913043478261,125.0,9999.0,1000.0,38.167938931297705,71.94244604316548,149.2537313432836,9999.0,109.89010989010988,119.04761904761905,227.27272727272725,121.95121951219511,43.859649122807014,333.3333333333333,149.2537313432836,96.15384615384616,135.13513513513513,238.0952380952381,833.3333333333334,69.44444444444444,9999.0,227.27272727272725,107.52688172043011,9999.0,75.18796992481204,9999.0,9999.0,49.26108374384237,101.010101010101
institutional_threat_perception|WVS_H,9999.0,9999.0,9999.0,9999.0,9999.0,9999.0,9999.0,9999.0,9999.0,9999.0,9999.0,9999.0,9999.0,9999.0,9999.0,9999.0,9999.0,9999.0,9999.0,9999.0,9999.0,9999.0,9999.0,0.0,9999.0,9999.0,9999.0,9999.0,9999.0,9999.0,9999.0,9999.0,9999.0,9999.0,9999.0,9999.0,9999.0,9999.0,9999.0,9999.0,9999.0,9999.0,9999.0,9999.0,9999.0,9999.0,9999.0,9999.0,9999.0,9999.0,9999.0,9999.0,9999.0,9999.0,9999.0
international_organization_knowledge|WVS_E,35.3356890459364,9999.0,9999.0,476.1904761904762,28.73563218390805,62.11180124223603,53.763440860215056,172.41379310344828,9999.0,9999.0,9999.0,28.57142857142857,9999.0,9999.0,9999.0,9999.0,59.880239520958085,98.0392156862745,22.371364653243848,84.03361344537815,14.727540500736376,26.7379679144385,232.5581395348837,9999.0,0.0,16.10305958132045,105.26315789473685,34.48275862068965,9999.0,86.95652173913044,9999.0,9999.0,77.51937984496124,9999.0,74.07407407407408,35.97122302158274,9999.0,9999.0,96.15384615384616,188.67924528301887,26.954177897574123,19.193857965451055,26.17801047120419,67.11409395973155,9999.0,17.241379310344826,12.5,9999.0,29.673590504451038,45.662100456621005,200.0,1000.0,119.04761904761905,9999.0,35.587188612099645
job_scarcity_gender_discrimination|WVS_C,8.849557522123893,12.72264631043257,27.700831024930746,22.026431718061673,6.844626967830253,34.84320557491289,21.231422505307854,90.90909090909092,78.74015748031496,12.836970474967908,10.869565217391305,9.066183136899365,65.35947712418302,500.0,32.467532467532465,7.704160246533128,11.507479861910241,13.003901170351106,6.353240152477763,35.2112676056338,4.133939644481191,67.56756756756756,277.77777777777777,9999.0,16.10305958132045,0.0,9999.0,7.107320540156361,9999.0,17.006802721088437,17.21170395869191,4.194630872483222,144.92753623188406,9999.0,17.73049645390071,10.626992561105206,5.913660555884093,1000.0,23.86634844868735,62.893081761006286,9.460737937559129,5.46448087431694,7.698229407236337,11.655011655011656,73.52941176470588,5.64652738565782,3.7091988130563798,6.020469596628537,25.510204081632654,31.645569620253163,89.28571428571429,23.752969121140143,55.55555555555556,5.13347022587269,9999.0
job_scarcity_nativist_preference|WVS_C,98.0392156862745,243.90243902439022,714.2857142857143,909.090909090909,74.07407407407408,136.986301369863,222.22222222222223,196.078431372549,277.77777777777777,166.66666666666666,85.47008547008546,58.47953216374269,232.5581395348837,1000.0,434.7826086956522,54.94505494505494,106.38297872340425,270.27027027027026,70.4225352112676,172.41379310344828,36.63003663003663,88.49557522123894,217.3913043478261,9999.0,105.26315789473685,9999.0,0.0,85.47008547008546,9999.0,97.08737864077669,133.33333333333334,48.543689320388346,172.41379310344828,9999.0,80.64516129032258,70.4225352112676,72.46376811594203,192.30769230769232,107.52688172043011,416.6666666666667,71.42857142857143,40.32258064516129,54.34782608695652,97.08737864077669,833.3333333333334,35.714285714285715,29.069767441860463,56.497175141242934,89.28571428571429,86.20689655172414,526.3157894736842,476.1904761904762,163.93442622950818,31.25,9999.0
life_autonomy_morality_permissiveness|WVS_F,14.534883720930232,18.587360594795538,28.169014084507044,26.7379679144385,10.775862068965518,106.38297872340425,39.37007874015748,9999.0,107.52688172043011,18.45018450184502,17.094017094017094,16.58374792703151,96.15384615384616,172.41379310344828,57.4712643678161,14.367816091954024,19.23076923076923,18.45018450184502,10.881392818280741,74.6268656716418,6.882312456985547,78.125,125.0,9999.0,34.48275862068965,7.107320540156361,85.47008547008546,0.0,9999.0,27.548209366391184,18.726591760299623,6.406149903907752,63.69426751592357,9999.0,29.41176470588235,18.6219739292365,9.242144177449168,270.27027027027026,38.314176245210724,9999.0,9999.0,9999.0,9999.0,16.863406408094434,131.57894736842104,9999.0,5.9347181008902075,9.66183574879227,181.81818181818184,128.2051282051282,9999.0,31.746031746031747,46.08294930875576,9.40733772342427,17.006802721088437
multilevel_place_attachment|WVS_G,9999.0,9999.0,9999.0,9999.0,9999.0,9999.0,9999.0,9999.0,9999.0,9999.0,9999.0,9999.0,9999.0,9999.0,9999.0,9999.0,9999.0,9999.0,9999.0,9999.0,9999.0,9999.0,9999.0,9999.0,9999.0,9999.0,9999.0,9999.0,0.0,9999.0,9999.0,9999.0,9999.0,9999.0,9999.0,9999.0,9999.0,9999.0,9999.0,9999.0,9999.0,9999.0,9999.0,9999.0,9999.0,9999.0,9999.0,9999.0,9999.0,9999.0,9999.0,9999.0,9999.0,9999.0,9999.0
neighborhood_disorder_and_crime|WVS_H,9999.0,105.26315789473685,147.05882352941177,9999.0,32.25806451612903,151.51515151515153,185.18518518518516,123.4567901234568,92.59259259259258,101.010101010101,40.816326530612244,9999.0,1000.0,196.078431372549,104.16666666666667,30.395136778115504,9999.0,100.0,32.154340836012864,9999.0,15.673981191222571,72.99270072992701,1000.0,9999.0,86.95652173913044,17.006802721088437,97.08737864077669,27.548209366391184,9999.0,0.0,104.16666666666667,16.556291390728475,98.0392156862745,9999.0,39.8406374501992,41.84100418410041,38.314176245210724,144.92753623188406,9999.0,625.0,45.45454545454546,22.88329519450801,27.855153203342617,41.666666666666664,1000.0,21.14164904862579,13.531799729364007,27.3224043715847,9999.0,108.69565217391305,232.5581395348837,833.3333333333334,200.0,20.833333333333332,45.45454545454546
offline_political_participation|WVS_E,23.64066193853428,9999.0,9999.0,28.73563218390805,22.779043280182233,59.1715976331361,121.95121951219511,76.33587786259541,9999.0,9999.0,9999.0,1000.0,9999.0,9999.0,9999.0,9999.0,113.63636363636363,15.797788309636653,25.25252525252525,147.05882352941177,18.281535648994517,14.903129657228016,38.167938931297705,9999.0,9999.0,17.21170395869191,133.33333333333334,18.726591760299623,9999.0,104.16666666666667,0.0,9999.0,34.24657534246575,9999.0,588.2352941176471,270.27027027027026,9999.0,9999.0,68.02721088435375,49.26108374384237,161.29032258064515,37.03703703703704,60.975609756097555,40.983606557377044,9999.0,80.64516129032258,21.73913043478261,9999.0,33.003300330033,31.25,54.34782608695652,28.08988764044944,24.449877750611247,9999.0,32.362459546925564
online_political_participation|WVS_E,7.880220646178092,9999.0,9999.0,14.43001443001443,5.9453032104637344,66.2251655629139,24.271844660194173,156.25,9999.0,9999.0,9999.0,10.141987829614605,9999.0,9999.0,9999.0,9999.0,9.22509225092251,11.876484560570072,6.180469715698393,47.39336492890995,4.27715996578272,32.67973856209151,71.94244604316548,9999.0,9999.0,4.194630872483222,48.543689320388346,6.406149903907752,9999.0,16.556291390728475,9999.0,0.0,28.011204481792713,9999.0,15.748031496062993,11.19820828667413,9999.0,9999.0,16.155088852988694,31.545741324921135,10.81081081081081,4.9800796812749,7.587253414264036,8.857395925597874,9999.0,5.321979776476849,3.435245620061834,9999.0,250.0,120.48192771084337,1000.0,16.611295681063122,25.974025974025974,9999.0,12.062726176115802
outgroup_trust|WVS_G,144.92753623188406,31.25,31.347962382445143,38.75968992248062,48.309178743961354,101.010101010101,344.82758620689657,136.986301369863,93.45794392523365,60.24096385542168,100.0,138.88888888888889,66.2251655629139,125.0,285.7142857142857,55.55555555555556,36.76470588235294,60.6060606060606,131.57894736842104,153.84615384615384,1000.0,9999.0,149.2537313432836,9999.0,77.51937984496124,144.92753623188406,172.41379310344828,63.69426751592357,9999.0,98.0392156862745,34.24657534246575,28.011204481792713,0.0,9999.0,9999.0,9999.0,30.030030030030026,92.59259259259258,37.735849056603776,54.34782608695652,188.67924528301887,82.64462809917356,1000.0,50.5050505050505,333.3333333333333,140.8450704225352,588.2352941176471,35.08771929824561,23.86634844868735,54.94505494505494,74.6268656716418,35.587188612099645,38.46153846153846,58.13953488372093,125.0
perceived_corruption|WVS_E,9999.0,9999.0,9999.0,9999.0,9999.0,9999.0,9999.0,9999.0,9999.0,9999.0,9999.0,9999.0,9999.0,9999.0,9999.0,9999.0,9999.0,9999.0,9999.0,9999.0,9999.0,9999.0,9999.0,9999.0,9999.0,9999.0,9999.0,9999.0,9999.0,9999.0,9999.0,9999.0,9999.0,0.0,9999.0,9999.0,9999.0,9999.0,9999.0,9999.0,9999.0,9999.0,9999.0,9999.0,9999.0,9999.0,9999.0,9999.0,9999.0,9999.0,9999.0,9999.0,9999.0,9999.0,9999.0
perceived_negative_effects_of_immigration|WVS_G,38.167938931297705,43.859649122807014,50.76142131979696,129.87012987012986,27.100271002710027,87.71929824561403,175.43859649122805,107.52688172043011,125.0,54.6448087431694,31.055900621118013,28.08988764044944,60.975609756097555,200.0,303.03030303030306,31.347962382445143,27.17391304347826,270.27027027027026,31.645569620253163,90.90909090909092,16.077170418006432,9999.0,109.89010989010988,9999.0,74.07407407407408,17.73049645390071,80.64516129032258,29.41176470588235,9999.0,39.8406374501992,588.2352941176471,15.748031496062993,9999.0,9999.0,0.0,9999.0,25.38071065989848,101.010101010101,30.211480362537767,250.0,35.2112676056338,16.181229773462782,21.14164904862579,27.77777777777778,322.5806451612903,15.89825119236884,12.091898428053206,19.417475728155342,227.27272727272725,59.1715976331361,89.28571428571429,208.33333333333334,322.5806451612903,15.290519877675841,89.28571428571429
perceived_positive_effects_of_immigration|WVS_G,23.148148148148145,30.674846625766875,46.728971962616825,71.42857142857143,15.923566878980893,55.865921787709496,57.14285714285714,101.010101010101,1000.0,31.152647975077883,22.22222222222222,18.65671641791045,55.55555555555556,769.2307692307693,135.13513513513513,17.6678445229682,21.413276231263385,119.04761904761905,16.233766233766232,64.1025641025641,10.34126163391934,9999.0,119.04761904761905,9999.0,35.97122302158274,10.626992561105206,70.4225352112676,18.6219739292365,9999.0,41.84100418410041,270.27027027027026,11.19820828667413,9999.0,9999.0,9999.0,0.0,14.144271570014144,128.2051282051282,24.213075060532685,200.0,21.929824561403507,11.135857461024498,16.207455429497568,21.598272138228943,138.88888888888889,11.22334455667789,8.032128514056225,13.550135501355014,58.8235294117647,39.37007874015748,91.74311926605505,88.49557522123894,476.1904761904762,10.438413361169102,36.76470588235294
political_information_sources|WVS_E,11.918951132300357,9999.0,9999.0,20.28397565922921,8.650519031141869,65.78947368421052,30.211480362537767,400.0,9999.0,9999.0,9999.0,13.869625520110958,9999.0,9999.0,9999.0,9999.0,11.428571428571429,16.528925619834713,8.718395815170009,62.893081761006286,6.013229104028864,232.5581395348837,227.27272727272725,9999.0,9999.0,5.913660555884093,72.46376811594203,9.242144177449168,9999.0,38.314176245210724,9999.0,9999.0,30.030030030030026,9999.0,25.38071065989848,14.144271570014144,0.0,9999.0,16.638935108153078,38.167938931297705,13.280212483399733,6.5231572080887155,9.9304865938431,11.534025374855824,9999.0,7.132667617689016,4.911591355599214,9999.0,169.49152542372883,87.71929824561403,156.25,19.193857965451055,32.154340836012864,9999.0,17.636684303350968
postmaterialist_values|WVS_E,384.61538461538464,9999.0,9999.0,106.38297872340425,303.03030303030306,149.2537313432836,769.2307692307693,153.84615384615384,9999.0,9999.0,9999.0,113.63636363636363,9999.0,9999.0,9999.0,9999.0,256.4102564102564,56.81818181818181,277.77777777777777,227.27272727272725,322.5806451612903,58.8235294117647,121.95121951219511,9999.0,9999.0,1000.0,192.30769230769232,270.27027027027026,9999.0,144.92753623188406,9999.0,9999.0,92.59259259259258,9999.0,101.010101010101,128.2051282051282,9999.0,0.0,102.04081632653062,192.30769230769232,178.57142857142858,129.87012987012986,138.88888888888889,322.5806451612903,9999.0,80.64516129032258,117.6470588235294,9999.0,81.30081300813008,77.51937984496124,156.25,98.0392156862745,80.64516129032258,9999.0,204.08163265306123
precautionary_security_behaviors|WVS_H,9999.0,19.342359767891683,22.321428571428573,9999.0,20.833333333333332,63.291139240506325,1000.0,116.27906976744185,416.6666666666667,28.81844380403458,21.321961620469086,9999.0,19.23076923076923,178.57142857142858,82.64462809917356,64.1025641025641,9999.0,32.467532467532465,37.174721189591075,9999.0,30.487804878048777,21.14164904862579,43.859649122807014,9999.0,96.15384615384616,23.86634844868735,107.52688172043011,38.314176245210724,9999.0,9999.0,68.02721088435375,16.155088852988694,37.735849056603776,9999.0,30.211480362537767,24.213075060532685,16.638935108153078,102.04081632653062,0.0,57.80346820809249,34.24657534246575,11.481056257175661,22.075055187637968,16.666666666666668,102.04081632653062,13.477088948787062,15.015015015015013,12.391573729863694,9999.0,42.37288135593221,19.801980198019802,41.84100418410041,322.5806451612903,15.552099533437016,58.8235294117647
religion_versus_secularism_orientation|WVS_F,112.35955056179776,46.51162790697675,49.01960784313725,61.7283950617284,54.054054054054056,212.7659574468085,833.3333333333334,9999.0,227.27272727272725,81.30081300813008,98.0392156862745,1000.0,98.0392156862745,185.18518518518516,833.3333333333334,181.81818181818184,49.01960784313725,85.47008547008546,109.89010989010988,400.0,129.87012987012986,57.14285714285714,333.3333333333333,9999.0,188.67924528301887,62.893081761006286,416.6666666666667,9999.0,9999.0,625.0,49.26108374384237,31.545741324921135,54.34782608695652,9999.0,250.0,200.0,38.167938931297705,192.30769230769232,57.80346820809249,0.0,9999.0,9999.0,9999.0,56.17977528089888,434.7826086956522,9999.0,129.87012987012986,42.73504273504273,40.16064257028113,105.26315789473685,9999.0,57.80346820809249,63.69426751592357,555.5555555555555,714.2857142857143
religious_belief|WVS_F,20.920502092050206,33.898305084745765,94.33962264150944,74.6268656716418,16.5016501650165,50.25125628140703,40.65040650406504,9999.0,153.84615384615384,27.932960893854748,24.93765586034913,18.214936247723134,112.35955056179776,222.22222222222223,91.74311926605505,14.347202295552368,23.255813953488374,50.25125628140703,14.388489208633093,62.893081761006286,9.08265213442325,26.455026455026456,149.2537313432836,9999.0,26.954177897574123,9.460737937559129,71.42857142857143,9999.0,9999.0,45.45454545454546,161.29032258064515,10.81081081081081,188.67924528301887,9999.0,35.2112676056338,21.929824561403507,13.280212483399733,178.57142857142858,34.24657534246575,9999.0,0.0,9999.0,9999.0,24.154589371980677,149.2537313432836,9999.0,7.374631268436579,14.204545454545453,30.8641975308642,35.08771929824561,9999.0,97.08737864077669,312.5,9.337068160597573,24.93765586034913
religious_exclusivism|WVS_F,11.337868480725623,12.78772378516624,20.964360587002098,24.271844660194173,7.604562737642585,31.152647975077883,31.152647975077883,9999.0,158.73015873015873,13.927576601671309,11.627906976744187,10.070493454179255,25.44529262086514,333.3333333333333,74.07407407407408,10.070493454179255,9.18273645546373,36.101083032490976,8.058017727639001,38.167938931297705,5.282620179609086,24.449877750611247,96.15384615384616,9999.0,19.193857965451055,5.46448087431694,40.32258064516129,9999.0,9999.0,22.88329519450801,37.03703703703704,4.9800796812749,82.64462809917356,9999.0,16.181229773462782,11.135857461024498,6.5231572080887155,129.87012987012986,11.481056257175661,9999.0,9999.0,0.0,9999.0,10.2880658436214,65.78947368421052,9999.0,4.2426813746287655,6.5359477124183005,53.475935828877,26.041666666666668,9999.0,26.881720430107528,91.74311926605505,5.605381165919282,17.921146953405017
religious_practice_and_self_identification|WVS_F,16.077170418006432,23.696682464454977,32.89473684210526,50.25125628140703,12.468827930174564,45.45454545454546,39.37007874015748,9999.0,454.5454545454545,20.920502092050206,17.421602787456447,14.184397163120568,52.083333333333336,555.5555555555555,78.125,13.140604467805518,15.923566878980893,50.5050505050505,11.547344110854503,51.282051282051285,7.342143906020559,52.083333333333336,135.13513513513513,9999.0,26.17801047120419,7.698229407236337,54.34782608695652,9999.0,9999.0,27.855153203342617,60.975609756097555,7.587253414264036,1000.0,9999.0,21.14164904862579,16.207455429497568,9.9304865938431,138.88888888888889,22.075055187637968,9999.0,9999.0,9999.0,0.0,15.174506828528072,120.48192771084337,9999.0,5.941770647653001,9.389671361502348,45.04504504504504,34.36426116838488,9999.0,51.81347150259067,400.0,8.012820512820513,23.752969121140143
science_skepticism|WVS_I,21.231422505307854,18.214936247723134,24.691358024691358,36.231884057971016,14.124293785310734,96.15384615384616,87.71929824561403,151.51515151515153,370.3703703703703,24.57002457002457,19.305019305019304,21.598272138228943,34.84320557491289,109.89010989010988,217.3913043478261,25.0,15.974440894568689,75.75757575757576,17.094017094017094,91.74311926605505,11.481056257175661,909.090909090909,238.0952380952381,9999.0,67.11409395973155,11.655011655011656,97.08737864077669,16.863406408094434,9999.0,41.666666666666664,40.983606557377044,8.857395925597874,50.5050505050505,9999.0,27.77777777777778,21.598272138228943,11.534025374855824,322.5806451612903,16.666666666666668,56.17977528089888,24.154589371980677,10.2880658436214,15.174506828528072,0.0,121.95121951219511,10.834236186348864,8.73362445414847,11.235955056179776,76.92307692307692,97.08737864077669,55.55555555555556,34.72222222222222,68.9655172413793,13.21003963011889,48.309178743961354
science_technology_optimism|WVS_E,166.66666666666666,9999.0,9999.0,238.0952380952381,94.33962264150944,416.6666666666667,322.5806451612903,1000.0,9999.0,9999.0,9999.0,149.2537313432836,9999.0,9999.0,9999.0,9999.0,91.74311926605505,476.1904761904762,104.16666666666667,625.0,77.51937984496124,166.66666666666666,833.3333333333334,9999.0,9999.0,73.52941176470588,833.3333333333334,131.57894736842104,9999.0,1000.0,9999.0,9999.0,333.3333333333333,9999.0,322.5806451612903,138.88888888888889,9999.0,9999.0,102.04081632653062,434.7826086956522,149.2537313432836,65.78947368421052,120.48192771084337,121.95121951219511,0.0,73.52941176470588,55.24861878453038,9999.0,1000.0,344.82758620689657,322.5806451612903,200.0,500.0,9999.0,303.03030303030306
