,acceptance_of_state_surveillance|WVS_H,authoritarian_governance_tolerance|WVS_E,autocracy_support|WVS_E,basic_needs_deprivation|WVS_H,child_qualities_autonomy_self_expression|WVS_A,child_qualities_conformity_tradition|WVS_A,child_qualities_prosocial_diligence|WVS_A,civic_dishonesty_tolerance|WVS_F,confidence_in_civil_society_organizations|WVS_E,confidence_in_domestic_institutions|WVS_E,confidence_in_international_organizations|WVS_E,crime_victimization|WVS_H,democratic_system_evaluation|WVS_E,democratic_values_importance|WVS_E,economic_ideology|WVS_E,electoral_integrity|WVS_E,existential_threat_worry|WVS_H,familial_duty_obligations|WVS_D,female_income_threat_to_marriage|WVS_D,freedom_security_tradeoff_perception|WVS_H,gender_role_traditionalism|WVS_D,immigrant_origin_status|WVS_G,importance_of_life_domains|WVS_A,institutional_threat_perception|WVS_H,international_organization_knowledge|WVS_E,job_scarcity_gender_discrimination|WVS_C,job_scarcity_nativist_preference|WVS_C,life_autonomy_morality_permissiveness|WVS_F,multilevel_place_attachment|WVS_G,neighborhood_disorder_and_crime|WVS_H,offline_political_participation|WVS_E,online_political_participation|WVS_E,outgroup_trust|WVS_G,perceived_corruption|WVS_E,perceived_negative_effects_of_immigration|WVS_G,perceived_positive_effects_of_immigration|WVS_G,political_information_sources|WVS_E,postmaterialist_values|WVS_E,precautionary_security_behaviors|WVS_H,religion_versus_secularism_orientation|WVS_F,religious_belief|WVS_F,religious_exclusivism|WVS_F,religious_practice_and_self_identification|WVS_F,science_skepticism|WVS_I,science_technology_optimism|WVS_E,sexual_and_reproductive_morality_permissiveness|WVS_F,social_intolerance_outgroups|WVS_A,societal_change_attitudes|WVS_E,socioeconomic_insecurity_worry|WVS_H,subjective_wellbeing|WVS_A,violence_tolerance|WVS_F,voluntary_association_active_membership|WVS_A,voluntary_association_belonging|WVS_A,voting_participation|WVS_E,work_ethic|WVS_C
acceptance_of_state_surveillance|WVS_H,0.0,185.18518518518516,108.69565217391305,9999.0,1000.0,1000.0,1000.0,9999.0,131.57894736842104,60.24096385542168,1000.0,9999.0,1000.0,63.69426751592357,238.0952380952381,64.51612903225806,9999.0,75.18796992481204,212.7659574468085,9999.0,126.58227848101265,87.71929824561403,285.7142857142857,9999.0,33.67003367003367,101.010101010101,227.27272727272725,71.94244604316548,94.33962264150944,9999.0,113.63636363636363,107.52688172043011,88.49557522123894,9999.0,200.0,416.6666666666667,28.409090909090907,500.0,9999.0,769.2307692307693,85.47008547008546,106.38297872340425,40.65040650406504,94.33962264150944,78.125,9999.0,217.3913043478261,169.49152542372883,9999.0,88.49557522123894,49.504950495049506,50.5050505050505,64.1025641025641,17.98561151079137,53.191489361702125
authoritarian_governance_tolerance|WVS_E,185.18518518518516,0.0,9999.0,99.00990099009901,144.92753623188406,181.81818181818184,555.5555555555555,9999.0,9999.0,9999.0,9999.0,400.0,9999.0,9999.0,9999.0,9999.0,59.880239520958085,58.13953488372093,69.44444444444444,188.67924528301887,52.35602094240838,263.1578947368421,277.77777777777777,69.93006993006993,9999.0,44.84304932735426,277.77777777777777,75.75757575757576,48.543689320388346,181.81818181818184,9999.0,9999.0,312.5,9999.0,312.5,208.33333333333334,9999.0,9999.0,99.00990099009901,1000.0,76.33587786259541,476.1904761904762,66.2251655629139,333.3333333333333,9999.0,9999.0,128.2051282051282,9999.0,9999.0,178.57142857142858,142.85714285714286,243.90243902439022,125.0,9999.0,77.51937984496124
autocracy_support|WVS_E,108.69565217391305,9999.0,0.0,250.0,208.33333333333334,270.27027027027026,666.6666666666666,9999.0,9999.0,9999.0,9999.0,126.58227848101265,9999.0,9999.0,9999.0,9999.0,39.37007874015748,55.55555555555556,74.07407407407408,43.47826086956522,67.56756756756756,84.74576271186442,500.0,32.467532467532465,9999.0,112.35955056179776,476.1904761904762,140.8450704225352,158.73015873015873,53.763440860215056,9999.0,9999.0,126.58227848101265,9999.0,126.58227848101265,714.2857142857143,9999.0,9999.0,66.66666666666667,102.04081632653062,37.59398496240602,714.2857142857143,200.0,192.30769230769232,9999.0,9999.0,81.96721311475409,9999.0,9999.0,93.45794392523365,526.3157894736842,238.0952380952381,63.69426751592357,9999.0,238.0952380952381
basic_needs_deprivation|WVS_H,9999.0,99.00990099009901,250.0,0.0,136.986301369863,138.88888888888889,303.03030303030306,9999.0,31.948881789137378,16.44736842105263,41.32231404958678,9999.0,1000.0,28.73563218390805,94.33962264150944,23.752969121140143,9999.0,23.52941176470588,76.92307692307692,9999.0,64.1025641025641,151.51515151515153,1000.0,9999.0,35.842293906810035,47.84688995215311,90.90909090909092,25.974025974025974,22.573363431151243,9999.0,217.3913043478261,42.016806722689076,38.314176245210724,9999.0,166.66666666666666,200.0,14.04494382022472,120.48192771084337,9999.0,238.0952380952381,188.67924528301887,90.09009009009009,84.74576271186442,56.81818181818181,68.4931506849315,9999.0,67.56756756756756,88.49557522123894,9999.0,90.90909090909092,24.630541871921185,28.57142857142857,38.02281368821293,13.297872340425531,21.73913043478261
child_qualities_autonomy_self_expression|WVS_A,1000.0,144.92753623188406,208.33333333333334,136.986301369863,0.0,9999.0,9999.0,9999.0,71.94244604316548,42.918454935622314,58.13953488372093,714.2857142857143,1000.0,119.04761904761905,97.08737864077669,53.475935828877,147.05882352941177,109.89010989010988,294.11764705882354,222.22222222222223,121.95121951219511,89.28571428571429,9999.0,303.03030303030306,1000.0,123.4567901234568,1000.0,71.42857142857143,56.497175141242934,89.28571428571429,129.87012987012986,40.65040650406504,1000.0,9999.0,200.0,256.4102564102564,52.083333333333336,714.2857142857143,188.67924528301887,119.04761904761905,526.3157894736842,400.0,1000.0,270.27027027027026,125.0,9999.0,9999.0,91.74311926605505,9999.0,9999.0,89.28571428571429,9999.0,9999.0,120.48192771084337,49.75124378109453
child_qualities_conformity_tradition|WVS_A,1000.0,181.81818181818184,270.27027027027026,138.88888888888889,9999.0,0.0,9999.0,9999.0,112.35955056179776,64.93506493506493,99.00990099009901,1000.0,1000.0,144.92753623188406,181.81818181818184,86.95652173913044,208.33333333333334,117.6470588235294,140.8450704225352,714.2857142857143,101.010101010101,196.078431372549,9999.0,1000.0,555.5555555555555,72.99270072992701,476.1904761904762,109.89010989010988,68.9655172413793,333.3333333333333,666.6666666666666,172.41379310344828,204.08163265306123,9999.0,1000.0,263.1578947368421,95.23809523809523,370.3703703703703,227.27272727272725,357.14285714285717,476.1904761904762,1000.0,123.4567901234568,769.2307692307693,625.0,9999.0,9999.0,188.67924528301887,9999.0,9999.0,135.13513513513513,9999.0,9999.0,128.2051282051282,81.96721311475409
child_qualities_prosocial_diligence|WVS_A,1000.0,555.5555555555555,666.6666666666666,303.03030303030306,9999.0,9999.0,0.0,9999.0,196.078431372549,114.9425287356322,120.48192771084337,1000.0,1000.0,227.27272727272725,312.5,121.95121951219511,454.5454545454545,400.0,1000.0,769.2307692307693,370.3703703703703,121.95121951219511,9999.0,200.0,769.2307692307693,285.7142857142857,1000.0,144.92753623188406,108.69565217391305,113.63636363636363,625.0,105.26315789473685,1000.0,9999.0,416.6666666666667,400.0,112.35955056179776,333.3333333333333,769.2307692307693,149.2537313432836,769.2307692307693,500.0,1000.0,625.0,181.81818181818184,9999.0,9999.0,106.38297872340425,9999.0,9999.0,140.8450704225352,9999.0,9999.0,103.09278350515464,90.90909090909092
civic_dishonesty_tolerance|WVS_F,9999.0,9999.0,9999.0,9999.0,9999.0,9999.0,9999.0,0.0,9999.0,9999.0,9999.0,9999.0,9999.0,9999.0,9999.0,9999.0,9999.0,9999.0,9999.0,9999.0,9999.0,9999.0,9999.0,9999.0,9999.0,9999.0,9999.0,9999.0,9999.0,9999.0,9999.0,9999.0,9999.0,9999.0,9999.0,9999.0,9999.0,9999.0,9999.0,9999.0,9999.0,9999.0,9999.0,9999.0,9999.0,9999.0,9999.0,9999.0,9999.0,9999.0,9999.0,9999.0,9999.0,9999.0,9999.0
confidence_in_civil_society_organizations|WVS_E,131.57894736842104,9999.0,9999.0,31.948881789137378,71.94244604316548,112.35955056179776,196.078431372549,9999.0,0.0,9999.0,9999.0,82.64462809917356,9999.0,9999.0,9999.0,9999.0,63.69426751592357,24.096385542168672,70.4225352112676,104.16666666666667,46.08294930875576,294.11764705882354,909.090909090909,666.6666666666666,9999.0,55.865921787709496,135.13513513513513,27.100271002710027,23.696682464454977,136.986301369863,9999.0,9999.0,79.36507936507937,9999.0,200.0,192.30769230769232,9999.0,9999.0,40.0,217.3913043478261,93.45794392523365,270.27027027027026,144.92753623188406,59.1715976331361,9999.0,9999.0,48.309178743961354,9999.0,9999.0,909.090909090909,30.030030030030026,37.45318352059925,30.12048192771084,9999.0,25.57544757033248
confidence_in_domestic_institutions|WVS_E,60.24096385542168,9999.0,9999.0,16.44736842105263,42.918454935622314,64.93506493506493,114.9425287356322,9999.0,9999.0,0.0,9999.0,52.35602094240838,9999.0,9999.0,9999.0,9999.0,57.4712643678161,15.243902439024389,35.08771929824561,1000.0,23.64066193853428,294.11764705882354,769.2307692307693,131.57894736842104,9999.0,24.154589371980677,64.93506493506493,15.037593984962406,12.406947890818858,67.11409395973155,9999.0,9999.0,31.948881789137378,9999.0,833.3333333333334,90.90909090909092,9999.0,9999.0,23.752969121140143,104.16666666666667,109.89010989010988,101.010101010101,192.30769230769232,36.231884057971016,9999.0,9999.0,34.36426116838488,9999.0,9999.0,232.5581395348837,17.391304347826086,20.79002079002079,21.008403361344538,9999.0,13.717421124828531
confidence_in_international_organizations|WVS_E,1000.0,9999.0,9999.0,41.32231404958678,58.13953488372093,99.00990099009901,120.48192771084337,9999.0,9999.0,9999.0,0.0,243.90243902439022,9999.0,9999.0,9999.0,9999.0,59.523809523809526,34.36426116838488,59.523809523809526,238.0952380952381,38.02281368821293,60.24096385542168,769.2307692307693,434.7826086956522,9999.0,35.08771929824561,204.08163265306123,29.940119760479043,20.74688796680498,55.55555555555556,9999.0,9999.0,90.90909090909092,9999.0,181.81818181818184,95.23809523809523,9999.0,9999.0,62.11180124223603,70.92198581560284,172.41379310344828,400.0,86.20689655172414,111.11111111111111,9999.0,9999.0,66.66666666666667,9999.0,9999.0,238.0952380952381,34.602076124567475,68.4931506849315,55.24861878453038,9999.0,22.88329519450801
crime_victimization|WVS_H,9999.0,400.0,126.58227848101265,9999.0,714.2857142857143,1000.0,1000.0,9999.0,82.64462809917356,52.35602094240838,243.90243902439022,0.0,322.5806451612903,109.89010989010988,129.87012987012986,66.2251655629139,9999.0,79.36507936507937,1000.0,9999.0,909.090909090909,89.28571428571429,500.0,9999.0,94.33962264150944,181.81818181818184,344.82758620689657,93.45794392523365,158.73015873015873,9999.0,200.0,56.497175141242934,256.4102564102564,9999.0,1000.0,476.1904761904762,39.0625,243.90243902439022,9999.0,476.1904761904762,1000.0,200.0,64.93506493506493,119.04761904761905,196.078431372549,9999.0,169.49152542372883,333.3333333333333,9999.0,277.77777777777777,87.71929824561403,72.46376811594203,69.93006993006993,86.95652173913044,123.4567901234568
democratic_system_evaluation|WVS_E,1000.0,9999.0,9999.0,1000.0,1000.0,1000.0,1000.0,9999.0,9999.0,9999.0,9999.0,322.5806451612903,0.0,9999.0,9999.0,9999.0,312.5,370.3703703703703,1000.0,144.92753623188406,714.2857142857143,163.93442622950818,714.2857142857143,181.81818181818184,9999.0,161.29032258064515,1000.0,1000.0,322.5806451612903,370.3703703703703,9999.0,9999.0,303.03030303030306,9999.0,434.7826086956522,500.0,9999.0,9999.0,285.7142857142857,370.3703703703703,243.90243902439022,1000.0,144.92753623188406,384.61538461538464,9999.0,9999.0,303.03030303030306,9999.0,9999.0,625.0,1000.0,454.5454545454545,166.66666666666666,9999.0,434.7826086956522
democratic_values_importance|WVS_E,63.69426751592357,9999.0,9999.0,28.73563218390805,119.04761904761905,144.92753623188406,227.27272727272725,9999.0,9999.0,9999.0,9999.0,109.89010989010988,9999.0,0.0,9999.0,9999.0,500.0,30.12048192771084,80.0,87.71929824561403,60.24096385542168,1000.0,1000.0,58.8235294117647,9999.0,45.662100456621005,104.16666666666667,28.011204481792713,22.123893805309734,67.56756756756756,9999.0,9999.0,45.04504504504504,9999.0,212.7659574468085,156.25,9999.0,9999.0,49.75124378109453,147.05882352941177,181.81818181818184,112.35955056179776,294.11764705882354,66.66666666666667,9999.0,9999.0,75.18796992481204,9999.0,9999.0,108.69565217391305,27.77777777777778,31.746031746031747,47.16981132075472,9999.0,21.88183807439825
economic_ideology|WVS_E,238.0952380952381,9999.0,9999.0,94.33962264150944,97.08737864077669,181.81818181818184,312.5,9999.0,9999.0,9999.0,9999.0,129.87012987012986,9999.0,9999.0,0.0,9999.0,52.083333333333336,44.642857142857146,93.45794392523365,48.07692307692308,62.5,312.5,1000.0,62.893081761006286,9999.0,109.89010989010988,526.3157894736842,52.91005291005291,50.76142131979696,294.11764705882354,9999.0,9999.0,303.03030303030306,9999.0,114.9425287356322,555.5555555555555,9999.0,9999.0,66.66666666666667,625.0,55.24861878453038,625.0,714.2857142857143,112.35955056179776,9999.0,9999.0,64.1025641025641,9999.0,9999.0,119.04761904761905,82.64462809917356,89.28571428571429,48.07692307692308,9999.0,68.4931506849315
electoral_integrity|WVS_E,64.51612903225806,9999.0,9999.0,23.752969121140143,53.475935828877,86.95652173913044,121.95121951219511,9999.0,9999.0,9999.0,9999.0,66.2251655629139,9999.0,9999.0,9999.0,0.0,96.15384615384616,20.366598778004075,67.56756756756756,344.82758620689657,44.052863436123346,833.3333333333334,500.0,65.35947712418302,9999.0,43.47826086956522,104.16666666666667,19.120458891013385,16.10305958132045,41.49377593360996,9999.0,9999.0,50.5050505050505,9999.0,476.1904761904762,135.13513513513513,9999.0,9999.0,31.645569620253163,89.28571428571429,344.82758620689657,149.2537313432836,65.78947368421052,42.016806722689076,9999.0,9999.0,41.32231404958678,9999.0,9999.0,208.33333333333334,20.408163265306122,26.881720430107528,25.188916876574307,9999.0,14.85884101040119
existential_threat_worry|WVS_H,9999.0,59.880239520958085,39.37007874015748,9999.0,147.05882352941177,208.33333333333334,454.5454545454545,9999.0,63.69426751592357,57.4712643678161,59.523809523809526,9999.0,312.5,500.0,52.083333333333336,96.15384615384616,0.0,169.49152542372883,71.94244604316548,9999.0,47.84688995215311,84.03361344537815,222.22222222222223,9999.0,37.735849056603776,46.51162790697675,1000.0,243.90243902439022,96.15384615384616,9999.0,52.083333333333336,56.81818181818181,169.49152542372883,9999.0,144.92753623188406,200.0,555.5555555555555,111.11111111111111,9999.0,1000.0,52.35602094240838,121.95121951219511,40.983606557377044,370.3703703703703,66.66666666666667,9999.0,222.22222222222223,312.5,9999.0,84.74576271186442,250.0,133.33333333333334,1000.0,19.455252918287936,714.2857142857143
familial_duty_obligations|WVS_D,75.18796992481204,58.13953488372093,55.55555555555556,23.52941176470588,109.89010989010988,117.6470588235294,400.0,9999.0,24.096385542168672,15.243902439024389,34.36426116838488,79.36507936507937,370.3703703703703,30.12048192771084,44.642857142857146,20.366598778004075,169.49152542372883,0.0,9999.0,238.0952380952381,9999.0,133.33333333333334,476.1904761904762,243.90243902439022,66.2251655629139,38.02281368821293,83.33333333333333,24.271844660194173,21.09704641350211,204.08163265306123,172.41379310344828,28.08988764044944,44.44444444444444,9999.0,344.82758620689657,188.67924528301887,14.641288433382138,62.11180124223603,38.61003861003861,1000.0,222.22222222222223,96.15384615384616,526.3157894736842,60.6060606060606,91.74311926605505,9999.0,58.47953216374269,172.41379310344828,9999.0,200.0,27.548209366391184,29.41176470588235,34.36426116838488,22.831050228310502,24.271844660194173
female_income_threat_to_marriage|WVS_D,212.7659574468085,69.44444444444444,74.07407407407408,76.92307692307692,294.11764705882354,140.8450704225352,1000.0,9999.0,70.4225352112676,35.08771929824561,59.523809523809526,1000.0,1000.0,80.0,93.45794392523365,67.56756756756756,71.94244604316548,9999.0,0.0,178.57142857142858,9999.0,285.7142857142857,131.57894736842104,82.64462809917356,81.96721311475409,29.15451895043732,140.8450704225352,74.6268656716418,36.90036900369004,131.57894736842104,370.3703703703703,238.0952380952381,81.30081300813008,9999.0,344.82758620689657,140.8450704225352,78.125,75.75757575757576,106.38297872340425,909.090909090909,114.9425287356322,1000.0,33.44481605351171,1000.0,500.0,9999.0,303.03030303030306,1000.0,9999.0,333.3333333333333,133.33333333333334,243.90243902439022,1000.0,1000.0,70.4225352112676
freedom_security_tradeoff_perception|WVS_H,9999.0,188.67924528301887,43.47826086956522,9999.0,222.22222222222223,714.2857142857143,769.2307692307693,9999.0,104.16666666666667,1000.0,238.0952380952381,9999.0,144.92753623188406,87.71929824561403,48.07692307692308,344.82758620689657,9999.0,238.0952380952381,178.57142857142858,0.0,163.93442622950818,588.2352941176471,208.33333333333334,9999.0,80.0,51.81347150259067,161.29032258064515,227.27272727272725,67.11409395973155,9999.0,35.46099290780142,25.38071065989848,57.80346820809249,9999.0,86.20689655172414,212.7659574468085,625.0,714.2857142857143,9999.0,434.7826086956522,81.96721311475409,181.81818181818184,67.11409395973155,769.2307692307693,62.893081761006286,9999.0,156.25,120.48192771084337,9999.0,93.45794392523365,109.89010989010988,147.05882352941177,128.2051282051282,17.543859649122805,80.0
gender_role_traditionalism|WVS_D,126.58227848101265,52.35602094240838,67.56756756756756,64.1025641025641,121.95121951219511,101.010101010101,370.3703703703703,9999.0,46.08294930875576,23.64066193853428,38.02281368821293,909.090909090909,714.2857142857143,60.24096385542168,62.5,44.052863436123346,47.84688995215311,9999.0,9999.0,163.93442622950818,0.0,84.03361344537815,106.38297872340425,78.74015748031496,62.11180124223603,20.876826722338205,126.58227848101265,53.475935828877,25.25252525252525,238.0952380952381,232.5581395348837,1000.0,73.52941176470588,9999.0,666.6666666666666,83.33333333333333,54.94505494505494,74.6268656716418,93.45794392523365,357.14285714285717,84.74576271186442,400.0,24.449877750611247,1000.0,322.5806451612903,9999.0,185.18518518518516,136.986301369863,9999.0,227.27272727272725,76.92307692307692,243.90243902439022,400.0,500.0,40.32258064516129
immigrant_origin_status|WVS_G,87.71929824561403,263.1578947368421,84.74576271186442,151.51515151515153,89.28571428571429,196.078431372549,121.95121951219511,9999.0,294.11764705882354,294.11764705882354,60.24096385542168,89.28571428571429,163.93442622950818,1000.0,312.5,833.3333333333334,84.03361344537815,133.33333333333334,285.7142857142857,588.2352941176471,84.03361344537815,0.0,454.5454545454545,144.92753623188406,76.92307692307692,40.65040650406504,204.08163265306123,208.33333333333334,9999.0,51.54639175257732,344.82758620689657,454.5454545454545,9999.0,9999.0,9999.0,9999.0,57.80346820809249,90.09009009009009,104.16666666666667,54.6448087431694,312.5,82.64462809917356,34.602076124567475,114.9425287356322,45.45454545454546,9999.0,555.5555555555555,36.36363636363637,9999.0,116.27906976744185,1000.0,73.52941176470588,71.94244604316548,303.03030303030306,48.07692307692308
importance_of_life_domains|WVS_A,285.7142857142857,277.77777777777777,500.0,1000.0,9999.0,9999.0,9999.0,9999.0,909.090909090909,769.2307692307693,769.2307692307693,500.0,714.2857142857143,1000.0,1000.0,500.0,222.22222222222223,476.1904761904762,131.57894736842104,208.33333333333334,106.38297872340425,454.5454545454545,0.0,158.73015873015873,114.9425287356322,64.93506493506493,416.6666666666667,833.3333333333334,204.08163265306123,147.05882352941177,344.82758620689657,71.94244604316548,256.4102564102564,9999.0,416.6666666666667,357.14285714285717,147.05882352941177,212.7659574468085,1000.0,500.0,303.03030303030306,1000.0,60.975609756097555,344.82758620689657,526.3157894736842,9999.0,9999.0,454.5454545454545,9999.0,9999.0,370.3703703703703,9999.0,9999.0,232.5581395348837,1000.0
institutional_threat_perception|WVS_H,9999.0,69.93006993006993,32.467532467532465,9999.0,303.03030303030306,1000.0,200.0,9999.0,666.6666666666666,131.57894736842104,434.7826086956522,9999.0,181.81818181818184,58.8235294117647,62.893081761006286,65.35947712418302,9999.0,243.90243902439022,82.64462809917356,9999.0,78.74015748031496,144.92753623188406,158.73015873015873,0.0,26.38522427440633,84.74576271186442,1000.0,58.47953216374269,49.504950495049506,9999.0,40.816326530612244,263.1578947368421,78.74015748031496,9999.0,196.078431372549,555.5555555555555,34.129692832764505,62.11180124223603,9999.0,75.75757575757576,41.49377593360996,151.51515151515153,39.8406374501992,123.4567901234568,161.29032258064515,9999.0,416.6666666666667,36.90036900369004,9999.0,72.46376811594203,37.59398496240602,56.81818181818181,133.33333333333334,10.449320794148381,30.769230769230766
international_organization_knowledge|WVS_E,33.67003367003367,9999.0,9999.0,35.842293906810035,1000.0,555.5555555555555,769.2307692307693,9999.0,9999.0,9999.0,9999.0,94.33962264150944,9999.0,9999.0,9999.0,9999.0,37.735849056603776,66.2251655629139,81.96721311475409,80.0,62.11180124223603,76.92307692307692,114.9425287356322,26.38522427440633,0.0,44.642857142857146,232.5581395348837,52.083333333333336,84.74576271186442,42.73504273504273,9999.0,9999.0,61.7283950617284,9999.0,161.29032258064515,285.7142857142857,9999.0,9999.0,102.04081632653062,188.67924528301887,45.04504504504504,71.94244604316548,23.696682464454977,63.291139240506325,9999.0,9999.0,131.57894736842104,9999.0,9999.0,57.14285714285714,34.36426116838488,35.08771929824561,49.26108374384237,9999.0,37.59398496240602
job_scarcity_gender_discrimination|WVS_C,101.010101010101,44.84304932735426,112.35955056179776,47.84688995215311,123.4567901234568,72.99270072992701,285.7142857142857,9999.0,55.865921787709496,24.154589371980677,35.08771929824561,181.81818181818184,161.29032258064515,45.662100456621005,109.89010989010988,43.47826086956522,46.51162790697675,38.02281368821293,29.15451895043732,51.81347150259067,20.876826722338205,40.65040650406504,64.93506493506493,84.74576271186442,44.642857142857146,0.0,9999.0,40.16064257028113,17.482517482517483,476.1904761904762,120.48192771084337,43.66812227074236,40.16064257028113,9999.0,158.73015873015873,53.191489361702125,106.38297872340425,59.880239520958085,100.0,149.2537313432836,87.71929824561403,303.03030303030306,15.748031496062993,243.90243902439022,1000.0,9999.0,370.3703703703703,59.1715976331361,9999.0,222.22222222222223,64.1025641025641,333.3333333333333,135.13513513513513,49.26108374384237,9999.0
job_scarcity_nativist_preference|WVS_C,227.27272727272725,277.77777777777777,476.1904761904762,90.90909090909092,1000.0,476.1904761904762,1000.0,9999.0,135.13513513513513,64.93506493506493,204.08163265306123,344.82758620689657,1000.0,104.16666666666667,526.3157894736842,104.16666666666667,1000.0,83.33333333333333,140.8450704225352,161.29032258064515,126.58227848101265,204.08163265306123,416.6666666666667,1000.0,232.5581395348837,9999.0,0.0,113.63636363636363,79.36507936507937,454.5454545454545,294.11764705882354,416.6666666666667,102.04081632653062,9999.0,256.4102564102564,555.5555555555555,68.9655172413793,172.41379310344828,149.2537313432836,555.5555555555555,1000.0,263.1578947368421,232.5581395348837,285.7142857142857,135.13513513513513,9999.0,434.7826086956522,1000.0,9999.0,270.27027027027026,120.48192771084337,112.35955056179776,204.08163265306123,53.475935828877,9999.0
life_autonomy_morality_permissiveness|WVS_F,71.94244604316548,75.75757575757576,140.8450704225352,25.974025974025974,71.42857142857143,109.89010989010988,144.92753623188406,9999.0,27.100271002710027,15.037593984962406,29.940119760479043,93.45794392523365,1000.0,28.011204481792713,52.91005291005291,19.120458891013385,243.90243902439022,24.271844660194173,74.6268656716418,227.27272727272725,53.475935828877,208.33333333333334,833.3333333333334,58.47953216374269,52.083333333333336,40.16064257028113,113.63636363636363,0.0,18.552875695732837,51.282051282051285,344.82758620689657,25.839793281653748,45.662100456621005,9999.0,1000.0,131.57894736842104,14.184397163120568,178.57142857142858,46.948356807511736,9999.0,9999.0,9999.0,9999.0,60.6060606060606,344.82758620689657,9999.0,61.34969325153375,49.01960784313725,9999.0,158.73015873015873,9999.0,32.89473684210526,37.03703703703704,14.367816091954024,20.5761316872428
multilevel_place_attachment|WVS_G,94.33962264150944,48.543689320388346,158.73015873015873,22.573363431151243,56.497175141242934,68.9655172413793,108.69565217391305,9999.0,23.696682464454977,12.406947890818858,20.74688796680498,158.73015873015873,322.5806451612903,22.123893805309734,50.76142131979696,16.10305958132045,96.15384615384616,21.09704641350211,36.90036900369004,67.11409395973155,25.25252525252525,9999.0,204.08163265306123,49.504950495049506,84.74576271186442,17.482517482517483,79.36507936507937,18.552875695732837,0.0,42.5531914893617,243.90243902439022,32.57328990228013,9999.0,9999.0,9999.0,9999.0,13.550135501355014,135.13513513513513,40.816326530612244,53.475935828877,322.5806451612903,270.27027027027026,46.948356807511736,71.94244604316548,1000.0,9999.0,61.7283950617284,29.850746268656714,9999.0,227.27272727272725,20.833333333333332,33.333333333333336,51.282051282051285,11.26126126126126,14.492753623188404
neighborhood_disorder_and_crime|WVS_H,9999.0,181.81818181818184,53.763440860215056,9999.0,89.28571428571429,333.3333333333333,113.63636363636363,9999.0,136.986301369863,67.11409395973155,55.55555555555556,9999.0,370.3703703703703,67.56756756756756,294.11764705882354,41.49377593360996,9999.0,204.08163265306123,131.57894736842104,9999.0,238.0952380952381,51.54639175257732,147.05882352941177,9999.0,42.73504273504273,476.1904761904762,454.5454545454545,51.282051282051285,42.5531914893617,0.0,181.81818181818184,44.052863436123346,192.30769230769232,9999.0,263.1578947368421,217.3913043478261,36.496350364963504,61.7283950617284,9999.0,47.84688995215311,63.291139240506325,1000.0,55.865921787709496,149.2537313432836,119.04761904761905,9999.0,178.57142857142858,31.847133757961785,9999.0,217.3913043478261,42.19409282700422,87.71929824561403,119.04761904761905,16.420361247947454,27.548209366391184
offline_political_participation|WVS_E,113.63636363636363,9999.0,9999.0,217.3913043478261,129.87012987012986,666.6666666666666,625.0,9999.0,9999.0,9999.0,9999.0,200.0,9999.0,9999.0,9999.0,9999.0,52.083333333333336,172.41379310344828,370.3703703703703,35.46099290780142,232.5581395348837,344.82758620689657,344.82758620689657,40.816326530612244,9999.0,120.48192771084337,294.11764705882354,344.82758620689657,243.90243902439022,181.81818181818184,0.0,9999.0,67.56756756756756,9999.0,82.64462809917356,434.7826086956522,9999.0,9999.0,131.57894736842104,344.82758620689657,57.4712643678161,212.7659574468085,116.27906976744185,243.90243902439022,9999.0,9999.0,100.0,9999.0,9999.0,93.45794392523365,270.27027027027026,1000.0,71.42857142857143,9999.0,270.27027027027026
online_political_participation|WVS_E,107.52688172043011,9999.0,9999.0,42.016806722689076,40.65040650406504,172.41379310344828,105.26315789473685,9999.0,9999.0,9999.0,9999.0,56.497175141242934,9999.0,9999.0,9999.0,9999.0,56.81818181818181,28.08988764044944,238.0952380952381,25.38071065989848,1000.0,454.5454545454545,71.94244604316548,263.1578947368421,9999.0,43.66812227074236,416.6666666666667,25.839793281653748,32.57328990228013,44.052863436123346,9999.0,0.0,89.28571428571429,9999.0,51.02040816326531,769.2307692307693,9999.0,9999.0,35.842293906810035,94.33962264150944,79.36507936507937,1000.0,19.011406844106464,42.37288135593221,9999.0,9999.0,31.847133757961785,9999.0,9999.0,136.986301369863,28.169014084507044,36.90036900369004,21.459227467811157,9999.0,23.094688221709006
outgroup_trust|WVS_G,88.49557522123894,312.5,126.58227848101265,38.314176245210724,1000.0,204.08163265306123,1000.0,9999.0,79.36507936507937,31.948881789137378,90.90909090909092,256.4102564102564,303.03030303030306,45.04504504504504,303.03030303030306,50.5050505050505,169.49152542372883,44.44444444444444,81.30081300813008,57.80346820809249,73.52941176470588,9999.0,256.4102564102564,78.74015748031496,61.7283950617284,40.16064257028113,102.04081632653062,45.662100456621005,9999.0,192.30769230769232,67.56756756756756,89.28571428571429,0.0,9999.0,9999.0,9999.0,32.67973856209151,178.57142857142858,89.28571428571429,370.3703703703703,175.43859649122805,136.986301369863,121.95121951219511,142.85714285714286,72.99270072992701,9999.0,285.7142857142857,112.35955056179776,9999.0,117.6470588235294,43.66812227074236,52.083333333333336,131.57894736842104,16.051364365971107,34.602076124567475
perceived_corruption|WVS_E,9999.0,9999.0,9999.0,9999.0,9999.0,9999.0,9999.0,9999.0,9999.0,9999.0,9999.0,9999.0,9999.0,9999.0,9999.0,9999.0,9999.0,9999.0,9999.0,9999.0,9999.0,9999.0,9999.0,9999.0,9999.0,9999.0,9999.0,9999.0,9999.0,9999.0,9999.0,9999.0,9999.0,0.0,9999.0,9999.0,9999.0,9999.0,9999.0,9999.0,9999.0,9999.0,9999.0,9999.0,9999.0,9999.0,9999.0,9999.0,9999.0,9999.0,9999.0,9999.0,9999.0,9999.0,9999.0
perceived_negative_effects_of_immigration|WVS_G,200.0,312.5,126.58227848101265,166.66666666666666,200.0,1000.0,416.6666666666667,9999.0,200.0,833.3333333333334,181.81818181818184,1000.0,434.7826086956522,212.7659574468085,114.9425287356322,476.1904761904762,144.92753623188406,344.82758620689657,344.82758620689657,86.20689655172414,666.6666666666666,9999.0,416.6666666666667,196.078431372549,161.29032258064515,158.73015873015873,256.4102564102564,1000.0,9999.0,263.1578947368421,82.64462809917356,51.02040816326531,9999.0,9999.0,0.0,9999.0,500.0,344.82758620689657,714.2857142857143,277.77777777777777,217.3913043478261,217.3913043478261,200.0,1000.0,90.09009009009009,9999.0,312.5,625.0,9999.0,181.81818181818184,476.1904761904762,212.7659574468085,454.5454545454545,45.24886877828054,909.090909090909
perceived_positive_effects_of_immigration|WVS_G,416.6666666666667,208.33333333333334,714.2857142857143,200.0,256.4102564102564,263.1578947368421,400.0,9999.0,192.30769230769232,90.90909090909092,95.23809523809523,476.1904761904762,500.0,156.25,555.5555555555555,135.13513513513513,200.0,188.67924528301887,140.8450704225352,212.7659574468085,83.33333333333333,9999.0,357.14285714285717,555.5555555555555,285.7142857142857,53.191489361702125,555.5555555555555,131.57894736842104,9999.0,217.3913043478261,434.7826086956522,769.2307692307693,9999.0,9999.0,9999.0,0.0,208.33333333333334,769.2307692307693,714.2857142857143,196.078431372549,1000.0,416.6666666666667,68.9655172413793,1000.0,333.3333333333333,9999.0,833.3333333333334,108.69565217391305,9999.0,909.090909090909,156.25,1000.0,500.0,86.20689655172414,75.18796992481204
political_information_sources|WVS_E,28.409090909090907,9999.0,9999.0,14.04494382022472,52.083333333333336,95.23809523809523,112.35955056179776,9999.0,9999.0,9999.0,9999.0,39.0625,9999.0,9999.0,9999.0,9999.0,555.5555555555555,14.641288433382138,78.125,625.0,54.94505494505494,57.80346820809249,147.05882352941177,34.129692832764505,9999.0,106.38297872340425,68.9655172413793,14.184397163120568,13.550135501355014,36.496350364963504,9999.0,9999.0,32.67973856209151,9999.0,500.0,208.33333333333334,0.0,9999.0,21.459227467811157,91.74311926605505,227.27272727272725,58.13953488372093,21.551724137931036,28.08988764044944,9999.0,9999.0,30.211480362537767,9999.0,9999.0,78.74015748031496,13.297872340425531,16.286644951140065,16.80672268907563,9999.0,12.87001287001287
postmaterialist_values|WVS_E,500.0,9999.0,9999.0,120.48192771084337,714.2857142857143,370.3703703703703,333.3333333333333,9999.0,9999.0,9999.0,9999.0,243.90243902439022,9999.0,9999.0,9999.0,9999.0,111.11111111111111,62.11180124223603,75.75757575757576,714.2857142857143,74.6268656716418,90.09009009009009,212.7659574468085,62.11180124223603,9999.0,59.880239520958085,172.41379310344828,178.57142857142858,135.13513513513513,61.7283950617284,9999.0,9999.0,178.57142857142858,9999.0,344.82758620689657,769.2307692307693,9999.0,0.0,102.04081632653062,103.09278350515464,86.95652173913044,370.3703703703703,76.33587786259541,434.7826086956522,9999.0,9999.0,333.3333333333333,9999.0,9999.0,714.2857142857143,1000.0,163.93442622950818,175.43859649122805,9999.0,1000.0
precautionary_security_behaviors|WVS_H,9999.0,99.00990099009901,66.66666666666667,9999.0,188.67924528301887,227.27272727272725,769.2307692307693,9999.0,40.0,23.752969121140143,62.11180124223603,9999.0,285.7142857142857,49.75124378109453,66.66666666666667,31.645569620253163,9999.0,38.61003861003861,106.38297872340425,9999.0,93.45794392523365,104.16666666666667,1000.0,9999.0,102.04081632653062,100.0,149.2537313432836,46.948356807511736,40.816326530612244,9999.0,131.57894736842104,35.842293906810035,89.28571428571429,9999.0,714.2857142857143,714.2857142857143,21.459227467811157,102.04081632653062,0.0,833.3333333333334,312.5,140.8450704225352,135.13513513513513,85.47008547008546,147.05882352941177,9999.0,90.90909090909092,1000.0,9999.0,312.5,48.309178743961354,46.29629629629629,49.01960784313725,39.8406374501992,43.66812227074236
religion_versus_secularism_orientation|WVS_F,769.2307692307693,1000.0,102.04081632653062,238.0952380952381,119.04761904761905,357.14285714285717,149.2537313432836,9999.0,217.3913043478261,104.16666666666667,70.92198581560284,476.1904761904762,370.3703703703703,147.05882352941177,625.0,89.28571428571429,1000.0,1000.0,909.090909090909,434.7826086956522,357.14285714285717,54.6448087431694,500.0,75.75757575757576,188.67924528301887,149.2537313432836,555.5555555555555,9999.0,53.475935828877,47.84688995215311,344.82758620689657,94.33962264150944,370.3703703703703,9999.0,277.77777777777777,196.078431372549,91.74311926605505,103.09278350515464,833.3333333333334,0.0,9999.0,9999.0,9999.0,1000.0,104.16666666666667,9999.0,312.5,46.728971962616825,9999.0,1000.0,9999.0,666.6666666666666,1000.0,36.63003663003663,44.84304932735426
religious_belief|WVS_F,85.47008547008546,76.33587786259541,37.59398496240602,188.67924528301887,526.3157894736842,476.1904761904762,769.2307692307693,9999.0,93.45794392523365,109.89010989010988,172.41379310344828,1000.0,243.90243902439022,181.81818181818184,55.24861878453038,344.82758620689657,52.35602094240838,222.22222222222223,114.9425287356322,81.96721311475409,84.74576271186442,312.5,303.03030303030306,41.49377593360996,45.04504504504504,87.71929824561403,1000.0,9999.0,322.5806451612903,63.291139240506325,57.4712643678161,79.36507936507937,175.43859649122805,9999.0,217.3913043478261,1000.0,227.27272727272725,86.95652173913044,312.5,9999.0,0.0,9999.0,9999.0,555.5555555555555,140.8450704225352,9999.0,384.61538461538464,75.18796992481204,9999.0,109.89010989010988,9999.0,133.33333333333334,1000.0,17.241379310344826,106.38297872340425
religious_exclusivism|WVS_F,106.38297872340425,476.1904761904762,714.2857142857143,90.09009009009009,400.0,1000.0,500.0,9999.0,270.27027027027026,101.010101010101,400.0,200.0,1000.0,112.35955056179776,625.0,149.2537313432836,121.95121951219511,96.15384615384616,1000.0,181.81818181818184,400.0,82.64462809917356,1000.0,151.51515151515153,71.94244604316548,303.03030303030306,263.1578947368421,9999.0,270.27027027027026,1000.0,212.7659574468085,1000.0,136.986301369863,9999.0,217.3913043478261,416.6666666666667,58.13953488372093,370.3703703703703,140.8450704225352,9999.0,9999.0,0.0,9999.0,161.29032258064515,90.90909090909092,9999.0,500.0,357.14285714285717,9999.0,149.2537313432836,9999.0,84.74576271186442,113.63636363636363,38.314176245210724,212.7659574468085
religious_practice_and_self_identification|WVS_F,40.65040650406504,66.2251655629139,200.0,84.74576271186442,1000.0,123.4567901234568,1000.0,9999.0,144.92753623188406,192.30769230769232,86.20689655172414,64.93506493506493,144.92753623188406,294.11764705882354,714.2857142857143,65.78947368421052,40.983606557377044,526.3157894736842,33.44481605351171,67.11409395973155,24.449877750611247,34.602076124567475,60.975609756097555,39.8406374501992,23.696682464454977,15.748031496062993,232.5581395348837,9999.0,46.948356807511736,55.865921787709496,116.27906976744185,19.011406844106464,121.95121951219511,9999.0,200.0,68.9655172413793,21.551724137931036,76.33587786259541,135.13513513513513,9999.0,9999.0,9999.0,0.0,56.497175141242934,172.41379310344828,9999.0,102.04081632653062,263.1578947368421,9999.0,86.20689655172414,9999.0,42.73504273504273,31.847133757961785,30.769230769230766,588.2352941176471
science_skepticism|WVS_I,94.33962264150944,333.3333333333333,192.30769230769232,56.81818181818181,270.27027027027026,769.2307692307693,625.0,9999.0,59.1715976331361,36.231884057971016,111.11111111111111,119.04761904761905,384.61538461538464,66.66666666666667,112.35955056179776,42.016806722689076,370.3703703703703,60.6060606060606,1000.0,769.2307692307693,1000.0,114.9425287356322,344.82758620689657,123.4567901234568,63.291139240506325,243.90243902439022,285.7142857142857,60.6060606060606,71.94244604316548,149.2537313432836,243.90243902439022,42.37288135593221,142.85714285714286,9999.0,1000.0,1000.0,28.08988764044944,434.7826086956522,85.47008547008546,1000.0,555.5555555555555,161.29032258064515,56.497175141242934,0.0,185.18518518518516,9999.0,114.9425287356322,666.6666666666666,9999.0,232.5581395348837,59.523809523809526,58.13953488372093,57.14285714285714,37.174721189591075,59.523809523809526
science_technology_optimism|WVS_E,78.125,9999.0,9999.0,68.4931506849315,125.0,625.0,181.81818181818184,9999.0,9999.0,9999.0,9999.0,196.078431372549,9999.0,9999.0,9999.0,9999.0,66.66666666666667,91.74311926605505,500.0,62.893081761006286,322.5806451612903,45.45454545454546,526.3157894736842,161.29032258064515,9999.0,1000.0,135.13513513513513,344.82758620689657,1000.0,119.04761904761905,9999.0,9999.0,72.99270072992701,9999.0,90.09009009009009,333.3333333333333,9999.0,9999.0,147.05882352941177,104.16666666666667,140.8450704225352,90.90909090909092,172.41379310344828,185.18518518518516,0.0,9999.0,476.1904761904762,9999.0,9999.0,85.47008547008546,200.0,71.94244604316548,208.33333333333334,9999.0,1000.0
sexual_and_reproductive_morality_permissiveness|WVS_F,9999.0,9999.0,9999.0,9999.0,9999.0,9999.0,9999.0,9999.0,9999.0,9999.0,9999.0,9999.0,9999.0,9999.0,9999.0,9999.0,9999.0,9999.0,9999.0,9999.0,9999.0,9999.0,9999.0,9999.0,9999.0,9999.0,9999.0,9999.0,9999.0,9999.0,9999.0,9999.0,9999.0,9999.0,9999.0,9999.0,9999.0,9999.0,9999.0,9999.0,9999.0,9999.0,9999.0,9999.0,9999.0,0.0,9999.0,9999.0,9999.0,9999.0,9999.0,9999.0,9999.0,9999.0,9999.0
social_intolerance_outgroups|WVS_A,217.3913043478261,128.2051282051282,81.96721311475409,67.56756756756756,9999.0,9999.0,9999.0,9999.0,48.309178743961354,34.36426116838488,66.66666666666667,169.49152542372883,303.03030303030306,75.18796992481204,64.1025641025641,41.32231404958678,222.22222222222223,58.47953216374269,303.03030303030306,156.25,185.18518518518516,555.5555555555555,9999.0,416.6666666666667,131.57894736842104,370.3703703703703,434.7826086956522,61.34969325153375,61.7283950617284,178.57142857142858,100.0,31.847133757961785,285.7142857142857,9999.0,312.5,833.3333333333334,30.211480362537767,333.3333333333333,90.90909090909092,312.5,384.61538461538464,500.0,102.04081632653062,114.9425287356322,476.1904761904762,9999.0,0.0,263.1578947368421,9999.0,9999.0,63.291139240506325,9999.0,9999.0,82.64462809917356,50.5050505050505
