construct,acceptance_of_state_surveillance|WVS_H,authoritarian_governance_tolerance|WVS_E,autocracy_support|WVS_E,basic_needs_deprivation|WVS_H,child_qualities_autonomy_self_expression|WVS_A,child_qualities_conformity_tradition|WVS_A,child_qualities_prosocial_diligence|WVS_A,civic_dishonesty_tolerance|WVS_F,confidence_in_civil_society_organizations|WVS_E,confidence_in_domestic_institutions|WVS_E,confidence_in_international_organizations|WVS_E,crime_victimization|WVS_H,democratic_system_evaluation|WVS_E,democratic_values_importance|WVS_E,economic_ideology|WVS_E,electoral_integrity|WVS_E,existential_threat_worry|WVS_H,familial_duty_obligations|WVS_D,female_income_threat_to_marriage|WVS_D,freedom_security_tradeoff_perception|WVS_H,gender_role_traditionalism|WVS_D,immigrant_origin_status|WVS_G,importance_of_life_domains|WVS_A,institutional_threat_perception|WVS_H,international_organization_knowledge|WVS_E,job_scarcity_gender_discrimination|WVS_C,job_scarcity_nativist_preference|WVS_C,life_autonomy_morality_permissiveness|WVS_F,multilevel_place_attachment|WVS_G,neighborhood_disorder_and_crime|WVS_H,offline_political_participation|WVS_E,online_political_participation|WVS_E,outgroup_trust|WVS_G,perceived_negative_effects_of_immigration|WVS_G,perceived_positive_effects_of_immigration|WVS_G,political_information_sources|WVS_E,postmaterialist_values|WVS_E,precautionary_security_behaviors|WVS_H,religion_versus_secularism_orientation|WVS_F,religious_belief|WVS_F,religious_exclusivism|WVS_F,religious_practice_and_self_identification|WVS_F,science_skepticism|WVS_I,science_technology_optimism|WVS_E,sexual_and_reproductive_morality_permissiveness|WVS_F,social_intolerance_outgroups|WVS_A,societal_change_attitudes|WVS_E,socioeconomic_insecurity_worry|WVS_H,subjective_wellbeing|WVS_A,violence_tolerance|WVS_F,voluntary_association_active_membership|WVS_A,voluntary_association_belonging|WVS_A,voting_participation|WVS_E,work_ethic|WVS_C
acceptance_of_state_surveillance|WVS_H,0.0,9999.0,9999.0,9999.0,9999.0,9999.0,9999.0,9999.0,9999.0,9999.0,9999.0,9999.0,9999.0,9999.0,9999.0,9999.0,9999.0,9999.0,9999.0,9999.0,9999.0,9999.0,9999.0,9999.0,9999.0,9999.0,9999.0,9999.0,9999.0,9999.0,9999.0,9999.0,9999.0,9999.0,9999.0,9999.0,9999.0,9999.0,9999.0,9999.0,9999.0,9999.0,9999.0,9999.0,9999.0,9999.0,9999.0,9999.0,9999.0,9999.0,9999.0,9999.0,9999.0,9999.0
authoritarian_governance_tolerance|WVS_E,9999.0,0.0,40.78437159276292,9999.0,42.79113006862987,46.95006583096573,44.382774366241534,39.837852949398936,40.708475793483515,32.446434843695116,34.56813943018844,9999.0,41.73464191073016,54.277591108813645,42.8310502283105,9999.0,9999.0,9999.0,9999.0,9999.0,25.25252525252525,22.831050228310502,48.27634284917564,9999.0,9999.0,53.18548614638,46.17302734457546,34.48275862068965,9999.0,9999.0,34.06700528449028,9999.0,61.22374827410799,9999.0,9999.0,9999.0,58.67334413512054,9999.0,9999.0,31.42211552040672,9999.0,34.285803951105464,9999.0,49.184104863213115,31.02105841831869,38.58585858585858,38.55432066856207,9999.0,51.34626167035121,9999.0,9999.0,9999.0,9999.0,38.32442067736185
autocracy_support|WVS_E,9999.0,40.78437159276292,0.0,9999.0,37.91340120477179,42.07233696710765,39.50504550238346,34.96012408554086,39.18474386976028,27.56870597983704,29.690410566330357,9999.0,36.85691304687208,49.39986224495557,37.95332136445242,9999.0,9999.0,9999.0,9999.0,9999.0,39.050367777954534,17.953321364452425,43.39861398531757,9999.0,9999.0,53.54058982843322,45.425848836979895,38.44512464314094,9999.0,9999.0,29.1892764206322,9999.0,69.1892764206322,9999.0,9999.0,9999.0,53.79561527126246,9999.0,9999.0,26.544386656548646,9999.0,29.408075087247383,9999.0,44.30637599935504,26.143329554460614,40.36808062131694,33.676591804703996,9999.0,46.46853280649313,9999.0,9999.0,9999.0,9999.0,41.719653541999556
basic_needs_deprivation|WVS_H,9999.0,9999.0,9999.0,0.0,9999.0,9999.0,9999.0,9999.0,9999.0,9999.0,9999.0,9999.0,9999.0,9999.0,9999.0,9999.0,9999.0,9999.0,9999.0,9999.0,9999.0,9999.0,9999.0,9999.0,9999.0,9999.0,9999.0,9999.0,9999.0,9999.0,9999.0,9999.0,9999.0,9999.0,9999.0,9999.0,9999.0,9999.0,9999.0,9999.0,9999.0,9999.0,9999.0,9999.0,9999.0,9999.0,9999.0,9999.0,9999.0,9999.0,9999.0,9999.0,9999.0,9999.0
child_qualities_autonomy_self_expression|WVS_A,9999.0,42.79113006862987,37.91340120477179,9999.0,0.0,34.012238665457346,41.5118039782504,36.9668825614078,38.4443681952177,29.57546445570398,31.697169042197295,9999.0,38.863671522739025,48.273964402778645,39.960079840319366,9999.0,9999.0,9999.0,9999.0,9999.0,24.096385542168672,19.960079840319363,45.4053724611845,9999.0,9999.0,37.3134328358209,35.064773662064354,17.452006980802793,9999.0,9999.0,17.035775127768314,9999.0,57.03577512776832,9999.0,9999.0,9999.0,55.802373747129394,9999.0,9999.0,18.484288354898336,9999.0,20.120724346076457,9999.0,28.248587570621467,14.144271570014144,28.369022636870476,29.673590504451038,9999.0,34.469474822046664,9999.0,9999.0,9999.0,9999.0,26.315789473684212
child_qualities_conformity_tradition|WVS_A,9999.0,46.95006583096573,42.07233696710765,9999.0,34.012238665457346,0.0,45.670739740586264,41.125818323743665,35.48803015087837,33.73440021803984,35.85610480453316,9999.0,43.02260728507488,52.841383146379904,44.119015602655224,9999.0,9999.0,9999.0,9999.0,9999.0,45.21606201615734,24.119015602655224,49.564308223520364,9999.0,9999.0,49.78996787744008,51.5915430751827,39.734341005381886,9999.0,9999.0,23.474178403755868,9999.0,63.47417840375587,9999.0,9999.0,9999.0,59.96130950946526,9999.0,9999.0,15.527950310559007,9999.0,22.98850574712644,9999.0,33.2899396533654,31.25,45.119200048777515,39.8422860429068,9999.0,39.05736207526489,9999.0,9999.0,9999.0,9999.0,45.35601647815412
child_qualities_prosocial_diligence|WVS_A,9999.0,44.382774366241534,39.50504550238346,9999.0,41.5118039782504,45.670739740586264,0.0,38.55852685901947,42.783146643238894,31.167108753315652,33.28881333980897,9999.0,40.45531582035069,52.99826501843418,41.55172413793103,9999.0,9999.0,9999.0,9999.0,9999.0,42.648770551433145,21.551724137931036,46.99701675879618,9999.0,9999.0,57.13899260191183,49.024251610458506,42.043527416619554,9999.0,9999.0,32.78767919411081,9999.0,72.78767919411081,9999.0,9999.0,9999.0,57.394018044741074,9999.0,9999.0,30.142789430027257,9999.0,33.006477860725994,9999.0,47.90477877283365,29.741732327939225,43.96648339479555,37.27499457818261,9999.0,50.06693557997174,9999.0,9999.0,9999.0,9999.0,45.31805631547817
civic_dishonesty_tolerance|WVS_F,9999.0,39.837852949398936,34.96012408554086,9999.0,36.9668825614078,41.125818323743665,38.55852685901947,0.0,38.238225226396295,26.622187336473054,28.74389192296637,9999.0,35.91039440350809,48.453343601591584,37.006802721088434,9999.0,9999.0,9999.0,9999.0,9999.0,38.10384913459055,17.006802721088437,42.45209534195358,9999.0,9999.0,52.59407118506923,44.47933019361591,37.498605999776956,9999.0,9999.0,28.242757777268213,9999.0,68.24275777726821,9999.0,9999.0,9999.0,52.849096627898476,9999.0,9999.0,25.59786801318466,9999.0,28.461556443883396,9999.0,43.35985735599105,25.196810911096627,39.421561977952955,32.73007316134001,9999.0,45.52201416312914,9999.0,9999.0,9999.0,9999.0,40.77313489863557
confidence_in_civil_society_organizations|WVS_E,9999.0,40.708475793483515,39.18474386976028,9999.0,38.4443681952177,35.48803015087837,42.783146643238894,38.238225226396295,0.0,30.846807120692468,32.96851170718579,9999.0,40.13501418772751,52.677963385811,41.231422505307854,9999.0,9999.0,9999.0,9999.0,9999.0,15.45595054095827,21.231422505307854,46.676715126172994,9999.0,9999.0,43.38891143481302,36.376452633008476,28.789283874291606,9999.0,9999.0,31.950487514180274,9999.0,51.42717356254101,9999.0,9999.0,9999.0,56.77826459054505,9999.0,9999.0,19.960079840319363,9999.0,32.686176228102816,9999.0,37.722069183125754,29.421430695316044,28.789283874291606,35.257930738978075,9999.0,42.19391845539677,9999.0,9999.0,9999.0,9999.0,28.52784596579487
confidence_in_domestic_institutions|WVS_E,9999.0,32.446434843695116,27.56870597983704,9999.0,29.57546445570398,33.73440021803984,31.167108753315652,26.622187336473054,30.846807120692468,0.0,21.35247381726255,9999.0,28.518976297804272,41.061925495887756,29.615384615384613,9999.0,9999.0,9999.0,9999.0,9999.0,30.712431028886726,9.615384615384615,35.06067723624975,9999.0,9999.0,45.20265307936541,37.08791208791209,30.107187894073135,9999.0,9999.0,20.85133967156439,9999.0,60.85133967156439,9999.0,9999.0,9999.0,45.45767852219465,9999.0,9999.0,18.206449907480835,9999.0,21.070138338179575,9999.0,35.96843925028723,17.805392805392806,32.030143872249134,25.33865505563619,9999.0,38.13059605742532,9999.0,9999.0,9999.0,9999.0,33.38171679293175
confidence_in_international_organizations|WVS_E,9999.0,34.56813943018844,29.690410566330357,9999.0,31.697169042197295,35.85610480453316,33.28881333980897,28.74389192296637,32.96851170718579,21.35247381726255,0.0,9999.0,30.640680884297595,43.18363008238108,31.737089201877936,9999.0,9999.0,9999.0,9999.0,9999.0,22.172949002217294,11.737089201877934,37.182381822743075,9999.0,9999.0,47.32435766585873,39.2096166744054,32.22889248056646,9999.0,9999.0,22.973044258057712,9999.0,55.865921787709496,9999.0,9999.0,9999.0,47.57938310868797,9999.0,9999.0,20.328154493974154,9999.0,23.191842924672894,9999.0,38.09014383678055,19.92709739188612,34.15184845874245,27.460359642129504,9999.0,40.252300643918645,9999.0,9999.0,9999.0,9999.0,35.24484442705389
crime_victimization|WVS_H,9999.0,9999.0,9999.0,9999.0,9999.0,9999.0,9999.0,9999.0,9999.0,9999.0,9999.0,0.0,9999.0,9999.0,9999.0,9999.0,9999.0,9999.0,9999.0,9999.0,9999.0,9999.0,9999.0,9999.0,9999.0,9999.0,9999.0,9999.0,9999.0,9999.0,9999.0,9999.0,9999.0,9999.0,9999.0,9999.0,9999.0,9999.0,9999.0,9999.0,9999.0,9999.0,9999.0,9999.0,9999.0,9999.0,9999.0,9999.0,9999.0,9999.0,9999.0,9999.0,9999.0,9999.0
democratic_system_evaluation|WVS_E,9999.0,41.73464191073016,36.85691304687208,9999.0,38.863671522739025,43.02260728507488,40.45531582035069,35.91039440350809,40.13501418772751,28.518976297804272,30.640680884297595,9999.0,0.0,50.3501325629228,38.90359168241966,9999.0,9999.0,9999.0,9999.0,9999.0,40.00063809592177,18.90359168241966,44.3488843032848,9999.0,9999.0,54.49086014640045,46.37611915494713,39.39539496110818,9999.0,9999.0,30.139546738599435,9999.0,70.13954673859944,9999.0,9999.0,9999.0,54.745885589229694,9999.0,9999.0,27.494656974515877,9999.0,30.35834540521462,9999.0,45.25664631732227,27.09359987242785,41.31835093928418,34.62686212267123,9999.0,47.41880312446037,9999.0,9999.0,9999.0,9999.0,42.66992385996679
democratic_values_importance|WVS_E,9999.0,54.277591108813645,49.39986224495557,9999.0,48.273964402778645,52.841383146379904,52.99826501843418,48.453343601591584,52.677963385811,41.061925495887756,43.18363008238108,9999.0,50.3501325629228,0.0,51.44654088050314,9999.0,9999.0,9999.0,9999.0,9999.0,48.41540711847879,31.446540880503143,56.89183350136828,9999.0,9999.0,61.52695310673711,55.05019492481471,44.44444444444444,9999.0,9999.0,42.68249593668292,9999.0,82.68249593668293,9999.0,9999.0,9999.0,67.28883478731318,9999.0,9999.0,37.3134328358209,9999.0,42.016806722689076,9999.0,53.1050249010757,34.129692832764505,48.35444389962083,47.16981132075472,9999.0,54.45489608479703,9999.0,9999.0,9999.0,9999.0,49.70601682030345
economic_ideology|WVS_E,9999.0,42.8310502283105,37.95332136445242,9999.0,39.960079840319366,44.119015602655224,41.55172413793103,37.006802721088434,41.231422505307854,29.615384615384613,31.737089201877936,9999.0,38.90359168241966,51.44654088050314,0.0,9999.0,9999.0,9999.0,9999.0,9999.0,41.09704641350211,20.0,45.44529262086514,9999.0,9999.0,55.58726846398079,47.472527472527474,40.49180327868852,9999.0,9999.0,31.235955056179776,9999.0,71.23595505617978,9999.0,9999.0,9999.0,55.842293906810035,9999.0,9999.0,28.591065292096218,9999.0,31.454753722794962,9999.0,46.35305463490261,28.19000819000819,42.41475925686452,35.72327044025157,9999.0,48.51521144204071,9999.0,9999.0,9999.0,9999.0,43.76633217754713
electoral_integrity|WVS_E,9999.0,9999.0,9999.0,9999.0,9999.0,9999.0,9999.0,9999.0,9999.0,9999.0,9999.0,9999.0,9999.0,9999.0,9999.0,0.0,9999.0,9999.0,9999.0,9999.0,9999.0,9999.0,9999.0,9999.0,9999.0,9999.0,9999.0,9999.0,9999.0,9999.0,9999.0,9999.0,9999.0,9999.0,9999.0,9999.0,9999.0,9999.0,9999.0,9999.0,9999.0,9999.0,9999.0,9999.0,9999.0,9999.0,9999.0,9999.0,9999.0,9999.0,9999.0,9999.0,9999.0,9999.0
existential_threat_worry|WVS_H,9999.0,9999.0,9999.0,9999.0,9999.0,9999.0,9999.0,9999.0,9999.0,9999.0,9999.0,9999.0,9999.0,9999.0,9999.0,9999.0,0.0,9999.0,9999.0,9999.0,9999.0,9999.0,9999.0,9999.0,9999.0,9999.0,9999.0,9999.0,9999.0,9999.0,9999.0,9999.0,9999.0,9999.0,9999.0,9999.0,9999.0,9999.0,9999.0,9999.0,9999.0,9999.0,9999.0,9999.0,9999.0,9999.0,9999.0,9999.0,9999.0,9999.0,9999.0,9999.0,9999.0,9999.0
familial_duty_obligations|WVS_D,9999.0,9999.0,9999.0,9999.0,9999.0,9999.0,9999.0,9999.0,9999.0,9999.0,9999.0,9999.0,9999.0,9999.0,9999.0,9999.0,9999.0,0.0,9999.0,9999.0,9999.0,9999.0,9999.0,9999.0,9999.0,9999.0,9999.0,9999.0,9999.0,9999.0,9999.0,9999.0,9999.0,9999.0,9999.0,9999.0,9999.0,9999.0,9999.0,9999.0,9999.0,9999.0,9999.0,9999.0,9999.0,9999.0,9999.0,9999.0,9999.0,9999.0,9999.0,9999.0,9999.0,9999.0
female_income_threat_to_marriage|WVS_D,9999.0,9999.0,9999.0,9999.0,9999.0,9999.0,9999.0,9999.0,9999.0,9999.0,9999.0,9999.0,9999.0,9999.0,9999.0,9999.0,9999.0,9999.0,0.0,9999.0,9999.0,9999.0,9999.0,9999.0,9999.0,9999.0,9999.0,9999.0,9999.0,9999.0,9999.0,9999.0,9999.0,9999.0,9999.0,9999.0,9999.0,9999.0,9999.0,9999.0,9999.0,9999.0,9999.0,9999.0,9999.0,9999.0,9999.0,9999.0,9999.0,9999.0,9999.0,9999.0,9999.0,9999.0
freedom_security_tradeoff_perception|WVS_H,9999.0,9999.0,9999.0,9999.0,9999.0,9999.0,9999.0,9999.0,9999.0,9999.0,9999.0,9999.0,9999.0,9999.0,9999.0,9999.0,9999.0,9999.0,9999.0,0.0,9999.0,9999.0,9999.0,9999.0,9999.0,9999.0,9999.0,9999.0,9999.0,9999.0,9999.0,9999.0,9999.0,9999.0,9999.0,9999.0,9999.0,9999.0,9999.0,9999.0,9999.0,9999.0,9999.0,9999.0,9999.0,9999.0,9999.0,9999.0,9999.0,9999.0,9999.0,9999.0,9999.0,9999.0
gender_role_traditionalism|WVS_D,9999.0,25.25252525252525,39.050367777954534,9999.0,24.096385542168672,45.21606201615734,42.648770551433145,38.10384913459055,15.45595054095827,30.712431028886726,22.172949002217294,9999.0,40.00063809592177,48.41540711847879,41.09704641350211,9999.0,9999.0,9999.0,9999.0,9999.0,0.0,21.09704641350211,45.662100456621005,9999.0,9999.0,27.932960893854748,20.920502092050206,13.333333333333334,9999.0,9999.0,23.04147465437788,9999.0,35.97122302158274,9999.0,9999.0,9999.0,41.32231404958678,9999.0,9999.0,29.68811170559833,9999.0,32.55180013629707,9999.0,33.26104635402548,14.285714285714285,13.333333333333334,19.801980198019802,9999.0,26.7379679144385,9999.0,9999.0,9999.0,9999.0,13.071895424836601
immigrant_origin_status|WVS_G,9999.0,22.831050228310502,17.953321364452425,9999.0,19.960079840319363,24.119015602655224,21.551724137931036,17.006802721088437,21.231422505307854,9.615384615384615,11.737089201877934,9999.0,18.90359168241966,31.446540880503143,20.0,9999.0,9999.0,9999.0,9999.0,9999.0,21.09704641350211,0.0,25.44529262086514,9999.0,9999.0,35.58726846398079,27.47252747252747,20.491803278688522,9999.0,9999.0,11.235955056179776,9999.0,51.235955056179776,9999.0,9999.0,9999.0,35.842293906810035,9999.0,9999.0,8.59106529209622,9999.0,11.45475372279496,9999.0,26.353054634902612,8.19000819000819,22.41475925686452,15.723270440251572,9999.0,28.51521144204071,9999.0,9999.0,9999.0,9999.0,23.76633217754713
importance_of_life_domains|WVS_A,9999.0,48.27634284917564,43.39861398531757,9999.0,45.4053724611845,49.564308223520364,46.99701675879618,42.45209534195358,46.676715126172994,35.06067723624975,37.182381822743075,9999.0,44.3488843032848,56.89183350136828,45.44529262086514,9999.0,9999.0,9999.0,9999.0,9999.0,45.662100456621005,25.44529262086514,0.0,9999.0,9999.0,61.03256108484594,52.917820093392606,45.93709589955366,9999.0,9999.0,36.681247677044915,9999.0,76.68124767704492,9999.0,9999.0,9999.0,61.287586527675174,9999.0,9999.0,34.03635791296136,9999.0,36.9000463436601,9999.0,51.79834725576775,33.63530081087333,47.86005187772966,41.168563061116714,9999.0,53.960504062905855,9999.0,9999.0,9999.0,9999.0,49.211624798412274
institutional_threat_perception|WVS_H,9999.0,9999.0,9999.0,9999.0,9999.0,9999.0,9999.0,9999.0,9999.0,9999.0,9999.0,9999.0,9999.0,9999.0,9999.0,9999.0,9999.0,9999.0,9999.0,9999.0,9999.0,9999.0,9999.0,0.0,9999.0,9999.0,9999.0,9999.0,9999.0,9999.0,9999.0,9999.0,9999.0,9999.0,9999.0,9999.0,9999.0,9999.0,9999.0,9999.0,9999.0,9999.0,9999.0,9999.0,9999.0,9999.0,9999.0,9999.0,9999.0,9999.0,9999.0,9999.0,9999.0,9999.0
international_organization_knowledge|WVS_E,9999.0,9999.0,9999.0,9999.0,9999.0,9999.0,9999.0,9999.0,9999.0,9999.0,9999.0,9999.0,9999.0,9999.0,9999.0,9999.0,9999.0,9999.0,9999.0,9999.0,9999.0,9999.0,9999.0,9999.0,0.0,9999.0,9999.0,9999.0,9999.0,9999.0,9999.0,9999.0,9999.0,9999.0,9999.0,9999.0,9999.0,9999.0,9999.0,9999.0,9999.0,9999.0,9999.0,9999.0,9999.0,9999.0,9999.0,9999.0,9999.0,9999.0,9999.0,9999.0,9999.0,9999.0
job_scarcity_gender_discrimination|WVS_C,9999.0,53.18548614638,53.54058982843322,9999.0,37.3134328358209,49.78996787744008,57.13899260191183,52.59407118506923,43.38891143481302,45.20265307936541,47.32435766585873,9999.0,54.49086014640045,61.52695310673711,55.58726846398079,9999.0,9999.0,9999.0,9999.0,9999.0,27.932960893854748,35.58726846398079,61.03256108484594,9999.0,9999.0,0.0,48.31776236602281,30.12048192771084,9999.0,9999.0,26.315789473684212,9999.0,63.904183915437486,9999.0,9999.0,9999.0,69.25527494344152,9999.0,9999.0,38.30619714754512,9999.0,42.11357778332086,9999.0,46.3725923422838,27.397260273972606,36.63003663003663,45.678795922967126,9999.0,45.62080877870352,9999.0,9999.0,9999.0,9999.0,41.00485631869135
job_scarcity_nativist_preference|WVS_C,9999.0,46.17302734457546,45.425848836979895,9999.0,35.064773662064354,51.5915430751827,49.024251610458506,44.47933019361591,36.376452633008476,37.08791208791209,39.2096166744054,9999.0,46.37611915494713,55.05019492481471,47.472527472527474,9999.0,9999.0,9999.0,9999.0,9999.0,20.920502092050206,27.47252747252747,52.917820093392606,9999.0,9999.0,48.31776236602281,0.0,24.03846153846154,9999.0,9999.0,35.12504754659566,9999.0,56.891725113632944,9999.0,9999.0,9999.0,62.242816141636986,9999.0,9999.0,36.06359276462369,9999.0,38.92728119532243,9999.0,39.8958341603614,20.920502092050206,29.41176470588235,35.587188612099645,9999.0,41.24570534408272,9999.0,9999.0,9999.0,9999.0,33.99239751688681
life_autonomy_morality_permissiveness|WVS_F,9999.0,34.48275862068965,38.44512464314094,9999.0,17.452006980802793,39.734341005381886,42.043527416619554,37.498605999776956,28.789283874291606,30.107187894073135,32.22889248056646,9999.0,39.39539496110818,44.44444444444444,40.49180327868852,9999.0,9999.0,9999.0,9999.0,9999.0,13.333333333333334,20.491803278688522,45.93709589955366,9999.0,9999.0,30.12048192771084,24.03846153846154,0.0,9999.0,9999.0,16.260162601626018,9999.0,49.30455635491607,9999.0,9999.0,9999.0,54.655647382920115,9999.0,9999.0,28.25057027548693,9999.0,31.946557001483484,9999.0,24.449877750611247,27.61904761904762,16.39344262295082,21.78649237472767,9999.0,22.371364653243848,9999.0,9999.0,9999.0,9999.0,16.611295681063122
multilevel_place_attachment|WVS_G,9999.0,9999.0,9999.0,9999.0,9999.0,9999.0,9999.0,9999.0,9999.0,9999.0,9999.0,9999.0,9999.0,9999.0,9999.0,9999.0,9999.0,9999.0,9999.0,9999.0,9999.0,9999.0,9999.0,9999.0,9999.0,9999.0,9999.0,9999.0,0.0,9999.0,9999.0,9999.0,9999.0,9999.0,9999.0,9999.0,9999.0,9999.0,9999.0,9999.0,9999.0,9999.0,9999.0,9999.0,9999.0,9999.0,9999.0,9999.0,9999.0,9999.0,9999.0,9999.0,9999.0,9999.0
neighborhood_disorder_and_crime|WVS_H,9999.0,9999.0,9999.0,9999.0,9999.0,9999.0,9999.0,9999.0,9999.0,9999.0,9999.0,9999.0,9999.0,9999.0,9999.0,9999.0,9999.0,9999.0,9999.0,9999.0,9999.0,9999.0,9999.0,9999.0,9999.0,9999.0,9999.0,9999.0,9999.0,0.0,9999.0,9999.0,9999.0,9999.0,9999.0,9999.0,9999.0,9999.0,9999.0,9999.0,9999.0,9999.0,9999.0,9999.0,9999.0,9999.0,9999.0,9999.0,9999.0,9999.0,9999.0,9999.0,9999.0,9999.0
offline_political_participation|WVS_E,9999.0,34.06700528449028,29.1892764206322,9999.0,17.035775127768314,23.474178403755868,32.78767919411081,28.242757777268213,31.950487514180274,20.85133967156439,22.973044258057712,9999.0,30.139546738599435,42.68249593668292,31.235955056179776,9999.0,9999.0,9999.0,9999.0,9999.0,23.04147465437788,11.235955056179776,36.681247677044915,9999.0,9999.0,26.315789473684212,35.12504754659566,16.260162601626018,9999.0,9999.0,0.0,9999.0,40.0,9999.0,9999.0,9999.0,47.07824896298981,9999.0,9999.0,11.990407673860911,9999.0,15.797788309636653,9999.0,29.752397016667306,14.204545454545453,21.645021645021647,26.959225496431348,9999.0,19.305019305019304,9999.0,9999.0,9999.0,9999.0,21.88183807439825
online_political_participation|WVS_E,9999.0,9999.0,9999.0,9999.0,9999.0,9999.0,9999.0,9999.0,9999.0,9999.0,9999.0,9999.0,9999.0,9999.0,9999.0,9999.0,9999.0,9999.0,9999.0,9999.0,9999.0,9999.0,9999.0,9999.0,9999.0,9999.0,9999.0,9999.0,9999.0,9999.0,9999.0,0.0,9999.0,9999.0,9999.0,9999.0,9999.0,9999.0,9999.0,9999.0,9999.0,9999.0,9999.0,9999.0,9999.0,9999.0,9999.0,9999.0,9999.0,9999.0,9999.0,9999.0,9999.0,9999.0
outgroup_trust|WVS_G,9999.0,61.22374827410799,69.1892764206322,9999.0,57.03577512776832,63.47417840375587,72.78767919411081,68.24275777726821,51.42717356254101,60.85133967156439,55.865921787709496,9999.0,70.13954673859944,82.68249593668293,71.23595505617978,9999.0,9999.0,9999.0,9999.0,9999.0,35.97122302158274,51.235955056179776,76.68124767704492,9999.0,9999.0,63.904183915437486,56.891725113632944,49.30455635491607,9999.0,9999.0,40.0,9999.0,0.0,9999.0,9999.0,9999.0,77.29353707116951,9999.0,9999.0,51.990407673860915,9999.0,55.79778830963665,9999.0,69.23226937560821,50.25693730729702,49.30455635491607,55.773203219602536,9999.0,59.3050193050193,9999.0,9999.0,9999.0,9999.0,49.04311844641934
perceived_negative_effects_of_immigration|WVS_G,9999.0,9999.0,9999.0,9999.0,9999.0,9999.0,9999.0,9999.0,9999.0,9999.0,9999.0,9999.0,9999.0,9999.0,9999.0,9999.0,9999.0,9999.0,9999.0,9999.0,9999.0,9999.0,9999.0,9999.0,9999.0,9999.0,9999.0,9999.0,9999.0,9999.0,9999.0,9999.0,9999.0,0.0,9999.0,9999.0,9999.0,9999.0,9999.0,9999.0,9999.0,9999.0,9999.0,9999.0,9999.0,9999.0,9999.0,9999.0,9999.0,9999.0,9999.0,9999.0,9999.0,9999.0
perceived_positive_effects_of_immigration|WVS_G,9999.0,9999.0,9999.0,9999.0,9999.0,9999.0,9999.0,9999.0,9999.0,9999.0,9999.0,9999.0,9999.0,9999.0,9999.0,9999.0,9999.0,9999.0,9999.0,9999.0,9999.0,9999.0,9999.0,9999.0,9999.0,9999.0,9999.0,9999.0,9999.0,9999.0,9999.0,9999.0,9999.0,9999.0,0.0,9999.0,9999.0,9999.0,9999.0,9999.0,9999.0,9999.0,9999.0,9999.0,9999.0,9999.0,9999.0,9999.0,9999.0,9999.0,9999.0,9999.0,9999.0,9999.0
political_information_sources|WVS_E,9999.0,9999.0,9999.0,9999.0,9999.0,9999.0,9999.0,9999.0,9999.0,9999.0,9999.0,9999.0,9999.0,9999.0,9999.0,9999.0,9999.0,9999.0,9999.0,9999.0,9999.0,9999.0,9999.0,9999.0,9999.0,9999.0,9999.0,9999.0,9999.0,9999.0,9999.0,9999.0,9999.0,9999.0,9999.0,0.0,9999.0,9999.0,9999.0,9999.0,9999.0,9999.0,9999.0,9999.0,9999.0,9999.0,9999.0,9999.0,9999.0,9999.0,9999.0,9999.0,9999.0,9999.0
postmaterialist_values|WVS_E,9999.0,58.67334413512054,53.79561527126246,9999.0,55.802373747129394,59.96130950946526,57.394018044741074,52.849096627898476,56.77826459054505,45.45767852219465,47.57938310868797,9999.0,54.745885589229694,67.28883478731318,55.842293906810035,9999.0,9999.0,9999.0,9999.0,9999.0,41.32231404958678,35.842293906810035,61.287586527675174,9999.0,9999.0,69.25527494344152,62.242816141636986,54.655647382920115,9999.0,9999.0,47.07824896298981,9999.0,77.29353707116951,9999.0,9999.0,9999.0,0.0,9999.0,9999.0,44.43335919890625,9999.0,47.297047629605,9999.0,62.19534854171265,44.03230209681823,54.655647382920115,51.56556434706161,9999.0,64.35750534885075,9999.0,9999.0,9999.0,9999.0,54.39420947442338
precautionary_security_behaviors|WVS_H,9999.0,9999.0,9999.0,9999.0,9999.0,9999.0,9999.0,9999.0,9999.0,9999.0,9999.0,9999.0,9999.0,9999.0,9999.0,9999.0,9999.0,9999.0,9999.0,9999.0,9999.0,9999.0,9999.0,9999.0,9999.0,9999.0,9999.0,9999.0,9999.0,9999.0,9999.0,9999.0,9999.0,9999.0,9999.0,9999.0,9999.0,0.0,9999.0,9999.0,9999.0,9999.0,9999.0,9999.0,9999.0,9999.0,9999.0,9999.0,9999.0,9999.0,9999.0,9999.0,9999.0,9999.0
religion_versus_secularism_orientation|WVS_F,9999.0,9999.0,9999.0,9999.0,9999.0,9999.0,9999.0,9999.0,9999.0,9999.0,9999.0,9999.0,9999.0,9999.0,9999.0,9999.0,9999.0,9999.0,9999.0,9999.0,9999.0,9999.0,9999.0,9999.0,9999.0,9999.0,9999.0,9999.0,9999.0,9999.0,9999.0,9999.0,9999.0,9999.0,9999.0,9999.0,9999.0,9999.0,0.0,9999.0,9999.0,9999.0,9999.0,9999.0,9999.0,9999.0,9999.0,9999.0,9999.0,9999.0,9999.0,9999.0,9999.0,9999.0
religious_belief|WVS_F,9999.0,31.42211552040672,26.544386656548646,9999.0,18.484288354898336,15.527950310559007,30.142789430027257,25.59786801318466,19.960079840319363,18.206449907480835,20.328154493974154,9999.0,27.494656974515877,37.3134328358209,28.591065292096218,9999.0,9999.0,9999.0,9999.0,9999.0,29.68811170559833,8.59106529209622,34.03635791296136,9999.0,9999.0,38.30619714754512,36.06359276462369,28.25057027548693,9999.0,9999.0,11.990407673860911,9999.0,51.990407673860915,9999.0,9999.0,9999.0,44.43335919890625,9999.0,9999.0,0.0,9999.0,20.04581901489118,9999.0,17.761989342806395,16.78107348210441,31.00582454896074,24.314335732347793,9999.0,23.52941176470588,9999.0,9999.0,9999.0,9999.0,32.35739746964335
religious_exclusivism|WVS_F,9999.0,9999.0,9999.0,9999.0,9999.0,9999.0,9999.0,9999.0,9999.0,9999.0,9999.0,9999.0,9999.0,9999.0,9999.0,9999.0,9999.0,9999.0,9999.0,9999.0,9999.0,9999.0,9999.0,9999.0,9999.0,9999.0,9999.0,9999.0,9999.0,9999.0,9999.0,9999.0,9999.0,9999.0,9999.0,9999.0,9999.0,9999.0,9999.0,9999.0,0.0,9999.0,9999.0,9999.0,9999.0,9999.0,9999.0,9999.0,9999.0,9999.0,9999.0,9999.0,9999.0,9999.0
religious_practice_and_self_identification|WVS_F,9999.0,34.285803951105464,29.408075087247383,9999.0,20.120724346076457,22.98850574712644,33.006477860725994,28.461556443883396,32.686176228102816,21.070138338179575,23.191842924672894,9999.0,30.35834540521462,42.016806722689076,31.454753722794962,9999.0,9999.0,9999.0,9999.0,9999.0,32.55180013629707,11.45475372279496,36.9000463436601,9999.0,9999.0,42.11357778332086,38.92728119532243,31.946557001483484,9999.0,9999.0,15.797788309636653,9999.0,55.79778830963665,9999.0,9999.0,9999.0,47.297047629605,9999.0,9999.0,20.04581901489118,9999.0,0.0,9999.0,22.123893805309734,19.644761912803148,33.869512979659476,27.17802416304653,9999.0,28.98550724637681,9999.0,9999.0,9999.0,9999.0,35.22108590034209
science_skepticism|WVS_I,9999.0,9999.0,9999.0,9999.0,9999.0,9999.0,9999.0,9999.0,9999.0,9999.0,9999.0,9999.0,9999.0,9999.0,9999.0,9999.0,9999.0,9999.0,9999.0,9999.0,9999.0,9999.0,9999.0,9999.0,9999.0,9999.0,9999.0,9999.0,9999.0,9999.0,9999.0,9999.0,9999.0,9999.0,9999.0,9999.0,9999.0,9999.0,9999.0,9999.0,9999.0,9999.0,0.0,9999.0,9999.0,9999.0,9999.0,9999.0,9999.0,9999.0,9999.0,9999.0,9999.0,9999.0
science_technology_optimism|WVS_E,9999.0,49.184104863213115,44.30637599935504,9999.0,28.248587570621467,33.2899396533654,47.90477877283365,43.35985735599105,37.722069183125754,35.96843925028723,38.09014383678055,9999.0,45.25664631732227,53.1050249010757,46.35305463490261,9999.0,9999.0,9999.0,9999.0,9999.0,33.26104635402548,26.353054634902612,51.79834725576775,9999.0,9999.0,46.3725923422838,39.8958341603614,24.449877750611247,9999.0,9999.0,29.752397016667306,9999.0,69.23226937560821,9999.0,9999.0,9999.0,62.19534854171265,9999.0,9999.0,17.761989342806395,9999.0,22.123893805309734,9999.0,0.0,18.975332068311197,33.200083135167525,37.25686771730571,9999.0,34.013605442176875,9999.0,9999.0,9999.0,9999.0,32.154340836012864
sexual_and_reproductive_morality_permissiveness|WVS_F,9999.0,31.02105841831869,26.143329554460614,9999.0,14.144271570014144,31.25,29.741732327939225,25.196810911096627,29.421430695316044,17.805392805392806,19.92709739188612,9999.0,27.09359987242785,34.129692832764505,28.19000819000819,9999.0,9999.0,9999.0,9999.0,9999.0,14.285714285714285,8.19000819000819,33.63530081087333,9999.0,9999.0,27.397260273972606,20.920502092050206,27.61904761904762,9999.0,9999.0,14.204545454545453,9999.0,50.25693730729702,9999.0,9999.0,9999.0,44.03230209681823,9999.0,9999.0,16.78107348210441,9999.0,19.644761912803148,9999.0,18.975332068311197,0.0,14.22475106685633,18.281535648994517,9999.0,20.32520325203252,9999.0,9999.0,9999.0,9999.0,15.576323987538942
social_intolerance_outgroups|WVS_A,9999.0,38.58585858585858,40.36808062131694,9999.0,28.369022636870476,45.119200048777515,43.96648339479555,39.421561977952955,28.789283874291606,32.030143872249134,34.15184845874245,9999.0,41.31835093928418,48.35444389962083,42.41475925686452,9999.0,9999.0,9999.0,9999.0,9999.0,13.333333333333334,22.41475925686452,47.86005187772966,9999.0,9999.0,36.63003663003663,29.41176470588235,16.39344262295082,9999.0,9999.0,21.645021645021647,9999.0,49.30455635491607,9999.0,9999.0,9999.0,54.655647382920115,9999.0,9999.0,31.00582454896074,9999.0,33.869512979659476,9999.0,33.200083135167525,14.22475106685633,0.0,25.25252525252525,9999.0,34.54995431888885,9999.0,9999.0,9999.0,9999.0,19.960079840319363
societal_change_attitudes|WVS_E,9999.0,38.55432066856207,33.676591804703996,9999.0,29.673590504451038,39.8422860429068,37.27499457818261,32.73007316134001,35.257930738978075,25.33865505563619,27.460359642129504,9999.0,34.62686212267123,47.16981132075472,35.72327044025157,9999.0,9999.0,9999.0,9999.0,9999.0,19.801980198019802,15.723270440251572,41.168563061116714,9999.0,9999.0,45.678795922967126,35.587188612099645,21.78649237472767,9999.0,9999.0,26.959225496431348,9999.0,55.773203219602536,9999.0,9999.0,9999.0,51.56556434706161,9999.0,9999.0,24.314335732347793,9999.0,27.17802416304653,9999.0,37.25686771730571,18.281535648994517,25.25252525252525,0.0,9999.0,38.606738901027036,9999.0,9999.0,9999.0,9999.0,26.954177897574123
socioeconomic_insecurity_worry|WVS_H,9999.0,9999.0,9999.0,9999.0,9999.0,9999.0,9999.0,9999.0,9999.0,9999.0,9999.0,9999.0,9999.0,9999.0,9999.0,9999.0,9999.0,9999.0,9999.0,9999.0,9999.0,9999.0,9999.0,9999.0,9999.0,9999.0,9999.0,9999.0,9999.0,9999.0,9999.0,9999.0,9999.0,9999.0,9999.0,9999.0,9999.0,9999.0,9999.0,9999.0,9999.0,9999.0,9999.0,9999.0,9999.0,9999.0,9999.0,0.0,9999.0,9999.0,9999.0,9999.0,9999.0,9999.0
subjective_wellbeing|WVS_A,9999.0,51.34626167035121,46.46853280649313,9999.0,34.469474822046664,39.05736207526489,50.06693557997174,45.52201416312914,42.19391845539677,38.13059605742532,40.252300643918645,9999.0,47.41880312446037,54.45489608479703,48.51521144204071,9999.0,9999.0,9999.0,9999.0,9999.0,26.7379679144385,28.51521144204071,53.960504062905855,9999.0,9999.0,45.62080877870352,41.24570534408272,22.371364653243848,9999.0,9999.0,19.305019305019304,9999.0,59.3050193050193,9999.0,9999.0,9999.0,64.35750534885075,9999.0,9999.0,23.52941176470588,9999.0,28.98550724637681,9999.0,34.013605442176875,20.32520325203252,34.54995431888885,38.606738901027036,9999.0,0.0,9999.0,9999.0,9999.0,9999.0,30.211480362537767
violence_tolerance|WVS_F,9999.0,9999.0,9999.0,9999.0,9999.0,9999.0,9999.0,9999.0,9999.0,9999.0,9999.0,9999.0,9999.0,9999.0,9999.0,9999.0,9999.0,9999.0,9999.0,9999.0,9999.0,9999.0,9999.0,9999.0,9999.0,9999.0,9999.0,9999.0,9999.0,9999.0,9999.0,9999.0,9999.0,9999.0,9999.0,9999.0,9999.0,9999.0,9999.0,9999.0,9999.0,9999.0,9999.0,9999.0,9999.0,9999.0,9999.0,9999.0,9999.0,0.0,9999.0,9999.0,9999.0,9999.0
voluntary_association_active_membership|WVS_A,9999.0,9999.0,9999.0,9999.0,9999.0,9999.0,9999.0,9999.0,9999.0,9999.0,9999.0,9999.0,9999.0,9999.0,9999.0,9999.0,9999.0,9999.0,9999.0,9999.0,9999.0,9999.0,9999.0,9999.0,9999.0,9999.0,9999.0,9999.0,9999.0,9999.0,9999.0,9999.0,9999.0,9999.0,9999.0,9999.0,9999.0,9999.0,9999.0,9999.0,9999.0,9999.0,9999.0,9999.0,9999.0,9999.0,9999.0,9999.0,9999.0,9999.0,0.0,9999.0,9999.0,9999.0
voluntary_association_belonging|WVS_A,9999.0,9999.0,9999.0,9999.0,9999.0,9999.0,9999.0,9999.0,9999.0,9999.0,9999.0,9999.0,9999.0,9999.0,9999.0,9999.0,9999.0,9999.0,9999.0,9999.0,9999.0,9999.0,9999.0,9999.0,9999.0,9999.0,9999.0,9999.0,9999.0,9999.0,9999.0,9999.0,9999.0,9999.0,9999.0,9999.0,9999.0,9999.0,9999.0,9999.0,9999.0,9999.0,9999.0,9999.0,9999.0,9999.0,9999.0,9999.0,9999.0,9999.0,9999.0,0.0,9999.0,9999.0
voting_participation|WVS_E,9999.0,9999.0,9999.0,9999.0,9999.0,9999.0,9999.0,9999.0,9999.0,9999.0,9999.0,9999.0,9999.0,9999.0,9999.0,9999.0,9999.0,9999.0,9999.0,9999.0,9999.0,9999.0,9999.0,9999.0,9999.0,9999.0,9999.0,9999.0,9999.0,9999.0,9999.0,9999.0,9999.0,9999.0,9999.0,9999.0,9999.0,9999.0,9999.0,9999.0,9999.0,9999.0,9999.0,9999.0,9999.0,9999.0,9999.0,9999.0,9999.0,9999.0,9999.0,9999.0,0.0,9999.0
work_ethic|WVS_C,9999.0,38.32442067736185,41.719653541999556,9999.0,26.315789473684212,45.35601647815412,45.31805631547817,40.77313489863557,28.52784596579487,33.38171679293175,35.24484442705389,9999.0,42.66992385996679,49.70601682030345,43.76633217754713,9999.0,9999.0,9999.0,9999.0,9999.0,13.071895424836601,23.76633217754713,49.211624798412274,9999.0,9999.0,41.00485631869135,33.99239751688681,16.611295681063122,9999.0,9999.0,21.88183807439825,9999.0,49.04311844641934,9999.0,9999.0,9999.0,54.39420947442338,9999.0,9999.0,32.35739746964335,9999.0,35.22108590034209,9999.0,32.154340836012864,15.576323987538942,19.960079840319363,26.954177897574123,9999.0,30.211480362537767,9999.0,9999.0,9999.0,9999.0,0.0
