country,AND,ARG,ARM,AUS,BGD,BOL,BRA,CAN,CHL,CHN,COL,CYP,CZE,DEU,ECU,EGY,ETH,GBR,GRC,GTM,HKG,IDN,IND,IRN,IRQ,JOR,JPN,KAZ,KEN,KGZ,KOR,LBN,LBY,MAC,MAR,MDV,MEX,MMR,MNG,MYS,NGA,NIC,NIR,NLD,NZL,PAK,PER,PHL,PRI,ROU,RUS,SGP,SRB,SVK,THA,TJK,TUN,TUR,TWN,UKR,URY,USA,UZB,VEN,VNM,ZWE
AND,0.0,0.031928531972561854,0.030130081270855955,0.0207715261633594,0.02061818185016845,0.03581313302443404,0.0243681643888508,0.024660142302595785,0.04238458329763945,0.051726083240511936,0.03494120743741824,0.03817329840215457,0.02150099169961242,0.03448385049335019,0.03657664292364257,0.032638464159791075,0.02724111877367464,0.040191879012039806,0.019658642061631135,0.04003232155461979,0.04009926562318475,0.025345327903802412,0.03582491171803466,0.035244849195540384,0.020434117979901564,0.033532662669792726,0.03620590600032399,0.02748063763585916,0.040088760913088564,0.05245910812738471,0.01898645787150701,0.020233284820243735,0.03728982378433854,0.03755576199548255,0.01891551152510826,0.027003878373840606,0.02732681850800827,0.02601506786242045,0.055847432539057676,0.044862046888677065,0.02096562230696989,0.0477271812138514,0.024365884931612392,0.02091032826007726,0.01903474123770183,0.018272593943753107,0.037100835064683244,0.03807959187749976,0.03023745200552143,0.03599745591286162,0.020872766453890884,0.019632605388421636,0.036968184976570936,0.01964078848941755,0.038588058572950515,0.036083922605136036,0.02707446376674669,0.04299439468661833,0.031328929136907435,0.030615134702680263,0.030145798153133577,0.019393453063066557,0.04727429015403968,0.03509949352597722,0.031037385874712754,0.024331165034669845
ARG,0.031928531972561854,0.0,0.013759397669631523,0.0224395423053724,0.03491266621355731,0.044209712420709854,0.018863170679489723,0.04504344740895508,0.016816263242740565,0.02410119821201217,0.040837192735209506,0.02607584377252099,0.033078430802751184,0.01874853735559249,0.03606853230513932,0.023298043707390706,0.017427066447048827,0.049998730902972514,0.030146615518584365,0.051263137278888087,0.04578253607481224,0.016722047234606803,0.05751539512657085,0.055336866013670494,0.041135435509366,0.02489075970393447,0.014651541851436474,0.04580404485022769,0.06600084310338544,0.021599333544329934,0.026192710433962728,0.02199831575259197,0.014772099988312038,0.021359747910648423,0.03752231634854559,0.022510928590126905,0.017095321356963948,0.021728372650542747,0.03327495104090321,0.056103449242684005,0.023484994817831215,0.06928984066874505,0.020589480999247088,0.023690322910863763,0.0252837802171043,0.03730596519736608,0.04332565037277407,0.020429133546650508,0.029221918437526827,0.012645885482180982,0.02371027516966553,0.03514905415624579,0.06016768303572356,0.03852990736007399,0.05901260430907027,0.05331461734750852,0.05349354296578016,0.019811642588732817,0.03420248432387766,0.032755570838172196,0.0386331809815367,0.02494364398819555,0.0636414939698178,0.016672640213468842,0.03315891173004466,0.026691828900627372
ARM,0.030130081270855955,0.013759397669631523,0.0,0.020801282992490025,0.032837844542345826,0.03993595420110642,0.016853713696380952,0.03707948210300298,0.017250441384092027,0.026685003847510595,0.03736382991464099,0.024921457079101303,0.031014915403894935,0.01747033650704572,0.032743697763778196,0.02412515951368554,0.016867688260010814,0.05207115486685482,0.024892694172530386,0.04887109057382953,0.04040405706036819,0.014459903650175354,0.049908045944160845,0.05103812272425208,0.03462895297939707,0.025977870418954656,0.013729676434800551,0.03680991556111099,0.06036687320779978,0.021829334358336318,0.020182040609209098,0.018419510574977132,0.013192447138667584,0.018520785677449747,0.030729939805660512,0.02286013519024538,0.016521163022987423,0.021789397665803057,0.03383710059585734,0.050940076447084426,0.018729039712389386,0.06380267202610634,0.01871248843853463,0.023912471718484634,0.021413766064967817,0.03271736250967016,0.0388514878044407,0.017925510832365786,0.029034034491549607,0.013366178242338003,0.017990223752510453,0.03108184104935456,0.0528817544965402,0.03419760880794419,0.05371983394707738,0.04695984632149153,0.052611301589266475,0.015575060970866889,0.02793613589609107,0.030746861204675624,0.03388677807278237,0.019245085887686315,0.05750853774043216,0.016766596688397868,0.029868915749669815,0.01752075584275646
AUS,0.0207715261633594,0.0224395423053724,0.020801282992490025,0.0,0.021912270046554213,0.03387514913156331,0.015747091470636167,0.026021932074843643,0.028301074023013628,0.03972160951602413,0.030993282004428822,0.0256066212565935,0.022154569909724867,0.021609790300737845,0.03502449517613346,0.028544597533225552,0.02136713260659477,0.0359315344064236,0.023274030213196614,0.04253991030180384,0.037487634154887095,0.01624084784959539,0.03702514902136759,0.03983421868981329,0.024214830115975722,0.02794557879118308,0.026030199593501765,0.027676507062925064,0.04687007219874757,0.035933299280364484,0.01733202651008945,0.01568448702606074,0.025042734262874067,0.02402799688242949,0.023629257443289052,0.022170263199010144,0.01768791153563879,0.022204009405745306,0.045358897545325294,0.046275042624005,0.015668542078160305,0.05232221600749366,0.016315306941829488,0.017170334652043245,0.01853393436983386,0.021746150616527703,0.03196758125689454,0.026094944209456954,0.02821728749467767,0.024796800042446047,0.015110463984835076,0.02074160474936934,0.04206553439419856,0.024306701799556792,0.0429596677942089,0.0387888271123652,0.034722908294391674,0.030827889449766152,0.02973351877328961,0.027031044865494312,0.028747836099881907,0.017222766365659507,0.050560498125675424,0.02366053064823513,0.024561265681981678,0.022358538594146646
BGD,0.02061818185016845,0.03491266621355731,0.032837844542345826,0.021912270046554213,0.0,0.041094119935670234,0.024501864401558195,0.034508299462618096,0.048468356063099745,0.047264043093224205,0.03964568228615435,0.04441935638827414,0.020632806868449743,0.04083558222645434,0.04755367343516141,0.028986434633039602,0.02641087368521569,0.03172863417041,0.03234336406262302,0.04715354838843407,0.04855558391515914,0.02874744352571399,0.04448839216120643,0.04295845306024078,0.023494090641037687,0.029804551112516384,0.04035293806407038,0.03448171597777694,0.047973496349785316,0.05517922205614961,0.021365868181463583,0.024361077115529917,0.0445020149209447,0.04447835748417357,0.027961990756166746,0.023666472321249053,0.03069812902278124,0.023499029975321058,0.06778037467793462,0.055765226428082654,0.025153628147085594,0.05514578423335026,0.024030057370532504,0.02052147743195697,0.021371083358369566,0.019958934348810315,0.04174665249684577,0.04329508286287609,0.03490027322268133,0.04043888657979454,0.024198806246706638,0.02386430994307243,0.04791278395662801,0.0265258327909329,0.046658101228832155,0.04681997193425473,0.02713313446903507,0.04893952023483718,0.04284296504664125,0.03820754814943068,0.04017897654831665,0.022464763998429966,0.05538250759240962,0.04088210484331907,0.03588440908587956,0.03433582808879543
BOL,0.03581313302443404,0.044209712420709854,0.03993595420110642,0.03387514913156331,0.041094119935670234,0.0,0.026641537364905717,0.019834859721796723,0.020427768669797692,0.049129892100935504,0.012326974947537343,0.018722040789307778,0.031249770817058233,0.028209563508571036,0.013911758467098884,0.03554667311455635,0.028468232917042646,0.0530416416837185,0.020377735457177963,0.020116309312821375,0.013264306669324509,0.02460956643143625,0.017569888920410965,0.026542197218418474,0.02704878975447806,0.03765562170541861,0.036140622266921676,0.02030569620724252,0.02737520149744396,0.05285220837476814,0.02073691198201435,0.02170700026385386,0.031317148522333915,0.029711929602830763,0.02305149748541828,0.03244245985078899,0.027272765773584534,0.030922308941877544,0.02974472285406201,0.022614325293816358,0.02238251823699601,0.02442671543926069,0.027939770898770103,0.026686274863296885,0.02108477258613542,0.0269816709435475,0.01181172258971917,0.01816516512775491,0.017297192514968505,0.03298427290926678,0.020643032358256326,0.02266145486542132,0.019420033038476003,0.0242659302357303,0.025577430078585518,0.01748937600346908,0.04518009909200128,0.03962751109394351,0.019456393183902885,0.016895094440462038,0.017621526371151545,0.02004706735915106,0.01833536533251961,0.029702054164913408,0.016214974621927745,0.01869411715397558
BRA,0.0243681643888508,0.018863170679489723,0.016853713696380952,0.015747091470636167,0.024501864401558195,0.026641537364905717,0.0,0.03624472514032755,0.025304945461597048,0.031924675681801434,0.03213636168483358,0.025433153263501013,0.023888249860266022,0.020489597575580602,0.03681104748609848,0.020908087057383735,0.016111679918547957,0.03789516184340596,0.02588683967409789,0.04683741776657295,0.04208776057035792,0.015498160729788667,0.048098198455905676,0.04609800428476049,0.027609411211880236,0.022116470359291093,0.02173608363651642,0.03538140219141892,0.05397782454245688,0.031164961971127336,0.018503769542835096,0.01872047472064398,0.02175346053672844,0.021552273706285062,0.028513903382371263,0.017885919285612843,0.016364473269290074,0.017834962744093845,0.04166407583607337,0.052635621100324395,0.020531740104094216,0.05895076547877019,0.016001448720388327,0.019515777845334852,0.018925542165857047,0.02342270509325146,0.035406116661189806,0.02341746399087037,0.030802686433874654,0.020505463104472876,0.018898152042427157,0.027515501110772785,0.050746861840841165,0.029985290382559288,0.04932086019611495,0.046195782193227744,0.03928845459153982,0.026743504297055208,0.031068384540942802,0.030819501637592082,0.034973233499385616,0.01848815890103596,0.05616044637680863,0.02555369035857303,0.029669882789792146,0.020407073609521306
CAN,0.024660142302595785,0.04504344740895508,0.03707948210300298,0.026021932074843643,0.034508299462618096,0.019834859721796723,0.03624472514032755,0.0,0.023188839877764388,0.055410643735440517,0.020277383789984123,0.020119636647175844,0.0345699906299754,0.027474014884513037,0.02180739088258358,0.04122163305787421,0.037319193276959046,0.05081848033116017,0.01895094327353105,0.027360455147497874,0.019826407942578728,0.02831913734585656,0.019658035498144925,0.026520209485264255,0.01986437234520184,0.04209046178025293,0.04738227570480177,0.015409461414985299,0.028362197383116794,0.058539566591482926,0.019633345916835798,0.02044298733358672,0.03459331113718356,0.03009765680874563,0.01963940170373886,0.035910347795781984,0.0300042316490466,0.03596997469652763,0.038953253943942834,0.02729618781008822,0.02117727670737169,0.030590924194954162,0.031469348831488664,0.029457474099534375,0.020549151437360004,0.02446811887966789,0.019501545950114888,0.020333377532121534,0.016089426062926154,0.04148702418429053,0.01974188289465175,0.01857113151393666,0.020572665272891328,0.020291251146395118,0.0274969085874085,0.021210317835848425,0.04018256894120736,0.047271164220488326,0.017317205282696164,0.016203792685418578,0.016230930576193108,0.02032457037805683,0.02776577478323577,0.027554673609363745,0.016311649781050402,0.01928732971041565
CHL,0.04238458329763945,0.016816263242740565,0.017250441384092027,0.028301074023013628,0.048468356063099745,0.020427768669797692,0.025304945461597048,0.023188839877764388,0.0,0.02102877461005275,0.016749439785533983,0.010377238275538329,0.04259849006598117,0.015573145024681434,0.017298682638056673,0.029613910348147553,0.022149161638878537,0.06576089529034104,0.02290833976767148,0.03214525715078341,0.0206035013559921,0.018996673566167202,0.030431564242451345,0.04535584542664292,0.034527302291873396,0.032069108980989594,0.015116883648774782,0.02484267218317169,0.04743019829995441,0.015886439735940085,0.027045350044653395,0.024719814011001477,0.015630586329646833,0.015492662591168476,0.02707607880744455,0.030934353194478608,0.02016357048677553,0.028017692245280515,0.01975450486309439,0.03544976821957506,0.024626236976012166,0.038931299337458564,0.025233127264973326,0.0321240527293251,0.028901395590259397,0.04219176932556459,0.018747319347340245,0.010788273113519913,0.015531716317876393,0.01384534736266479,0.02247558690198917,0.028016900289144483,0.031650662473447985,0.03174374691169265,0.04433651714331942,0.03180076274301056,0.06876786568846281,0.0167232433726239,0.02187721261350583,0.013390397154513185,0.015037208238764577,0.026476724197928587,0.0331881357543478,0.0158287463760013,0.012791765847130574,0.014162875658087739
CHN,0.051726083240511936,0.02410119821201217,0.026685003847510595,0.03972160951602413,0.047264043093224205,0.049129892100935504,0.031924675681801434,0.055410643735440517,0.02102877461005275,0.0,0.05474492376355672,0.036963185709563154,0.045420300242581646,0.03909152733679958,0.04618732083263819,0.02429374705813838,0.020494684540015323,0.04596783677102522,0.05262333174298802,0.06763298941637615,0.05804298774737258,0.03713391674105626,0.07838453419355694,0.0754686154700705,0.06523080118553445,0.02731061452580178,0.026386413246518598,0.06806404742238137,0.08597332883685616,0.0263595574563448,0.05094395221484743,0.04722949870839928,0.03338810679300701,0.042460562998930106,0.062472766098770185,0.027685457572328445,0.04015827566925226,0.026009014399537973,0.048396308322252515,0.07073952633794602,0.04124551601567121,0.08638276968446018,0.03015452998849255,0.043517953231321155,0.05241700610646627,0.05600253013502548,0.056182774845087005,0.03272023595282766,0.040054173643723344,0.02904092123503213,0.04722778715972608,0.0561926571552028,0.07779371590868006,0.06397466306652273,0.08130621111158479,0.07612531732057035,0.05690067977862892,0.03330328213182341,0.05470091892766443,0.04784454554712325,0.051811273670189895,0.05128961566256749,0.07667527304064513,0.028126550014230728,0.046857035604824904,0.037591686710428285
COL,0.03494120743741824,0.040837192735209506,0.03736382991464099,0.030993282004428822,0.03964568228615435,0.012326974947537343,0.03213636168483358,0.020277383789984123,0.016749439785533983,0.05474492376355672,0.0,0.015352576301394845,0.03258919993881823,0.023669947629592694,0.012255069952177008,0.03320021795411306,0.02694671605929482,0.053647871799009705,0.019974209670631418,0.020209212303803094,0.012262449156281878,0.021389538006664398,0.019106647348324193,0.029870075121824255,0.02918552921816515,0.035871813281250636,0.033839485833895754,0.021442739950204286,0.031543895501091206,0.05341008672984067,0.01848817936048547,0.018119272175528136,0.025791237336149762,0.025633712338381548,0.023994818148457213,0.03123360800030458,0.02180691695699171,0.030130428682933787,0.02320938549322841,0.023062987125338583,0.01955144085181525,0.02581457343723871,0.026482493396872468,0.023916648351937776,0.020446406113936465,0.028588704262095584,0.011229381755301217,0.01595419715599354,0.016813200400819864,0.027041198669439034,0.01706600063539241,0.023796404296491575,0.020845408089289544,0.026351973332408893,0.028639358704458946,0.01889740165501501,0.05056505024986219,0.03763797168351392,0.018613931297811446,0.015382840189748068,0.015941666324684498,0.0185720974995978,0.019232367936902754,0.021615854567924267,0.014661549122182826,0.017310908205996393
CYP,0.03817329840215457,0.02607584377252099,0.024921457079101303,0.0256066212565935,0.04441935638827414,0.018722040789307778,0.025433153263501013,0.020119636647175844,0.010377238275538329,0.036963185709563154,0.015352576301394845,0.0,0.04102119831990364,0.015590231067829823,0.016099008971168994,0.02845699872999765,0.02076316548865356,0.0610559840781144,0.01843480107423945,0.029841458391869514,0.017975855353395645,0.017276242186930205,0.026971414826177577,0.040572990385055914,0.03040872284033646,0.031051695892401254,0.018197750767653245,0.021716383442613722,0.043392107974783586,0.03145566211504164,0.024634623740235097,0.022100455004445834,0.016185971925251265,0.016122469626349507,0.023759246105476074,0.028038381635879652,0.01789628399461746,0.02610431979695557,0.01741988267353451,0.03171570122331673,0.022630106709636118,0.03606066302668487,0.023049547474026967,0.028939831245857278,0.02715471000820944,0.038768319389526,0.01704715390306815,0.011102225440963072,0.014570902444646682,0.01666273295696202,0.020878012404010646,0.02393018541285096,0.028467601855335794,0.027747304081560346,0.03999641485161706,0.028151793606055416,0.062200865206221256,0.01954927602687284,0.017860720159301204,0.012015630275600892,0.01303535472823747,0.024377441100787805,0.030232578194344915,0.017820650157124987,0.011661623468154966,0.013720518469405526
CZE,0.02150099169961242,0.033078430802751184,0.031014915403894935,0.022154569909724867,0.020632806868449743,0.031249770817058233,0.023888249860266022,0.0345699906299754,0.04259849006598117,0.045420300242581646,0.03258919993881823,0.04102119831990364,0.0,0.03978127738897669,0.04556686930082815,0.02697370104665399,0.02559912292487935,0.031335813792974204,0.03145546891244487,0.047269419500716524,0.050214766828324674,0.028926304280782487,0.046042982078708966,0.043807053390691186,0.024414077762868303,0.027005464279314516,0.03754124096950633,0.03493225352383336,0.050039814675686994,0.05124768419627754,0.022200366898196825,0.024215649202427875,0.043239260330043675,0.0428863530773379,0.02787528836836808,0.022890310786012415,0.03184162551963576,0.022161162033566648,0.06833316828321773,0.055352457364470115,0.02427926823986654,0.05696562860479369,0.023518382571438866,0.021013725728407984,0.021563581788294223,0.02074279992170858,0.043499676580898886,0.04399651475707505,0.03485555248823869,0.03871419733019406,0.024709136346311424,0.025635066069966086,0.048091099247060225,0.02766099841405821,0.048194012627619146,0.0482475648910933,0.0287454782909672,0.04548594603827111,0.04111830299335795,0.03824183333192051,0.041599373771826154,0.022985243988581316,0.058307708692861865,0.03884360821813892,0.03730316485612343,0.03356096670430557
DEU,0.03448385049335019,0.01874853735559249,0.01747033650704572,0.021609790300737845,0.04083558222645434,0.028209563508571036,0.020489597575580602,0.027474014884513037,0.015573145024681434,0.03909152733679958,0.023669947629592694,0.015590231067829823,0.03978127738897669,0.0,0.026378321208302517,0.03360545950523533,0.027554182584624796,0.0608742136625145,0.02189902241912975,0.04583339541697175,0.02823249913808607,0.014300443848329795,0.03869023007232146,0.04888810762317365,0.035453043558685206,0.03586881052990519,0.020813801133990055,0.03065356231988278,0.0561181866984624,0.017687752477445563,0.02114111435856057,0.01738892883516535,0.010428922145799423,0.009476596429126103,0.028486452206101687,0.02934805681012186,0.015327445145828802,0.03456982597514489,0.022016366852717836,0.04259464312119984,0.017191685491705674,0.05180096375088734,0.02254034897187633,0.02785593796748393,0.023959139618499797,0.036961831828818625,0.02618697786566759,0.015906955357895818,0.020272513216625616,0.014800824601549672,0.01599415385431312,0.028447919983673325,0.04194614764370362,0.032716240203310085,0.05020300553828161,0.03814263065278581,0.06351685544083331,0.019174291628185944,0.02316677660067001,0.016557745505005092,0.018045388234717123,0.019622654187106403,0.04475476900093012,0.011300988086515588,0.01652097394183079,0.017010483369406422
ECU,0.03657664292364257,0.03606853230513932,0.032743697763778196,0.03502449517613346,0.04755367343516141,0.013911758467098884,0.03681104748609848,0.02180739088258358,0.017298682638056673,0.04618732083263819,0.012255069952177008,0.016099008971168994,0.04556686930082815,0.026378321208302517,0.0,0.035706007041956526,0.02749921179229964,0.057591708496982814,0.022116306660427115,0.01957085008510481,0.014071257756937038,0.02390710089933322,0.02070119979170789,0.03256520396690178,0.031747299332782725,0.03695275998603478,0.024213003185201552,0.021499265423297415,0.03467596582648929,0.03171762607686699,0.022794431847807523,0.019741644010650792,0.025450867319240348,0.02296182333279067,0.025002350072427647,0.031394374801214216,0.02505479801898814,0.03188255580348399,0.020666156037366844,0.024742049098120743,0.019388069197766977,0.026756624966063083,0.02857748821503473,0.0288433387917325,0.025074981682070216,0.03289946983807042,0.012734951199692517,0.01667434625164146,0.01731024510311728,0.026874250814626372,0.020315098598680484,0.027229295410408007,0.022069193064157777,0.029413418573860345,0.03180196892889306,0.02149284987628359,0.055050233356358946,0.02638005010483692,0.019600529863783432,0.01559059165982147,0.016880615034891973,0.021321395709063405,0.021383298185041012,0.02672415776605026,0.016226905752943707,0.01951231265689144
EGY,0.032638464159791075,0.023298043707390706,0.02412515951368554,0.028544597533225552,0.028986434633039602,0.03554667311455635,0.020908087057383735,0.04122163305787421,0.029613910348147553,0.02429374705813838,0.03320021795411306,0.02845699872999765,0.02697370104665399,0.03360545950523533,0.035706007041956526,0.0,0.018443078952272558,0.030734196358869266,0.04145219980505621,0.05441218988052371,0.0535918898331892,0.02538760602388712,0.06364759013440241,0.05953201832018336,0.04511448748394957,0.018132810141926105,0.027538003586752593,0.04948523043597744,0.06884467588673418,0.033657769669544146,0.03668120777471837,0.03257814902024941,0.035325921561498455,0.04136341980160306,0.04630844957743907,0.01905292778653074,0.03025485587659145,0.017609657699390373,0.057902386275842155,0.06275966757391836,0.030911040798087465,0.07089015472747721,0.022449718512401205,0.025872017787786708,0.034730264312264184,0.03751066908652648,0.04742764637591684,0.032086561448364456,0.03628952685395182,0.028260188667768773,0.03282431559277157,0.0426695997515919,0.06231213592015959,0.043381648357879866,0.06510903742631481,0.06361369992210278,0.040002110784893796,0.03608167113461003,0.049195116310600036,0.04067728055394837,0.04662226640586399,0.03009023044391898,0.06812812978732788,0.034713639145595276,0.0397718740946745,0.03624986478092952
ETH,0.02724111877367464,0.017427066447048827,0.016867688260010814,0.02136713260659477,0.02641087368521569,0.028468232917042646,0.016111679918547957,0.037319193276959046,0.022149161638878537,0.020494684540015323,0.02694671605929482,0.02076316548865356,0.02559912292487935,0.027554182584624796,0.02749921179229964,0.018443078952272558,0.0,0.03940301754627139,0.03115965250308214,0.0499541290384199,0.04631151590996183,0.01868727209581085,0.05719499947573935,0.05292707469629046,0.03798279068569657,0.02046278255452039,0.018572889286335086,0.0438813324547096,0.06203214689824629,0.025622454626602655,0.02587433835431852,0.024815986817236225,0.020695872675397853,0.02840887584768667,0.03590276461724562,0.018723199714719807,0.02184698933049403,0.017997522610938017,0.041495595885469846,0.056449807940662684,0.02398165443323162,0.06631072681588637,0.017117947653603305,0.02150564030291116,0.022764738459843004,0.03284579097827379,0.040131544473435025,0.023058049393069248,0.03102529225104612,0.018727424877908152,0.020199833190193132,0.03403335980874598,0.05750556849599408,0.03442875872239883,0.056865962411836314,0.0536018518979742,0.04306824274440044,0.023915287592799518,0.03728634412242684,0.03454450007922101,0.039486863059574065,0.020694428485694836,0.06113024869818344,0.025041347613229393,0.032883169718333397,0.026607332504002032
GBR,0.040191879012039806,0.049998730902972514,0.05207115486685482,0.0359315344064236,0.03172863417041,0.0530416416837185,0.03789516184340596,0.05081848033116017,0.06576089529034104,0.04596783677102522,0.053647871799009705,0.0610559840781144,0.031335813792974204,0.0608742136625145,0.057591708496982814,0.030734196358869266,0.03940301754627139,0.0,0.06330734609449404,0.06991937998713041,0.07421353226951947,0.04852331900936188,0.07122807580964252,0.06897494314403864,0.05160214445691894,0.029981465720951686,0.058287393481146324,0.06062241805941197,0.0749551671202594,0.06494458482243434,0.04520329725340307,0.05239139133806146,0.07133238715622935,0.07159593859241237,0.05645966248027358,0.03113595445989432,0.05203829344404925,0.03205335736990925,0.10365748713466334,0.07985091237936809,0.05268093629110698,0.0791140251093975,0.03643296511137071,0.03707324641843944,0.04157640954633536,0.039993348710398786,0.06573192136046738,0.06927072578812832,0.05948109271661932,0.06476841546551146,0.050630808224553445,0.05589935600413943,0.07083081073559609,0.05373269332761789,0.07494212366543507,0.07618638005581643,0.03793362311600591,0.07480371372871597,0.07371616971137342,0.0641831421840238,0.06635280585608905,0.046637795965821766,0.08174498097517638,0.07319876566665157,0.06163340201855285,0.05805220126924279
GRC,0.019658642061631135,0.030146615518584365,0.024892694172530386,0.023274030213196614,0.03234336406262302,0.020377735457177963,0.02588683967409789,0.01895094327353105,0.02290833976767148,0.05262333174298802,0.019974209670631418,0.01843480107423945,0.03145546891244487,0.02189902241912975,0.022116306660427115,0.04145219980505621,0.03115965250308214,0.06330734609449404,0.0,0.03439724822253789,0.023783536265401493,0.02215956671787724,0.02621323779120022,0.03181270540544941,0.020014245491593453,0.03962728309619973,0.03449183823698786,0.02040350001479603,0.035454228335041596,0.04973370252343212,0.016573118151032025,0.015451536083094028,0.026950634051550564,0.023954523344722693,0.017981845979016954,0.03725264623510331,0.023619200451718655,0.036929384133516874,0.034560461294924995,0.032942563697786156,0.01739307355766872,0.03788324696880989,0.028343432966727644,0.026197707929570366,0.01787320102190315,0.02208245720773951,0.022293724024175617,0.022175680438960794,0.020275702482108974,0.028349589499040564,0.01698986312834083,0.01635323675591199,0.025636120416305343,0.018057870585708482,0.03305450593230906,0.026260436734983596,0.03815882226229696,0.03396722657854404,0.017770476033108454,0.018611894062506767,0.018487727211452146,0.017233503645419722,0.03416724204203275,0.023968297007858363,0.018627777889817773,0.01594637352300393
GTM,0.04003232155461979,0.051263137278888087,0.04887109057382953,0.04253991030180384,0.04715354838843407,0.020116309312821375,0.04683741776657295,0.027360455147497874,0.03214525715078341,0.06763298941637615,0.020209212303803094,0.029841458391869514,0.047269419500716524,0.04583339541697175,0.01957085008510481,0.05441218988052371,0.0499541290384199,0.06991937998713041,0.03439724822253789,0.0,0.021221179883074183,0.03426441299463642,0.02258617147996287,0.029890338179244285,0.024466762997279963,0.04525169093568524,0.04600502794809517,0.020239747483129185,0.02526205417684996,0.0597401000945609,0.025848694877304453,0.026522949018647903,0.04391710074380246,0.03888426183522587,0.0223658118715664,0.0399810994291057,0.03675225089691786,0.03939186755596706,0.03946319389147519,0.01845738208529215,0.02699674537587988,0.019589646236177403,0.03581611510632794,0.031223355896753725,0.026644171155057062,0.02728956116637226,0.01955610052488661,0.026847075709341757,0.020651010888106447,0.045239389588024835,0.02740218685774573,0.02234485973443702,0.02296946226499995,0.023200491439078368,0.023098483421702763,0.0232189255249254,0.04124052841296586,0.04859940690167833,0.023140873316527564,0.02104098084738883,0.021490627514010388,0.02700303638872902,0.016654195317204933,0.03932907991713169,0.021768657354299097,0.02634878098167122
HKG,0.04009926562318475,0.04578253607481224,0.04040405706036819,0.037487634154887095,0.04855558391515914,0.013264306669324509,0.04208776057035792,0.019826407942578728,0.0206035013559921,0.05804298774737258,0.012262449156281878,0.017975855353395645,0.050214766828324674,0.02823249913808607,0.014071257756937038,0.0535918898331892,0.04631151590996183,0.07421353226951947,0.023783536265401493,0.021221179883074183,0.0,0.03079708237446544,0.017607164033644783,0.02616690998103874,0.03201268564080799,0.04547188417476458,0.04024588313064561,0.020985787435990257,0.028859620213134457,0.057006620355891345,0.02770524030346533,0.02727091975290442,0.03538353981214058,0.03021725821142924,0.028425393989068126,0.0389810181826329,0.030600535038225955,0.03861210448866238,0.02713743832577401,0.021751048624534843,0.02858638134043567,0.024921036515419534,0.03434274276195469,0.03480979474471511,0.029568039181013816,0.03550463169389669,0.012017324551343944,0.019134386487971205,0.018769421111955596,0.038115772090328334,0.02671462783580896,0.02708064451737837,0.020389395539392063,0.029588306152607505,0.025527256776982244,0.016384448698599976,0.052751831249504555,0.04520447199104172,0.01723567698082726,0.017173842036257565,0.0172013547912476,0.02743781217161741,0.018007551593319647,0.030061411646468455,0.016508173161689912,0.02272384617486354
IDN,0.025345327903802412,0.016722047234606803,0.014459903650175354,0.01624084784959539,0.02874744352571399,0.02460956643143625,0.015498160729788667,0.02831913734585656,0.018996673566167202,0.03713391674105626,0.021389538006664398,0.017276242186930205,0.028926304280782487,0.014300443848329795,0.02390710089933322,0.02538760602388712,0.01868727209581085,0.04852331900936188,0.02215956671787724,0.03426441299463642,0.03079708237446544,0.0,0.038501102096841544,0.04412613278108101,0.02896943612495882,0.02934853879614713,0.01910274756484536,0.027956882008356616,0.05143411140578573,0.03207501379982193,0.018172501558190973,0.016617857652307017,0.015569459017694706,0.015064438459351754,0.02442084287720446,0.02317315066607934,0.014428622875866154,0.023877266736981314,0.0307934719494333,0.045033034218548366,0.01737703025420942,0.055032197431654176,0.017506359288172478,0.020396336543147597,0.01942400404707586,0.02782925200215222,0.03203387990598805,0.018702413827889917,0.02310415943595311,0.016552428661702583,0.014502866664752999,0.024137325117984103,0.044243108831813205,0.027599712004837455,0.04598525726547251,0.03901560746792064,0.04618094457515705,0.019911768109750237,0.025249827382076536,0.023422962210381443,0.025582367531618647,0.017470287285586732,0.04925653146565448,0.014612309467977248,0.02126359005664348,0.017728312265014277
IND,0.03582491171803466,0.05751539512657085,0.049908045944160845,0.03702514902136759,0.04448839216120643,0.017569888920410965,0.048098198455905676,0.019658035498144925,0.030431564242451345,0.07838453419355694,0.019106647348324193,0.026971414826177577,0.046042982078708966,0.03869023007232146,0.02070119979170789,0.06364759013440241,0.05719499947573935,0.07122807580964252,0.02621323779120022,0.02258617147996287,0.017607164033644783,0.038501102096841544,0.0,0.020691033744850502,0.026993469042439645,0.05151925054591426,0.05908519201739046,0.019378199182200538,0.022409303248151838,0.07579418498446897,0.03146850859958436,0.03256126801285304,0.04727681490750369,0.04130671528135601,0.025631024911057045,0.04503324950045511,0.04065805028872021,0.04429373012951351,0.047452916139114926,0.022273438295825308,0.032843462031305275,0.02408342999302906,0.03945999373102304,0.03554308974132579,0.03156083658115043,0.03376632755947489,0.01745390349154229,0.02684095863715624,0.02122095211185397,0.053202196610822,0.03172622914731374,0.025160597127336475,0.017269033486245675,0.025927704068945078,0.02140866039799196,0.016668517516401082,0.044603982435866246,0.06026737623787641,0.022351582975933853,0.022041360737134696,0.02219045310155376,0.03209818756124959,0.020863754072477463,0.03916877091395633,0.022285419285465617,0.027251237825719817
IRN,0.035244849195540384,0.055336866013670494,0.05103812272425208,0.03983421868981329,0.04295845306024078,0.026542197218418474,0.04609800428476049,0.026520209485264255,0.04535584542664292,0.0754686154700705,0.029870075121824255,0.040572990385055914,0.043807053390691186,0.04888810762317365,0.03256520396690178,0.05953201832018336,0.05292707469629046,0.06897494314403864,0.03181270540544941,0.029890338179244285,0.02616690998103874,0.04412613278108101,0.020691033744850502,0.0,0.029125480029992424,0.06023137751526374,0.061325978670865686,0.02600796335233104,0.022723972679785272,0.07593910715896202,0.03472786495039394,0.03652615878273812,0.05606532395402791,0.05200844374700117,0.030375005960149103,0.05369717999560227,0.04650262971524309,0.05257441032890977,0.06816509133450735,0.026962991951082448,0.03710790044730336,0.028332698000363143,0.04672579321919824,0.04057273490739058,0.034836170163294405,0.03481324273137862,0.02693709757624409,0.04032170638287974,0.0315408765100801,0.05710043726181749,0.03654269647638697,0.02841150357320956,0.02164364210219652,0.028735304536374847,0.021788239741126574,0.020300059273162065,0.044677992163756834,0.06450205373508298,0.029969534724556202,0.03301669611297613,0.03249844864095857,0.03593829232086118,0.02626036662477802,0.04990683753324754,0.033228539675428485,0.03601346632949387
IRQ,0.020434117979901564,0.041135435509366,0.03462895297939707,0.024214830115975722,0.023494090641037687,0.02704878975447806,0.027609411211880236,0.01986437234520184,0.034527302291873396,0.06523080118553445,0.02918552921816515,0.03040872284033646,0.024414077762868303,0.035453043558685206,0.031747299332782725,0.04511448748394957,0.03798279068569657,0.05160214445691894,0.020014245491593453,0.024466762997279963,0.03201268564080799,0.02896943612495882,0.026993469042439645,0.029125480029992424,0.0,0.045887738101780276,0.04716229190454873,0.020746033821216047,0.03172335873754375,0.06436186126747685,0.020621795670291678,0.02271329815925644,0.041806471052655336,0.03852032287336246,0.017972086167992615,0.037930192568166925,0.031019836645690423,0.03652683784270207,0.057863582473443434,0.037162929344847544,0.023209723930822036,0.040033305394148594,0.02877365261766232,0.022869705512740892,0.020501678689565442,0.019479243195634058,0.028567145272285682,0.030554635574378382,0.022832709094078304,0.041292208546068215,0.022802621092265905,0.016200325097098282,0.024196334775762666,0.01682218403810485,0.03148998364876449,0.028937341706302338,0.02598971835021376,0.04998789099456272,0.02558461484872851,0.024405892529159603,0.024248347803266925,0.021861891174026805,0.03996669985194074,0.03568653363654041,0.024791182060932445,0.024052530001437304
JOR,0.033532662669792726,0.02489075970393447,0.025977870418954656,0.02794557879118308,0.029804551112516384,0.03765562170541861,0.022116470359291093,0.04209046178025293,0.032069108980989594,0.02731061452580178,0.035871813281250636,0.031051695892401254,0.027005464279314516,0.03586881052990519,0.03695275998603478,0.018132810141926105,0.02046278255452039,0.029981465720951686,0.03962728309619973,0.04525169093568524,0.04547188417476458,0.02934853879614713,0.05151925054591426,0.06023137751526374,0.045887738101780276,0.0,0.030060190908089167,0.05041288641131441,0.07000006699601798,0.03457492412769061,0.037714073844917886,0.03423384369327574,0.036492306703072214,0.04337825487765873,0.04731456381036355,0.01957939387536163,0.03359955923246626,0.018164900524848104,0.06173003384086728,0.06390821335921595,0.032470313649676376,0.07175806636825384,0.023540756932679395,0.027048277636574636,0.03521388778991306,0.03806319969724743,0.04990286290412871,0.03517648618919681,0.03833657648960835,0.030734131279681026,0.0350403934803394,0.043205855072425456,0.06254921030714514,0.04502586824627592,0.06619358093527382,0.06553684864015738,0.03978350724591907,0.03899496491565049,0.05077833487494123,0.041017761154502584,0.048340661643882704,0.032159882875348635,0.07030724742428035,0.03703503911538135,0.04259344916408697,0.038438556230646084
JPN,0.03620590600032399,0.014651541851436474,0.013729676434800551,0.026030199593501765,0.04035293806407038,0.036140622266921676,0.02173608363651642,0.04738227570480177,0.015116883648774782,0.026386413246518598,0.033839485833895754,0.018197750767653245,0.03754124096950633,0.020813801133990055,0.024213003185201552,0.027538003586752593,0.018572889286335086,0.058287393481146324,0.03449183823698786,0.04600502794809517,0.04024588313064561,0.01910274756484536,0.05908519201739046,0.061325978670865686,0.04716229190454873,0.030060190908089167,0.0,0.05057215960676456,0.07110989611750712,0.013878863288058884,0.030772748067919083,0.02555851960397275,0.017002853663714727,0.0187492296509826,0.041462969354213425,0.02735096630374336,0.020003257398613482,0.025761453846147475,0.03211338344947884,0.05738901153269842,0.024653056822959936,0.07445340013942262,0.0245224826213912,0.030041061838267737,0.03282379196513563,0.04316197534347772,0.04700403648477725,0.01921427389415766,0.03178431177071268,0.012525463416143101,0.021661254113117263,0.03932429359729989,0.0609919342752929,0.04163430508966211,0.06324875892019377,0.054193415908604096,0.060811683958088926,0.01171419107831579,0.03534768804565651,0.036818303174580874,0.039233500327016155,0.024959583466093997,0.06585510330706386,0.016169986924724558,0.03978936195481465,0.028225175795721945
KAZ,0.02748063763585916,0.04580404485022769,0.03680991556111099,0.027676507062925064,0.03448171597777694,0.02030569620724252,0.03538140219141892,0.015409461414985299,0.02484267218317169,0.06806404742238137,0.021442739950204286,0.021716383442613722,0.03493225352383336,0.03065356231988278,0.021499265423297415,0.04948523043597744,0.0438813324547096,0.06062241805941197,0.02040350001479603,0.020239747483129185,0.020985787435990257,0.027956882008356616,0.019378199182200538,0.02600796335233104,0.020746033821216047,0.05041288641131441,0.05057215960676456,0.0,0.0271555764687593,0.06096420482326501,0.02249719888823199,0.023747237562414925,0.0372373062088045,0.03229433907963387,0.019257134076939564,0.03443556735806568,0.03313064965682177,0.03323766392422025,0.04142768260600006,0.027228257149512897,0.023181378241245425,0.030104283274042385,0.03122893772041444,0.0302989831556878,0.02230163779774559,0.026001974378017996,0.0201704090718797,0.021327682098170327,0.01615137656961845,0.042107959716897805,0.022302997761744665,0.017203583599869857,0.01977150344472275,0.018733094290255416,0.02689127574545763,0.021517155620896115,0.0399922338525736,0.04540528680038461,0.018641353435729528,0.016782107340138276,0.017410261761897458,0.02239665122112855,0.027799201221169093,0.02962705542536469,0.01738885272744283,0.020693503125419444
KEN,0.040088760913088564,0.06600084310338544,0.06036687320779978,0.04687007219874757,0.047973496349785316,0.02737520149744396,0.05397782454245688,0.028362197383116794,0.04743019829995441,0.08597332883685616,0.031543895501091206,0.043392107974783586,0.050039814675686994,0.0561181866984624,0.03467596582648929,0.06884467588673418,0.06203214689824629,0.0749551671202594,0.035454228335041596,0.02526205417684996,0.028859620213134457,0.05143411140578573,0.022409303248151838,0.022723972679785272,0.03172335873754375,0.07000006699601798,0.07110989611750712,0.0271555764687593,0.0,0.08873816545797375,0.040457554013947,0.04297990567321375,0.06434450441212342,0.059009551360251114,0.033247067470897215,0.06124903594339297,0.0542643101052734,0.059916186741735225,0.07184540657475781,0.022010006686147734,0.043529013588304535,0.022929763733972708,0.05406239248245613,0.04696720323160319,0.04008958921672364,0.039163050780919466,0.02816563521452392,0.04170454935898191,0.03282485681199869,0.0662214235012965,0.04212263589266561,0.03162340331428133,0.023063930509718524,0.030961776563567953,0.01706682079970069,0.022540165419696712,0.045609874558695335,0.0744845367680289,0.03279518617284494,0.03519462550073518,0.03508827641635802,0.041365504107102324,0.021876319976803053,0.05733648206862805,0.03502585685744637,0.039941558106634384
