construct,acceptance_of_state_surveillance|WVS_H,authoritarian_governance_tolerance|WVS_E,autocracy_support|WVS_E,basic_needs_deprivation|WVS_H,child_qualities_autonomy_self_expression|WVS_A,child_qualities_conformity_tradition|WVS_A,child_qualities_prosocial_diligence|WVS_A,civic_dishonesty_tolerance|WVS_F,confidence_in_civil_society_organizations|WVS_E,confidence_in_domestic_institutions|WVS_E,confidence_in_international_organizations|WVS_E,crime_victimization|WVS_H,democratic_system_evaluation|WVS_E,democratic_values_importance|WVS_E,economic_ideology|WVS_E,electoral_integrity|WVS_E,existential_threat_worry|WVS_H,familial_duty_obligations|WVS_D,freedom_security_tradeoff_perception|WVS_H,gender_role_traditionalism|WVS_D,immigrant_origin_status|WVS_G,importance_of_life_domains|WVS_A,institutional_threat_perception|WVS_H,international_organization_knowledge|WVS_E,job_scarcity_gender_discrimination|WVS_C,job_scarcity_nativist_preference|WVS_C,life_autonomy_morality_permissiveness|WVS_F,multilevel_place_attachment|WVS_G,neighborhood_disorder_and_crime|WVS_H,offline_political_participation|WVS_E,online_political_participation|WVS_E,outgroup_trust|WVS_G,perceived_negative_effects_of_immigration|WVS_G,perceived_positive_effects_of_immigration|WVS_G,political_information_sources|WVS_E,postmaterialist_values|WVS_E,precautionary_security_behaviors|WVS_H,religion_versus_secularism_orientation|WVS_F,religious_belief|WVS_F,religious_exclusivism|WVS_F,religious_practice_and_self_identification|WVS_F,science_skepticism|WVS_I,science_technology_optimism|WVS_E,sexual_and_reproductive_morality_permissiveness|WVS_F,social_intolerance_outgroups|WVS_A,societal_change_attitudes|WVS_E,socioeconomic_insecurity_worry|WVS_H,subjective_wellbeing|WVS_A,violence_tolerance|WVS_F,voluntary_association_active_membership|WVS_A,voluntary_association_belonging|WVS_A,voting_participation|WVS_E,work_ethic|WVS_C
acceptance_of_state_surveillance|WVS_H,0.0,49.75124378109453,64.91508683560622,57.49118186158989,89.26990760287626,80.69947563380958,75.06769947729705,61.41985521633374,76.60094500992743,72.84877485355993,72.99099002818956,64.22302381003809,69.24206317768859,118.7037689327228,93.33347576839992,66.03089151146179,62.555341092234094,73.79609284009611,62.20454390562753,79.5727028221543,72.53028706127677,84.07605466428996,61.656005685856435,69.5539080377057,9999.0,9999.0,80.65174946286629,75.82460739991335,60.620808998485835,65.32817245720118,69.93006993006993,61.379150757838715,82.71474019088016,59.32978784239721,85.81979375960688,92.09325798615737,62.05136678232454,90.71423408212436,60.975609756097555,60.53873029673639,83.09672505869925,61.14076542118565,68.2438700336329,70.92198581560284,9999.0,73.84562262611043,61.17981520966596,67.76926179911254,58.8235294117647,82.53812902699616,63.24652043426592,63.976266167685864,89.97617738684258
authoritarian_governance_tolerance|WVS_E,49.75124378109453,0.0,15.16384305451169,7.739938080495356,39.51866382178172,35.309273373773486,25.31645569620253,11.668611435239207,26.849701228832906,23.243814049487604,23.23974624709503,14.471780028943561,19.490819396594063,83.70395255802035,43.58223198730539,16.27964773036726,12.804097311139564,24.044849059001585,12.453300124533001,29.821459041059768,22.779043280182233,46.93379014390407,11.904761904761903,19.80266425661116,9999.0,9999.0,30.90050568177177,26.073363618818824,10.869565217391305,15.576928676106641,20.981052613184097,11.627906976744187,33.59843599664271,9.578544061302681,36.06854997851235,42.34201420506283,12.300123001230013,40.96299030102983,28.99607113105219,10.787486515641856,33.34548127760472,11.389521640091116,18.492626252538365,25.252525252525253,9999.0,25.615612829939344,11.428571428571429,18.01801801801802,23.823713037062262,32.78688524590164,13.49527665317139,14.225022386591334,46.34324994365562
autocracy_support|WVS_E,64.91508683560622,15.16384305451169,0.0,7.423904974016334,40.26003720113952,33.29317159104393,33.78378378378378,9.652509652509652,27.5910746081907,22.92778094300858,23.246689784142916,12.706480304955527,19.17478629011504,80.7570662432963,43.266198880826366,15.963614623888237,16.97792869269949,20.74688796680498,9.66183574879227,30.56283242041756,17.33102253032929,46.129351974863454,9.033423667570009,19.486631150132137,9999.0,9999.0,31.64187906112956,18.65671641791045,10.438413361169102,15.26089556962762,21.312793862905224,10.729613733905579,31.582334213913157,10.319917440660475,35.75251687203333,42.025981098583806,12.468827930174564,40.64695719455081,28.68003802457317,12.484394506866415,33.02944817112569,12.547051442910917,18.176593146059343,25.99389863188305,9999.0,23.59951104720979,9.345794392523365,14.265335235378032,20.876826722338205,35.97122302158274,15.243902439024389,13.908989280112312,47.08462332301342
basic_needs_deprivation|WVS_H,57.49118186158989,7.739938080495356,7.423904974016334,0.0,38.57569834424415,34.267654499639484,26.666666666666668,10.626992561105206,25.906735751295336,15.503875968992247,15.822784810126581,16.175006786716132,11.750881316098708,76.4867813169326,35.842293906810035,8.539709649871904,20.54403539163492,18.222173507973913,13.768405500560654,28.8784935635222,19.417475728155342,41.85906704849977,13.49279278542324,12.062726176115802,9999.0,9999.0,29.9575402042342,18.333425538323468,14.756382899975218,7.836990595611286,13.88888888888889,11.135857461024498,28.608978111405712,8.635578583765112,28.328611898016998,34.602076124567475,16.92349766726508,33.22305222053448,21.256133050556837,11.614401858304298,25.605543197109363,10.741138560687432,10.75268817204301,24.309559774987683,9999.0,24.573993955805346,13.80572852278705,15.847860538827257,16.606541795974522,31.055900621118013,14.005602240896357,6.485084306095979,45.40028446611805
child_qualities_autonomy_self_expression|WVS_A,89.26990760287626,39.51866382178172,40.26003720113952,38.57569834424415,0.0,66.0394869239862,53.41429816423491,46.3343827066926,39.37007874015748,54.0795743132364,43.60132194627139,49.9820091148052,50.32657966034286,99.92526956336073,65.40111266828046,45.114626589007116,45.20729533299813,52.02917583606298,47.57540782864972,30.959752321981423,53.29598780453615,75.66606937658884,46.121349533941824,50.638424520359955,9999.0,9999.0,51.26208138094813,52.14042786641254,43.23799210090458,40.40037080650414,41.32231404958678,48.70959505169346,57.4712643678161,29.940119760479043,64.30438092886392,73.17777446881163,49.86043848557864,67.03005454862355,55.0631353786459,40.762630582989864,59.41254552519843,41.02659426158769,41.73257259066772,43.66812227074236,9999.0,45.45454545454546,47.61273085087612,51.66865091177321,50.41354412406359,60.89987208246046,43.829008649367935,40.29208663418505,63.42728478951389
child_qualities_conformity_tradition|WVS_A,80.69947563380958,35.309273373773486,33.29317159104393,34.267654499639484,66.0394869239862,0.0,46.75089290473906,23.64066193853428,49.109332567682344,36.24746766401745,43.66812227074236,37.80496788754278,34.166977728007964,82.1024617431803,70.10994840644952,31.583473693895677,35.2112676056338,28.409090909090907,34.17806973621605,50.54037873775089,38.54379159576229,45.10457653761051,32.60927180400513,35.58809324080429,9999.0,9999.0,51.73258434305497,37.87878787878788,36.063022186981485,33.03915817913578,36.231884057971016,35.1349148120975,36.90036900369004,38.04534584446642,52.13069042856277,68.86973062420697,39.00984193259767,53.763440860215056,19.72386587771203,42.01228878648233,33.333333333333336,38.167938931297705,43.24850507578918,22.371364653243848,9999.0,21.88183807439825,33.561296859169204,39.58962525591865,22.22222222222222,65.06777893639207,43.86194844910441,28.57142857142857,53.374870197300105
child_qualities_prosocial_diligence|WVS_A,75.06769947729705,25.31645569620253,33.78378378378378,26.666666666666668,53.41429816423491,46.75089290473906,0.0,36.98506713144174,40.74533557128609,42.17054263565892,31.948881789137378,39.788235725146095,38.41754798276538,99.23175416133164,58.93517131155728,35.206376316538574,26.315789473684212,41.54081512572078,37.76975582073553,43.71709338351295,46.08414239482201,52.40773768692551,37.22121760096444,38.729392842782474,9999.0,9999.0,44.796140024224954,45.00009220499014,36.186020913593836,33.93442944978097,30.030030030030026,36.94436267294672,48.76615746180964,23.474178403755868,54.995278564683666,61.268742791234146,37.616578697432544,59.88971888720115,27.027027027027028,31.545741324921135,52.272209863776034,24.93765586034913,30.3030303030303,29.069767441860463,9999.0,32.362459546925564,36.74502712477396,42.51452720549393,43.27320846264119,54.43393072573729,37.36306729264476,33.15175097276265,60.238884286108814
civic_dishonesty_tolerance|WVS_F,61.41985521633374,11.668611435239207,9.652509652509652,10.626992561105206,46.3343827066926,23.64066193853428,36.98506713144174,0.0,33.66542011374378,13.297872340425531,26.44977737123179,14.164305949008499,10.526315789473685,76.04399308334418,46.46928646791524,7.942811755361397,24.47270874637877,12.376237623762377,10.537407797681771,36.63717792597064,14.903129657228016,40.48582995951417,8.968609865470851,11.947431302270012,9999.0,9999.0,37.71622456668264,15.197568389057752,12.422360248447205,9.398496240601505,24.515881449994097,11.49425287356322,21.929824561403507,16.39426294621356,28.49002849002849,45.22906868567268,16.480709433676655,32.78026398694605,20.81334481696841,19.483156287561314,25.16275496352094,20.246841527053007,19.607843137254903,27.972246836495373,9999.0,13.94700139470014,9.920634920634921,15.948963317384369,16.163753562386095,41.68289318222322,21.332815950183395,6.042296072507552,47.31640153746398
confidence_in_civil_society_organizations|WVS_E,76.60094500992743,26.849701228832906,27.5910746081907,25.906735751295336,39.37007874015748,49.109332567682344,40.74533557128609,33.66542011374378,0.0,41.41061172028758,30.932359353322575,37.31304652185638,37.65761706739404,93.02873292510598,52.732150075331646,32.44566399605829,32.538332740049306,38.02281368821293,34.9064452357009,25.31645569620253,40.62702521158734,62.452253628724215,33.45238694099301,37.96946192741113,9999.0,9999.0,36.101083032490976,39.471465273463714,30.569029507955754,27.731408213555326,28.673665719411638,36.040632458744646,35.46099290780142,17.271157167530223,51.635418335915105,60.508811875862804,37.191475892629825,54.36109195567472,42.016806722689076,27.247956403269754,46.74358293224961,28.35763166863887,29.063609997718903,26.7379679144385,9999.0,40.763213356233734,34.943768257927296,38.9996883188244,37.74458153111477,48.230909489511646,31.160046056419112,27.623124041236228,53.763440860215056
confidence_in_domestic_institutions|WVS_E,72.84877485355993,23.243814049487604,22.92778094300858,15.503875968992247,54.0795743132364,36.24746766401745,42.17054263565892,13.297872340425531,41.41061172028758,0.0,31.32666077911883,22.075055187637968,23.824188129899216,73.90548496275332,51.34616987580228,21.24068409578693,36.04791136062717,22.026431718061673,18.587360594795538,44.382369532514446,24.691358024691358,39.27777069432048,15.384615384615383,25.245303642695543,9999.0,9999.0,45.46141617322644,28.495440729483285,18.281535648994517,22.696368581027038,29.392764857881136,18.975332068311197,35.227696901829034,24.139454552757357,41.78790083045402,50.10595209355972,29.778581774102186,42.73504273504273,23.31002331002331,27.118277827296545,31.055900621118013,26.24501452967968,26.256564141035255,38.91050583657587,9999.0,27.244873735125672,17.421602787456447,26.109660574412533,14.025245441795231,46.55977659011026,29.509478209888606,19.34016841293308,45.17789341687312
confidence_in_international_organizations|WVS_E,72.99099002818956,23.23974624709503,23.246689784142916,15.822784810126581,43.60132194627139,43.66812227074236,31.948881789137378,26.44977737123179,30.932359353322575,31.32666077911883,0.0,31.997791596842717,27.57366612622529,89.41877794336811,49.12219509359377,24.362494459998487,23.86634844868735,34.0449583181005,29.59119031068724,31.347962382445143,35.24026053828192,53.39191514169119,29.315577595549822,27.885510986242384,9999.0,9999.0,29.498525073746315,34.15621034845005,26.959074526217883,23.659775405737868,25.063710737673766,26.958642271151078,40.816326530612244,13.66120218579235,44.15139670814358,50.42486093469405,32.74628247739167,49.04583703066106,28.011204481792713,17.921146953405017,41.42832800723595,17.636684303350968,25.453655015981028,21.978021978021978,9999.0,36.003267419817206,29.62851333291363,31.67064534895384,32.42932660610111,44.620954507773774,24.03846153846154,22.307869116222562,50.42590806814529
crime_victimization|WVS_H,64.22302381003809,14.471780028943561,12.706480304955527,16.175006786716132,49.9820091148052,37.80496788754278,39.788235725146095,14.164305949008499,37.31304652185638,22.075055187637968,31.997791596842717,0.0,17.271157167530223,79.03732764356344,52.01730069352617,12.254901960784313,27.275877340083127,21.42701168249809,16.97324367508483,40.28480433408325,22.69382365097126,44.40961337513061,16.697630959947414,20.366598778004075,9999.0,9999.0,41.36385097479524,21.538263712847645,17.96122107449939,13.037809647979138,30.063895675605025,17.301038062283737,31.81381628592989,20.04188935432616,41.84100418410041,50.77708291128361,20.12833584178926,36.427890395058654,24.46097122508101,23.13078269567392,28.81038137163354,23.894467935165608,22.779043280182233,35.71587054554873,9999.0,28.11130734370864,17.010566697311223,21.06648675820832,19.157088122605362,46.18627284558366,24.980442358295996,9.689922480620154,50.30973609768324
democratic_system_evaluation|WVS_E,69.24206317768859,19.490819396594063,19.17478629011504,11.750881316098708,50.32657966034286,34.166977728007964,38.41754798276538,10.526315789473685,37.65761706739404,23.824188129899216,27.57366612622529,17.271157167530223,0.0,81.57221349058932,47.59317522290874,18.469127544835082,32.29491670773363,18.484288354898336,12.578616352201257,40.629374879620904,22.62443438914027,46.94449922215648,12.77139208173691,22.473747091743697,9999.0,9999.0,41.708421520332905,18.181818181818183,16.181229773462782,19.587871911709993,25.6397702049876,14.43001443001443,32.45614035087719,20.38645989986382,39.01634427950218,46.35295744066618,16.722408026755854,43.30657977641974,26.246719160104984,22.93577981651376,35.689070752994624,22.492019876786138,22.503569488141718,35.78532641718208,9999.0,24.473317184173823,12.048192771084336,19.011406844106464,21.691973969631235,42.80678193721672,25.756483556995065,16.56861186198124,52.84462194470912
democratic_values_importance|WVS_E,118.7037689327228,83.70395255802035,80.7570662432963,76.4867813169326,99.92526956336073,82.1024617431803,99.23175416133164,76.04399308334418,93.02873292510598,73.90548496275332,89.41877794336811,79.03732764356344,81.57221349058932,0.0,111.21856866537718,73.9449371299595,88.53353464989792,75.3601156819488,77.2850182053013,68.9655172413793,82.50467391009835,85.13276477348333,71.79919065325845,84.63271476848284,9999.0,9999.0,97.07953737804485,81.8500382430641,76.60264754771394,75.95740993896452,87.16008430945718,76.0092717790226,86.83441741853221,75.75757575757576,91.52580914121125,111.08885744150007,80.44011037200572,96.73966492527512,84.77274575529748,83.44255722589038,89.12215590185001,84.20624246538208,87.23946948897562,89.10305335181107,9999.0,75.07780791001584,74.10499058781441,79.44971114522423,59.880239520958085,106.49804737580013,85.29221688851246,70.00169701083662,91.03288749603597
economic_ideology|WVS_E,93.33347576839992,43.58223198730539,43.266198880826366,35.842293906810035,65.40111266828046,70.10994840644952,58.93517131155728,46.46928646791524,52.732150075331646,51.34616987580228,49.12219509359377,52.01730069352617,47.59317522290874,111.21856866537718,0.0,44.38200355668194,50.728168480320505,54.06446741478395,49.61069940737069,55.7039078875585,55.25976963496538,77.70136095530981,49.335086692233276,47.90502008292584,9999.0,9999.0,56.78295452827051,54.1757194451335,48.758865248226954,43.67928450242132,46.86350145968284,46.978151367834535,64.45127201821575,35.46099290780142,64.17090580482703,70.4443700313775,52.765791574075116,69.06534612734451,57.09842695736687,46.28350373031224,61.4478371039194,46.547467408910066,46.59498207885304,51.13497409902399,9999.0,60.27488868943914,49.648022429597084,51.69015444563729,52.44883570278456,66.42074522978284,49.34988179669031,42.32737821290601,72.22569879015435
electoral_integrity|WVS_E,66.03089151146179,16.27964773036726,15.963614623888237,8.539709649871904,45.114626589007116,31.583473693895677,35.206376316538574,7.942811755361397,32.44566399605829,21.24068409578693,24.362494459998487,12.254901960784313,18.469127544835082,73.9449371299595,44.38200355668194,0.0,26.455026455026456,14.534883720930232,8.8261253309797,35.417421808285155,16.233766233766232,39.31722286152666,8.936550491510276,19.89024305763141,9999.0,9999.0,36.496468448997156,16.31321370309951,10.695187165775401,16.37670024548319,22.428598538760795,10.881392818280741,28.49002849002849,15.174506828528072,36.43284024538988,43.14178577443938,13.49527665317139,32.154340836012864,19.960079840319363,16.10305958132045,26.595744680851062,17.825311942959004,19.292397821914914,30.848488019750643,9999.0,21.889813150061535,9.285051067780872,14.285714285714285,14.064697609001406,39.595610270989916,19.72386587771203,13.98510782786895,45.21734558407929
existential_threat_worry|WVS_H,62.555341092234094,12.804097311139564,16.97792869269949,20.54403539163492,45.20729533299813,35.2112676056338,26.315789473684212,24.47270874637877,32.538332740049306,36.04791136062717,23.86634844868735,27.275877340083127,32.29491670773363,88.53353464989792,50.728168480320505,26.455026455026456,0.0,33.24246554596395,25.257397435672566,35.51009055227617,34.30895122302878,34.129692832764505,24.70885921590147,27.548209366391184,9999.0,9999.0,36.58913719298817,33.35371757631351,23.67366252853087,19.157088122605362,19.047619047619047,24.43200428788375,43.015726179463456,15.267175572519083,48.87264728965192,55.146111516202396,25.104220312369577,48.243344258524516,21.27659574468085,18.867924528301888,40.6258352350994,15.822784810126581,18.01801801801802,24.630541871921185,9999.0,31.847133757961785,24.232668739710995,30.822115329157583,28.653295128939828,45.5909825570412,26.299373964310952,21.50537634408602,52.03188145487202
familial_duty_obligations|WVS_D,73.79609284009611,24.044849059001585,20.74688796680498,18.222173507973913,52.02917583606298,28.409090909090907,41.54081512572078,12.376237623762377,38.02281368821293,22.026431718061673,34.0449583181005,21.42701168249809,18.484288354898336,75.3601156819488,54.06446741478395,14.534883720930232,33.24246554596395,0.0,16.89189189189189,42.33197105534102,23.809523809523807,39.894498758592235,17.33102253032929,24.32366892603239,9999.0,9999.0,43.41101769605302,20.366598778004075,20.008387795757173,20.618556701030926,32.111062396862806,20.15459761938635,21.929824561403507,22.08905607558394,40.866266113790864,52.82424963254139,22.175502563047036,37.735849056603776,14.513788098693759,25.177949416931696,25.706940874035993,25.94163465642339,28.97486168001692,17.301038062283737,9999.0,16.155088852988694,17.006802721088437,23.1136534794661,15.479876160990711,48.23343956684144,27.027609079553777,11.737089201877934,46.6325241360686
freedom_security_tradeoff_perception|WVS_H,62.20454390562753,12.453300124533001,9.66183574879227,13.768405500560654,47.57540782864972,34.17806973621605,37.76975582073553,10.537407797681771,34.9064452357009,18.587360594795538,29.59119031068724,16.97324367508483,12.578616352201257,77.2850182053013,49.61069940737069,8.8261253309797,25.257397435672566,16.89189189189189,0.0,37.87820304792776,17.699115044247787,42.657303936868466,14.291029673791936,13.297872340425531,9999.0,9999.0,38.95724968863976,17.953321364452425,15.554619788343913,10.75268817204301,27.657294389449547,15.700829611973091,25.0,17.63528806817068,39.02743628771026,43.859649122807014,17.721734555633777,34.021289108903176,22.054369938925532,20.72418140951844,26.40378008547806,21.48786664901013,19.267822736030826,30.581039755351682,9999.0,19.53125,14.603965411155745,18.659885472052842,17.404778684343217,43.77967155942818,22.573841072140517,7.283321194464675,48.557426659421104
gender_role_traditionalism|WVS_D,79.5727028221543,29.821459041059768,30.56283242041756,28.8784935635222,30.959752321981423,50.54037873775089,43.71709338351295,36.63717792597064,25.31645569620253,44.382369532514446,31.347962382445143,40.28480433408325,40.629374879620904,68.9655172413793,55.7039078875585,35.417421808285155,35.51009055227617,42.33197105534102,37.87820304792776,0.0,43.59878302381419,60.21756021756022,36.42414475321986,40.941219739638,9999.0,9999.0,34.129692832764505,36.36363636363637,33.540787320182616,30.70316602578219,30.769230769230766,39.01239027097151,40.48582995951417,20.242914979757085,54.60717614814196,63.48056968808967,40.16323370485669,57.33284976790159,41.60564505392092,31.06542580226791,49.71534074447648,31.329389480865732,32.03536780994577,28.169014084507044,9999.0,28.73563218390805,37.91552607015416,41.97144613105126,34.96503496503497,51.20266730173851,34.131803868645974,30.59488185346309,32.467532467532465
immigrant_origin_status|WVS_G,72.53028706127677,22.779043280182233,17.33102253032929,19.417475728155342,53.29598780453615,38.54379159576229,46.08414239482201,14.903129657228016,40.62702521158734,24.691358024691358,35.24026053828192,22.69382365097126,22.62443438914027,82.50467391009835,55.25976963496538,16.233766233766232,34.30895122302878,23.809523809523807,17.699115044247787,43.59878302381419,0.0,47.87695964166552,16.474464579901156,23.04147465437788,9999.0,9999.0,44.6778296645262,24.852242402578597,20.04008016032064,17.57469244288225,33.30636461704423,21.42140958785952,35.12779497566084,23.35586804405711,43.39315814725651,54.01955185272281,23.44231453152021,39.741869084789606,27.774949914811963,26.44476138540487,32.12436006136449,27.20844662489656,30.170163900198354,35.842293906810035,9999.0,28.011204481792713,18.69158878504673,24.380465447939272,22.62443438914027,49.50025153531461,28.294421048026948,13.003901170351106,53.77708236421815
importance_of_life_domains|WVS_A,84.07605466428996,46.93379014390407,46.129351974863454,41.85906704849977,75.66606937658884,45.10457653761051,52.40773768692551,40.48582995951417,62.452253628724215,39.27777069432048,53.39191514169119,44.40961337513061,46.94449922215648,85.13276477348333,77.70136095530981,39.31722286152666,34.129692832764505,39.894498758592235,42.657303936868466,60.21756021756022,47.87695964166552,0.0,37.17147638482561,50.00500050005,9999.0,9999.0,65.06201387429051,46.8860870039845,41.9749332792811,41.32969567053168,48.52885880804662,41.381557510589765,47.11984109468109,45.725949616109794,56.898094872778415,76.46114317306724,45.812396103572894,62.11195065684229,25.38071065989848,48.81484295745756,43.859649122807014,42.918454935622314,52.14771085078252,35.714285714285715,9999.0,35.2112676056338,39.47727631938158,44.821996876791395,25.25252525252525,71.87033310736729,50.66450262007963,35.37398274240379,56.40517322760313
institutional_threat_perception|WVS_H,61.656005685856435,11.904761904761903,9.033423667570009,13.49279278542324,46.121349533941824,32.60927180400513,37.22121760096444,8.968609865470851,33.45238694099301,15.384615384615383,29.315577595549822,16.697630959947414,12.77139208173691,71.79919065325845,49.335086692233276,8.936550491510276,24.70885921590147,17.33102253032929,14.291029673791936,36.42414475321986,16.474464579901156,37.17147638482561,0.0,13.140604467805518,9999.0,9999.0,37.50319139393187,18.85604971155475,15.2790070732065,9.157509157509157,27.38168167431213,12.21001221001221,29.131602284636994,16.181229773462782,29.673590504451038,43.47826086956522,17.446121840496364,32.67973856209151,21.77875722378812,20.448568694381024,24.330900243309003,20.618556701030926,16.129032258064516,31.855210964685355,9999.0,22.91561126017099,14.32835269601833,17.391304347826086,11.918951132300357,43.50405884429077,19.960079840319363,7.007708479327261,43.07159910737824
international_organization_knowledge|WVS_E,69.5539080377057,19.80266425661116,19.486631150132137,12.062726176115802,50.638424520359955,35.58809324080429,38.729392842782474,11.947431302270012,37.96946192741113,25.245303642695543,27.885510986242384,20.366598778004075,22.473747091743697,84.63271476848284,47.90502008292584,19.89024305763141,27.548209366391184,24.32366892603239,13.297872340425531,40.941219739638,23.04147465437788,50.00500050005,13.140604467805518,0.0,9999.0,9999.0,42.020266380349995,25.641025641025642,15.267175572519083,19.89971677172709,25.95161506500469,15.698587127158554,33.87725586367352,20.698304759880912,40.391338074132804,46.66480230068328,17.699115044247787,44.727695289216065,32.76077611923842,23.6771280344201,37.11018626579095,22.803864736803234,22.81541434815881,36.372285951103486,9999.0,25.89443269697015,13.192612137203165,22.371364653243848,24.752475247524753,43.118626797233816,26.06832841701216,17.989727374777566,55.90512322260264
job_scarcity_gender_discrimination|WVS_C,9999.0,9999.0,9999.0,9999.0,9999.0,9999.0,9999.0,9999.0,9999.0,9999.0,9999.0,9999.0,9999.0,9999.0,9999.0,9999.0,9999.0,9999.0,9999.0,9999.0,9999.0,9999.0,9999.0,9999.0,0.0,9999.0,9999.0,9999.0,9999.0,9999.0,9999.0,9999.0,9999.0,9999.0,9999.0,9999.0,9999.0,9999.0,9999.0,9999.0,9999.0,9999.0,9999.0,9999.0,9999.0,9999.0,9999.0,9999.0,9999.0,9999.0,9999.0,9999.0,9999.0
job_scarcity_nativist_preference|WVS_C,9999.0,9999.0,9999.0,9999.0,9999.0,9999.0,9999.0,9999.0,9999.0,9999.0,9999.0,9999.0,9999.0,9999.0,9999.0,9999.0,9999.0,9999.0,9999.0,9999.0,9999.0,9999.0,9999.0,9999.0,9999.0,0.0,9999.0,9999.0,9999.0,9999.0,9999.0,9999.0,9999.0,9999.0,9999.0,9999.0,9999.0,9999.0,9999.0,9999.0,9999.0,9999.0,9999.0,9999.0,9999.0,9999.0,9999.0,9999.0,9999.0,9999.0,9999.0,9999.0,9999.0
life_autonomy_morality_permissiveness|WVS_F,80.65174946286629,30.90050568177177,31.64187906112956,29.9575402042342,51.26208138094813,51.73258434305497,44.796140024224954,37.71622456668264,36.101083032490976,45.46141617322644,29.498525073746315,41.36385097479524,41.708421520332905,97.07953737804485,56.78295452827051,36.496468448997156,36.58913719298817,43.41101769605302,38.95724968863976,34.129692832764505,44.6778296645262,65.06201387429051,37.50319139393187,42.020266380349995,9999.0,9999.0,0.0,43.52226972640258,34.61983396089462,31.78221266649419,28.328611898016998,40.09143691168351,43.66812227074236,21.321961620469086,55.68622278885397,64.55961632880167,41.24228034556869,58.411896408613586,42.720759138669585,32.14447244297991,50.79438738518847,32.408436121577736,33.11441445065776,36.995942811691656,9999.0,29.850746268656714,38.99457271086616,43.05049277176326,41.79538598405363,52.28171394245051,34.48275862068965,31.67392849417509,58.086667502822024
multilevel_place_attachment|WVS_G,75.82460739991335,26.073363618818824,18.65671641791045,18.333425538323468,52.14042786641254,37.87878787878788,45.00009220499014,15.197568389057752,39.471465273463714,28.495440729483285,34.15621034845005,21.538263712847645,18.181818181818183,81.8500382430641,54.1757194451335,16.31321370309951,33.35371757631351,20.366598778004075,17.953321364452425,36.36363636363637,24.852242402578597,46.8860870039845,18.85604971155475,25.641025641025642,9999.0,9999.0,43.52226972640258,0.0,20.119639826106727,20.080321285140563,32.22231442721236,20.265849649735905,33.972235037537224,22.200308105933495,43.68759687908624,52.93550166289094,22.28675459339659,38.58630914666599,21.50537634408602,25.28920144728125,30.968800123240875,26.052886686772943,29.086113710366476,24.875621890547265,9999.0,20.0,19.16898544891856,23.224905509815656,21.96979872210603,48.344691597190995,27.13886110990333,11.848341232227488,53.12244669718392
neighborhood_disorder_and_crime|WVS_H,60.620808998485835,10.869565217391305,10.438413361169102,14.756382899975218,43.23799210090458,36.063022186981485,36.186020913593836,12.422360248447205,30.569029507955754,18.281535648994517,26.959074526217883,17.96122107449939,16.181229773462782,76.60264754771394,48.758865248226954,10.695187165775401,23.67366252853087,20.008387795757173,15.554619788343913,33.540787320182616,20.04008016032064,41.9749332792811,15.2790070732065,15.267175572519083,9999.0,9999.0,34.61983396089462,20.119639826106727,0.0,10.593220338983052,21.413276231263385,13.623978201634877,30.39519239918897,13.297872340425531,38.75968992248062,38.91050583657587,18.70971195504834,35.00926650831774,23.042347338340097,17.152658662092627,27.391757484892622,16.69449081803005,15.082956259426847,28.9718535316481,9999.0,26.369361643147343,15.591942810570309,19.647862871467407,16.722408026755854,41.32231404958678,21.231422505307854,8.271298593879239,47.87505600183374
offline_political_participation|WVS_E,65.32817245720118,15.576928676106641,15.26089556962762,7.836990595611286,40.40037080650414,33.03915817913578,33.93442944978097,9.398496240601505,27.731408213555326,22.696368581027038,23.659775405737868,13.037809647979138,19.587871911709993,75.95740993896452,43.67928450242132,16.37670024548319,19.157088122605362,20.618556701030926,10.75268817204301,30.70316602578219,17.57469244288225,41.32969567053168,9.157509157509157,19.89971677172709,9999.0,9999.0,31.78221266649419,20.080321285140563,10.593220338983052,0.0,21.725879484500176,11.11111111111111,31.32832080200501,10.460251046025103,36.165602493628285,42.43906672017876,12.360939431396787,41.06004281614577,29.093123646168124,12.315270935960593,33.44253379272065,13.123359580052492,18.589678767654295,26.134232237247673,9999.0,23.345497635301644,10.40582726326743,14.5985401459854,16.077170418006432,36.90036900369004,14.792899408284025,14.322074901707264,47.22495692837805
online_political_participation|WVS_E,69.93006993006993,20.981052613184097,21.312793862905224,13.88888888888889,41.32231404958678,36.231884057971016,30.030030030030026,24.515881449994097,28.673665719411638,29.392764857881136,25.063710737673766,30.063895675605025,25.6397702049876,87.16008430945718,46.86350145968284,22.428598538760795,19.047619047619047,32.111062396862806,27.657294389449547,30.769230769230766,33.30636461704423,48.52885880804662,27.38168167431213,25.95161506500469,9999.0,9999.0,28.328611898016998,32.22231442721236,21.413276231263385,21.725879484500176,0.0,24.449877750611247,39.0625,11.402508551881414,42.21750078690589,48.49096501345636,29.58579881656805,47.11194110942337,23.148148148148145,15.1285930408472,39.494432085998255,15.082956259426847,23.194961382070094,19.193857965451055,9999.0,33.21910340724629,27.69461741167594,29.73674942771615,30.495430684863415,42.36226087386284,19.68503937007874,20.37397319498487,48.16721443423435
outgroup_trust|WVS_G,61.379150757838715,11.627906976744187,10.729613733905579,11.135857461024498,48.70959505169346,35.1349148120975,36.94436267294672,11.49425287356322,36.040632458744646,18.975332068311197,26.958642271151078,17.301038062283737,14.43001443001443,76.0092717790226,46.978151367834535,10.881392818280741,24.43200428788375,20.15459761938635,15.700829611973091,39.01239027097151,21.42140958785952,41.381557510589765,12.21001221001221,15.698587127158554,9999.0,9999.0,40.09143691168351,20.265849649735905,13.623978201634877,11.11111111111111,24.449877750611247,0.0,30.54140222281815,18.76947529121442,30.8641975308642,45.737933585591975,18.85592177867752,35.155476331946915,23.188557161969275,20.70393374741201,27.5379673085218,21.876996021711932,16.89189189189189,34.44345648243699,9999.0,25.441254268263357,14.306151645207438,19.794072695096585,16.129032258064516,42.19175808214251,22.075055187637968,8.417508417508417,47.281680233142396
perceived_negative_effects_of_immigration|WVS_G,82.71474019088016,33.59843599664271,31.582334213913157,28.608978111405712,57.4712643678161,36.90036900369004,48.76615746180964,21.929824561403507,35.46099290780142,35.227696901829034,40.816326530612244,31.81381628592989,32.45614035087719,86.83441741853221,64.45127201821575,28.49002849002849,43.015726179463456,21.929824561403507,25.0,40.48582995951417,35.12779497566084,47.11984109468109,29.131602284636994,33.87725586367352,9999.0,9999.0,43.66812227074236,33.972235037537224,30.39519239918897,31.32832080200501,39.0625,30.54140222281815,0.0,32.47586067901574,50.419853051432,63.21105423597319,32.56230716647884,48.861861719748234,21.73913043478261,35.564754020363495,40.32258064516129,36.32843925985519,39.36166628344873,20.66115702479339,9999.0,20.28397565922921,29.444538022000803,33.5004580828979,26.954177897574123,58.62024417027324,37.414413682985575,22.123893805309734,58.10682587265201
perceived_positive_effects_of_immigration|WVS_G,59.32978784239721,9.578544061302681,10.319917440660475,8.635578583765112,29.940119760479043,38.04534584446642,23.474178403755868,16.39426294621356,17.271157167530223,24.139454552757357,13.66120218579235,20.04188935432616,20.38645989986382,75.75757575757576,35.46099290780142,15.174506828528072,15.267175572519083,22.08905607558394,17.63528806817068,20.242914979757085,23.35586804405711,45.725949616109794,16.181229773462782,20.698304759880912,9999.0,9999.0,21.321961620469086,22.200308105933495,13.297872340425531,10.460251046025103,11.402508551881414,18.76947529121442,32.47586067901574,0.0,34.36426116838488,43.237654708332585,19.9203187250996,37.089934788144504,25.12301561816686,10.822510822510823,29.47242576471939,11.086474501108647,11.79245283018868,15.673981191222571,9999.0,24.813895781637715,17.672611090397073,21.72853115129417,20.47342436358455,30.959752321981423,13.88888888888889,10.351966873706004,36.76470588235294
political_information_sources|WVS_E,85.81979375960688,36.06854997851235,35.75251687203333,28.328611898016998,64.30438092886392,52.13069042856277,54.995278564683666,28.49002849002849,51.635418335915105,41.78790083045402,44.15139670814358,41.84100418410041,39.01634427950218,91.52580914121125,64.17090580482703,36.43284024538988,48.87264728965192,40.866266113790864,39.02743628771026,54.60717614814196,43.39315814725651,56.898094872778415,29.673590504451038,40.391338074132804,9999.0,9999.0,55.68622278885397,43.68759687908624,38.75968992248062,36.165602493628285,42.21750078690589,30.8641975308642,50.419853051432,34.36426116838488,0.0,62.93068802258448,44.970737923705144,61.27029247697454,49.303373306996896,39.94301375632129,53.652783453549425,39.06975045870443,39.08130007006001,50.03824235960745,9999.0,42.43702988472863,34.96503496503497,39.37007874015748,31.645569620253163,59.384512519135015,42.33421413891335,34.53232456253604,62.798217595331046
postmaterialist_values|WVS_E,92.09325798615737,42.34201420506283,42.025981098583806,34.602076124567475,73.17777446881163,68.86973062420697,61.268742791234146,45.22906868567268,60.508811875862804,50.10595209355972,50.42486093469405,50.77708291128361,46.35295744066618,111.08885744150007,70.4443700313775,43.14178577443938,55.146111516202396,52.82424963254139,43.859649122807014,63.48056968808967,54.01955185272281,76.46114317306724,43.47826086956522,46.66480230068328,9999.0,9999.0,64.55961632880167,52.93550166289094,38.91050583657587,42.43906672017876,48.49096501345636,45.737933585591975,63.21105423597319,43.237654708332585,62.93068802258448,0.0,50.5050505050505,67.82512834510194,55.85820917512431,46.21647798287177,60.20761932167684,45.34321468525491,45.35476429661048,58.91163589955516,9999.0,59.17607008037282,48.407804647354524,50.44993666339473,51.208617920542,65.65797674568549,48.60767836546383,41.08716043066345,80.00236059068553
precautionary_security_behaviors|WVS_H,62.05136678232454,12.300123001230013,12.468827930174564,16.92349766726508,49.86043848557864,39.00984193259767,37.616578697432544,16.480709433676655,37.191475892629825,29.778581774102186,32.74628247739167,20.12833584178926,16.722408026755854,80.44011037200572,52.765791574075116,13.49527665317139,25.104220312369577,22.175502563047036,17.721734555633777,40.16323370485669,23.44231453152021,45.812396103572894,17.446121840496364,17.699115044247787,9999.0,9999.0,41.24228034556869,22.28675459339659,18.70971195504834,12.360939431396787,29.58579881656805,18.85592177867752,32.56230716647884,19.9203187250996,44.970737923705144,50.5050505050505,0.0,37.1763812756076,25.20946210562996,21.929824561403507,29.55887225218249,20.366598778004075,17.636684303350968,35.59429991632217,9999.0,30.427710828376796,17.759057577860172,21.81497763875727,20.559870851047645,45.08700824713165,25.728933238844945,10.438413361169102,51.71251882612553
religion_versus_secularism_orientation|WVS_F,90.71423408212436,40.96299030102983,40.64695719455081,33.22305222053448,67.03005454862355,53.763440860215056,59.88971888720115,32.78026398694605,54.36109195567472,42.73504273504273,49.04583703066106,36.427890395058654,43.30657977641974,96.73966492527512,69.06534612734451,32.154340836012864,48.243344258524516,37.735849056603776,34.021289108903176,57.33284976790159,39.741869084789606,62.11195065684229,32.67973856209151,44.727695289216065,9999.0,9999.0,58.411896408613586,38.58630914666599,35.00926650831774,41.06004281614577,47.11194110942337,35.155476331946915,48.861861719748234,37.089934788144504,61.27029247697454,67.82512834510194,37.1763812756076,0.0,41.509016658899355,40.17882812949226,45.858426805451884,40.94251336898395,43.97574039257749,50.12632847428621,9999.0,36.101083032490976,34.05861213112957,38.114532192026665,36.859425404317044,63.234318279402004,42.02848779211434,26.7379679144385,68.01207337939493
religious_belief|WVS_F,60.975609756097555,28.99607113105219,28.68003802457317,21.256133050556837,55.0631353786459,19.72386587771203,27.027027027027028,20.81334481696841,42.016806722689076,23.31002331002331,28.011204481792713,24.46097122508101,26.246719160104984,84.77274575529748,57.09842695736687,19.960079840319363,21.27659574468085,14.513788098693759,22.054369938925532,41.60564505392092,27.774949914811963,25.38071065989848,21.77875722378812,32.76077611923842,9999.0,9999.0,42.720759138669585,21.50537634408602,23.042347338340097,29.093123646168124,23.148148148148145,23.188557161969275,21.73913043478261,25.12301561816686,49.303373306996896,55.85820917512431,25.20946210562996,41.509016658899355,0.0,28.211908959514624,33.89150763547424,27.47252747252747,32.00882122259985,26.8952583118081,9999.0,12.87001287001287,20.79002079002079,26.147613022049025,24.8925062343394,51.26739910942436,30.061568622136697,14.771048744460858,56.045154209417284
religious_exclusivism|WVS_F,60.53873029673639,10.787486515641856,12.484394506866415,11.614401858304298,40.762630582989864,42.01228878648233,31.545741324921135,19.483156287561314,27.247956403269754,27.118277827296545,17.921146953405017,23.13078269567392,22.93577981651376,83.44255722589038,46.28350373031224,16.10305958132045,18.867924528301888,25.177949416931696,20.72418140951844,31.06542580226791,26.44476138540487,48.81484295745756,20.448568694381024,23.6771280344201,9999.0,9999.0,32.14447244297991,25.28920144728125,17.152658662092627,12.315270935960593,15.1285930408472,20.70393374741201,35.564754020363495,10.822510822510823,39.94301375632129,46.21647798287177,21.929824561403507,40.17882812949226,28.211908959514624,0.0,32.561319106067145,13.679890560875513,14.306151645207438,26.496492013733395,9999.0,33.43015768226145,20.761504431744832,24.817424492641933,23.562317704932305,41.78226314449225,18.51851851851852,13.440860215053764,47.58721670486376
