construct,autocracy_support|WVS_E,child_qualities_autonomy_self_expression|WVS_A,child_qualities_conformity_tradition|WVS_A,child_qualities_prosocial_diligence|WVS_A,civic_dishonesty_tolerance|WVS_F,confidence_in_civil_society_organizations|WVS_E,confidence_in_domestic_institutions|WVS_E,confidence_in_international_organizations|WVS_E,democratic_system_evaluation|WVS_E,economic_ideology|WVS_E,gender_role_traditionalism|WVS_D,importance_of_life_domains|WVS_A,job_scarcity_gender_discrimination|WVS_C,job_scarcity_nativist_preference|WVS_C,life_autonomy_morality_permissiveness|WVS_F,offline_political_participation|WVS_E,postmaterialist_values|WVS_E,religious_belief|WVS_F,religious_practice_and_self_identification|WVS_F,sexual_and_reproductive_morality_permissiveness|WVS_F,social_intolerance_outgroups|WVS_A,societal_change_attitudes|WVS_E,subjective_wellbeing|WVS_A,voluntary_association_active_membership|WVS_A
autocracy_support|WVS_E,0.0,73.82502831257078,161.44692941299135,82.62072434607646,83.33333333333333,81.1219739292365,127.167743527617,9999.0,9999.0,87.94529262086513,76.78571428571428,93.45794392523365,62.5,9999.0,72.81991744066048,74.49040767386091,167.6948051948052,104.34100418410041,88.49557522123894,74.5627261761158,78.42356687898089,100.09398496240601,135.84010092539467,9999.0
child_qualities_autonomy_self_expression|WVS_A,73.82502831257078,0.0,99.44091624599685,31.445752658647237,69.95565887468251,26.7379679144385,69.44444444444444,9999.0,9999.0,33.003300330033,21.367521367521366,50.566733089070304,11.325028312570781,9999.0,15.105740181268883,12.484394506866415,112.27661227661228,46.51162790697675,61.83007881762128,18.484288354898336,27.248595191551672,40.16064257028113,73.83408775840016,9999.0
child_qualities_conformity_tradition|WVS_A,161.44692941299135,99.44091624599685,0.0,108.18794424443828,144.42778610694654,117.56890334222786,155.0217689509155,9999.0,9999.0,124.39222203385648,113.23264369870563,136.13493577176038,98.94692941299135,9999.0,100.67394286395897,86.95652173913044,204.14173460779656,130.43478260869566,149.45197991804184,108.36979797039382,104.22767890666066,136.54091437539736,148.3062149906642,9999.0
child_qualities_prosocial_diligence|WVS_A,82.62072434607646,31.445752658647237,108.18794424443828,0.0,78.70268687312395,38.74269827531296,77.65784939697983,9999.0,9999.0,45.566016966941596,34.40643863179074,58.77101621782473,20.120724346076457,9999.0,23.31002331002331,21.231422505307854,125.31552954088167,61.96172853017687,70.62577485112695,31.347962382445143,36.04429122505735,57.714709308482476,82.5811157568416,9999.0
civic_dishonesty_tolerance|WVS_F,83.33333333333333,69.95565887468251,144.42778610694654,78.70268687312395,0.0,88.08364597091351,125.53651157960115,9999.0,9999.0,94.90696466254215,83.7473863273913,44.84304932735426,69.461672041677,9999.0,71.18868549264462,57.4712643678161,174.65647723648223,100.94952523738132,72.01696237083252,78.88454059907949,74.74242153534632,82.64462809917356,118.82095761934985,9999.0
confidence_in_civil_society_organizations|WVS_E,81.1219739292365,26.7379679144385,117.56890334222786,38.74269827531296,88.08364597091351,0.0,74.42814737209709,9999.0,9999.0,44.067266550101635,31.152647975077883,55.54131419294198,18.6219739292365,9999.0,20.080321285140563,30.61238160309741,122.0617388841688,60.462978113336916,67.56756756756756,25.125628140703515,34.545540808217396,56.18140431763154,91.96207485463117,9999.0
confidence_in_domestic_institutions|WVS_E,127.167743527617,69.44444444444444,155.0217689509155,77.65784939697983,125.53651157960115,74.42814737209709,0.0,9999.0,9999.0,81.89603545334771,73.69018585484821,89.80881899475794,64.667743527617,9999.0,54.34782608695652,68.06524721178505,164.59927676393912,82.64462809917356,90.90909090909092,74.6268656716418,79.03918411164788,90.4489091194475,129.4149404633188,9999.0
confidence_in_international_organizations|WVS_E,9999.0,9999.0,9999.0,9999.0,9999.0,9999.0,9999.0,0.0,9999.0,9999.0,9999.0,9999.0,9999.0,9999.0,9999.0,9999.0,9999.0,9999.0,9999.0,9999.0,9999.0,9999.0,9999.0,9999.0
democratic_system_evaluation|WVS_E,9999.0,9999.0,9999.0,9999.0,9999.0,9999.0,9999.0,9999.0,0.0,9999.0,9999.0,9999.0,9999.0,9999.0,9999.0,9999.0,9999.0,9999.0,9999.0,9999.0,9999.0,9999.0,9999.0,9999.0
economic_ideology|WVS_E,87.94529262086513,33.003300330033,124.39222203385648,45.566016966941596,94.90696466254215,44.067266550101635,81.89603545334771,9999.0,9999.0,0.0,39.731006906579424,63.0092022741926,25.44529262086514,9999.0,27.548209366391184,37.43570029472605,130.64009781567034,53.763440860215056,50.5050505050505,34.602076124567475,41.36885949984603,63.03927758327116,98.7853935462598,9999.0
gender_role_traditionalism|WVS_D,76.78571428571428,21.367521367521366,113.23264369870563,34.40643863179074,83.7473863273913,31.152647975077883,73.69018585484821,9999.0,9999.0,39.731006906579424,0.0,54.803352675693105,14.285714285714285,9999.0,19.342359767891683,26.276121959575196,90.90909090909092,56.1267184698147,64.79076479076478,23.20185614849188,22.321428571428573,51.8796992481203,80.0,9999.0
importance_of_life_domains|WVS_A,93.45794392523365,50.566733089070304,136.13493577176038,58.77101621782473,44.84304932735426,55.54131419294198,89.80881899475794,9999.0,9999.0,63.0092022741926,54.803352675693105,0.0,45.780910348461894,9999.0,35.46099290780142,49.17841403262995,145.712443584784,57.4712643678161,27.17391304347826,43.10344827586207,60.15235093249278,71.5620759402924,110.5281072841637,9999.0
job_scarcity_gender_discrimination|WVS_C,62.5,11.325028312570781,98.94692941299135,20.120724346076457,69.461672041677,18.6219739292365,64.667743527617,9999.0,9999.0,25.44529262086514,14.285714285714285,45.780910348461894,0.0,9999.0,10.319917440660475,11.990407673860911,105.19480519480521,41.84100418410041,50.5050505050505,12.062726176115802,15.923566878980893,37.59398496240602,73.34010092539467,9999.0
job_scarcity_nativist_preference|WVS_C,9999.0,9999.0,9999.0,9999.0,9999.0,9999.0,9999.0,9999.0,9999.0,9999.0,9999.0,9999.0,9999.0,0.0,9999.0,9999.0,9999.0,9999.0,9999.0,9999.0,9999.0,9999.0,9999.0,9999.0
life_autonomy_morality_permissiveness|WVS_F,72.81991744066048,15.105740181268883,100.67394286395897,23.31002331002331,71.18868549264462,20.080321285140563,54.34782608695652,9999.0,9999.0,27.548209366391184,19.342359767891683,35.46099290780142,10.319917440660475,9999.0,0.0,13.717421124828531,110.2514506769826,52.16092162476089,60.82496794571097,22.382643616776278,24.691358024691358,36.101083032490976,75.06711437636228,9999.0
offline_political_participation|WVS_E,74.49040767386091,12.484394506866415,86.95652173913044,21.231422505307854,57.4712643678161,30.61238160309741,68.06524721178505,9999.0,9999.0,37.43570029472605,26.276121959575196,49.17841403262995,11.990407673860911,9999.0,13.717421124828531,0.0,117.18521286866613,43.47826086956522,62.495458178911406,21.413276231263385,17.271157167530223,49.58439263626693,61.34969325153375,9999.0
postmaterialist_values|WVS_E,167.6948051948052,112.27661227661228,204.14173460779656,125.31552954088167,174.65647723648223,122.0617388841688,164.59927676393912,9999.0,9999.0,130.64009781567034,90.90909090909092,145.712443584784,105.19480519480521,9999.0,110.2514506769826,117.18521286866613,0.0,136.986301369863,153.84615384615384,114.1109470575828,113.23051948051949,142.78879015721122,158.73015873015873,9999.0
religious_belief|WVS_F,104.34100418410041,46.51162790697675,130.43478260869566,61.96172853017687,100.94952523738132,60.462978113336916,82.64462809917356,9999.0,9999.0,53.763440860215056,56.1267184698147,57.4712643678161,41.84100418410041,9999.0,52.16092162476089,43.47826086956522,136.986301369863,0.0,84.64517741129436,53.903730360216215,57.764571063081306,79.43498914650644,104.82795412109897,9999.0
religious_practice_and_self_identification|WVS_F,88.49557522123894,61.83007881762128,149.45197991804184,70.62577485112695,72.01696237083252,67.56756756756756,90.90909090909092,9999.0,9999.0,50.5050505050505,64.79076479076478,27.17391304347826,50.5050505050505,9999.0,60.82496794571097,62.495458178911406,153.84615384615384,84.64517741129436,0.0,62.5677766811663,66.42861738403138,88.09903546745652,123.84515143044516,9999.0
sexual_and_reproductive_morality_permissiveness|WVS_F,74.5627261761158,18.484288354898336,108.36979797039382,31.347962382445143,78.88454059907949,25.125628140703515,74.6268656716418,9999.0,9999.0,34.602076124567475,23.20185614849188,43.10344827586207,12.062726176115802,9999.0,22.382643616776278,21.413276231263385,114.1109470575828,53.903730360216215,62.5677766811663,0.0,27.986293055096695,47.16981132075472,82.76296948279713,9999.0
social_intolerance_outgroups|WVS_A,78.42356687898089,27.248595191551672,104.22767890666066,36.04429122505735,74.74242153534632,34.545540808217396,79.03918411164788,9999.0,9999.0,41.36885949984603,22.321428571428573,60.15235093249278,15.923566878980893,9999.0,24.691358024691358,17.271157167530223,113.23051948051949,57.764571063081306,66.42861738403138,27.986293055096695,0.0,53.51755184138691,78.62085041906397,9999.0
societal_change_attitudes|WVS_E,100.09398496240601,40.16064257028113,136.54091437539736,57.714709308482476,82.64462809917356,56.18140431763154,90.4489091194475,9999.0,9999.0,63.03927758327116,51.8796992481203,71.5620759402924,37.59398496240602,9999.0,36.101083032490976,49.58439263626693,142.78879015721122,79.43498914650644,88.09903546745652,47.16981132075472,53.51755184138691,0.0,110.93408588780068,9999.0
subjective_wellbeing|WVS_A,135.84010092539467,73.83408775840016,148.3062149906642,82.5811157568416,118.82095761934985,91.96207485463117,129.4149404633188,9999.0,9999.0,98.7853935462598,80.0,110.5281072841637,73.34010092539467,9999.0,75.06711437636228,61.34969325153375,158.73015873015873,104.82795412109897,123.84515143044516,82.76296948279713,78.62085041906397,110.93408588780068,0.0,9999.0
voluntary_association_active_membership|WVS_A,9999.0,9999.0,9999.0,9999.0,9999.0,9999.0,9999.0,9999.0,9999.0,9999.0,9999.0,9999.0,9999.0,9999.0,9999.0,9999.0,9999.0,9999.0,9999.0,9999.0,9999.0,9999.0,9999.0,0.0
