construct,autocracy_support|WVS_E,child_qualities_autonomy_self_expression|WVS_A,child_qualities_conformity_tradition|WVS_A,child_qualities_prosocial_diligence|WVS_A,civic_dishonesty_tolerance|WVS_F,confidence_in_civil_society_organizations|WVS_E,confidence_in_domestic_institutions|WVS_E,confidence_in_international_organizations|WVS_E,democratic_system_evaluation|WVS_E,economic_ideology|WVS_E,gender_role_traditionalism|WVS_D,importance_of_life_domains|WVS_A,job_scarcity_gender_discrimination|WVS_C,job_scarcity_nativist_preference|WVS_C,life_autonomy_morality_permissiveness|WVS_F,offline_political_participation|WVS_E,postmaterialist_values|WVS_E,religious_belief|WVS_F,religious_practice_and_self_identification|WVS_F,sexual_and_reproductive_morality_permissiveness|WVS_F,social_intolerance_outgroups|WVS_A,societal_change_attitudes|WVS_E,subjective_wellbeing|WVS_A,voluntary_association_active_membership|WVS_A
autocracy_support|WVS_E,0.0,53.206510577120554,68.88017185019146,51.16402691698984,52.02029995252646,47.076214854058776,48.335034623555046,31.23750256045103,9999.0,44.25748423118699,29.239766081871345,67.58978895201805,37.710059253708565,36.71358766900168,15.923566878980893,49.48061385884667,61.66339461003034,30.12048192771084,36.63003663003663,18.484288354898336,116.59470781857821,47.72405443676968,23.20185614849188,9999.0
child_qualities_autonomy_self_expression|WVS_A,53.206510577120554,0.0,78.94335012979082,67.40196078431373,52.91005291005291,73.16945469776695,64.57296849087894,51.08883433351518,9999.0,60.49541809851088,52.87104254890099,76.00479736702647,52.35602094240838,53.48394830102147,42.016806722689076,70.30941083432187,78.01226551226551,58.8235294117647,45.04504504504504,34.72222222222222,137.42350479405343,63.961988304093566,46.77041499330656,9999.0
child_qualities_conformity_tradition|WVS_A,68.88017185019146,78.94335012979082,0.0,67.68208886852955,81.58467341708223,63.69426751592357,61.07221812822402,65.14491419688694,9999.0,75.39208101835573,73.00914459280474,64.85805740672718,73.90787866167345,61.07221812822402,65.71959748869533,47.39336492890995,69.99938811723675,38.75968992248062,33.898305084745765,56.497175141242934,114.50745888864151,64.85805740672718,52.766229613047656,9999.0
child_qualities_prosocial_diligence|WVS_A,51.16402691698984,67.40196078431373,67.68208886852955,0.0,57.80346820809249,66.8669336893636,60.95769682726204,49.04635067338447,9999.0,58.45293443838017,50.828558888770274,64.7435361057652,53.08790182739763,51.44146464089076,35.714285714285715,54.054054054054056,69.88486681627475,36.63003663003663,33.78378378378378,32.67973856209151,121.16814801378561,61.91950464396285,44.727931333175846,9999.0
civic_dishonesty_tolerance|WVS_F,52.02029995252646,52.91005291005291,81.58467341708223,57.80346820809249,0.0,72.26321493228355,48.543689320388346,30.487804878048777,9999.0,43.29004329004329,49.06135878379166,61.34969325153375,49.96009285266037,37.3134328358209,41.771811679682244,60.56447555006633,67.27998226557304,49.82684716537912,47.68636833233647,40.86663657511892,127.67856950979788,33.898305084745765,28.81844380403458,9999.0
confidence_in_civil_society_organizations|WVS_E,47.076214854058776,73.16945469776695,63.69426751592357,66.8669336893636,72.26321493228355,0.0,71.20142274382735,46.466583656548025,9999.0,60.478161171558824,23.20185614849188,37.03703703703704,32.57328990228013,51.942668765098674,31.152647975077883,64.70969495494366,81.90630958978743,64.45317448959351,56.17977528089888,41.350676475170644,131.82378891467522,70.590442557042,43.444771128248966,9999.0
confidence_in_domestic_institutions|WVS_E,48.335034623555046,64.57296849087894,61.07221812822402,60.95769682726204,48.543689320388346,71.20142274382735,0.0,46.21735837994967,9999.0,55.623942144945374,47.99956659533548,58.133665365459684,50.258909533962836,48.61247234745596,41.32231404958678,54.42186944674802,63.27499607596924,33.557046979865774,27.17391304347826,29.850746268656714,121.5135356849877,58.133665365459684,40.48582995951417,9999.0
confidence_in_international_organizations|WVS_E,31.23750256045103,51.08883433351518,65.14491419688694,49.04635067338447,30.487804878048777,46.466583656548025,46.21735837994967,0.0,9999.0,42.13980798758162,31.761304102522768,62.9086341111188,36.77477537659908,35.12833819009221,15.313935681470138,48.870982661335916,59.65665540133625,26.38522427440633,31.948881789137378,16.366612111292962,115.98507662106746,45.6063781931643,25.57544757033248,9999.0
democratic_system_evaluation|WVS_E,9999.0,9999.0,9999.0,9999.0,9999.0,9999.0,9999.0,9999.0,0.0,9999.0,9999.0,9999.0,9999.0,9999.0,9999.0,9999.0,9999.0,9999.0,9999.0,9999.0,9999.0,9999.0,9999.0,9999.0
economic_ideology|WVS_E,44.25748423118699,60.49541809851088,75.39208101835573,58.45293443838017,43.29004329004329,60.478161171558824,55.623942144945374,42.13980798758162,9999.0,0.0,43.92201620296743,72.45352825559138,46.18135914159478,44.53492195508791,29.32551319648094,61.360384488388306,69.06323916633195,45.04504504504504,41.49377593360996,25.77319587628866,128.47447844811987,55.012961958160005,37.821388647373,9999.0
gender_role_traditionalism|WVS_D,29.239766081871345,52.87104254890099,73.00914459280474,50.828558888770274,49.06135878379166,23.20185614849188,47.99956659533548,31.761304102522768,9999.0,43.92201620296743,0.0,42.37288135593221,16.474464579901156,34.24657534246575,16.44736842105263,50.004415400918404,58.70445344129554,41.25131834110162,39.11083950805897,18.148820326678766,117.11850936064995,47.38858640855011,20.242914979757085,9999.0
importance_of_life_domains|WVS_A,67.58978895201805,76.00479736702647,64.85805740672718,64.7435361057652,61.34969325153375,37.03703703703704,58.133665365459684,62.9086341111188,9999.0,72.45352825559138,42.37288135593221,0.0,58.84734593583336,58.133665365459684,58.82024977698484,58.20770872525118,67.0608353544724,51.282051282051285,30.959752321981423,60.521701682610974,125.29937496349086,61.919504643962846,49.82767685028331,9999.0
job_scarcity_gender_discrimination|WVS_C,37.710059253708565,52.35602094240838,73.90787866167345,53.08790182739763,49.96009285266037,32.57328990228013,50.258909533962836,36.77477537659908,9999.0,46.18135914159478,16.474464579901156,58.84734593583336,0.0,39.16988934410537,21.78649237472767,52.88768079465754,59.60318751016425,42.15005240997033,40.00957357692768,20.408163265306122,120.00177475438909,49.64792934717747,21.14164904862579,9999.0
job_scarcity_nativist_preference|WVS_C,36.71358766900168,53.48394830102147,61.07221812822402,51.44146464089076,37.3134328358209,51.942668765098674,48.61247234745596,35.12833819009221,9999.0,44.53492195508791,34.24657534246575,58.133665365459684,39.16988934410537,0.0,20.79002079002079,54.347067769886564,62.05176936884254,30.487804878048777,27.17391304347826,18.76172607879925,121.46116172961811,48.001492160670594,25.974025974025974,9999.0
life_autonomy_morality_permissiveness|WVS_F,15.923566878980893,42.016806722689076,65.71959748869533,35.714285714285715,41.771811679682244,31.152647975077883,41.32231404958678,15.313935681470138,9999.0,29.32551319648094,16.44736842105263,58.82024977698484,21.78649237472767,20.79002079002079,0.0,33.557046979865774,51.414906337186125,33.961771236992206,31.821292403949556,25.001560646732003,100.67114093959732,43.29004329004329,12.953367875647668,9999.0
offline_political_participation|WVS_E,49.48061385884667,70.30941083432187,47.39336492890995,54.054054054054056,60.56447555006633,64.70969495494366,54.42186944674802,48.870982661335916,9999.0,61.360384488388306,50.004415400918404,58.20770872525118,52.88768079465754,54.347067769886564,33.557046979865774,0.0,61.50562143290008,24.330900243309003,27.247956403269754,35.587188612099645,67.11409395973155,58.20770872525118,31.746031746031747,9999.0
postmaterialist_values|WVS_E,61.66339461003034,78.01226551226551,69.99938811723675,69.88486681627475,67.27998226557304,81.90630958978743,63.27499607596924,59.65665540133625,9999.0,69.06323916633195,58.70445344129554,67.0608353544724,59.60318751016425,62.05176936884254,51.414906337186125,61.50562143290008,0.0,37.174721189591075,36.101083032490976,43.29004329004329,86.95652173913044,67.0608353544724,38.46153846153846,9999.0
religious_belief|WVS_F,30.12048192771084,58.8235294117647,38.75968992248062,36.63003663003663,49.82684716537912,64.45317448959351,33.557046979865774,26.38522427440633,9999.0,45.04504504504504,41.25131834110162,51.282051282051285,42.15005240997033,30.487804878048777,33.961771236992206,24.330900243309003,37.174721189591075,0.0,39.876327889646426,33.05659613242887,91.44499420304055,50.0,21.008403361344538,9999.0
religious_practice_and_self_identification|WVS_F,36.63003663003663,45.04504504504504,33.898305084745765,33.78378378378378,47.68636833233647,56.17977528089888,27.17391304347826,31.948881789137378,9999.0,41.49377593360996,39.11083950805897,30.959752321981423,40.00957357692768,27.17391304347826,31.821292403949556,27.247956403269754,36.101083032490976,39.876327889646426,0.0,30.916117299386222,94.33962264150944,30.959752321981423,18.867924528301888,9999.0
sexual_and_reproductive_morality_permissiveness|WVS_F,18.484288354898336,34.72222222222222,56.497175141242934,32.67973856209151,40.86663657511892,41.350676475170644,29.850746268656714,16.366612111292962,9999.0,25.77319587628866,18.148820326678766,60.521701682610974,20.408163265306122,18.76172607879925,25.001560646732003,35.587188612099645,43.29004329004329,33.05659613242887,30.916117299386222,0.0,102.7012825718312,29.239766081871345,12.048192771084336,9999.0
social_intolerance_outgroups|WVS_A,116.59470781857821,137.42350479405343,114.50745888864151,121.16814801378561,127.67856950979788,131.82378891467522,121.5135356849877,115.98507662106746,9999.0,128.47447844811987,117.11850936064995,125.29937496349086,120.00177475438909,121.46116172961811,100.67114093959732,67.11409395973155,86.95652173913044,91.44499420304055,94.33962264150944,102.7012825718312,0.0,125.29937496349086,98.8601257057633,9999.0
societal_change_attitudes|WVS_E,47.72405443676968,63.961988304093566,64.85805740672718,61.91950464396285,33.898305084745765,70.590442557042,58.133665365459684,45.6063781931643,9999.0,55.012961958160005,47.38858640855011,61.919504643962846,49.64792934717747,48.001492160670594,43.29004329004329,58.20770872525118,67.0608353544724,50.0,30.959752321981423,29.239766081871345,125.29937496349086,0.0,41.28795885295568,9999.0
subjective_wellbeing|WVS_A,23.20185614849188,46.77041499330656,52.766229613047656,44.727931333175846,28.81844380403458,43.444771128248966,40.48582995951417,25.57544757033248,9999.0,37.821388647373,20.242914979757085,49.82767685028331,21.14164904862579,25.974025974025974,12.953367875647668,31.746031746031747,38.46153846153846,21.008403361344538,18.867924528301888,12.048192771084336,98.8601257057633,41.28795885295568,0.0,9999.0
voluntary_association_active_membership|WVS_A,9999.0,9999.0,9999.0,9999.0,9999.0,9999.0,9999.0,9999.0,9999.0,9999.0,9999.0,9999.0,9999.0,9999.0,9999.0,9999.0,9999.0,9999.0,9999.0,9999.0,9999.0,9999.0,9999.0,0.0
