,acceptance_of_state_surveillance|WVS_H,authoritarian_governance_tolerance|WVS_E,autocracy_support|WVS_E,basic_needs_deprivation|WVS_H,child_qualities_autonomy_self_expression|WVS_A,child_qualities_conformity_tradition|WVS_A,child_qualities_prosocial_diligence|WVS_A,civic_dishonesty_tolerance|WVS_F,confidence_in_civil_society_organizations|WVS_E,confidence_in_domestic_institutions|WVS_E,confidence_in_international_organizations|WVS_E,crime_victimization|WVS_H,democratic_system_evaluation|WVS_E,democratic_values_importance|WVS_E,economic_ideology|WVS_E,electoral_integrity|WVS_E,existential_threat_worry|WVS_H,familial_duty_obligations|WVS_D,female_income_threat_to_marriage|WVS_D,freedom_security_tradeoff_perception|WVS_H,gender_role_traditionalism|WVS_D,immigrant_origin_status|WVS_G,importance_of_life_domains|WVS_A,international_organization_knowledge|WVS_E,job_scarcity_gender_discrimination|WVS_C,job_scarcity_nativist_preference|WVS_C,life_autonomy_morality_permissiveness|WVS_F,multilevel_place_attachment|WVS_G,neighborhood_disorder_and_crime|WVS_H,offline_political_participation|WVS_E,online_political_participation|WVS_E,outgroup_trust|WVS_G,perceived_negative_effects_of_immigration|WVS_G,perceived_positive_effects_of_immigration|WVS_G,political_information_sources|WVS_E,postmaterialist_values|WVS_E,precautionary_security_behaviors|WVS_H,religion_versus_secularism_orientation|WVS_F,religious_belief|WVS_F,religious_exclusivism|WVS_F,religious_practice_and_self_identification|WVS_F,science_skepticism|WVS_I,science_technology_optimism|WVS_E,sexual_and_reproductive_morality_permissiveness|WVS_F,social_intolerance_outgroups|WVS_A,societal_change_attitudes|WVS_E,socioeconomic_insecurity_worry|WVS_H,subjective_wellbeing|WVS_A,violence_tolerance|WVS_F,voluntary_association_active_membership|WVS_A,voluntary_association_belonging|WVS_A,voting_participation|WVS_E,work_ethic|WVS_C
acceptance_of_state_surveillance|WVS_H,0.0,95.23809523809523,104.16666666666667,9999.0,135.13513513513513,277.77777777777777,112.35955056179776,90.90909090909092,166.66666666666666,142.85714285714286,79.36507936507937,9999.0,250.0,140.8450704225352,1000.0,67.56756756756756,9999.0,588.2352941176471,263.1578947368421,9999.0,142.85714285714286,120.48192771084337,454.5454545454545,48.78048780487805,277.77777777777777,714.2857142857143,333.3333333333333,1000.0,9999.0,42.73504273504273,59.880239520958085,57.4712643678161,238.0952380952381,114.9425287356322,106.38297872340425,89.28571428571429,9999.0,84.74576271186442,1000.0,48.07692307692308,126.58227848101265,100.0,103.09278350515464,250.0,9999.0,833.3333333333334,9999.0,500.0,172.41379310344828,52.631578947368425,45.662100456621005,45.87155963302752,434.7826086956522
authoritarian_governance_tolerance|WVS_E,95.23809523809523,0.0,9999.0,103.09278350515464,217.3913043478261,833.3333333333334,256.4102564102564,80.64516129032258,9999.0,9999.0,9999.0,294.11764705882354,9999.0,9999.0,9999.0,9999.0,133.33333333333334,500.0,147.05882352941177,222.22222222222223,158.73015873015873,322.5806451612903,344.82758620689657,9999.0,588.2352941176471,666.6666666666666,161.29032258064515,1000.0,1000.0,9999.0,9999.0,113.63636363636363,277.77777777777777,129.87012987012986,9999.0,9999.0,175.43859649122805,175.43859649122805,135.13513513513513,192.30769230769232,86.95652173913044,1000.0,9999.0,103.09278350515464,9999.0,9999.0,172.41379310344828,250.0,79.36507936507937,63.291139240506325,48.543689320388346,9999.0,1000.0
autocracy_support|WVS_E,104.16666666666667,9999.0,0.0,97.08737864077669,91.74311926605505,96.15384615384616,370.3703703703703,61.34969325153375,9999.0,9999.0,9999.0,250.0,9999.0,9999.0,9999.0,9999.0,277.77777777777777,158.73015873015873,151.51515151515153,111.11111111111111,126.58227848101265,34.36426116838488,175.43859649122805,9999.0,185.18518518518516,344.82758620689657,123.4567901234568,1000.0,49.504950495049506,9999.0,9999.0,131.57894736842104,1000.0,285.7142857142857,9999.0,9999.0,714.2857142857143,101.010101010101,133.33333333333334,121.95121951219511,57.14285714285714,500.0,9999.0,80.0,9999.0,9999.0,58.47953216374269,232.5581395348837,104.16666666666667,1000.0,142.85714285714286,9999.0,714.2857142857143
basic_needs_deprivation|WVS_H,9999.0,103.09278350515464,97.08737864077669,0.0,65.35947712418302,204.08163265306123,109.89010989010988,65.35947712418302,181.81818181818184,55.865921787709496,53.475935828877,9999.0,120.48192771084337,112.35955056179776,285.7142857142857,51.54639175257732,9999.0,200.0,208.33333333333334,9999.0,112.35955056179776,29.940119760479043,250.0,41.84100418410041,104.16666666666667,57.80346820809249,67.56756756756756,144.92753623188406,9999.0,40.16064257028113,108.69565217391305,41.84100418410041,54.94505494505494,136.986301369863,158.73015873015873,104.16666666666667,9999.0,1000.0,714.2857142857143,61.7283950617284,89.28571428571429,133.33333333333334,49.26108374384237,60.975609756097555,9999.0,1000.0,9999.0,303.03030303030306,232.5581395348837,44.44444444444444,45.04504504504504,28.328611898016998,47.16981132075472
child_qualities_autonomy_self_expression|WVS_A,135.13513513513513,217.3913043478261,91.74311926605505,65.35947712418302,0.0,9999.0,9999.0,32.67973856209151,79.36507936507937,65.78947368421052,238.0952380952381,66.2251655629139,78.74015748031496,105.26315789473685,588.2352941176471,63.69426751592357,75.75757575757576,833.3333333333334,43.47826086956522,60.975609756097555,84.74576271186442,18.315018315018314,9999.0,250.0,63.291139240506325,34.129692832764505,26.595744680851062,114.9425287356322,29.15451895043732,400.0,45.87155963302752,60.24096385542168,40.48582995951417,97.08737864077669,27.855153203342617,333.3333333333333,1000.0,51.81347150259067,41.1522633744856,54.34782608695652,26.525198938992045,47.84688995215311,204.08163265306123,19.417475728155342,9999.0,55.55555555555556,17.88908765652952,9999.0,48.309178743961354,9999.0,9999.0,29.41176470588235,42.5531914893617
child_qualities_conformity_tradition|WVS_A,277.77777777777777,833.3333333333334,96.15384615384616,204.08163265306123,9999.0,0.0,9999.0,23.364485981308412,39.52569169960474,48.543689320388346,55.55555555555556,26.881720430107528,50.5050505050505,94.33962264150944,909.090909090909,74.07407407407408,32.362459546925564,333.3333333333333,22.123893805309734,32.67973856209151,46.29629629629629,11.750881316098708,9999.0,86.20689655172414,38.75968992248062,22.026431718061673,15.197568389057752,80.0,23.364485981308412,59.1715976331361,19.646365422396855,69.93006993006993,25.974025974025974,43.66812227074236,15.220700152207003,83.33333333333333,208.33333333333334,22.831050228310502,23.31002331002331,20.32520325203252,16.80672268907563,21.551724137931036,243.90243902439022,12.437810945273633,9999.0,30.030030030030026,13.020833333333334,9999.0,28.08988764044944,9999.0,9999.0,25.974025974025974,27.77777777777778
child_qualities_prosocial_diligence|WVS_A,112.35955056179776,256.4102564102564,370.3703703703703,109.89010989010988,9999.0,9999.0,0.0,105.26315789473685,136.986301369863,200.0,101.010101010101,49.01960784313725,169.49152542372883,416.6666666666667,1000.0,1000.0,68.02721088435375,434.7826086956522,50.0,91.74311926605505,87.71929824561403,61.7283950617284,9999.0,72.46376811594203,86.95652173913044,65.35947712418302,45.45454545454546,238.0952380952381,232.5581395348837,50.0,34.24657534246575,400.0,75.18796992481204,111.11111111111111,34.36426116838488,169.49152542372883,192.30769230769232,44.84304932735426,59.880239520958085,33.44481605351171,56.497175141242934,46.51162790697675,140.8450704225352,36.90036900369004,9999.0,78.74015748031496,55.55555555555556,9999.0,84.74576271186442,9999.0,9999.0,1000.0,92.59259259259258
civic_dishonesty_tolerance|WVS_F,90.90909090909092,80.64516129032258,61.34969325153375,65.35947712418302,32.67973856209151,23.364485981308412,105.26315789473685,0.0,85.47008547008546,59.880239520958085,322.5806451612903,68.4931506849315,62.11180124223603,77.51937984496124,714.2857142857143,48.07692307692308,42.73504273504273,434.7826086956522,30.030030030030026,39.8406374501992,454.5454545454545,16.366612111292962,69.44444444444444,158.73015873015873,102.04081632653062,40.0,9999.0,166.66666666666666,30.581039755351682,256.4102564102564,46.728971962616825,55.55555555555556,45.24886877828054,131.57894736842104,29.761904761904763,322.5806451612903,131.57894736842104,9999.0,9999.0,9999.0,9999.0,35.714285714285715,1000.0,9999.0,9999.0,38.91050583657587,17.953321364452425,62.11180124223603,9999.0,1000.0,72.46376811594203,27.397260273972606,59.880239520958085
confidence_in_civil_society_organizations|WVS_E,166.66666666666666,9999.0,9999.0,181.81818181818184,79.36507936507937,39.52569169960474,136.986301369863,85.47008547008546,0.0,9999.0,9999.0,285.7142857142857,9999.0,9999.0,9999.0,9999.0,303.03030303030306,72.46376811594203,135.13513513513513,59.523809523809526,128.2051282051282,14.513788098693759,138.88888888888889,9999.0,101.010101010101,1000.0,156.25,1000.0,26.666666666666668,9999.0,9999.0,121.95121951219511,83.33333333333333,36.496350364963504,9999.0,9999.0,80.0,161.29032258064515,129.87012987012986,204.08163265306123,47.61904761904761,90.90909090909092,9999.0,96.15384615384616,9999.0,9999.0,52.631578947368425,270.27027027027026,1000.0,25.510204081632654,34.602076124567475,9999.0,107.52688172043011
confidence_in_domestic_institutions|WVS_E,142.85714285714286,9999.0,9999.0,55.865921787709496,65.78947368421052,48.543689320388346,200.0,59.880239520958085,9999.0,0.0,9999.0,61.34969325153375,9999.0,9999.0,9999.0,9999.0,119.04761904761905,72.46376811594203,62.11180124223603,1000.0,43.47826086956522,112.35955056179776,192.30769230769232,9999.0,36.101083032490976,31.152647975077883,28.011204481792713,95.23809523809523,217.3913043478261,9999.0,9999.0,44.44444444444444,28.653295128939828,133.33333333333334,9999.0,9999.0,158.73015873015873,32.57328990228013,53.475935828877,48.543689320388346,51.282051282051285,77.51937984496124,9999.0,23.148148148148145,9999.0,9999.0,22.98850574712644,103.09278350515464,61.34969325153375,53.763440860215056,48.543689320388346,9999.0,27.700831024930746
confidence_in_international_organizations|WVS_E,79.36507936507937,9999.0,9999.0,53.475935828877,238.0952380952381,55.55555555555556,101.010101010101,322.5806451612903,9999.0,9999.0,0.0,151.51515151515153,9999.0,9999.0,9999.0,9999.0,109.89010989010988,87.71929824561403,91.74311926605505,60.24096385542168,97.08737864077669,26.109660574412533,243.90243902439022,9999.0,79.36507936507937,125.0,1000.0,312.5,54.34782608695652,9999.0,9999.0,57.4712643678161,72.46376811594203,47.16981132075472,9999.0,9999.0,344.82758620689657,192.30769230769232,175.43859649122805,74.07407407407408,62.893081761006286,70.4225352112676,9999.0,227.27272727272725,9999.0,9999.0,333.3333333333333,416.6666666666667,294.11764705882354,26.7379679144385,33.78378378378378,9999.0,56.497175141242934
crime_victimization|WVS_H,9999.0,294.11764705882354,250.0,9999.0,66.2251655629139,26.881720430107528,49.01960784313725,68.4931506849315,285.7142857142857,61.34969325153375,151.51515151515153,0.0,68.4931506849315,107.52688172043011,1000.0,119.04761904761905,9999.0,94.33962264150944,32.57328990228013,9999.0,40.32258064516129,46.29629629629629,140.8450704225352,71.42857142857143,34.96503496503497,29.15451895043732,25.44529262086514,117.6470588235294,9999.0,30.959752321981423,20.449897750511248,285.7142857142857,30.487804878048777,121.95121951219511,16.80672268907563,714.2857142857143,9999.0,21.691973969631235,35.2112676056338,20.161290322580644,34.72222222222222,29.850746268656714,158.73015873015873,19.9203187250996,9999.0,46.728971962616825,9999.0,83.33333333333333,46.51162790697675,88.49557522123894,175.43859649122805,107.52688172043011,32.89473684210526
democratic_system_evaluation|WVS_E,250.0,9999.0,9999.0,120.48192771084337,78.74015748031496,50.5050505050505,169.49152542372883,62.11180124223603,9999.0,9999.0,9999.0,68.4931506849315,0.0,9999.0,9999.0,9999.0,85.47008547008546,200.0,55.865921787709496,138.88888888888889,94.33962264150944,86.20689655172414,188.67924528301887,9999.0,64.1025641025641,51.81347150259067,38.75968992248062,175.43859649122805,181.81818181818184,9999.0,9999.0,84.74576271186442,48.07692307692308,400.0,9999.0,9999.0,158.73015873015873,45.662100456621005,55.55555555555556,59.1715976331361,50.0,69.44444444444444,9999.0,31.347962382445143,9999.0,9999.0,34.72222222222222,121.95121951219511,60.6060606060606,129.87012987012986,83.33333333333333,9999.0,52.083333333333336
democratic_values_importance|WVS_E,140.8450704225352,9999.0,9999.0,112.35955056179776,105.26315789473685,94.33962264150944,416.6666666666667,77.51937984496124,9999.0,9999.0,9999.0,107.52688172043011,9999.0,0.0,9999.0,9999.0,109.89010989010988,149.2537313432836,78.74015748031496,370.3703703703703,106.38297872340425,294.11764705882354,303.03030303030306,9999.0,70.4225352112676,58.8235294117647,47.39336492890995,208.33333333333334,500.0,9999.0,9999.0,73.52941176470588,49.75124378109453,114.9425287356322,9999.0,9999.0,128.2051282051282,55.24861878453038,74.6268656716418,91.74311926605505,72.99270072992701,111.11111111111111,9999.0,39.682539682539684,9999.0,9999.0,47.16981132075472,151.51515151515153,71.94244604316548,58.13953488372093,56.81818181818181,9999.0,57.80346820809249
economic_ideology|WVS_E,1000.0,9999.0,9999.0,285.7142857142857,588.2352941176471,909.090909090909,1000.0,714.2857142857143,9999.0,9999.0,9999.0,1000.0,9999.0,9999.0,0.0,9999.0,204.08163265306123,285.7142857142857,357.14285714285717,285.7142857142857,140.8450704225352,128.2051282051282,1000.0,9999.0,169.49152542372883,166.66666666666666,357.14285714285717,370.3703703703703,303.03030303030306,9999.0,9999.0,270.27027027027026,172.41379310344828,1000.0,9999.0,9999.0,333.3333333333333,166.66666666666666,588.2352941176471,1000.0,625.0,666.6666666666666,9999.0,769.2307692307693,9999.0,9999.0,105.26315789473685,1000.0,250.0,1000.0,555.5555555555555,9999.0,116.27906976744185
electoral_integrity|WVS_E,67.56756756756756,9999.0,9999.0,51.54639175257732,63.69426751592357,74.07407407407408,1000.0,48.07692307692308,9999.0,9999.0,9999.0,119.04761904761905,9999.0,9999.0,9999.0,0.0,88.49557522123894,112.35955056179776,63.69426751592357,434.7826086956522,82.64462809917356,1000.0,181.81818181818184,9999.0,53.475935828877,43.10344827586207,35.97122302158274,147.05882352941177,625.0,9999.0,9999.0,41.32231404958678,33.003300330033,67.56756756756756,9999.0,9999.0,108.69565217391305,49.504950495049506,58.47953216374269,156.25,52.083333333333336,121.95121951219511,9999.0,28.011204481792713,9999.0,9999.0,27.700831024930746,102.04081632653062,49.01960784313725,33.78378378378378,31.347962382445143,9999.0,38.314176245210724
existential_threat_worry|WVS_H,9999.0,133.33333333333334,277.77777777777777,9999.0,75.75757575757576,32.362459546925564,68.02721088435375,42.73504273504273,303.03030303030306,119.04761904761905,109.89010989010988,9999.0,85.47008547008546,109.89010989010988,204.08163265306123,88.49557522123894,0.0,370.3703703703703,28.409090909090907,9999.0,476.1904761904762,909.090909090909,109.89010989010988,104.16666666666667,227.27272727272725,80.64516129032258,32.89473684210526,1000.0,9999.0,49.75124378109453,36.101083032490976,714.2857142857143,79.36507936507937,285.7142857142857,31.152647975077883,227.27272727272725,9999.0,49.01960784313725,31.25,29.239766081871345,30.030030030030026,31.545741324921135,59.880239520958085,25.06265664160401,9999.0,38.91050583657587,9999.0,78.125,28.57142857142857,526.3157894736842,123.4567901234568,113.63636363636363,1000.0
familial_duty_obligations|WVS_D,588.2352941176471,500.0,158.73015873015873,200.0,833.3333333333334,333.3333333333333,434.7826086956522,434.7826086956522,72.46376811594203,72.46376811594203,87.71929824561403,94.33962264150944,200.0,149.2537313432836,285.7142857142857,112.35955056179776,370.3703703703703,0.0,9999.0,105.26315789473685,9999.0,72.46376811594203,555.5555555555555,344.82758620689657,49.01960784313725,62.11180124223603,74.6268656716418,156.25,111.11111111111111,117.6470588235294,67.11409395973155,117.6470588235294,48.309178743961354,158.73015873015873,38.75968992248062,181.81818181818184,1000.0,42.37288135593221,769.2307692307693,75.18796992481204,208.33333333333334,526.3157894736842,109.89010989010988,105.26315789473685,9999.0,1000.0,67.56756756756756,1000.0,454.5454545454545,102.04081632653062,156.25,303.03030303030306,43.29004329004329
female_income_threat_to_marriage|WVS_D,263.1578947368421,147.05882352941177,151.51515151515153,208.33333333333334,43.47826086956522,22.123893805309734,50.0,30.030030030030026,135.13513513513513,62.11180124223603,91.74311926605505,32.57328990228013,55.865921787709496,78.74015748031496,357.14285714285717,63.69426751592357,28.409090909090907,9999.0,0.0,37.3134328358209,9999.0,28.409090909090907,81.30081300813008,94.33962264150944,69.93006993006993,38.167938931297705,21.929824561403507,185.18518518518516,72.46376811594203,43.66812227074236,23.419203747072597,238.0952380952381,42.016806722689076,126.58227848101265,20.618556701030926,833.3333333333334,61.34969325153375,31.055900621118013,24.813895781637715,22.123893805309734,21.367521367521366,25.77319587628866,77.51937984496124,16.10305958132045,9999.0,33.333333333333336,25.31645569620253,59.523809523809526,27.3224043715847,126.58227848101265,200.0,56.17977528089888,58.47953216374269
freedom_security_tradeoff_perception|WVS_H,9999.0,222.22222222222223,111.11111111111111,9999.0,60.975609756097555,32.67973856209151,91.74311926605505,39.8406374501992,59.523809523809526,1000.0,60.24096385542168,9999.0,138.88888888888889,370.3703703703703,285.7142857142857,434.7826086956522,9999.0,105.26315789473685,37.3134328358209,0.0,114.9425287356322,23.752969121140143,97.08737864077669,126.58227848101265,344.82758620689657,144.92753623188406,40.816326530612244,1000.0,9999.0,178.57142857142858,59.880239520958085,666.6666666666666,416.6666666666667,81.30081300813008,69.44444444444444,181.81818181818184,9999.0,270.27027027027026,39.37007874015748,50.76142131979696,27.77777777777778,40.816326530612244,75.75757575757576,28.653295128939828,9999.0,49.75124378109453,9999.0,91.74311926605505,41.32231404958678,60.6060606060606,357.14285714285717,80.0,312.5
gender_role_traditionalism|WVS_D,142.85714285714286,158.73015873015873,126.58227848101265,112.35955056179776,84.74576271186442,46.29629629629629,87.71929824561403,454.5454545454545,128.2051282051282,43.47826086956522,97.08737864077669,40.32258064516129,94.33962264150944,106.38297872340425,140.8450704225352,82.64462809917356,476.1904761904762,9999.0,9999.0,114.9425287356322,0.0,101.010101010101,1000.0,400.0,26.38522427440633,28.653295128939828,31.847133757961785,70.92198581560284,1000.0,59.1715976331361,28.73563218390805,67.11409395973155,24.875621890547265,1000.0,18.248175182481752,1000.0,769.2307692307693,21.83406113537118,101.010101010101,31.948881789137378,178.57142857142858,76.33587786259541,62.11180124223603,32.25806451612903,9999.0,238.0952380952381,21.88183807439825,243.90243902439022,1000.0,1000.0,526.3157894736842,74.6268656716418,22.573363431151243
immigrant_origin_status|WVS_G,120.48192771084337,322.5806451612903,34.36426116838488,29.940119760479043,18.315018315018314,11.750881316098708,61.7283950617284,16.366612111292962,14.513788098693759,112.35955056179776,26.109660574412533,46.29629629629629,86.20689655172414,294.11764705882354,128.2051282051282,1000.0,909.090909090909,72.46376811594203,28.409090909090907,23.752969121140143,101.010101010101,0.0,38.91050583657587,454.5454545454545,78.74015748031496,19.305019305019304,16.0,9999.0,8.424599831508003,41.32231404958678,34.24657534246575,9999.0,9999.0,9999.0,22.98850574712644,22.123893805309734,42.37288135593221,49.01960784313725,26.109660574412533,57.4712643678161,12.004801920768308,28.409090909090907,74.07407407407408,11.441647597254004,9999.0,35.08771929824561,8.071025020177563,46.29629629629629,49.75124378109453,15.015015015015013,29.850746268656714,13.94700139470014,29.673590504451038
importance_of_life_domains|WVS_A,454.5454545454545,344.82758620689657,175.43859649122805,250.0,9999.0,9999.0,9999.0,69.44444444444444,138.88888888888889,192.30769230769232,243.90243902439022,140.8450704225352,188.67924528301887,303.03030303030306,1000.0,181.81818181818184,109.89010989010988,555.5555555555555,81.30081300813008,97.08737864077669,1000.0,38.91050583657587,0.0,1000.0,277.77777777777777,108.69565217391305,59.523809523809526,384.61538461538464,70.4225352112676,1000.0,100.0,192.30769230769232,129.87012987012986,208.33333333333334,74.07407407407408,588.2352941176471,714.2857142857143,136.986301369863,78.74015748031496,106.38297872340425,51.54639175257732,90.90909090909092,769.2307692307693,45.04504504504504,9999.0,99.00990099009901,51.282051282051285,9999.0,83.33333333333333,9999.0,9999.0,73.52941176470588,166.66666666666666
international_organization_knowledge|WVS_E,48.78048780487805,9999.0,9999.0,41.84100418410041,250.0,86.20689655172414,72.46376811594203,158.73015873015873,9999.0,9999.0,9999.0,71.42857142857143,9999.0,9999.0,9999.0,9999.0,104.16666666666667,344.82758620689657,94.33962264150944,126.58227848101265,400.0,454.5454545454545,1000.0,0.0,250.0,294.11764705882354,1000.0,625.0,416.6666666666667,9999.0,9999.0,51.02040816326531,121.95121951219511,64.1025641025641,9999.0,9999.0,1000.0,92.59259259259258,208.33333333333334,43.29004329004329,1000.0,68.02721088435375,9999.0,1000.0,9999.0,9999.0,85.47008547008546,1000.0,1000.0,32.89473684210526,33.78378378378378,9999.0,126.58227848101265
job_scarcity_gender_discrimination|WVS_C,277.77777777777777,588.2352941176471,185.18518518518516,104.16666666666667,63.291139240506325,38.75968992248062,86.95652173913044,102.04081632653062,101.010101010101,36.101083032490976,79.36507936507937,34.96503496503497,64.1025641025641,70.4225352112676,169.49152542372883,53.475935828877,227.27272727272725,49.01960784313725,69.93006993006993,344.82758620689657,26.38522427440633,78.74015748031496,277.77777777777777,250.0,0.0,9999.0,25.188916876574307,70.92198581560284,357.14285714285717,55.55555555555556,25.44529262086514,51.81347150259067,21.73913043478261,1000.0,17.6056338028169,227.27272727272725,384.61538461538464,19.37984496124031,55.865921787709496,26.80965147453083,66.2251655629139,56.497175141242934,68.02721088435375,22.42152466367713,9999.0,91.74311926605505,18.6219739292365,125.0,129.87012987012986,138.88888888888889,185.18518518518516,49.26108374384237,9999.0
job_scarcity_nativist_preference|WVS_C,714.2857142857143,666.6666666666666,344.82758620689657,57.80346820809249,34.129692832764505,22.026431718061673,65.35947712418302,40.0,1000.0,31.152647975077883,125.0,29.15451895043732,51.81347150259067,58.8235294117647,166.66666666666666,43.10344827586207,80.64516129032258,62.11180124223603,38.167938931297705,144.92753623188406,28.653295128939828,19.305019305019304,108.69565217391305,294.11764705882354,9999.0,0.0,18.76172607879925,59.523809523809526,49.504950495049506,77.51937984496124,22.075055187637968,39.682539682539684,19.68503937007874,285.7142857142857,14.792899408284025,666.6666666666666,555.5555555555555,18.867924528301888,34.129692832764505,25.57544757033248,29.239766081871345,37.735849056603776,72.99270072992701,14.705882352941176,9999.0,48.543689320388346,13.568521031207599,74.07407407407408,51.81347150259067,500.0,136.986301369863,27.62430939226519,9999.0
life_autonomy_morality_permissiveness|WVS_F,333.3333333333333,161.29032258064515,123.4567901234568,67.56756756756756,26.595744680851062,15.197568389057752,45.45454545454546,9999.0,156.25,28.011204481792713,1000.0,25.44529262086514,38.75968992248062,47.39336492890995,357.14285714285717,35.97122302158274,32.89473684210526,74.6268656716418,21.929824561403507,40.816326530612244,31.847133757961785,16.0,59.523809523809526,1000.0,25.188916876574307,18.76172607879925,0.0,58.47953216374269,31.446540880503143,49.01960784313725,16.31321370309951,39.21568627450981,18.083182640144663,107.52688172043011,12.360939431396787,294.11764705882354,106.38297872340425,9999.0,9999.0,9999.0,9999.0,22.72727272727273,303.03030303030306,9999.0,9999.0,29.761904761904763,11.428571428571429,45.24886877828054,9999.0,263.1578947368421,90.90909090909092,22.88329519450801,20.491803278688522
multilevel_place_attachment|WVS_G,1000.0,1000.0,1000.0,144.92753623188406,114.9425287356322,80.0,238.0952380952381,166.66666666666666,1000.0,95.23809523809523,312.5,117.6470588235294,175.43859649122805,208.33333333333334,370.3703703703703,147.05882352941177,1000.0,156.25,185.18518518518516,1000.0,70.92198581560284,9999.0,384.61538461538464,625.0,70.92198581560284,59.523809523809526,58.47953216374269,0.0,126.58227848101265,476.1904761904762,68.02721088435375,9999.0,9999.0,9999.0,48.309178743961354,1000.0,833.3333333333334,55.865921787709496,142.85714285714286,86.95652173913044,113.63636363636363,136.986301369863,149.2537313432836,52.35602094240838,9999.0,227.27272727272725,40.65040650406504,285.7142857142857,277.77777777777777,1000.0,833.3333333333334,86.95652173913044,52.91005291005291
neighborhood_disorder_and_crime|WVS_H,9999.0,1000.0,49.504950495049506,9999.0,29.15451895043732,23.364485981308412,232.5581395348837,30.581039755351682,26.666666666666668,217.3913043478261,54.34782608695652,9999.0,181.81818181818184,500.0,303.03030303030306,625.0,9999.0,111.11111111111111,72.46376811594203,9999.0,1000.0,8.424599831508003,70.4225352112676,416.6666666666667,357.14285714285717,49.504950495049506,31.446540880503143,126.58227848101265,0.0,55.55555555555556,370.3703703703703,71.94244604316548,108.69565217391305,41.49377593360996,59.523809523809526,56.17977528089888,9999.0,1000.0,61.34969325153375,476.1904761904762,24.630541871921185,71.94244604316548,123.4567901234568,23.980815347721823,9999.0,67.56756756756756,9999.0,95.23809523809523,104.16666666666667,35.2112676056338,69.93006993006993,23.923444976076556,63.69426751592357
offline_political_participation|WVS_E,42.73504273504273,9999.0,9999.0,40.16064257028113,400.0,59.1715976331361,50.0,256.4102564102564,9999.0,9999.0,9999.0,30.959752321981423,9999.0,9999.0,9999.0,9999.0,49.75124378109453,117.6470588235294,43.66812227074236,178.57142857142858,59.1715976331361,41.32231404958678,1000.0,9999.0,55.55555555555556,77.51937984496124,49.01960784313725,476.1904761904762,55.55555555555556,0.0,9999.0,72.99270072992701,75.18796992481204,117.6470588235294,9999.0,9999.0,81.30081300813008,29.239766081871345,64.51612903225806,21.691973969631235,192.30769230769232,36.63003663003663,9999.0,44.84304932735426,9999.0,9999.0,370.3703703703703,204.08163265306123,101.010101010101,70.92198581560284,61.7283950617284,9999.0,96.15384615384616
online_political_participation|WVS_E,59.880239520958085,9999.0,9999.0,108.69565217391305,45.87155963302752,19.646365422396855,34.24657534246575,46.728971962616825,9999.0,9999.0,9999.0,20.449897750511248,9999.0,9999.0,9999.0,9999.0,36.101083032490976,67.11409395973155,23.419203747072597,59.880239520958085,28.73563218390805,34.24657534246575,100.0,9999.0,25.44529262086514,22.075055187637968,16.31321370309951,68.02721088435375,370.3703703703703,9999.0,0.0,188.67924528301887,21.367521367521366,68.9655172413793,9999.0,9999.0,86.20689655172414,15.64945226917058,26.954177897574123,14.40922190201729,28.08988764044944,21.27659574468085,9999.0,15.313935681470138,9999.0,9999.0,16.863406408094434,65.35947712418302,36.36363636363637,58.47953216374269,105.26315789473685,9999.0,22.22222222222222
outgroup_trust|WVS_G,57.4712643678161,113.63636363636363,131.57894736842104,41.84100418410041,60.24096385542168,69.93006993006993,400.0,55.55555555555556,121.95121951219511,44.44444444444444,57.4712643678161,285.7142857142857,84.74576271186442,73.52941176470588,270.27027027027026,41.32231404958678,714.2857142857143,117.6470588235294,238.0952380952381,666.6666666666666,67.11409395973155,9999.0,192.30769230769232,51.02040816326531,51.81347150259067,39.682539682539684,39.21568627450981,9999.0,71.94244604316548,72.99270072992701,188.67924528301887,0.0,9999.0,9999.0,38.46153846153846,86.95652173913044,1000.0,62.893081761006286,105.26315789473685,833.3333333333334,58.47953216374269,769.2307692307693,54.054054054054056,34.602076124567475,9999.0,166.66666666666666,22.371364653243848,153.84615384615384,95.23809523809523,45.24886877828054,41.84100418410041,30.3030303030303,34.84320557491289
perceived_negative_effects_of_immigration|WVS_G,238.0952380952381,277.77777777777777,1000.0,54.94505494505494,40.48582995951417,25.974025974025974,75.18796992481204,45.24886877828054,83.33333333333333,28.653295128939828,72.46376811594203,30.487804878048777,48.07692307692308,49.75124378109453,172.41379310344828,33.003300330033,79.36507936507937,48.309178743961354,42.016806722689076,416.6666666666667,24.875621890547265,9999.0,129.87012987012986,121.95121951219511,21.73913043478261,19.68503937007874,18.083182640144663,9999.0,108.69565217391305,75.18796992481204,21.367521367521366,9999.0,0.0,9999.0,13.623978201634877,98.0392156862745,185.18518518518516,17.452006980802793,35.587188612099645,24.752475247524753,31.25,37.03703703703704,65.78947368421052,15.64945226917058,9999.0,56.81818181818181,13.986013986013987,77.51937984496124,49.75124378109453,79.36507936507937,59.523809523809526,28.49002849002849,16.89189189189189
perceived_positive_effects_of_immigration|WVS_G,114.9425287356322,129.87012987012986,285.7142857142857,136.986301369863,97.08737864077669,43.66812227074236,111.11111111111111,131.57894736842104,36.496350364963504,133.33333333333334,47.16981132075472,121.95121951219511,400.0,114.9425287356322,1000.0,67.56756756756756,285.7142857142857,158.73015873015873,126.58227848101265,81.30081300813008,1000.0,9999.0,208.33333333333334,64.1025641025641,1000.0,285.7142857142857,107.52688172043011,9999.0,41.49377593360996,117.6470588235294,68.9655172413793,9999.0,9999.0,0.0,117.6470588235294,51.282051282051285,149.2537313432836,256.4102564102564,126.58227848101265,72.99270072992701,61.34969325153375,75.18796992481204,140.8450704225352,75.75757575757576,9999.0,142.85714285714286,71.42857142857143,357.14285714285717,344.82758620689657,28.901734104046245,37.735849056603776,454.5454545454545,322.5806451612903
political_information_sources|WVS_E,106.38297872340425,9999.0,9999.0,158.73015873015873,27.855153203342617,15.220700152207003,34.36426116838488,29.761904761904763,9999.0,9999.0,9999.0,16.80672268907563,9999.0,9999.0,9999.0,9999.0,31.152647975077883,38.75968992248062,20.618556701030926,69.44444444444444,18.248175182481752,22.98850574712644,74.07407407407408,9999.0,17.6056338028169,14.792899408284025,12.360939431396787,48.309178743961354,59.523809523809526,9999.0,9999.0,38.46153846153846,13.623978201634877,117.6470588235294,0.0,9999.0,81.30081300813008,11.337868480725623,20.876826722338205,13.477088948787062,19.72386587771203,18.79699248120301,9999.0,9.699321047526674,9999.0,9999.0,11.19820828667413,48.309178743961354,27.3224043715847,476.1904761904762,158.73015873015873,9999.0,13.966480446927374
postmaterialist_values|WVS_E,89.28571428571429,9999.0,9999.0,104.16666666666667,333.3333333333333,83.33333333333333,169.49152542372883,322.5806451612903,9999.0,9999.0,9999.0,714.2857142857143,9999.0,9999.0,9999.0,9999.0,227.27272727272725,181.81818181818184,833.3333333333334,181.81818181818184,1000.0,22.123893805309734,588.2352941176471,9999.0,227.27272727272725,666.6666666666666,294.11764705882354,1000.0,56.17977528089888,9999.0,9999.0,86.95652173913044,98.0392156862745,51.282051282051285,9999.0,0.0,105.26315789473685,370.3703703703703,312.5,192.30769230769232,208.33333333333334,256.4102564102564,9999.0,1000.0,9999.0,9999.0,357.14285714285717,526.3157894736842,125.0,31.545741324921135,30.487804878048777,9999.0,136.986301369863
precautionary_security_behaviors|WVS_H,9999.0,175.43859649122805,714.2857142857143,9999.0,1000.0,208.33333333333334,192.30769230769232,131.57894736842104,80.0,158.73015873015873,344.82758620689657,9999.0,158.73015873015873,128.2051282051282,333.3333333333333,108.69565217391305,9999.0,1000.0,61.34969325153375,9999.0,769.2307692307693,42.37288135593221,714.2857142857143,1000.0,384.61538461538464,555.5555555555555,106.38297872340425,833.3333333333334,9999.0,81.30081300813008,86.20689655172414,1000.0,185.18518518518516,149.2537313432836,81.30081300813008,105.26315789473685,0.0,107.52688172043011,79.36507936507937,69.93006993006993,129.87012987012986,90.09009009009009,121.95121951219511,86.20689655172414,9999.0,95.23809523809523,9999.0,208.33333333333334,63.69426751592357,89.28571428571429,83.33333333333333,333.3333333333333,1000.0
religion_versus_secularism_orientation|WVS_F,84.74576271186442,175.43859649122805,101.010101010101,1000.0,51.81347150259067,22.831050228310502,44.84304932735426,9999.0,161.29032258064515,32.57328990228013,192.30769230769232,21.691973969631235,45.662100456621005,55.24861878453038,166.66666666666666,49.504950495049506,49.01960784313725,42.37288135593221,31.055900621118013,270.27027027027026,21.83406113537118,49.01960784313725,136.986301369863,92.59259259259258,19.37984496124031,18.867924528301888,9999.0,55.865921787709496,1000.0,29.239766081871345,15.64945226917058,62.893081761006286,17.452006980802793,256.4102564102564,11.337868480725623,370.3703703703703,107.52688172043011,0.0,9999.0,9999.0,9999.0,27.700831024930746,149.2537313432836,9999.0,9999.0,47.84688995215311,15.408320493066256,70.92198581560284,9999.0,232.5581395348837,1000.0,63.69426751592357,17.241379310344826
religious_belief|WVS_F,1000.0,135.13513513513513,133.33333333333334,714.2857142857143,41.1522633744856,23.31002331002331,59.880239520958085,9999.0,129.87012987012986,53.475935828877,175.43859649122805,35.2112676056338,55.55555555555556,74.6268656716418,588.2352941176471,58.47953216374269,31.25,769.2307692307693,24.813895781637715,39.37007874015748,101.010101010101,26.109660574412533,78.74015748031496,208.33333333333334,55.865921787709496,34.129692832764505,9999.0,142.85714285714286,61.34969325153375,64.51612903225806,26.954177897574123,105.26315789473685,35.587188612099645,126.58227848101265,20.876826722338205,312.5,79.36507936507937,9999.0,0.0,9999.0,9999.0,27.77777777777778,144.92753623188406,9999.0,9999.0,35.97122302158274,22.22222222222222,58.8235294117647,9999.0,263.1578947368421,120.48192771084337,40.16064257028113,47.61904761904761
religious_exclusivism|WVS_F,48.07692307692308,192.30769230769232,121.95121951219511,61.7283950617284,54.34782608695652,20.32520325203252,33.44481605351171,9999.0,204.08163265306123,48.543689320388346,74.07407407407408,20.161290322580644,59.1715976331361,91.74311926605505,1000.0,156.25,29.239766081871345,75.18796992481204,22.123893805309734,50.76142131979696,31.948881789137378,57.4712643678161,106.38297872340425,43.29004329004329,26.80965147453083,25.57544757033248,9999.0,86.95652173913044,476.1904761904762,21.691973969631235,14.40922190201729,833.3333333333334,24.752475247524753,72.99270072992701,13.477088948787062,192.30769230769232,69.93006993006993,9999.0,9999.0,0.0,9999.0,20.120724346076457,89.28571428571429,9999.0,9999.0,35.714285714285715,22.93577981651376,68.02721088435375,9999.0,47.16981132075472,101.010101010101,204.08163265306123,28.57142857142857
religious_practice_and_self_identification|WVS_F,126.58227848101265,86.95652173913044,57.14285714285714,89.28571428571429,26.525198938992045,16.80672268907563,56.497175141242934,9999.0,47.61904761904761,51.282051282051285,62.893081761006286,34.72222222222222,50.0,72.99270072992701,625.0,52.083333333333336,30.030030030030026,208.33333333333334,21.367521367521366,27.77777777777778,178.57142857142858,12.004801920768308,51.54639175257732,1000.0,66.2251655629139,29.239766081871345,9999.0,113.63636363636363,24.630541871921185,192.30769230769232,28.08988764044944,58.47953216374269,31.25,61.34969325153375,19.72386587771203,208.33333333333334,129.87012987012986,9999.0,9999.0,9999.0,0.0,24.752475247524753,151.51515151515153,9999.0,9999.0,28.409090909090907,14.104372355430183,46.08294930875576,9999.0,81.30081300813008,144.92753623188406,22.573363431151243,49.504950495049506
science_skepticism|WVS_I,100.0,1000.0,500.0,133.33333333333334,47.84688995215311,21.551724137931036,46.51162790697675,35.714285714285715,90.90909090909092,77.51937984496124,70.4225352112676,29.850746268656714,69.44444444444444,111.11111111111111,666.6666666666666,121.95121951219511,31.545741324921135,526.3157894736842,25.77319587628866,40.816326530612244,76.33587786259541,28.409090909090907,90.90909090909092,68.02721088435375,56.497175141242934,37.735849056603776,22.72727272727273,136.986301369863,71.94244604316548,36.63003663003663,21.27659574468085,769.2307692307693,37.03703703703704,75.18796992481204,18.79699248120301,256.4102564102564,90.09009009009009,27.700831024930746,27.77777777777778,20.120724346076457,24.752475247524753,0.0,86.20689655172414,17.6678445229682,9999.0,36.36363636363637,25.06265664160401,65.35947712418302,35.2112676056338,54.94505494505494,192.30769230769232,75.18796992481204,47.39336492890995
science_technology_optimism|WVS_E,103.09278350515464,9999.0,9999.0,49.26108374384237,204.08163265306123,243.90243902439022,140.8450704225352,1000.0,9999.0,9999.0,9999.0,158.73015873015873,9999.0,9999.0,9999.0,9999.0,59.880239520958085,109.89010989010988,77.51937984496124,75.75757575757576,62.11180124223603,74.07407407407408,769.2307692307693,9999.0,68.02721088435375,72.99270072992701,303.03030303030306,149.2537313432836,123.4567901234568,9999.0,9999.0,54.054054054054056,65.78947368421052,140.8450704225352,9999.0,9999.0,121.95121951219511,149.2537313432836,144.92753623188406,89.28571428571429,151.51515151515153,86.20689655172414,0.0,625.0,9999.0,9999.0,39.52569169960474,476.1904761904762,102.04081632653062,75.18796992481204,102.04081632653062,9999.0,43.47826086956522
sexual_and_reproductive_morality_permissiveness|WVS_F,250.0,103.09278350515464,80.0,60.975609756097555,19.417475728155342,12.437810945273633,36.90036900369004,9999.0,96.15384615384616,23.148148148148145,227.27272727272725,19.9203187250996,31.347962382445143,39.682539682539684,769.2307692307693,28.011204481792713,25.06265664160401,105.26315789473685,16.10305958132045,28.653295128939828,32.25806451612903,11.441647597254004,45.04504504504504,1000.0,22.42152466367713,14.705882352941176,9999.0,52.35602094240838,23.980815347721823,44.84304932735426,15.313935681470138,34.602076124567475,15.64945226917058,75.75757575757576,9.699321047526674,1000.0,86.20689655172414,9999.0,9999.0,9999.0,9999.0,17.6678445229682,625.0,0.0,9999.0,21.459227467811157,9.823182711198427,34.72222222222222,9999.0,116.27906976744185,80.0,17.825311942959004,18.315018315018314
social_intolerance_outgroups|WVS_A,9999.0,9999.0,9999.0,9999.0,9999.0,9999.0,9999.0,9999.0,9999.0,9999.0,9999.0,9999.0,9999.0,9999.0,9999.0,9999.0,9999.0,9999.0,9999.0,9999.0,9999.0,9999.0,9999.0,9999.0,9999.0,9999.0,9999.0,9999.0,9999.0,9999.0,9999.0,9999.0,9999.0,9999.0,9999.0,9999.0,9999.0,9999.0,9999.0,9999.0,9999.0,9999.0,9999.0,9999.0,0.0,9999.0,9999.0,9999.0,9999.0,9999.0,9999.0,9999.0,9999.0
societal_change_attitudes|WVS_E,833.3333333333334,9999.0,9999.0,1000.0,55.55555555555556,30.030030030030026,78.74015748031496,38.91050583657587,9999.0,9999.0,9999.0,46.728971962616825,9999.0,9999.0,9999.0,9999.0,38.91050583657587,1000.0,33.333333333333336,49.75124378109453,238.0952380952381,35.08771929824561,99.00990099009901,9999.0,91.74311926605505,48.543689320388346,29.761904761904763,227.27272727272725,67.56756756756756,9999.0,9999.0,166.66666666666666,56.81818181818181,142.85714285714286,9999.0,9999.0,95.23809523809523,47.84688995215311,35.97122302158274,35.714285714285715,28.409090909090907,36.36363636363637,9999.0,21.459227467811157,9999.0,0.0,31.347962382445143,75.75757575757576,36.90036900369004,192.30769230769232,151.51515151515153,9999.0,85.47008547008546
