country,ARG,ARM,AUS,AZE,BLR,BRA,CHL,CHN,COL,CYP,DEU,DZA,ECU,EST,GEO,GHA,HTI,IND,IRQ,JOR,KAZ,KGZ,KWT,LBN,LBY,MEX,MYS,NGA,NLD,NZL,PER,PHL,POL,ROU,RUS,RWA,SVN,SWE,THA,TUN,TWN,UKR,URY,UZB,YEM,ZAF,ZWE
ARG,0.0,0.26115701325393825,0.21729470484784877,0.23504200924729587,0.12320328494331559,0.17500962739520387,0.21552188028041241,0.14990334519545803,0.15077105080534278,0.13669864852964625,0.2265089467699865,0.236840724720483,0.2318794117504617,0.15787712553101169,0.1374116740957088,0.2532852368637801,0.2846301511982586,0.1917517397208072,0.26677309527986737,0.19293064345790192,0.20528102124194889,0.12100204826621931,0.0883465865919375,0.1247044840833859,0.21132092901581273,0.11094372745661488,0.25559598018832097,0.22030031073585107,0.14548578880283838,0.1850783705716843,0.2026756511747725,0.26506351397272976,0.10952483385151289,0.13161304153379944,0.15975800915908797,0.2916311100741628,0.11018449467610177,0.14144152218723655,0.151233306178793,0.2574976346461271,0.14184090282773346,0.18456759662723995,0.24644966157406242,0.14693710526091847,0.12890867899744166,0.18546771716375318,0.234431625935805
ARM,0.26115701325393825,0.0,0.11884093552041583,0.15516278969428893,0.17445787042463934,0.13100466390195442,0.12095209800464961,0.22305445804607033,0.15678165329631938,0.20184398560227707,0.1424586158729881,0.10470276149827072,0.11438461338873882,0.13601366101060525,0.20386205158794127,0.07186235003151985,0.19177871586021514,0.1557217895771255,0.11185493841034266,0.16610302542165806,0.10837392933738824,0.2017677924098592,0.21288195013090272,0.18057585979741772,0.1815986866604948,0.16889172304689254,0.1149018548797546,0.1386157532153706,0.1918773928889472,0.14618227141851606,0.14241024354628212,0.11929510772402685,0.2600149602339404,0.16554767842042958,0.1698083854619415,0.15308148024092447,0.3025787847477551,0.20280025687865705,0.19867759788963857,0.0811454044051622,0.16457062858489863,0.11918255083677483,0.07290807108300415,0.16444939192358668,0.25559445273018555,0.1518535342222592,0.08380152475541239
AUS,0.21729470484784877,0.11884093552041583,0.0,0.1672223563814693,0.11906678453684552,0.10739234089049352,0.1216910870406041,0.16928922319833603,0.12511775371081657,0.15712527617191702,0.14272377656315735,0.09218124065196318,0.12245387850018807,0.11387518872460611,0.20107720995098902,0.10534910012980561,0.21599779383197257,0.15485196525950448,0.15599506453297196,0.10381958183699501,0.08010777003915133,0.17815114494951978,0.17446039270089647,0.14378896615290065,0.1923870802387412,0.1429069829675211,0.12480727276739507,0.1160209603003078,0.14031580286986148,0.08310229057629707,0.13671616309151205,0.1375523979436092,0.22540480764352983,0.13507941512715066,0.1556250429231677,0.19023347901987453,0.2585468689736346,0.14845182014837072,0.17434621901617878,0.1419720782359701,0.11741203340080207,0.13144484567444986,0.10204682305288168,0.10896529134868162,0.2326946609876942,0.14381752081165786,0.10235675968987638
AZE,0.23504200924729587,0.15516278969428893,0.1672223563814693,0.0,0.15039924830585769,0.14952264800404577,0.19903459953173466,0.2224385426774403,0.1733928104396931,0.1533485151467759,0.20876059627385435,0.20712685187310856,0.20225189529215581,0.14461974014055629,0.13604513945562366,0.18267105456929855,0.19311781606988887,0.15078442153722232,0.14141537074764304,0.21658487763979345,0.18477371384037578,0.2149386563585847,0.18839500948124357,0.18433206002535246,0.16042169953105154,0.15206354612796405,0.19525937856471762,0.21796973225548946,0.18369544780304045,0.1450508301842143,0.1789301441545484,0.20274677239243608,0.19190893119494687,0.14373317292398943,0.11234518218841134,0.1811591550789372,0.23776651742658572,0.18905041679313128,0.1214995300780142,0.1504455773909481,0.1271173973370888,0.10275363264951408,0.146089412615047,0.15837814463690858,0.202450191641887,0.1982901020129896,0.15885154216948844
BLR,0.12320328494331559,0.17445787042463934,0.11906678453684552,0.15039924830585769,0.0,0.11648433256052988,0.1499994157903279,0.12635249645576196,0.08985552546618857,0.0973281223959523,0.1590707225657242,0.159116702566908,0.16553049916437634,0.08408209527991574,0.11732021537666641,0.1722198229978614,0.22669334914256567,0.13704945446773717,0.1904224587748167,0.12117153550150626,0.12925000546616358,0.12229527223761313,0.10365204542672593,0.10717564704136132,0.16582094895823468,0.08184739308392078,0.18671207402656037,0.16390082818760074,0.10467367793078657,0.08212394767498131,0.14395178983438556,0.19721233133493477,0.13272147844293639,0.07321511250137791,0.10200709070565778,0.21707821172434505,0.1603039498583584,0.09259612389887287,0.11468923352079233,0.17563610115622555,0.06316246974339926,0.10767835491083008,0.15966470561736879,0.06420889661216904,0.14855589774255554,0.14287866551283812,0.1542164737423597
BRA,0.17500962739520387,0.13100466390195442,0.10739234089049352,0.14952264800404577,0.11648433256052988,0.0,0.11212140245038624,0.1436283803543234,0.12276142217156319,0.13214496392377953,0.16285783788736974,0.12226812738843146,0.13393209511254536,0.10049318377398198,0.15676754510784763,0.11742330364042636,0.21801386804447342,0.11447400270730321,0.15785823395918328,0.1277837930235021,0.11045574485945789,0.15274202254332883,0.12775885829772538,0.06976521501513744,0.1473932467058546,0.0942534649704055,0.1108770068413356,0.1125117991220136,0.11254167025935012,0.12197777774498512,0.14134292639945234,0.12590589966739532,0.184066904732995,0.112146859151153,0.12673063507243554,0.19760096684986056,0.2119991679391359,0.1527981476473247,0.1170500631765919,0.13868098012100544,0.11782712413158455,0.10885519779240825,0.12443942185432835,0.11858117436555347,0.18768042039621596,0.11350134546784178,0.09864459000057393
CHL,0.21552188028041241,0.12095209800464961,0.1216910870406041,0.19903459953173466,0.1499994157903279,0.11212140245038624,0.0,0.16640094750543194,0.12494398224257132,0.16585653809552103,0.1222273687312164,0.09461709772490023,0.08502766365097704,0.11980706698137009,0.19456115191649612,0.09925070007678709,0.25449428647371636,0.11517169759327994,0.17656473806955048,0.10456393611165121,0.09099378747348529,0.1403784337407661,0.18207778197906846,0.12388586597804814,0.17224357657909192,0.1471063495847015,0.12822336531537604,0.12136175328678922,0.1445980602093087,0.12885917572946792,0.13274212644359973,0.10006627348223818,0.22136985817481958,0.14019363914993005,0.18670345419657602,0.22452585458841312,0.24737871231042657,0.17289946920426716,0.1972570589119235,0.10781114638629498,0.1627313672380794,0.14901045802519122,0.12595154310550521,0.1240448229158294,0.20745483518954597,0.08045797568347914,0.09398914941158089
CHN,0.14990334519545803,0.22305445804607033,0.16928922319833603,0.2224385426774403,0.12635249645576196,0.1436283803543234,0.16640094750543194,0.0,0.16326229287461666,0.16460573140841792,0.2298314413212488,0.17322403012586404,0.21705190556571333,0.16392679111147276,0.19678603902982106,0.2176434948713215,0.3281997669495215,0.13435692167886057,0.27639092217316125,0.14366407289650454,0.19218833264297877,0.163326015466828,0.1710140125949689,0.1263787578447872,0.13586330359340393,0.15539814015233017,0.2125037650776396,0.19980213877053318,0.0825304526943443,0.1664876746791695,0.2253036328516314,0.21644384828404656,0.18228007529753748,0.1048082002515731,0.17473984101000142,0.2433514963695114,0.17769306023075898,0.18270258720005017,0.15113028876106607,0.22078576958616547,0.1607619797730814,0.19851015600281208,0.22457436877277281,0.145054266030061,0.14223074269428065,0.16325050561486243,0.1880542159363581
COL,0.15077105080534278,0.15678165329631938,0.12511775371081657,0.1733928104396931,0.08985552546618857,0.12276142217156319,0.12494398224257132,0.16326229287461666,0.0,0.12092203489696815,0.10344733154222903,0.15410359467847046,0.11716552981385445,0.07021436216636925,0.13316544096493596,0.15371027794461448,0.2226139610133547,0.14172216340500393,0.17243942688238437,0.11424673256105973,0.09707723383191055,0.09910096794330278,0.12635870525088352,0.11106638610261868,0.18516976900817345,0.08913455656625471,0.19243936930347066,0.14147166154121638,0.11951892084056033,0.0857152993257851,0.08739445071005048,0.17154552945500331,0.15446371889740904,0.10549278226494743,0.12423453359479107,0.22617136436238963,0.18624970724293885,0.07552311068154159,0.16741841836264384,0.1555057111853401,0.10013311575685063,0.115079517935023,0.13369832197359852,0.06178558979464445,0.17414362554870852,0.10022642637131227,0.15605430294254077
CYP,0.13669864852964625,0.20184398560227707,0.15712527617191702,0.1533485151467759,0.0973281223959523,0.13214496392377953,0.16585653809552103,0.16460573140841792,0.12092203489696815,0.0,0.1819399164456765,0.19748066106960008,0.17759123941752725,0.12098206643975641,0.10169027407693165,0.1932736155571442,0.23265523100462263,0.13630737317702737,0.18903297749186249,0.17272364827099254,0.15557106240342447,0.10651229279058695,0.09081829145909957,0.11416941744017668,0.19239962437256558,0.10200251219276683,0.2046145498574976,0.2008109905440795,0.14363901727441217,0.10450820047035903,0.1525094917125957,0.2157983219684959,0.09210629305467508,0.11183839744729093,0.14461374228907495,0.27199889159353985,0.13265256828804334,0.11786847997144186,0.12771454859599324,0.1935113794474312,0.09486645921425187,0.13017779682188588,0.18149756134230113,0.09425945837089275,0.13084302145108653,0.15227448524493525,0.16543404532984216
DEU,0.2265089467699865,0.1424586158729881,0.14272377656315735,0.20876059627385435,0.1590707225657242,0.16285783788736974,0.1222273687312164,0.2298314413212488,0.10344733154222903,0.1819399164456765,0.0,0.15963524546120594,0.07498343671645895,0.10197232782975305,0.1863089707665819,0.12674230602633252,0.21280364700250154,0.18168739409689716,0.14824370133984283,0.12533554549448844,0.09178108590804905,0.14799640937047148,0.18895353532875878,0.1678897353251716,0.23565097741529323,0.15493870000228613,0.19123225224704932,0.13464505816014563,0.1911301236616559,0.12149031760021974,0.07886652161063822,0.15373669901009657,0.22585989878592297,0.17245890814019096,0.17914023419876035,0.24587139929518925,0.26129458120533944,0.12649727658635906,0.22901198028555447,0.1338057808685383,0.16107878433539605,0.1332989417334369,0.11872667038188313,0.12543362046572998,0.2476255350173908,0.11339602173658186,0.15124102385790683
DZA,0.236840724720483,0.10470276149827072,0.09218124065196318,0.20712685187310856,0.159116702566908,0.12226812738843146,0.09461709772490023,0.17322403012586404,0.15410359467847046,0.19748066106960008,0.15963524546120594,0.0,0.12294543752313553,0.14971994796240365,0.23108625770124577,0.08419749001635488,0.24452931542676012,0.15225050104003154,0.18362581646362974,0.12167285912749674,0.09840057309625609,0.1854291725438886,0.20185921386614925,0.1566316941407647,0.18704206559439723,0.16807993782229905,0.09224152416149116,0.112973510518642,0.1582912287463929,0.14473374678101347,0.1668431578512494,0.12234537252446805,0.26150055537377104,0.1557096379842784,0.19674790159953023,0.1901895497555594,0.2900222456224324,0.20140304143920199,0.20685757935560348,0.13353357079001746,0.16767721030436325,0.1636250728697584,0.11993707553378115,0.1498754126248375,0.24581331644875729,0.14264454331486176,0.08576637148662532
ECU,0.2318794117504617,0.11438461338873882,0.12245387850018807,0.20225189529215581,0.16553049916437634,0.13393209511254536,0.08502766365097704,0.21705190556571333,0.11716552981385445,0.17759123941752725,0.07498343671645895,0.12294543752313553,0.0,0.11456023436328794,0.19949112471702302,0.09463808715434785,0.21685210897454932,0.16271633402691738,0.13602766568405347,0.12008190135622777,0.060849336702473764,0.1515874561486543,0.1887703920828265,0.14913086649661422,0.2179089044230416,0.15297384777322243,0.14600510769171693,0.10534397770480562,0.17685158863820913,0.12617149403770425,0.07890500944335113,0.10148661573597727,0.23656292027369902,0.16583186553532017,0.1853809501150593,0.22626738201566518,0.2713778320776969,0.15605255801055798,0.22167893566402933,0.10943373245642014,0.16209321680737995,0.1366529356009874,0.08940730206228846,0.12753781665008307,0.24408368990133936,0.09459997731985864,0.11470789279874045
EST,0.15787712553101169,0.13601366101060525,0.11387518872460611,0.14461974014055629,0.08408209527991574,0.10049318377398198,0.11980706698137009,0.16392679111147276,0.07021436216636925,0.12098206643975641,0.10197232782975305,0.14971994796240365,0.11456023436328794,0.0,0.11713072759920393,0.1315539289464432,0.1945715788360426,0.12485609981122049,0.1430868391985285,0.10781152735128328,0.09366012912259777,0.11845314838808267,0.12015363687592276,0.10451889376465524,0.16593796219724555,0.07593621919416754,0.16796678579123916,0.12405655501590196,0.12204107336792282,0.08516853063140742,0.09610219882925089,0.1486170479119443,0.1558140444383388,0.09747364218915125,0.09184502755191223,0.2063780674873426,0.19135014566439862,0.08636266163639231,0.13450995049339814,0.12552457159664074,0.07971771438510526,0.0731957333462622,0.11413915471690372,0.07261749190175124,0.17587110319981644,0.09543669295763092,0.12927909948999183
GEO,0.1374116740957088,0.20386205158794127,0.20107720995098902,0.13604513945562366,0.11732021537666641,0.15676754510784763,0.19456115191649612,0.19678603902982106,0.13316544096493596,0.10169027407693165,0.1863089707665819,0.23108625770124577,0.19949112471702302,0.11713072759920393,0.0,0.21280938708067862,0.21505066426455116,0.1517298715332036,0.18379670945198723,0.20567362060217653,0.18592053515807513,0.13013940475236668,0.10838907441479126,0.14157186944515168,0.180469754990009,0.09759078993806142,0.23355167116910738,0.2221732941642259,0.16884804375141338,0.14747857437107761,0.15882116245172054,0.23524606328681316,0.09006674320679259,0.11852153418150217,0.10711402139235261,0.25171527464094123,0.1399002001143223,0.13068183489990082,0.11573036973892346,0.19101178832382382,0.11136972094355757,0.10575193606446147,0.19211478618851813,0.13081313983500067,0.1307398845917831,0.16967525284593765,0.19311672403442234
GHA,0.2532852368637801,0.07186235003151985,0.10534910012980561,0.18267105456929855,0.1722198229978614,0.11742330364042636,0.09925070007678709,0.2176434948713215,0.15371027794461448,0.1932736155571442,0.12674230602633252,0.08419749001635488,0.09463808715434785,0.1315539289464432,0.21280938708067862,0.0,0.1930677940541918,0.15565985703844787,0.12295582235530426,0.14144991565401502,0.08808776128715094,0.18924585506211491,0.19835888127932189,0.1618808875122127,0.20433933745922692,0.1620940750767359,0.0841351272640793,0.10605398967513355,0.18765507275124801,0.14073280036359695,0.13656861654380095,0.10082389449790063,0.25882219427499076,0.1746588632618723,0.18631934606565465,0.20027529628243937,0.2961547105243166,0.19289541321882633,0.20546800777002217,0.09659245791103654,0.1675879563696702,0.1302681463419048,0.08330996413783234,0.15538119599554115,0.2615471555384318,0.13528095381586366,0.0645497297974655
HTI,0.2846301511982586,0.19177871586021514,0.21599779383197257,0.19311781606988887,0.22669334914256567,0.21801386804447342,0.25449428647371636,0.3281997669495215,0.2226139610133547,0.23265523100462263,0.21280364700250154,0.24452931542676012,0.21685210897454932,0.1945715788360426,0.21505066426455116,0.1930677940541918,0.0,0.2686480434197843,0.11710812129497007,0.2665858379605494,0.19731421647891814,0.2577294004101851,0.21313090964023856,0.24785130075426884,0.30203731444550763,0.20104144877990215,0.21581090564428093,0.2136608672977914,0.28794409382790137,0.21371287528206312,0.1871921798646195,0.24177596825627093,0.27493920232594404,0.249687531521846,0.20371049252561133,0.2591235437756744,0.32566267491618467,0.22688775139778186,0.2346418524344439,0.210693747042366,0.19096139306473606,0.1530324697869348,0.17432486533272215,0.2268956696901206,0.31798801373028385,0.2571406762829349,0.2086200949004148
IND,0.1917517397208072,0.1557217895771255,0.15485196525950448,0.15078442153722232,0.13704945446773717,0.11447400270730321,0.11517169759327994,0.13435692167886057,0.14172216340500393,0.13630737317702737,0.18168739409689716,0.15225050104003154,0.16271633402691738,0.12485609981122049,0.1517298715332036,0.15565985703844787,0.2686480434197843,0.0,0.1989107632916809,0.15351463229710907,0.1560251798025722,0.14211418293632,0.16970256482161902,0.12223589403500733,0.09378586560007356,0.1312776504897147,0.16648913777751334,0.18175098490573155,0.10730499543561502,0.1416108038652745,0.1754125604067181,0.1563680031223187,0.17192711097793822,0.09745355042402301,0.14887092269573332,0.2170988568545854,0.1966306569742802,0.1805212464473395,0.1362851318656082,0.12707275263964316,0.13884993916907626,0.14456411583252446,0.15661263362095335,0.12316069892931569,0.1331616992460202,0.107780872002995,0.12014744917204197
IRQ,0.26677309527986737,0.11185493841034266,0.15599506453297196,0.14141537074764304,0.1904224587748167,0.15785823395918328,0.17656473806955048,0.27639092217316125,0.17243942688238437,0.18903297749186249,0.14824370133984283,0.18362581646362974,0.13602766568405347,0.1430868391985285,0.18379670945198723,0.12295582235530426,0.11710812129497007,0.1989107632916809,0.0,0.20835477694464238,0.13451172836457773,0.21252622612872846,0.1988383852726594,0.19678426117548628,0.23845428640420305,0.16779187861601183,0.15859171651700238,0.16626450810784352,0.23291319174515013,0.15572404275002039,0.1256059446696203,0.1638122444025285,0.24443876277647697,0.19838130314680874,0.1695808554008913,0.21203071886582642,0.29723710508512063,0.19094783807759694,0.20276755382071923,0.12378219122769879,0.16056156517990805,0.10242140627045045,0.09046972083980996,0.1759590648112019,0.2730145849619231,0.18188858122810694,0.13448044249161262
JOR,0.19293064345790192,0.16610302542165806,0.10381958183699501,0.21658487763979345,0.12117153550150626,0.1277837930235021,0.10456393611165121,0.14366407289650454,0.11424673256105973,0.17272364827099254,0.12533554549448844,0.12167285912749674,0.12008190135622777,0.10781152735128328,0.20567362060217653,0.14144991565401502,0.2665858379605494,0.15351463229710907,0.20835477694464238,0.0,0.09975369701328,0.1546043277850186,0.17671352495950793,0.12589068491995256,0.1936712628586935,0.14387920899493073,0.16610729691591508,0.10902877671757989,0.11795656023764733,0.11176010163970047,0.14155212492208347,0.13957228026223784,0.21968149696526745,0.13442866030703968,0.16944161605581584,0.2286042277995239,0.23337493935192513,0.13189248425284897,0.1946722829969727,0.15735300230568477,0.14599353839599516,0.15904554892219494,0.14933686595456552,0.10038896638365578,0.21749817497093932,0.1081678472819814,0.14178060238407747
KAZ,0.20528102124194889,0.10837392933738824,0.08010777003915133,0.18477371384037578,0.12925000546616358,0.11045574485945789,0.09099378747348529,0.19218833264297877,0.09707723383191055,0.15557106240342447,0.09178108590804905,0.09840057309625609,0.060849336702473764,0.09366012912259777,0.18592053515807513,0.08808776128715094,0.19731421647891814,0.1560251798025722,0.13451172836457773,0.09975369701328,0.0,0.14250786948124466,0.15931671232393532,0.12945228623222255,0.20674118040177172,0.12518244340406626,0.12574135181011942,0.08791039375034625,0.15281864768208359,0.09683618735046805,0.08202631084943707,0.11414629189599657,0.21902834051617592,0.1417335833104634,0.16111236590741337,0.20892182307734827,0.25422755828332294,0.1347537236259509,0.19325135986082553,0.12074236275634975,0.12485811525161375,0.12025329217749743,0.08417562399343978,0.10104890091867555,0.2299730751377595,0.1057564147156664,0.10164739541522484
KGZ,0.12100204826621931,0.2017677924098592,0.17815114494951978,0.2149386563585847,0.12229527223761313,0.15274202254332883,0.1403784337407661,0.163326015466828,0.09910096794330278,0.10651229279058695,0.14799640937047148,0.1854291725438886,0.1515874561486543,0.11845314838808267,0.13013940475236668,0.18924585506211491,0.2577294004101851,0.14211418293632,0.21252622612872846,0.1546043277850186,0.14250786948124466,0.0,0.1097651415399885,0.1165346068232304,0.20197747281558825,0.11048355100923636,0.21558434626177345,0.1844803780001126,0.14727084927115144,0.13759261018638855,0.1396781895677389,0.20978611910187647,0.12710280594485046,0.12177620668013292,0.17316206720777205,0.2840351230763725,0.15239782471514307,0.1216805473133007,0.1821549901346123,0.1906784037600479,0.1320384912239246,0.15440852771676014,0.18777701280517542,0.10377747617445232,0.13561602023753971,0.11357780248000628,0.17426628672349007
KWT,0.0883465865919375,0.21288195013090272,0.17446039270089647,0.18839500948124357,0.10365204542672593,0.12775885829772538,0.18207778197906846,0.1710140125949689,0.12635870525088352,0.09081829145909957,0.18895353532875878,0.20185921386614925,0.1887703920828265,0.12015363687592276,0.10838907441479126,0.19835888127932189,0.21313090964023856,0.16970256482161902,0.1988383852726594,0.17671352495950793,0.15931671232393532,0.1097651415399885,0.0,0.09515928826972794,0.20951848107400126,0.06988286222154143,0.20089790824356443,0.178867480785657,0.15202318532465364,0.1434662847577394,0.15883205640008805,0.22297715293117312,0.10752605201421722,0.12719691509028205,0.1375371817425916,0.2730565909739146,0.13875810785203446,0.11913230004873605,0.12436761387509147,0.21388345090767946,0.10311079538297169,0.13189098478897163,0.1955698762517444,0.12052172822806972,0.1542416075626057,0.1616516325974406,0.18264088426693004
LBN,0.1247044840833859,0.18057585979741772,0.14378896615290065,0.18433206002535246,0.10717564704136132,0.06976521501513744,0.12388586597804814,0.1263787578447872,0.11106638610261868,0.11416941744017668,0.1678897353251716,0.1566316941407647,0.14913086649661422,0.10451889376465524,0.14157186944515168,0.1618808875122127,0.24785130075426884,0.12223589403500733,0.19678426117548628,0.12589068491995256,0.12945228623222255,0.1165346068232304,0.09515928826972794,0.0,0.16127651323170317,0.07419012715335997,0.15803033098438518,0.13390200095006582,0.09615253555294384,0.13357001098846683,0.14375100663806958,0.1595477942840181,0.1470109184210651,0.10496049581236076,0.13582703566658266,0.23962804803854437,0.16447812895661862,0.1312364144037817,0.12309991642587573,0.17418973202579596,0.12122617019368875,0.13408547247496913,0.16644396207313286,0.10669590002213226,0.1542024232253213,0.10218226398828067,0.14368243543479056
LBY,0.21132092901581273,0.1815986866604948,0.1923870802387412,0.16042169953105154,0.16582094895823468,0.1473932467058546,0.17224357657909192,0.13586330359340393,0.18516976900817345,0.19239962437256558,0.23565097741529323,0.18704206559439723,0.2179089044230416,0.16593796219724555,0.180469754990009,0.20433933745922692,0.30203731444550763,0.09378586560007356,0.23845428640420305,0.1936712628586935,0.20674118040177172,0.20197747281558825,0.20951848107400126,0.16127651323170317,0.0,0.16519874902994475,0.20246374943915926,0.21536559240498465,0.12069657505015283,0.19056793807147746,0.2241744524152337,0.19106574302115878,0.20545258021065885,0.11212945991391739,0.14636338264826043,0.17703774478507378,0.22380171704190108,0.2226778158658362,0.1323311116976553,0.1643182737232351,0.1716377495072793,0.17325635669682787,0.1945138583394221,0.17503212969586385,0.150566443752313,0.16612527307603975,0.1703701828994861
MEX,0.11094372745661488,0.16889172304689254,0.1429069829675211,0.15206354612796405,0.08184739308392078,0.0942534649704055,0.1471063495847015,0.15539814015233017,0.08913455656625471,0.10200251219276683,0.15493870000228613,0.16807993782229905,0.15297384777322243,0.07593621919416754,0.09759078993806142,0.1620940750767359,0.20104144877990215,0.1312776504897147,0.16779187861601183,0.14387920899493073,0.12518244340406626,0.11048355100923636,0.06988286222154143,0.07419012715335997,0.16519874902994475,0.0,0.17263293483640504,0.1452734636332596,0.11197814707932889,0.11922551168316528,0.12340722280300521,0.17898776663499014,0.12399278817280693,0.0937268667899793,0.09105037097457643,0.22089175967730273,0.16055129000868684,0.10429698926403538,0.1058454328810724,0.16517804394020308,0.07786509990580857,0.09545165296478779,0.1493070377866468,0.08948104465410843,0.14828293165562104,0.11989325843783603,0.15088232179110347
MYS,0.25559598018832097,0.1149018548797546,0.12480727276739507,0.19525937856471762,0.18671207402656037,0.1108770068413356,0.12822336531537604,0.2125037650776396,0.19243936930347066,0.2046145498574976,0.19123225224704932,0.09224152416149116,0.14600510769171693,0.16796678579123916,0.23355167116910738,0.0841351272640793,0.21581090564428093,0.16648913777751334,0.15859171651700238,0.16610729691591508,0.12574135181011942,0.21558434626177345,0.20089790824356443,0.15803033098438518,0.20246374943915926,0.17263293483640504,0.0,0.11965719092347404,0.1886496672761678,0.17494935134131714,0.1828423068084652,0.11635649491144512,0.2715136080328465,0.18439132275554732,0.2023682326555252,0.2022986507124559,0.3040828694309218,0.22832154929372453,0.1949277973002182,0.13642997835815693,0.1809471400156885,0.1607732403742433,0.12471498961926743,0.18155305189054874,0.2654302577375775,0.16654002966064524,0.07587518898442741
NGA,0.22030031073585107,0.1386157532153706,0.1160209603003078,0.21796973225548946,0.16390082818760074,0.1125117991220136,0.12136175328678922,0.19980213877053318,0.14147166154121638,0.2008109905440795,0.13464505816014563,0.112973510518642,0.10534397770480562,0.12405655501590196,0.2221732941642259,0.10605398967513355,0.2136608672977914,0.18175098490573155,0.16626450810784352,0.10902877671757989,0.08791039375034625,0.1844803780001126,0.178867480785657,0.13390200095006582,0.21536559240498465,0.1452734636332596,0.11965719092347404,0.0,0.1631852236644728,0.15306344273767472,0.1327033138732858,0.10131542418310813,0.2517381525215783,0.17026413674852223,0.17726018368798174,0.21379810646399294,0.2772954104837613,0.17124610613667088,0.20301903687747708,0.14453247218786827,0.16120057308325472,0.14992513153607465,0.11666968331001139,0.1472922792032348,0.25951505495160765,0.12562060269863537,0.12530410187242202
NLD,0.14548578880283838,0.1918773928889472,0.14031580286986148,0.18369544780304045,0.10467367793078657,0.11254167025935012,0.1445980602093087,0.0825304526943443,0.11951892084056033,0.14363901727441217,0.1911301236616559,0.1582912287463929,0.17685158863820913,0.12204107336792282,0.16884804375141338,0.18765507275124801,0.28794409382790137,0.10730499543561502,0.23291319174515013,0.11795656023764733,0.15281864768208359,0.14727084927115144,0.15202318532465364,0.09615253555294384,0.12069657505015283,0.11197814707932889,0.1886496672761678,0.1631852236644728,0.0,0.13534644212176974,0.17403784301499306,0.17541087188613302,0.16707728045285175,0.07907490001189668,0.12881277841373978,0.21070490457346724,0.17613735837605685,0.14603836546538862,0.13180643258811106,0.18034970723627938,0.12235279488476225,0.16274790705782874,0.17569630333214464,0.1010876700951452,0.13968659334363126,0.1209938670319084,0.16532067499430494
NZL,0.1850783705716843,0.14618227141851606,0.08310229057629707,0.1450508301842143,0.08212394767498131,0.12197777774498512,0.12885917572946792,0.1664876746791695,0.0857152993257851,0.10450820047035903,0.12149031760021974,0.14473374678101347,0.12617149403770425,0.08516853063140742,0.14747857437107761,0.14073280036359695,0.21371287528206312,0.1416108038652745,0.15572404275002039,0.11176010163970047,0.09683618735046805,0.13759261018638855,0.1434662847577394,0.13357001098846683,0.19056793807147746,0.11922551168316528,0.17494935134131714,0.15306344273767472,0.13534644212176974,0.0,0.11094941415477451,0.1692332943192831,0.1687893216900742,0.11054028512553003,0.1322458866627296,0.22162440484423077,0.20452199342915445,0.0945246264516324,0.15781741844838296,0.14771214038148925,0.0892502536269337,0.10762556245663546,0.12385685360352182,0.0625760702560376,0.19186174542120268,0.13341291259509752,0.13159547067123414
PER,0.2026756511747725,0.14241024354628212,0.13671616309151205,0.1789301441545484,0.14395178983438556,0.14134292639945234,0.13274212644359973,0.2253036328516314,0.08739445071005048,0.1525094917125957,0.07886652161063822,0.1668431578512494,0.07890500944335113,0.09610219882925089,0.15882116245172054,0.13656861654380095,0.1871921798646195,0.1754125604067181,0.1256059446696203,0.14155212492208347,0.08202631084943707,0.1396781895677389,0.15883205640008805,0.14375100663806958,0.2241744524152337,0.12340722280300521,0.1828423068084652,0.1327033138732858,0.17403784301499306,0.11094941415477451,0.0,0.147771144569312,0.20065514213085614,0.15223788039989425,0.15019136678890424,0.22642695583156675,0.24083162359733368,0.11390121846702418,0.20063405333679135,0.13806884840152658,0.13274802518622142,0.11170749751311078,0.10551179120276238,0.10794178962545435,0.22755179205848844,0.11820688706341394,0.150363547109214
PHL,0.26506351397272976,0.11929510772402685,0.1375523979436092,0.20274677239243608,0.19721233133493477,0.12590589966739532,0.10006627348223818,0.21644384828404656,0.17154552945500331,0.2157983219684959,0.15373669901009657,0.12234537252446805,0.10148661573597727,0.1486170479119443,0.23524606328681316,0.10082389449790063,0.24177596825627093,0.1563680031223187,0.1638122444025285,0.13957228026223784,0.11414629189599657,0.20978611910187647,0.22297715293117312,0.1595477942840181,0.19106574302115878,0.17898776663499014,0.11635649491144512,0.10131542418310813,0.17541087188613302,0.1692332943192831,0.147771144569312,0.0,0.2727496593397511,0.1810450658723754,0.19424743566701919,0.19830367483303088,0.30051477799110515,0.21259150042132816,0.21501092220679005,0.09992446326701455,0.1913071115352481,0.16384560232803208,0.10937612261103052,0.17007102522427212,0.2630594776996264,0.12230882339832591,0.11122898185550285
POL,0.10952483385151289,0.2600149602339404,0.22540480764352983,0.19190893119494687,0.13272147844293639,0.184066904732995,0.22136985817481958,0.18228007529753748,0.15446371889740904,0.09210629305467508,0.22585989878592297,0.26150055537377104,0.23656292027369902,0.1558140444383388,0.09006674320679259,0.25882219427499076,0.27493920232594404,0.17192711097793822,0.24443876277647697,0.21968149696526745,0.21902834051617592,0.12710280594485046,0.10752605201421722,0.1470109184210651,0.20545258021065885,0.12399278817280693,0.2715136080328465,0.2517381525215783,0.16707728045285175,0.1687893216900742,0.20065514213085614,0.2727496593397511,0.0,0.13936492910312095,0.15498221031441486,0.3081867401720527,0.06649671555041353,0.13819930421135615,0.13846171241289004,0.24419010016729553,0.13549786278056095,0.17165710210360757,0.2416456287644982,0.1431904742930589,0.09851696237753259,0.1870807169980336,0.23401886479749015
ROU,0.13161304153379944,0.16554767842042958,0.13507941512715066,0.14373317292398943,0.07321511250137791,0.112146859151153,0.14019363914993005,0.1048082002515731,0.10549278226494743,0.11183839744729093,0.17245890814019096,0.1557096379842784,0.16583186553532017,0.09747364218915125,0.11852153418150217,0.1746588632618723,0.249687531521846,0.09745355042402301,0.19838130314680874,0.13442866030703968,0.1417335833104634,0.12177620668013292,0.12719691509028205,0.10496049581236076,0.11212945991391739,0.0937268667899793,0.18439132275554732,0.17026413674852223,0.07907490001189668,0.11054028512553003,0.15223788039989425,0.1810450658723754,0.13936492910312095,0.0,0.09729631045350177,0.19102164025317553,0.1651552813784594,0.131370567021031,0.10400711360253653,0.1569442261917619,0.08599605364633214,0.11716325422005767,0.1569953268124256,0.08600084865950547,0.11743793674403262,0.12927480745644568,0.1445002382016145
RUS,0.15975800915908797,0.1698083854619415,0.1556250429231677,0.11234518218841134,0.10200709070565778,0.12673063507243554,0.18670345419657602,0.17473984101000142,0.12423453359479107,0.14461374228907495,0.17914023419876035,0.19674790159953023,0.1853809501150593,0.09184502755191223,0.10711402139235261,0.18631934606565465,0.20371049252561133,0.14887092269573332,0.1695808554008913,0.16944161605581584,0.16111236590741337,0.17316206720777205,0.1375371817425916,0.13582703566658266,0.14636338264826043,0.09105037097457643,0.2023682326555252,0.17726018368798174,0.12881277841373978,0.1322458866627296,0.15019136678890424,0.19424743566701919,0.15498221031441486,0.09729631045350177,0.0,0.1733858305388854,0.19112673681737688,0.1278293672251615,0.09168191307432999,0.16451336421002022,0.08857020936005602,0.08713612487113977,0.15207418960513294,0.1203899958947139,0.17122089513224803,0.16131853591184836,0.17493399421281475
RWA,0.2916311100741628,0.15308148024092447,0.19023347901987453,0.1811591550789372,0.21707821172434505,0.19760096684986056,0.22452585458841312,0.2433514963695114,0.22617136436238963,0.27199889159353985,0.24587139929518925,0.1901895497555594,0.22626738201566518,0.2063780674873426,0.25171527464094123,0.20027529628243937,0.2591235437756744,0.2170988568545854,0.21203071886582642,0.2286042277995239,0.20892182307734827,0.2840351230763725,0.2730565909739146,0.23962804803854437,0.17703774478507378,0.22089175967730273,0.2022986507124559,0.21379810646399294,0.21070490457346724,0.22162440484423077,0.22642695583156675,0.19830367483303088,0.3081867401720527,0.19102164025317553,0.1733858305388854,0.0,0.3422496866972409,0.26200366073932935,0.2108187931566683,0.17903299468000416,0.20875772373889537,0.18537812517905272,0.17018963326384545,0.2275003353545148,0.28609498919917564,0.23900889496063735,0.194819203820457
SVN,0.11018449467610177,0.3025787847477551,0.2585468689736346,0.23776651742658572,0.1603039498583584,0.2119991679391359,0.24737871231042657,0.17769306023075898,0.18624970724293885,0.13265256828804334,0.26129458120533944,0.2900222456224324,0.2713778320776969,0.19135014566439862,0.1399002001143223,0.2961547105243166,0.32566267491618467,0.1966306569742802,0.29723710508512063,0.23337493935192513,0.25422755828332294,0.15239782471514307,0.13875810785203446,0.16447812895661862,0.22380171704190108,0.16055129000868684,0.3040828694309218,0.2772954104837613,0.17613735837605685,0.20452199342915445,0.24083162359733368,0.30051477799110515,0.06649671555041353,0.1651552813784594,0.19112673681737688,0.3422496866972409,0.0,0.16749833180663548,0.16678443879925725,0.28279019476879363,0.17640210817302138,0.21720388646682195,0.2849993243877362,0.17255511016475705,0.10370218175716031,0.21149142873090843,0.2698924984223412
SWE,0.14144152218723655,0.20280025687865705,0.14845182014837072,0.18905041679313128,0.09259612389887287,0.1527981476473247,0.17289946920426716,0.18270258720005017,0.07552311068154159,0.11786847997144186,0.12649727658635906,0.20140304143920199,0.15605255801055798,0.08636266163639231,0.13068183489990082,0.19289541321882633,0.22688775139778186,0.1805212464473395,0.19094783807759694,0.13189248425284897,0.1347537236259509,0.1216805473133007,0.11913230004873605,0.1312364144037817,0.2226778158658362,0.10429698926403538,0.22832154929372453,0.17124610613667088,0.14603836546538862,0.0945246264516324,0.11390121846702418,0.21259150042132816,0.13819930421135615,0.131370567021031,0.1278293672251615,0.26200366073932935,0.16749833180663548,0.0,0.17018567976745785,0.19803028833725417,0.10300373940466426,0.12841573168889955,0.17183081432011624,0.07929477118823398,0.18740690371807453,0.1412983841448105,0.19336463095483983
THA,0.151233306178793,0.19867759788963857,0.17434621901617878,0.1214995300780142,0.11468923352079233,0.1170500631765919,0.1972570589119235,0.15113028876106607,0.16741841836264384,0.12771454859599324,0.22901198028555447,0.20685757935560348,0.22167893566402933,0.13450995049339814,0.11573036973892346,0.20546800777002217,0.2346418524344439,0.1362851318656082,0.20276755382071923,0.1946722829969727,0.19325135986082553,0.1821549901346123,0.12436761387509147,0.12309991642587573,0.1323311116976553,0.1058454328810724,0.1949277973002182,0.20301903687747708,0.13180643258811106,0.15781741844838296,0.20063405333679135,0.21501092220679005,0.13846171241289004,0.10400711360253653,0.09168191307432999,0.2108187931566683,0.16678443879925725,0.17018567976745785,0.0,0.19463876404163533,0.10856684328524734,0.12393097041213429,0.19295249270729897,0.14806065835301924,0.14439750187653821,0.18392771834985366,0.17364125194369684
TUN,0.2574976346461271,0.0811454044051622,0.1419720782359701,0.1504455773909481,0.17563610115622555,0.13868098012100544,0.10781114638629498,0.22078576958616547,0.1555057111853401,0.1935113794474312,0.1338057808685383,0.13353357079001746,0.10943373245642014,0.12552457159664074,0.19101178832382382,0.09659245791103654,0.210693747042366,0.12707275263964316,0.12378219122769879,0.15735300230568477,0.12074236275634975,0.1906784037600479,0.21388345090767946,0.17418973202579596,0.1643182737232351,0.16517804394020308,0.13642997835815693,0.14453247218786827,0.18034970723627938,0.14771214038148925,0.13806884840152658,0.09992446326701455,0.24419010016729553,0.1569442261917619,0.16451336421002022,0.17903299468000416,0.28279019476879363,0.19803028833725417,0.19463876404163533,0.0,0.165267775282008,0.12204448101418913,0.08278420728123288,0.15172239192416567,0.2332262952893099,0.12426997637776971,0.09446628596090903
TWN,0.14184090282773346,0.16457062858489863,0.11741203340080207,0.1271173973370888,0.06316246974339926,0.11782712413158455,0.1627313672380794,0.1607619797730814,0.10013311575685063,0.09486645921425187,0.16107878433539605,0.16767721030436325,0.16209321680737995,0.07971771438510526,0.11136972094355757,0.1675879563696702,0.19096139306473606,0.13884993916907626,0.16056156517990805,0.14599353839599516,0.12485811525161375,0.1320384912239246,0.10311079538297169,0.12122617019368875,0.1716377495072793,0.07786509990580857,0.1809471400156885,0.16120057308325472,0.12235279488476225,0.0892502536269337,0.13274802518622142,0.1913071115352481,0.13549786278056095,0.08599605364633214,0.08857020936005602,0.20875772373889537,0.17640210817302138,0.10300373940466426,0.10856684328524734,0.165267775282008,0.0,0.09271858186156036,0.13781229483731983,0.07401129512558174,0.15760634849954425,0.1477309667297542,0.14729942607350818
UKR,0.18456759662723995,0.11918255083677483,0.13144484567444986,0.10275363264951408,0.10767835491083008,0.10885519779240825,0.14901045802519122,0.19851015600281208,0.115079517935023,0.13017779682188588,0.1332989417334369,0.1636250728697584,0.1366529356009874,0.0731957333462622,0.10575193606446147,0.1302681463419048,0.1530324697869348,0.14456411583252446,0.10242140627045045,0.15904554892219494,0.12025329217749743,0.15440852771676014,0.13189098478897163,0.13408547247496913,0.17325635669682787,0.09545165296478779,0.1607732403742433,0.14992513153607465,0.16274790705782874,0.10762556245663546,0.11170749751311078,0.16384560232803208,0.17165710210360757,0.11716325422005767,0.08713612487113977,0.18537812517905272,0.21720388646682195,0.12841573168889955,0.12393097041213429,0.12204448101418913,0.09271858186156036,0.0,0.10723205678683748,0.11509487564947227,0.1962019855217759,0.1436690229678792,0.12369034607897561
URY,0.24644966157406242,0.07290807108300415,0.10204682305288168,0.146089412615047,0.15966470561736879,0.12443942185432835,0.12595154310550521,0.22457436877277281,0.13369832197359852,0.18149756134230113,0.11872667038188313,0.11993707553378115,0.08940730206228846,0.11413915471690372,0.19211478618851813,0.08330996413783234,0.17432486533272215,0.15661263362095335,0.09046972083980996,0.14933686595456552,0.08417562399343978,0.18777701280517542,0.1955698762517444,0.16644396207313286,0.1945138583394221,0.1493070377866468,0.12471498961926743,0.11666968331001139,0.17569630333214464,0.12385685360352182,0.10551179120276238,0.10937612261103052,0.2416456287644982,0.1569953268124256,0.15207418960513294,0.17018963326384545,0.2849993243877362,0.17183081432011624,0.19295249270729897,0.08278420728123288,0.13781229483731983,0.10723205678683748,0.0,0.13475699220327353,0.24787183694945678,0.13375220479620786,0.09614764669527635
