,authoritarian_governance_tolerance|WVS_E,autocracy_support|WVS_E,child_qualities_autonomy_self_expression|WVS_A,child_qualities_conformity_tradition|WVS_A,child_qualities_prosocial_diligence|WVS_A,civic_dishonesty_tolerance|WVS_F,confidence_in_civil_society_organizations|WVS_E,confidence_in_domestic_institutions|WVS_E,confidence_in_international_organizations|WVS_E,democratic_system_evaluation|WVS_E,democratic_values_importance|WVS_E,economic_ideology|WVS_E,gender_role_traditionalism|WVS_D,immigrant_origin_status|WVS_G,importance_of_life_domains|WVS_A,job_scarcity_gender_discrimination|WVS_C,job_scarcity_nativist_preference|WVS_C,life_autonomy_morality_permissiveness|WVS_F,offline_political_participation|WVS_E,outgroup_trust|WVS_G,postmaterialist_values|WVS_E,religious_belief|WVS_F,religious_practice_and_self_identification|WVS_F,science_technology_optimism|WVS_E,sexual_and_reproductive_morality_permissiveness|WVS_F,social_intolerance_outgroups|WVS_A,societal_change_attitudes|WVS_E,subjective_wellbeing|WVS_A,violence_tolerance|WVS_F,voluntary_association_active_membership|WVS_A,work_ethic|WVS_C
authoritarian_governance_tolerance|WVS_E,0.0,9999.0,9999.0,9999.0,9999.0,9999.0,9999.0,9999.0,9999.0,9999.0,9999.0,9999.0,9999.0,9999.0,9999.0,9999.0,9999.0,9999.0,9999.0,9999.0,9999.0,9999.0,9999.0,9999.0,9999.0,9999.0,9999.0,9999.0,9999.0,9999.0,9999.0
autocracy_support|WVS_E,9999.0,0.0,25.188916876574307,131.57894736842104,64.51612903225806,303.03030303030306,9999.0,9999.0,9999.0,9999.0,9999.0,9999.0,36.36363636363637,833.3333333333334,144.92753623188406,80.64516129032258,28.328611898016998,85.47008547008546,9999.0,42.5531914893617,9999.0,232.5581395348837,188.67924528301887,9999.0,39.8406374501992,9999.0,9999.0,65.35947712418302,9999.0,9999.0,59.880239520958085
child_qualities_autonomy_self_expression|WVS_A,9999.0,25.188916876574307,0.0,9999.0,9999.0,15.479876160990711,21.598272138228943,58.13953488372093,25.0,38.91050583657587,250.0,41.49377593360996,11.337868480725623,19.841269841269842,9999.0,19.305019305019304,9.00900900900901,11.695906432748536,9.18273645546373,26.315789473684212,17.921146953405017,54.054054054054056,30.581039755351682,45.45454545454546,8.19672131147541,9999.0,12.706480304955527,9999.0,9999.0,9999.0,11.049723756906078
child_qualities_conformity_tradition|WVS_A,9999.0,131.57894736842104,9999.0,0.0,9999.0,26.666666666666668,80.64516129032258,113.63636363636363,71.94244604316548,200.0,1000.0,72.46376811594203,51.02040816326531,40.48582995951417,9999.0,46.728971962616825,31.948881789137378,26.315789473684212,32.05128205128205,153.84615384615384,41.1522633744856,46.948356807511736,54.6448087431694,75.75757575757576,18.79699248120301,9999.0,32.67973856209151,9999.0,9999.0,9999.0,29.761904761904763
child_qualities_prosocial_diligence|WVS_A,9999.0,64.51612903225806,9999.0,9999.0,0.0,24.630541871921185,46.728971962616825,166.66666666666666,43.47826086956522,90.09009009009009,1000.0,51.54639175257732,40.0,38.61003861003861,9999.0,38.61003861003861,21.413276231263385,21.691973969631235,21.50537634408602,67.11409395973155,43.29004329004329,51.81347150259067,46.29629629629629,52.35602094240838,15.174506828528072,9999.0,26.041666666666668,9999.0,9999.0,9999.0,25.77319587628866
civic_dishonesty_tolerance|WVS_F,9999.0,303.03030303030306,15.479876160990711,26.666666666666668,24.630541871921185,0.0,47.61904761904761,117.6470588235294,45.87155963302752,140.8450704225352,158.73015873015873,49.26108374384237,46.08294930875576,16.0,21.05263157894737,30.395136778115504,28.49002849002849,9999.0,107.52688172043011,66.66666666666667,21.50537634408602,9999.0,9999.0,76.92307692307692,9999.0,9999.0,19.193857965451055,75.75757575757576,9999.0,9999.0,18.6219739292365
confidence_in_civil_society_organizations|WVS_E,9999.0,9999.0,21.598272138228943,80.64516129032258,46.728971962616825,47.61904761904761,0.0,9999.0,9999.0,9999.0,9999.0,9999.0,28.73563218390805,51.81347150259067,65.78947368421052,62.11180124223603,28.011204481792713,39.682539682539684,9999.0,89.28571428571429,9999.0,263.1578947368421,90.09009009009009,9999.0,26.7379679144385,9999.0,9999.0,77.51937984496124,9999.0,9999.0,43.29004329004329
confidence_in_domestic_institutions|WVS_E,9999.0,9999.0,58.13953488372093,113.63636363636363,166.66666666666666,117.6470588235294,9999.0,0.0,9999.0,9999.0,9999.0,9999.0,303.03030303030306,454.5454545454545,104.16666666666667,169.49152542372883,99.00990099009901,94.33962264150944,9999.0,188.67924528301887,9999.0,81.30081300813008,232.5581395348837,9999.0,67.11409395973155,9999.0,9999.0,178.57142857142858,9999.0,9999.0,82.64462809917356
confidence_in_international_organizations|WVS_E,9999.0,9999.0,25.0,71.94244604316548,43.47826086956522,45.87155963302752,9999.0,9999.0,0.0,9999.0,9999.0,9999.0,57.14285714285714,63.291139240506325,62.893081761006286,56.17977528089888,30.487804878048777,36.76470588235294,9999.0,94.33962264150944,9999.0,129.87012987012986,76.92307692307692,9999.0,25.77319587628866,9999.0,9999.0,72.99270072992701,9999.0,9999.0,46.08294930875576
democratic_system_evaluation|WVS_E,9999.0,9999.0,38.91050583657587,200.0,90.09009009009009,140.8450704225352,9999.0,9999.0,9999.0,0.0,9999.0,9999.0,102.04081632653062,153.84615384615384,344.82758620689657,121.95121951219511,41.32231404958678,156.25,9999.0,46.728971962616825,9999.0,1000.0,238.0952380952381,9999.0,63.291139240506325,9999.0,9999.0,79.36507936507937,9999.0,9999.0,111.11111111111111
democratic_values_importance|WVS_E,9999.0,9999.0,250.0,1000.0,1000.0,158.73015873015873,9999.0,9999.0,9999.0,9999.0,0.0,9999.0,270.27027027027026,243.90243902439022,588.2352941176471,1000.0,204.08163265306123,714.2857142857143,9999.0,175.43859649122805,9999.0,285.7142857142857,1000.0,9999.0,1000.0,9999.0,9999.0,434.7826086956522,9999.0,9999.0,1000.0
economic_ideology|WVS_E,9999.0,9999.0,41.49377593360996,72.46376811594203,51.54639175257732,49.26108374384237,9999.0,9999.0,9999.0,9999.0,9999.0,0.0,909.090909090909,95.23809523809523,76.92307692307692,73.52941176470588,45.45454545454546,43.29004329004329,9999.0,113.63636363636363,9999.0,54.94505494505494,68.9655172413793,9999.0,32.05128205128205,9999.0,9999.0,90.90909090909092,9999.0,9999.0,65.78947368421052
gender_role_traditionalism|WVS_D,9999.0,36.36363636363637,11.337868480725623,51.02040816326531,40.0,46.08294930875576,28.73563218390805,303.03030303030306,57.14285714285714,102.04081632653062,270.27027027027026,909.090909090909,0.0,41.32231404958678,38.61003861003861,43.29004329004329,16.207455429497568,27.77777777777778,19.267822736030826,52.631578947368425,31.545741324921135,47.61904761904761,208.33333333333334,59.523809523809526,19.417475728155342,9999.0,26.80965147453083,57.4712643678161,9999.0,9999.0,22.72727272727273
immigrant_origin_status|WVS_G,9999.0,833.3333333333334,19.841269841269842,40.48582995951417,38.61003861003861,16.0,51.81347150259067,454.5454545454545,63.291139240506325,153.84615384615384,243.90243902439022,95.23809523809523,41.32231404958678,0.0,31.545741324921135,48.07692307692308,42.016806722689076,20.833333333333332,200.0,9999.0,31.645569620253163,48.78048780487805,46.948356807511736,1000.0,17.33102253032929,9999.0,26.246719160104984,128.2051282051282,9999.0,9999.0,27.700831024930746
importance_of_life_domains|WVS_A,9999.0,144.92753623188406,9999.0,9999.0,9999.0,21.05263157894737,65.78947368421052,104.16666666666667,62.893081761006286,344.82758620689657,588.2352941176471,76.92307692307692,38.61003861003861,31.545741324921135,0.0,44.24778761061947,28.98550724637681,22.831050228310502,39.0625,526.3157894736842,32.362459546925564,45.04504504504504,51.54639175257732,109.89010989010988,17.21170395869191,9999.0,26.17801047120419,9999.0,9999.0,9999.0,25.57544757033248
job_scarcity_gender_discrimination|WVS_C,9999.0,80.64516129032258,19.305019305019304,46.728971962616825,38.61003861003861,30.395136778115504,62.11180124223603,169.49152542372883,56.17977528089888,121.95121951219511,1000.0,73.52941176470588,43.29004329004329,48.07692307692308,44.24778761061947,0.0,9999.0,26.38522427440633,29.239766081871345,95.23809523809523,52.35602094240838,68.02721088435375,59.880239520958085,78.125,18.975332068311197,9999.0,32.67973856209151,65.78947368421052,9999.0,9999.0,9999.0
job_scarcity_nativist_preference|WVS_C,9999.0,28.328611898016998,9.00900900900901,31.948881789137378,21.413276231263385,28.49002849002849,28.011204481792713,99.00990099009901,30.487804878048777,41.32231404958678,204.08163265306123,45.45454545454546,16.207455429497568,42.016806722689076,28.98550724637681,9999.0,0.0,17.73049645390071,11.668611435239207,27.397260273972606,35.97122302158274,95.23809523809523,44.84304932735426,44.642857142857146,11.1731843575419,9999.0,19.9203187250996,30.581039755351682,9999.0,9999.0,9999.0
life_autonomy_morality_permissiveness|WVS_F,9999.0,85.47008547008546,11.695906432748536,26.315789473684212,21.691973969631235,9999.0,39.682539682539684,94.33962264150944,36.76470588235294,156.25,714.2857142857143,43.29004329004329,27.77777777777778,20.833333333333332,22.831050228310502,26.38522427440633,17.73049645390071,0.0,23.696682464454977,138.88888888888889,24.390243902439025,9999.0,9999.0,54.054054054054056,9999.0,9999.0,17.636684303350968,42.918454935622314,9999.0,9999.0,16.920473773265652
offline_political_participation|WVS_E,9999.0,9999.0,9.18273645546373,32.05128205128205,21.50537634408602,107.52688172043011,9999.0,9999.0,9999.0,9999.0,9999.0,9999.0,19.267822736030826,200.0,39.0625,29.239766081871345,11.668611435239207,23.696682464454977,0.0,19.011406844106464,9999.0,140.8450704225352,52.631578947368425,9999.0,13.315579227696405,9999.0,9999.0,26.246719160104984,9999.0,9999.0,18.867924528301888
outgroup_trust|WVS_G,9999.0,42.5531914893617,26.315789473684212,153.84615384615384,67.11409395973155,66.66666666666667,89.28571428571429,188.67924528301887,94.33962264150944,46.728971962616825,175.43859649122805,113.63636363636363,52.631578947368425,9999.0,526.3157894736842,95.23809523809523,27.397260273972606,138.88888888888889,19.011406844106464,0.0,370.3703703703703,312.5,227.27272727272725,64.1025641025641,49.01960784313725,9999.0,101.010101010101,58.8235294117647,9999.0,9999.0,80.0
postmaterialist_values|WVS_E,9999.0,9999.0,17.921146953405017,41.1522633744856,43.29004329004329,21.50537634408602,9999.0,9999.0,9999.0,9999.0,9999.0,9999.0,31.545741324921135,31.645569620253163,32.362459546925564,52.35602094240838,35.97122302158274,24.390243902439025,9999.0,370.3703703703703,0.0,58.47953216374269,62.11180124223603,9999.0,18.484288354898336,9999.0,9999.0,90.90909090909092,9999.0,9999.0,25.706940874035993
religious_belief|WVS_F,9999.0,232.5581395348837,54.054054054054056,46.948356807511736,51.81347150259067,9999.0,263.1578947368421,81.30081300813008,129.87012987012986,1000.0,285.7142857142857,54.94505494505494,47.61904761904761,48.78048780487805,45.04504504504504,68.02721088435375,95.23809523809523,9999.0,140.8450704225352,312.5,58.47953216374269,0.0,9999.0,42.016806722689076,9999.0,9999.0,42.016806722689076,117.6470588235294,9999.0,9999.0,45.04504504504504
religious_practice_and_self_identification|WVS_F,9999.0,188.67924528301887,30.581039755351682,54.6448087431694,46.29629629629629,9999.0,90.09009009009009,232.5581395348837,76.92307692307692,238.0952380952381,1000.0,68.9655172413793,208.33333333333334,46.948356807511736,51.54639175257732,59.880239520958085,44.84304932735426,9999.0,52.631578947368425,227.27272727272725,62.11180124223603,9999.0,0.0,63.291139240506325,9999.0,9999.0,39.0625,91.74311926605505,9999.0,9999.0,42.19409282700422
science_technology_optimism|WVS_E,9999.0,9999.0,45.45454545454546,75.75757575757576,52.35602094240838,76.92307692307692,9999.0,9999.0,9999.0,9999.0,9999.0,9999.0,59.523809523809526,1000.0,109.89010989010988,78.125,44.642857142857146,54.054054054054056,9999.0,64.1025641025641,9999.0,42.016806722689076,63.291139240506325,0.0,30.674846625766875,9999.0,9999.0,67.56756756756756,9999.0,9999.0,74.07407407407408
sexual_and_reproductive_morality_permissiveness|WVS_F,9999.0,39.8406374501992,8.19672131147541,18.79699248120301,15.174506828528072,9999.0,26.7379679144385,67.11409395973155,25.77319587628866,63.291139240506325,1000.0,32.05128205128205,19.417475728155342,17.33102253032929,17.21170395869191,18.975332068311197,11.1731843575419,9999.0,13.315579227696405,49.01960784313725,18.484288354898336,9999.0,9999.0,30.674846625766875,0.0,9999.0,12.88659793814433,27.855153203342617,9999.0,9999.0,12.820512820512821
social_intolerance_outgroups|WVS_A,9999.0,9999.0,9999.0,9999.0,9999.0,9999.0,9999.0,9999.0,9999.0,9999.0,9999.0,9999.0,9999.0,9999.0,9999.0,9999.0,9999.0,9999.0,9999.0,9999.0,9999.0,9999.0,9999.0,9999.0,9999.0,0.0,9999.0,9999.0,9999.0,9999.0,9999.0
societal_change_attitudes|WVS_E,9999.0,9999.0,12.706480304955527,32.67973856209151,26.041666666666668,19.193857965451055,9999.0,9999.0,9999.0,9999.0,9999.0,9999.0,26.80965147453083,26.246719160104984,26.17801047120419,32.67973856209151,19.9203187250996,17.636684303350968,9999.0,101.010101010101,9999.0,42.016806722689076,39.0625,9999.0,12.88659793814433,9999.0,0.0,46.51162790697675,9999.0,9999.0,20.618556701030926
subjective_wellbeing|WVS_A,9999.0,65.35947712418302,9999.0,9999.0,9999.0,75.75757575757576,77.51937984496124,178.57142857142858,72.99270072992701,79.36507936507937,434.7826086956522,90.90909090909092,57.4712643678161,128.2051282051282,9999.0,65.78947368421052,30.581039755351682,42.918454935622314,26.246719160104984,58.8235294117647,90.90909090909092,117.6470588235294,91.74311926605505,67.56756756756756,27.855153203342617,9999.0,46.51162790697675,0.0,9999.0,9999.0,43.47826086956522
violence_tolerance|WVS_F,9999.0,9999.0,9999.0,9999.0,9999.0,9999.0,9999.0,9999.0,9999.0,9999.0,9999.0,9999.0,9999.0,9999.0,9999.0,9999.0,9999.0,9999.0,9999.0,9999.0,9999.0,9999.0,9999.0,9999.0,9999.0,9999.0,9999.0,9999.0,0.0,9999.0,9999.0
voluntary_association_active_membership|WVS_A,9999.0,9999.0,9999.0,9999.0,9999.0,9999.0,9999.0,9999.0,9999.0,9999.0,9999.0,9999.0,9999.0,9999.0,9999.0,9999.0,9999.0,9999.0,9999.0,9999.0,9999.0,9999.0,9999.0,9999.0,9999.0,9999.0,9999.0,9999.0,9999.0,0.0,9999.0
work_ethic|WVS_C,9999.0,59.880239520958085,11.049723756906078,29.761904761904763,25.77319587628866,18.6219739292365,43.29004329004329,82.64462809917356,46.08294930875576,111.11111111111111,1000.0,65.78947368421052,22.72727272727273,27.700831024930746,25.57544757033248,9999.0,9999.0,16.920473773265652,18.867924528301888,80.0,25.706940874035993,45.04504504504504,42.19409282700422,74.07407407407408,12.820512820512821,9999.0,20.618556701030926,43.47826086956522,9999.0,9999.0,0.0
