,AND,ARG,ARM,AUS,BGD,BOL,BRA,CAN,CHL,CHN,COL,CYP,CZE,DEU,ECU,EGY,ETH,GBR,GRC,GTM,HKG,IDN,IND,IRN,IRQ,JOR,JPN,KAZ,KEN,KGZ,KOR,LBN,LBY,MAC,MAR,MDV,MEX,MMR,MNG,MYS,NGA,NIC,NIR,NLD,NZL,PAK,PER,PHL,PRI,ROU,RUS,SGP,SRB,SVK,THA,TJK,TUN,TUR,TWN,UKR,URY,USA,UZB,VEN,VNM,ZWE
AND,0.0,0.013785673305392265,0.01088368333876133,0.01088368333876133,0.049536339938640594,0.010072372853755951,0.008687401190400124,0.01088368333876133,0.00866929441690445,0.03664765506982803,0.020329251885414124,0.01088368333876133,0.013029560446739197,0.01088368333876133,0.00881834328174591,0.013803120702505112,0.018918372690677643,0.01088368333876133,0.01088368333876133,0.036921143531799316,0.011680524796247482,0.014337301254272461,0.017261996865272522,0.01088368333876133,0.01088368333876133,0.010297857224941254,0.0057392120361328125,0.011146105825901031,0.01088368333876133,0.006153114140033722,0.026159748435020447,0.009362120181322098,0.01088368333876133,0.023056648671627045,0.01456758938729763,0.01088368333876133,0.007857710123062134,0.006699115037918091,0.01088368333876133,0.01088368333876133,0.010595463216304779,0.04323633760213852,0.01088368333876133,0.01088368333876133,0.01088368333876133,0.02373320981860161,0.015238597989082336,0.02113848179578781,0.010822512209415436,0.02765529230237007,0.01088368333876133,0.01088368333876133,0.010072372853755951,0.008829556405544281,0.005411256104707718,0.006596894934773445,0.019936203956604004,0.02497503161430359,0.01088368333876133,0.008582353591918945,0.01088368333876133,0.01088368333876133,0.011531811207532883,0.02193499356508255,0.012368585914373398,0.01918536052107811
ARG,0.013785673305392265,0.0,0.009626965038478374,0.013785673305392265,0.049536339938640594,0.010905429720878601,0.009626965038478374,0.013785673305392265,0.013307938352227211,0.03664765506982803,0.020329251885414124,0.013785673305392265,0.01963358372449875,0.013785673305392265,0.014029182493686676,0.006853211671113968,0.018918372690677643,0.013785673305392265,0.013307938352227211,0.036921143531799316,0.012460127472877502,0.014337301254272461,0.017261996865272522,0.013307938352227211,0.013785673305392265,0.009997332468628883,0.013785673305392265,0.013785673305392265,0.013785673305392265,0.013188567012548447,0.026159748435020447,0.013785673305392265,0.013785673305392265,0.023056648671627045,0.00857093557715416,0.013307938352227211,0.013307938352227211,0.012948255985975266,0.013785673305392265,0.01096942275762558,0.013307938352227211,0.04323633760213852,0.013785673305392265,0.013785673305392265,0.013785673305392265,0.01767009310424328,0.015238597989082336,0.02415379323065281,0.014521345496177673,0.02765529230237007,0.012705277651548386,0.013785673305392265,0.013307938352227211,0.013785673305392265,0.013661865144968033,0.013307938352227211,0.023408962413668633,0.02497503161430359,0.013785673305392265,0.010731566697359085,0.013785673305392265,0.013785673305392265,0.013785673305392265,0.02193499356508255,0.013785673305392265,0.01918536052107811
ARM,0.01088368333876133,0.009626965038478374,0.0,0.01049855537712574,0.049536339938640594,0.005609825253486633,0.008621061220765114,0.01049855537712574,0.009679516777396202,0.03664765506982803,0.020329251885414124,0.009518690407276154,0.021357564255595207,0.01049855537712574,0.014029182493686676,0.013812506571412086,0.018918372690677643,0.01049855537712574,0.00765228271484375,0.036921143531799316,0.00892975740134716,0.014337301254272461,0.017261996865272522,0.008833780884742737,0.01049855537712574,0.014497697353363037,0.01049855537712574,0.011146105825901031,0.01049855537712574,0.009969852864742279,0.026159748435020447,0.01049855537712574,0.010427869856357574,0.023056648671627045,0.00857093557715416,0.008854784071445465,0.0072938986122608185,0.009969852864742279,0.01049855537712574,0.008183520287275314,0.01049855537712574,0.04323633760213852,0.01049855537712574,0.01049855537712574,0.01049855537712574,0.020202022045850754,0.015238597989082336,0.02415379323065281,0.014430016279220581,0.02765529230237007,0.00948217511177063,0.01049855537712574,0.006955387070775032,0.013597514480352402,0.009695366024971008,0.010924629867076874,0.023408962413668633,0.02497503161430359,0.01049855537712574,0.012920327484607697,0.01049855537712574,0.01049855537712574,0.013613216578960419,0.02193499356508255,0.012987013906240463,0.01918536052107811
AUS,0.01088368333876133,0.013785673305392265,0.01049855537712574,0.0,0.049536339938640594,0.006819726899266243,0.008687401190400124,0.0045809317380189896,0.009679516777396202,0.03664765506982803,0.020329251885414124,0.006140499375760555,0.021357564255595207,0.0016220463439822197,0.014029182493686676,0.016051094979047775,0.018918372690677643,0.0029984666034579277,0.0038742851465940475,0.036921143531799316,0.011680524796247482,0.014337301254272461,0.017261996865272522,0.010621738154441118,0.010997986886650324,0.016562385484576225,0.00751563161611557,0.011146105825901031,0.006576180458068848,0.01222609169781208,0.026159748435020447,0.003936635330319405,0.005634469911456108,0.023056648671627045,0.01456758938729763,0.004208225756883621,0.008328908123075962,0.012499092146754265,0.0018117474392056465,0.008183520287275314,0.00888265110552311,0.04323633760213852,0.006911693140864372,0.004432106390595436,0.005098208785057068,0.02439006417989731,0.015238597989082336,0.02415379323065281,0.014521345496177673,0.02765529230237007,0.00588833075016737,0.007906388491392136,0.007957890629768372,0.013597514480352402,0.006556730717420578,0.012231705710291862,0.023408962413668633,0.02497503161430359,0.005409015342593193,0.0149159487336874,0.0013304539024829865,0.0039768097922205925,0.013744115829467773,0.02193499356508255,0.012987013906240463,0.01918536052107811
BGD,0.049536339938640594,0.049536339938640594,0.049536339938640594,0.049536339938640594,0.0,0.049536339938640594,0.049536339938640594,0.049536339938640594,0.049536339938640594,0.049536339938640594,0.049536339938640594,0.049536339938640594,0.049536339938640594,0.049536339938640594,0.049536339938640594,0.049536339938640594,0.049536339938640594,0.049536339938640594,0.049536339938640594,0.049536339938640594,0.049536339938640594,0.049536339938640594,0.049536339938640594,0.049536339938640594,0.049536339938640594,0.049536339938640594,0.049536339938640594,0.049536339938640594,0.049536339938640594,0.049536339938640594,0.049536339938640594,0.049536339938640594,0.049536339938640594,0.048071786761283875,0.049536339938640594,0.049536339938640594,0.049536339938640594,0.049536339938640594,0.049536339938640594,0.049536339938640594,0.049536339938640594,0.027873076498508453,0.049536339938640594,0.049536339938640594,0.049536339938640594,0.049536339938640594,0.049536339938640594,0.049536339938640594,0.049536339938640594,0.049536339938640594,0.049536339938640594,0.049536339938640594,0.049536339938640594,0.049536339938640594,0.049536339938640594,0.049536339938640594,0.049536339938640594,0.049536339938640594,0.049536339938640594,0.049536339938640594,0.049536339938640594,0.049536339938640594,0.049536339938640594,0.049536339938640594,0.049536339938640594,0.049536339938640594
BOL,0.010072372853755951,0.010905429720878601,0.005609825253486633,0.006819726899266243,0.049536339938640594,0.0,0.008559945970773697,0.006819726899266243,0.009679516777396202,0.03664765506982803,0.020256035029888153,0.005664000287652016,0.01876877248287201,0.006819726899266243,0.014029182493686676,0.014041155576705933,0.018918372690677643,0.006819726899266243,0.005933508276939392,0.036921143531799316,0.006548196077346802,0.014337301254272461,0.017261996865272522,0.008754441514611244,0.008894799277186394,0.01483365148305893,0.006819726899266243,0.006819726899266243,0.006819726899266243,0.010305806994438171,0.026159748435020447,0.006819726899266243,0.006356567144393921,0.023056648671627045,0.009130038321018219,0.005609825253486633,0.005609825253486633,0.010305806994438171,0.006819726899266243,0.007645353674888611,0.006819726899266243,0.04323633760213852,0.006819726899266243,0.006819726899266243,0.006819726899266243,0.020789004862308502,0.015238597989082336,0.02415379323065281,0.014521345496177673,0.02765529230237007,0.006195820868015289,0.006819726899266243,0.005609825253486633,0.013225547969341278,0.006409011781215668,0.011260583996772766,0.023408962413668633,0.02497503161430359,0.00679779052734375,0.013256281614303589,0.006819726899266243,0.006819726899266243,0.013744115829467773,0.01876654475927353,0.012987013906240463,0.01749497838318348
BRA,0.008687401190400124,0.009626965038478374,0.008621061220765114,0.008687401190400124,0.049536339938640594,0.008559945970773697,0.0,0.008687401190400124,0.008797042071819305,0.03664765506982803,0.020329251885414124,0.008687401190400124,0.015911463648080826,0.008687401190400124,0.012025013566017151,0.00929480791091919,0.018918372690677643,0.008687401190400124,0.008646246045827866,0.036921143531799316,0.008621061220765114,0.014337301254272461,0.017261996865272522,0.010114360600709915,0.010254718363285065,0.011655010282993317,0.008687401190400124,0.011146105825901031,0.008687401190400124,0.008621061220765114,0.026159748435020447,0.008646246045827866,0.008687401190400124,0.023056648671627045,0.008763831108808517,0.008646246045827866,0.008646246045827866,0.008687401190400124,0.008687401190400124,0.008621061220765114,0.008646246045827866,0.04323633760213852,0.008687401190400124,0.008687401190400124,0.008687401190400124,0.01645548827946186,0.015238597989082336,0.017858929932117462,0.014430016279220581,0.02765529230237007,0.008621061220765114,0.008687401190400124,0.008646246045827866,0.009898100048303604,0.008687401190400124,0.008687401190400124,0.023408962413668633,0.02497503161430359,0.008687401190400124,0.010077640414237976,0.008687401190400124,0.008687401190400124,0.013613216578960419,0.02193499356508255,0.012987013906240463,0.01918536052107811
CAN,0.01088368333876133,0.013785673305392265,0.01049855537712574,0.0045809317380189896,0.049536339938640594,0.006819726899266243,0.008687401190400124,0.0,0.009679516777396202,0.03664765506982803,0.020329251885414124,0.006140499375760555,0.021357564255595207,0.0045809317380189896,0.014029182493686676,0.016051094979047775,0.018918372690677643,0.0045809317380189896,0.0045809317380189896,0.036921143531799316,0.011680524796247482,0.014337301254272461,0.017261996865272522,0.006972676143050194,0.007751937955617905,0.016562385484576225,0.00751563161611557,0.011146105825901031,0.006576180458068848,0.01222609169781208,0.026159748435020447,0.0045809317380189896,0.005478711798787117,0.023056648671627045,0.01456758938729763,0.0035871993750333786,0.008328908123075962,0.012499092146754265,0.0045809317380189896,0.008183520287275314,0.006020179018378258,0.04323633760213852,0.004394613206386566,0.004847757518291473,0.005098208785057068,0.02439006417989731,0.015238597989082336,0.02415379323065281,0.014521345496177673,0.02765529230237007,0.0038677286356687546,0.007906388491392136,0.007957890629768372,0.013597514480352402,0.006556730717420578,0.012231705710291862,0.023408962413668633,0.02497503161430359,0.005409015342593193,0.0149159487336874,0.0045809317380189896,0.004154506605118513,0.013744115829467773,0.02193499356508255,0.012987013906240463,0.01918536052107811
CHL,0.00866929441690445,0.013307938352227211,0.009679516777396202,0.009679516777396202,0.049536339938640594,0.009679516777396202,0.008797042071819305,0.009679516777396202,0.0,0.03664765506982803,0.020329251885414124,0.009679516777396202,0.016587495803833008,0.009679516777396202,0.009315983392298222,0.016051094979047775,0.018918372690677643,0.009679516777396202,0.009679516777396202,0.036921143531799316,0.010917354375123978,0.014337301254272461,0.017261996865272522,0.009679516777396202,0.008797042071819305,0.01455577090382576,0.009679516777396202,0.01011975109577179,0.009679516777396202,0.010411027818918228,0.026159748435020447,0.009679516777396202,0.009679516777396202,0.023056648671627045,0.011283833533525467,0.009679516777396202,0.009679516777396202,0.010957028716802597,0.009679516777396202,0.009679516777396202,0.009679516777396202,0.04323633760213852,0.009679516777396202,0.009679516777396202,0.009315983392298222,0.023274216800928116,0.015238597989082336,0.01546437107026577,0.011448606848716736,0.02765529230237007,0.007791414856910706,0.009315983392298222,0.009679516777396202,0.007528258487582207,0.009679516777396202,0.009467478841543198,0.020562298595905304,0.02497503161430359,0.008797042071819305,0.012840267270803452,0.009679516777396202,0.009679516777396202,0.011531811207532883,0.01950041949748993,0.011448606848716736,0.01918536052107811
CHN,0.03664765506982803,0.03664765506982803,0.03664765506982803,0.03664765506982803,0.049536339938640594,0.03664765506982803,0.03664765506982803,0.03664765506982803,0.03664765506982803,0.0,0.03664765506982803,0.03664765506982803,0.03664765506982803,0.03664765506982803,0.03664765506982803,0.03664765506982803,0.022834308445453644,0.03664765506982803,0.03664765506982803,0.036921143531799316,0.03664765506982803,0.03664765506982803,0.03664765506982803,0.03664765506982803,0.03664765506982803,0.03664765506982803,0.03664765506982803,0.03664765506982803,0.03664765506982803,0.03664765506982803,0.036497458815574646,0.03664765506982803,0.03664765506982803,0.03664765506982803,0.03664765506982803,0.03664765506982803,0.03664765506982803,0.03664765506982803,0.03664765506982803,0.03664765506982803,0.03664765506982803,0.04323633760213852,0.03664765506982803,0.03664765506982803,0.03664765506982803,0.03664765506982803,0.028788939118385315,0.03664765506982803,0.03664765506982803,0.036497458815574646,0.03664765506982803,0.03664765506982803,0.03664765506982803,0.03664765506982803,0.03664765506982803,0.03664765506982803,0.03664765506982803,0.034013599157333374,0.03664765506982803,0.03664765506982803,0.03664765506982803,0.03664765506982803,0.03664765506982803,0.03664765506982803,0.03664765506982803,0.03664765506982803
COL,0.020329251885414124,0.020329251885414124,0.020329251885414124,0.020329251885414124,0.049536339938640594,0.020256035029888153,0.020329251885414124,0.020329251885414124,0.020329251885414124,0.03664765506982803,0.0,0.020329251885414124,0.020329251885414124,0.020329251885414124,0.020329251885414124,0.020329251885414124,0.019390732049942017,0.020329251885414124,0.020329251885414124,0.03201829828321934,0.020329251885414124,0.0160912424325943,0.017261996865272522,0.020329251885414124,0.020329251885414124,0.020329251885414124,0.020329251885414124,0.016764648258686066,0.020329251885414124,0.020329251885414124,0.026159748435020447,0.020329251885414124,0.020329251885414124,0.023056648671627045,0.020329251885414124,0.020329251885414124,0.020329251885414124,0.020329251885414124,0.020329251885414124,0.020329251885414124,0.020329251885414124,0.04323633760213852,0.020329251885414124,0.020329251885414124,0.020329251885414124,0.02439006417989731,0.017701663076877594,0.02415379323065281,0.020329251885414124,0.02765529230237007,0.020329251885414124,0.020329251885414124,0.020329251885414124,0.020329251885414124,0.020329251885414124,0.020329251885414124,0.019994664937257767,0.02497503161430359,0.020329251885414124,0.020329251885414124,0.020329251885414124,0.020329251885414124,0.013744115829467773,0.016228612512350082,0.014832057058811188,0.017238104715943336
CYP,0.01088368333876133,0.013785673305392265,0.009518690407276154,0.006140499375760555,0.049536339938640594,0.005664000287652016,0.008687401190400124,0.006140499375760555,0.009679516777396202,0.03664765506982803,0.020329251885414124,0.0,0.021357564255595207,0.006140499375760555,0.014029182493686676,0.016051094979047775,0.018918372690677643,0.006140499375760555,0.006140499375760555,0.036921143531799316,0.011623717844486237,0.014337301254272461,0.017261996865272522,0.006972676143050194,0.007751937955617905,0.016562385484576225,0.00751563161611557,0.011146105825901031,0.006576180458068848,0.01222609169781208,0.026159748435020447,0.0029607433825731277,0.005634469911456108,0.023056648671627045,0.011990197002887726,0.0039006033912301064,0.006340250372886658,0.012499092146754265,0.006140499375760555,0.008183520287275314,0.008664919063448906,0.04323633760213852,0.006287088617682457,0.006140499375760555,0.006140499375760555,0.02439006417989731,0.015238597989082336,0.02415379323065281,0.014521345496177673,0.02765529230237007,0.004001187160611153,0.007906388491392136,0.007957890629768372,0.013597514480352402,0.006556730717420578,0.012231705710291862,0.023408962413668633,0.02497503161430359,0.005409015342593193,0.0149159487336874,0.006140499375760555,0.005952769890427589,0.013744115829467773,0.02193499356508255,0.012987013906240463,0.01918536052107811
CZE,0.013029560446739197,0.01963358372449875,0.021357564255595207,0.021357564255595207,0.049536339938640594,0.01876877248287201,0.015911463648080826,0.021357564255595207,0.016587495803833008,0.03664765506982803,0.020329251885414124,0.021357564255595207,0.0,0.021357564255595207,0.016931768506765366,0.016497857868671417,0.018918372690677643,0.021357564255595207,0.021357564255595207,0.036921143531799316,0.013978257775306702,0.020057164132595062,0.017261996865272522,0.021357564255595207,0.021019741892814636,0.01197001338005066,0.01876877248287201,0.0183524452149868,0.021357564255595207,0.016497857868671417,0.026159748435020447,0.02088727056980133,0.021357564255595207,0.023056648671627045,0.016931768506765366,0.021357564255595207,0.02088727056980133,0.016497857868671417,0.021357564255595207,0.021357564255595207,0.021357564255595207,0.04323633760213852,0.021357564255595207,0.021357564255595207,0.021357564255595207,0.01990346983075142,0.015238597989082336,0.012227926403284073,0.015055164694786072,0.02765529230237007,0.021357564255595207,0.021357564255595207,0.02088727056980133,0.011320095509290695,0.017425552010536194,0.015543080866336823,0.01514577865600586,0.02497503161430359,0.021019741892814636,0.013547383248806,0.021357564255595207,0.021357564255595207,0.01909010484814644,0.020244963467121124,0.021357564255595207,0.01918536052107811
DEU,0.01088368333876133,0.013785673305392265,0.01049855537712574,0.0016220463439822197,0.049536339938640594,0.006819726899266243,0.008687401190400124,0.0045809317380189896,0.009679516777396202,0.03664765506982803,0.020329251885414124,0.006140499375760555,0.021357564255595207,0.0,0.014029182493686676,0.016051094979047775,0.018918372690677643,0.0026397118344902992,0.0038742851465940475,0.036921143531799316,0.011680524796247482,0.014337301254272461,0.017261996865272522,0.010621738154441118,0.010997986886650324,0.016562385484576225,0.00751563161611557,0.011146105825901031,0.006576180458068848,0.01222609169781208,0.026159748435020447,0.003936635330319405,0.005634469911456108,0.023056648671627045,0.01456758938729763,0.004208225756883621,0.008328908123075962,0.012499092146754265,0.0024596615694463253,0.008183520287275314,0.00888265110552311,0.04323633760213852,0.006911693140864372,0.003758104518055916,0.005098208785057068,0.02439006417989731,0.015238597989082336,0.02415379323065281,0.014521345496177673,0.02765529230237007,0.00588833075016737,0.007906388491392136,0.007957890629768372,0.013597514480352402,0.006556730717420578,0.012231705710291862,0.023408962413668633,0.02497503161430359,0.005409015342593193,0.0149159487336874,0.002228330820798874,0.0039768097922205925,0.013744115829467773,0.02193499356508255,0.012987013906240463,0.01918536052107811
ECU,0.00881834328174591,0.014029182493686676,0.014029182493686676,0.014029182493686676,0.049536339938640594,0.014029182493686676,0.012025013566017151,0.014029182493686676,0.009315983392298222,0.03664765506982803,0.020329251885414124,0.014029182493686676,0.016931768506765366,0.014029182493686676,0.0,0.015251923352479935,0.01782532036304474,0.014029182493686676,0.014029182493686676,0.036921143531799316,0.011680524796247482,0.014337301254272461,0.017261996865272522,0.014029182493686676,0.010997986886650324,0.014029182493686676,0.014029182493686676,0.014029182493686676,0.012753799557685852,0.014029182493686676,0.026159748435020447,0.014029182493686676,0.014029182493686676,0.023056648671627045,0.01456758938729763,0.014029182493686676,0.014029182493686676,0.014029182493686676,0.014029182493686676,0.013279527425765991,0.014029182493686676,0.04323633760213852,0.014029182493686676,0.014029182493686676,0.009043604135513306,0.024226438254117966,0.015238597989082336,0.014415305107831955,0.0068993717432022095,0.02765529230237007,0.014029182493686676,0.009043604135513306,0.014029182493686676,0.009898100048303604,0.014029182493686676,0.014029182493686676,0.015809986740350723,0.02497503161430359,0.013152360916137695,0.014029182493686676,0.014029182493686676,0.014029182493686676,0.011531811207532883,0.01796995848417282,0.012368585914373398,0.019130699336528778
EGY,0.013803120702505112,0.006853211671113968,0.013812506571412086,0.016051094979047775,0.049536339938640594,0.014041155576705933,0.00929480791091919,0.016051094979047775,0.016051094979047775,0.03664765506982803,0.020329251885414124,0.016051094979047775,0.016497857868671417,0.016051094979047775,0.015251923352479935,0.0,0.018918372690677643,0.016051094979047775,0.016051094979047775,0.036921143531799316,0.015352049842476845,0.015352049842476845,0.017261996865272522,0.016051094979047775,0.016051094979047775,0.009809732437133789,0.015352049842476845,0.015352049842476845,0.016051094979047775,0.015352049842476845,0.026159748435020447,0.016051094979047775,0.016051094979047775,0.023056648671627045,0.010306376963853836,0.016051094979047775,0.016051094979047775,0.015352049842476845,0.016051094979047775,0.014615021646022797,0.014441922307014465,0.04323633760213852,0.016051094979047775,0.016051094979047775,0.016051094979047775,0.01645548827946186,0.015352049842476845,0.02415379323065281,0.016051094979047775,0.02765529230237007,0.01374933123588562,0.016051094979047775,0.015352049842476845,0.016051094979047775,0.016051094979047775,0.015352049842476845,0.023408962413668633,0.02497503161430359,0.016051094979047775,0.011684063822031021,0.016051094979047775,0.016051094979047775,0.016051094979047775,0.02193499356508255,0.016051094979047775,0.01918536052107811
ETH,0.018918372690677643,0.018918372690677643,0.018918372690677643,0.018918372690677643,0.049536339938640594,0.018918372690677643,0.018918372690677643,0.018918372690677643,0.018918372690677643,0.022834308445453644,0.019390732049942017,0.018918372690677643,0.018918372690677643,0.018918372690677643,0.01782532036304474,0.018918372690677643,0.0,0.018918372690677643,0.018918372690677643,0.03201829828321934,0.018918372690677643,0.018918372690677643,0.018918372690677643,0.018918372690677643,0.018918372690677643,0.018918372690677643,0.018918372690677643,0.018918372690677643,0.018918372690677643,0.018918372690677643,0.026159748435020447,0.018918372690677643,0.018918372690677643,0.023056648671627045,0.018918372690677643,0.018918372690677643,0.018918372690677643,0.018918372690677643,0.018918372690677643,0.018918372690677643,0.018918372690677643,0.04323633760213852,0.018918372690677643,0.018918372690677643,0.018918372690677643,0.018918372690677643,0.014786764979362488,0.018918372690677643,0.018918372690677643,0.02765529230237007,0.018918372690677643,0.018918372690677643,0.018918372690677643,0.018918372690677643,0.018918372690677643,0.018918372690677643,0.022380001842975616,0.02497503161430359,0.018918372690677643,0.018918372690677643,0.018918372690677643,0.018918372690677643,0.018918372690677643,0.02193499356508255,0.018918372690677643,0.01918536052107811
GBR,0.01088368333876133,0.013785673305392265,0.01049855537712574,0.0029984666034579277,0.049536339938640594,0.006819726899266243,0.008687401190400124,0.0045809317380189896,0.009679516777396202,0.03664765506982803,0.020329251885414124,0.006140499375760555,0.021357564255595207,0.0026397118344902992,0.014029182493686676,0.016051094979047775,0.018918372690677643,0.0,0.0038742851465940475,0.036921143531799316,0.011680524796247482,0.014337301254272461,0.017261996865272522,0.010621738154441118,0.010884379968047142,0.016562385484576225,0.00751563161611557,0.011146105825901031,0.006576180458068848,0.01222609169781208,0.026159748435020447,0.003936635330319405,0.005634469911456108,0.023056648671627045,0.01456758938729763,0.004208225756883621,0.008328908123075962,0.012499092146754265,0.0030963486060500145,0.008183520287275314,0.00888265110552311,0.04323633760213852,0.006911693140864372,0.0032307617366313934,0.005098208785057068,0.02439006417989731,0.015238597989082336,0.02415379323065281,0.014521345496177673,0.02765529230237007,0.00588833075016737,0.007906388491392136,0.007957890629768372,0.013597514480352402,0.006556730717420578,0.012231705710291862,0.023408962413668633,0.02497503161430359,0.005409015342593193,0.0149159487336874,0.0029923636466264725,0.0039768097922205925,0.013744115829467773,0.02193499356508255,0.012987013906240463,0.01918536052107811
GRC,0.01088368333876133,0.013307938352227211,0.00765228271484375,0.0038742851465940475,0.049536339938640594,0.005933508276939392,0.008646246045827866,0.0045809317380189896,0.009679516777396202,0.03664765506982803,0.020329251885414124,0.006140499375760555,0.021357564255595207,0.0038742851465940475,0.014029182493686676,0.016051094979047775,0.018918372690677643,0.0038742851465940475,0.0,0.036921143531799316,0.009437352418899536,0.014337301254272461,0.017261996865272522,0.009897338226437569,0.010037695989012718,0.016562385484576225,0.00751563161611557,0.011146105825901031,0.006576180458068848,0.01222609169781208,0.026159748435020447,0.003936635330319405,0.005634469911456108,0.023056648671627045,0.010800722986459732,0.004208225756883621,0.008328908123075962,0.012499092146754265,0.0038742851465940475,0.008183520287275314,0.00888265110552311,0.04323633760213852,0.006911693140864372,0.00468115508556366,0.005098208785057068,0.024050027132034302,0.015238597989082336,0.02415379323065281,0.014521345496177673,0.02765529230237007,0.004181917756795883,0.007906388491392136,0.006336536258459091,0.013597514480352402,0.006556730717420578,0.012231705710291862,0.023408962413668633,0.02497503161430359,0.005409015342593193,0.0149159487336874,0.0038742851465940475,0.0038742851465940475,0.013744115829467773,0.02193499356508255,0.012987013906240463,0.01918536052107811
GTM,0.036921143531799316,0.036921143531799316,0.036921143531799316,0.036921143531799316,0.049536339938640594,0.036921143531799316,0.036921143531799316,0.036921143531799316,0.036921143531799316,0.036921143531799316,0.03201829828321934,0.036921143531799316,0.036921143531799316,0.036921143531799316,0.036921143531799316,0.036921143531799316,0.03201829828321934,0.036921143531799316,0.036921143531799316,0.0,0.036921143531799316,0.03201829828321934,0.028166085481643677,0.036921143531799316,0.036921143531799316,0.036921143531799316,0.036921143531799316,0.033540159463882446,0.036921143531799316,0.036921143531799316,0.03486888110637665,0.036921143531799316,0.036921143531799316,0.028733335435390472,0.036921143531799316,0.036921143531799316,0.036921143531799316,0.036921143531799316,0.036921143531799316,0.036921143531799316,0.036921143531799316,0.03967663645744324,0.036921143531799316,0.036921143531799316,0.036921143531799316,0.036921143531799316,0.036921143531799316,0.036921143531799316,0.036921143531799316,0.03201829828321934,0.036921143531799316,0.036921143531799316,0.036921143531799316,0.036921143531799316,0.036921143531799316,0.036921143531799316,0.036921143531799316,0.03578510880470276,0.036921143531799316,0.036921143531799316,0.036921143531799316,0.036921143531799316,0.02997695654630661,0.030921459197998047,0.036921143531799316,0.02997695654630661
HKG,0.011680524796247482,0.012460127472877502,0.00892975740134716,0.011680524796247482,0.049536339938640594,0.006548196077346802,0.008621061220765114,0.011680524796247482,0.010917354375123978,0.03664765506982803,0.020329251885414124,0.011623717844486237,0.013978257775306702,0.011680524796247482,0.011680524796247482,0.015352049842476845,0.018918372690677643,0.011680524796247482,0.009437352418899536,0.036921143531799316,0.0,0.014337301254272461,0.017261996865272522,0.010621738154441118,0.011680524796247482,0.012392669916152954,0.011680524796247482,0.011680524796247482,0.011680524796247482,0.00892975740134716,0.026159748435020447,0.011680524796247482,0.011680524796247482,0.023056648671627045,0.010844768956303596,0.010917354375123978,0.00892975740134716,0.009091204963624477,0.011680524796247482,0.00892975740134716,0.011052053421735764,0.04323633760213852,0.011680524796247482,0.011680524796247482,0.011680524796247482,0.020666716620326042,0.015238597989082336,0.018986277282238007,0.00953848659992218,0.02765529230237007,0.009741086512804031,0.011680524796247482,0.00892975740134716,0.011680524796247482,0.011390652507543564,0.00881960242986679,0.01865217834711075,0.02497503161430359,0.011680524796247482,0.010815300047397614,0.011680524796247482,0.011680524796247482,0.011680524796247482,0.02193499356508255,0.012368585914373398,0.01918536052107811
IDN,0.014337301254272461,0.014337301254272461,0.014337301254272461,0.014337301254272461,0.049536339938640594,0.014337301254272461,0.014337301254272461,0.014337301254272461,0.014337301254272461,0.03664765506982803,0.0160912424325943,0.014337301254272461,0.020057164132595062,0.014337301254272461,0.014337301254272461,0.015352049842476845,0.018918372690677643,0.014337301254272461,0.014337301254272461,0.03201829828321934,0.014337301254272461,0.0,0.014697980135679245,0.014337301254272461,0.014337301254272461,0.014337301254272461,0.014337301254272461,0.0114913210272789,0.014337301254272461,0.014337301254272461,0.026159748435020447,0.014337301254272461,0.014337301254272461,0.023056648671627045,0.014337301254272461,0.014337301254272461,0.014337301254272461,0.014337301254272461,0.014337301254272461,0.014337301254272461,0.014337301254272461,0.04323633760213852,0.014337301254272461,0.014337301254272461,0.014337301254272461,0.021193332970142365,0.015238597989082336,0.02415379323065281,0.014521345496177673,0.02765529230237007,0.014337301254272461,0.014337301254272461,0.014337301254272461,0.014337301254272461,0.014337301254272461,0.014337301254272461,0.023408962413668633,0.02497503161430359,0.014337301254272461,0.014337301254272461,0.014337301254272461,0.014337301254272461,0.013744115829467773,0.02193499356508255,0.014337301254272461,0.01918536052107811
IND,0.017261996865272522,0.017261996865272522,0.017261996865272522,0.017261996865272522,0.049536339938640594,0.017261996865272522,0.017261996865272522,0.017261996865272522,0.017261996865272522,0.03664765506982803,0.017261996865272522,0.017261996865272522,0.017261996865272522,0.017261996865272522,0.017261996865272522,0.017261996865272522,0.018918372690677643,0.017261996865272522,0.017261996865272522,0.028166085481643677,0.017261996865272522,0.014697980135679245,0.0,0.017261996865272522,0.015699245035648346,0.017261996865272522,0.017261996865272522,0.013668254017829895,0.017261996865272522,0.017261996865272522,0.02449829876422882,0.017261996865272522,0.017261996865272522,0.023056648671627045,0.015699245035648346,0.017261996865272522,0.017261996865272522,0.017261996865272522,0.017261996865272522,0.017261996865272522,0.017261996865272522,0.04323633760213852,0.017261996865272522,0.017261996865272522,0.017261996865272522,0.017261996865272522,0.017261996865272522,0.017261996865272522,0.017261996865272522,0.02449829876422882,0.017261996865272522,0.017261996865272522,0.017261996865272522,0.017261996865272522,0.017261996865272522,0.017261996865272522,0.017261996865272522,0.02497503161430359,0.017261996865272522,0.017261996865272522,0.017261996865272522,0.017261996865272522,0.017261996865272522,0.015634767711162567,0.017261996865272522,0.017261996865272522
IRN,0.01088368333876133,0.013307938352227211,0.008833780884742737,0.010621738154441118,0.049536339938640594,0.008754441514611244,0.010114360600709915,0.006972676143050194,0.009679516777396202,0.03664765506982803,0.020329251885414124,0.006972676143050194,0.021357564255595207,0.010621738154441118,0.014029182493686676,0.016051094979047775,0.018918372690677643,0.010621738154441118,0.009897338226437569,0.036921143531799316,0.010621738154441118,0.014337301254272461,0.017261996865272522,0.0,0.007751937955617905,0.016562385484576225,0.00751563161611557,0.011146105825901031,0.010621738154441118,0.01222609169781208,0.026159748435020447,0.00866622757166624,0.009824175387620926,0.023056648671627045,0.011997707188129425,0.008962799794971943,0.009376319125294685,0.012499092146754265,0.010621738154441118,0.008754441514611244,0.006348353810608387,0.04323633760213852,0.006734502501785755,0.010621738154441118,0.0106067955493927,0.023010026663541794,0.015238597989082336,0.02415379323065281,0.014521345496177673,0.02765529230237007,0.009706671349704266,0.007906388491392136,0.005296535789966583,0.013597514480352402,0.010042427107691765,0.012231705710291862,0.023408962413668633,0.02497503161430359,0.009205604903399944,0.0149159487336874,0.010257020592689514,0.00866622757166624,0.013744115829467773,0.02193499356508255,0.012987013906240463,0.01918536052107811
IRQ,0.01088368333876133,0.013785673305392265,0.01049855537712574,0.010997986886650324,0.049536339938640594,0.008894799277186394,0.010254718363285065,0.007751937955617905,0.008797042071819305,0.03664765506982803,0.020329251885414124,0.007751937955617905,0.021019741892814636,0.010997986886650324,0.010997986886650324,0.016051094979047775,0.018918372690677643,0.010884379968047142,0.010037695989012718,0.036921143531799316,0.011680524796247482,0.014337301254272461,0.015699245035648346,0.007751937955617905,0.0,0.016562385484576225,0.007751937955617905,0.011146105825901031,0.010997986886650324,0.01222609169781208,0.026159748435020447,0.009278367273509502,0.009964533150196075,0.023056648671627045,0.01456758938729763,0.009574939496815205,0.009516676887869835,0.012499092146754265,0.010997986886650324,0.008894799277186394,0.007751937955617905,0.04323633760213852,0.007751937955617905,0.010997986886650324,0.01074715331196785,0.02439006417989731,0.015238597989082336,0.022319067269563675,0.012670263648033142,0.02765529230237007,0.010318811051547527,0.007906388491392136,0.007957890629768372,0.01351543515920639,0.010182784870266914,0.012231705710291862,0.02178395539522171,0.02497503161430359,0.009817744605243206,0.0149159487336874,0.010397378355264664,0.009278367273509502,0.01185346394777298,0.02193499356508255,0.012670263648033142,0.018467769026756287
JOR,0.010297857224941254,0.009997332468628883,0.014497697353363037,0.016562385484576225,0.049536339938640594,0.01483365148305893,0.011655010282993317,0.016562385484576225,0.01455577090382576,0.03664765506982803,0.020329251885414124,0.016562385484576225,0.01197001338005066,0.016562385484576225,0.014029182493686676,0.009809732437133789,0.018918372690677643,0.016562385484576225,0.016562385484576225,0.036921143531799316,0.012392669916152954,0.014337301254272461,0.017261996865272522,0.016562385484576225,0.016562385484576225,0.0,0.01129474863409996,0.011146105825901031,0.016562385484576225,0.009997332468628883,0.026159748435020447,0.016562385484576225,0.016562385484576225,0.023056648671627045,0.012026190757751465,0.016562385484576225,0.016562385484576225,0.009997332468628883,0.016562385484576225,0.016562385484576225,0.012334749102592468,0.04323633760213852,0.016562385484576225,0.016562385484576225,0.016562385484576225,0.013730049133300781,0.015238597989082336,0.020078934729099274,0.015817515552043915,0.02765529230237007,0.016562385484576225,0.016562385484576225,0.015493486076593399,0.01369975134730339,0.01455577090382576,0.009090052917599678,0.023408962413668633,0.02497503161430359,0.016562385484576225,0.009571433067321777,0.016562385484576225,0.016562385484576225,0.016562385484576225,0.02193499356508255,0.016562385484576225,0.01918536052107811
JPN,0.0057392120361328125,0.013785673305392265,0.01049855537712574,0.00751563161611557,0.049536339938640594,0.006819726899266243,0.008687401190400124,0.00751563161611557,0.009679516777396202,0.03664765506982803,0.020329251885414124,0.00751563161611557,0.01876877248287201,0.00751563161611557,0.014029182493686676,0.015352049842476845,0.018918372690677643,0.00751563161611557,0.00751563161611557,0.036921143531799316,0.011680524796247482,0.014337301254272461,0.017261996865272522,0.00751563161611557,0.007751937955617905,0.01129474863409996,0.0,0.011146105825901031,0.00751563161611557,0.007150005549192429,0.026159748435020447,0.00751563161611557,0.00751563161611557,0.023056648671627045,0.01456758938729763,0.00751563161611557,0.006336536258459091,0.0076960064470767975,0.00751563161611557,0.008183520287275314,0.008013200014829636,0.04323633760213852,0.00751563161611557,0.00751563161611557,0.00751563161611557,0.02439006417989731,0.015238597989082336,0.02415379323065281,0.014521345496177673,0.02765529230237007,0.00751563161611557,0.007906388491392136,0.007957890629768372,0.013597514480352402,0.00488226767629385,0.006206456571817398,0.023408962413668633,0.02497503161430359,0.00751563161611557,0.009579245001077652,0.00751563161611557,0.007332324981689453,0.013744115829467773,0.02193499356508255,0.012987013906240463,0.01918536052107811
KAZ,0.011146105825901031,0.013785673305392265,0.011146105825901031,0.011146105825901031,0.049536339938640594,0.006819726899266243,0.011146105825901031,0.011146105825901031,0.01011975109577179,0.03664765506982803,0.016764648258686066,0.011146105825901031,0.0183524452149868,0.011146105825901031,0.014029182493686676,0.015352049842476845,0.018918372690677643,0.011146105825901031,0.011146105825901031,0.033540159463882446,0.011680524796247482,0.0114913210272789,0.013668254017829895,0.011146105825901031,0.011146105825901031,0.011146105825901031,0.011146105825901031,0.0,0.008589290082454681,0.011146105825901031,0.026159748435020447,0.011146105825901031,0.011146105825901031,0.023056648671627045,0.014406707137823105,0.011146105825901031,0.011146105825901031,0.011146105825901031,0.011146105825901031,0.007001087069511414,0.011146105825901031,0.04323633760213852,0.011146105825901031,0.011146105825901031,0.011146105825901031,0.023978538811206818,0.015238597989082336,0.02415379323065281,0.012934766709804535,0.02765529230237007,0.011146105825901031,0.006941895931959152,0.011146105825901031,0.013597514480352402,0.011146105825901031,0.011146105825901031,0.021596308797597885,0.02497503161430359,0.011146105825901031,0.011146105825901031,0.011146105825901031,0.011146105825901031,0.012197107076644897,0.016228612512350082,0.012368585914373398,0.017238104715943336
KEN,0.01088368333876133,0.013785673305392265,0.01049855537712574,0.006576180458068848,0.049536339938640594,0.006819726899266243,0.008687401190400124,0.006576180458068848,0.009679516777396202,0.03664765506982803,0.020329251885414124,0.006576180458068848,0.021357564255595207,0.006576180458068848,0.012753799557685852,0.016051094979047775,0.018918372690677643,0.006576180458068848,0.006576180458068848,0.036921143531799316,0.011680524796247482,0.014337301254272461,0.017261996865272522,0.010621738154441118,0.010997986886650324,0.016562385484576225,0.00751563161611557,0.008589290082454681,0.0,0.01222609169781208,0.026159748435020447,0.006576180458068848,0.006576180458068848,0.023056648671627045,0.01456758938729763,0.006576180458068848,0.006576180458068848,0.012499092146754265,0.006576180458068848,0.005885213613510132,0.007225555367767811,0.04323633760213852,0.006576180458068848,0.006576180458068848,0.006576180458068848,0.02439006417989731,0.015238597989082336,0.02415379323065281,0.011333122849464417,0.02765529230237007,0.006576180458068848,0.006502062082290649,0.007957890629768372,0.013597514480352402,0.006576180458068848,0.012231705710291862,0.019994664937257767,0.02497503161430359,0.006576180458068848,0.0149159487336874,0.006576180458068848,0.006576180458068848,0.011531811207532883,0.01796995848417282,0.010822512209415436,0.019130699336528778
