{
  "rand_matrix": [
    [
      1.0,
      -0.01846862293636408,
      -0.0018607384193516795,
      0.057389090196846536,
      -0.002057008521892448,
      0.008474991427031793,
      -0.01821921833676168,
      -0.015774261500024495,
      0.038112967226767255,
      0.0229041256790486,
      -0.01821921833676168,
      -0.010286554004408524,
      0.10339256865912763,
      0.008717798021353708,
      -0.015824025083284343,
      -0.0018607384193516795,
      -0.010286554004408524,
      -0.015525516700950141,
      0.02237782783272941,
      -0.015824025083284343,
      0.008426415833823241,
      -0.015824025083284343,
      -0.015674748959098702,
      -0.0023515579071134627,
      -0.017770597738287562,
      0.07861866274797942,
      0.02204261572373255,
      -0.0023024543183265567,
      -0.010435038212815991,
      -0.00994026050337871,
      -0.002204261572373255,
      0.008426415833823241,
      -0.01846862293636408,
      -0.015824025083284343,
      0.008474991427031793,
      -0.009693053311793215,
      0.03806584362139918,
      -0.01821921833676168,
      -0.01821921833676168,
      -0.018518518518518517,
      0.10277764169891736,
      0.03806584362139918,
      -0.010286554004408524,
      -0.010286554004408524,
      0.02194679860872973,
      -0.018368846436443792,
      -0.01038553862734532,
      -0.017770597738287562,
      -0.002204261572373255,
      0.02189888300999412,
      0.02194679860872973,
      0.008474991427031793,
      0.19204779159729704,
      0.02189888300999412,
      0.02194679860872973,
      -0.0023515579071134627,
      -0.009050880626223091,
      0.022186306200411402,
      -0.018368846436443792,
      -0.015525516700950141,
      -0.01038553862734532,
      -0.018518518518518517,
      -0.01038553862734532,
      0.024050447279659774,
      -0.009693053311793215,
      -0.009396564381148142
    ],
    [
      -0.01846862293636408,
      1.0,
      -0.015350547080875111,
      -0.018043784606288575,
      -0.01821367739969417,
      -0.018426123148043993,
      0.022191627259023853,
      0.057012848936996305,
      0.00851636688232754,
      0.00934315143736608,
      -0.010132616467950566,
      -0.002176989223903342,
      -0.015138822403063667,
      -0.01821367739969417,
      -0.015774261500024495,
      0.008888590647846044,
      -0.002176989223903342,
      0.022191627259023853,
      0.022354778274913355,
      -0.01038553862734532,
      -0.0023024543183265567,
      -0.01846862293636408,
      -0.018341134211385654,
      -0.015774261500024495,
      -0.015138822403063667,
      -0.015647110046805267,
      -0.002176989223903342,
      -0.018426123148043993,
      0.008474991427031793,
      -0.015350547080875111,
      -0.015647110046805267,
      0.07852838877186107,
      -0.002260629129821073,
      -0.01038553862734532,
      -0.018426123148043993,
      0.02255864049784586,
      -0.01038553862734532,
      -0.002051555536206962,
      0.008723192372784511,
      -0.01038553862734532,
      -0.018426123148043993,
      -0.0023024543183265567,
      -0.018341134211385654,
      -0.010259061717644498,
      -0.018426123148043993,
      -0.015647110046805267,
      -0.002260629129821073,
      -0.017831498324557205,
      -0.018341134211385654,
      -0.01038553862734532,
      -0.010343376138932533,
      -0.018426123148043993,
      -0.018043784606288575,
      0.02194679860872973,
      -0.01573187414500684,
      -0.0023024543183265567,
      -0.009206317563587927,
      0.022191627259023853,
      -0.015647110046805267,
      0.008723192372784511,
      -0.010343376138932533,
      -0.0023024543183265567,
      0.00851636688232754,
      -0.013870326303093523,
      -0.009753470560076591,
      -0.017576871621401147
    ],
    [
      -0.0018607384193516795,
      -0.015350547080875111,
      1.0,
      -0.01825985371800081,
      -0.01816381167969005,
      0.038514203427394124,
      0.05725572992621292,
      -0.018043784606288575,
      -0.018043784606288575,
      0.05692216409826517,
      0.07880417038504234,
      0.02230867589846832,
      0.022031970304735676,
      -0.01816381167969005,
      0.057389090196846536,
      0.038310138155221454,
      -0.010011698451995538,
      -0.015470256622336373,
      -0.010178426307540489,
      -0.01801978258740574,
      0.02237782783272941,
      -0.01801978258740574,
      -0.001931604864379574,
      0.07893448242091862,
      0.00856133628689457,
      0.07886933101178006,
      -0.001931604864379574,
      -0.018043784606288575,
      -0.01801978258740574,
      0.022147283334300806,
      0.008841853252441712,
      -0.0018607384193516795,
      -0.018043784606288575,
      0.02237782783272941,
      0.008888590647846044,
      0.00856133628689457,
      0.00891195769268436,
      -0.015470256622336373,
      -0.010083146507629018,
      -0.01801978258740574,
      -0.0018843594538078027,
      0.03853687200078347,
      0.008841853252441712,
      0.008841853252441712,
      0.022354778274913355,
      -0.010011698451995538,
      -0.0018843594538078027,
      0.00856133628689457,
      -0.010011698451995538,
      -0.00994026050337871,
      -0.009964072030048189,
      -0.018043784606288575,
      -0.01825985371800081,
      0.02237782783272941,
      -0.0018843594538078027,
      -0.015326608559396729,
      0.03790174763624485,
      -0.0020024813355679866,
      0.07886933101178006,
      0.038400844524737174,
      -0.015350547080875111,
      0.02237782783272941,
      -0.018043784606288575,
      -0.011012891946210029,
      -0.01837993174878764,
      -0.018524062773873615
    ],
    [
      0.057389090196846536,
      -0.018043784606288575,
      -0.01825985371800081,
      1.0,
      0.02223951418061511,
      0.022354778274913355,
      -0.0020024813355679866,
      0.05736686610528836,
      -0.018043784606288575,
      -0.0023570141584153027,
      -0.01816381167969005,
      -0.010011698451995538,
      0.10285577441178231,
      0.10304616590122544,
      -0.00994026050337871,
      -0.015566044581180705,
      -0.018091792039611504,
      0.02223951418061511,
      -0.002096998897080165,
      -0.01801978258740574,
      -0.01801978258740574,
      -0.00994026050337871,
      -0.010011698451995538,
      -0.00994026050337871,
      0.19176195892953363,
      0.038468863073700246,
      -0.001931604864379574,
      -0.009964072030048189,
      -0.0018607384193516795,
      -0.010178426307540489,
      -0.015398427510406182,
      0.03853687200078347,
      0.008888590647846044,
      -0.015326608559396729,
      -0.009964072030048189,
      -0.01837993174878764,
      0.00891195769268436,
      -0.0020024813355679866,
      -0.0020024813355679866,
      -0.00994026050337871,
      -0.015350547080875111,
      0.00891195769268436,
      0.07886933101178006,
      0.07886933101178006,
      0.10315190403731721,
      -0.015398427510406182,
      0.038514203427394124,
      -0.010297551338082979,
      0.02230867589846832,
      0.02237782783272941,
      0.022354778274913355,
      0.008888590647846044,
      -0.01825985371800081,
      -0.0018607384193516795,
      -0.018043784606288575,
      -0.0018607384193516795,
      -0.010607407945120955,
      -0.010083146507629018,
      -0.001931604864379574,
      0.10304616590122544,
      -0.015350547080875111,
      0.1597297032611889,
      0.008888590647846044,
      -0.011012891946210029,
      0.00856133628689457,
      0.05692216409826517
    ],
    [
      -0.002057008521892448,
      -0.01821367739969417,
      -0.01816381167969005,
      0.02223951418061511,
      1.0,
      0.03835374912251106,
      -0.010105132558443254,
      0.05720955796324614,
      -0.010132616467950566,
      -0.015409477481595142,
      -0.010105132558443254,
      0.12994857562647946,
      0.1596336864787215,
      0.02221823168342693,
      -0.01821921833676168,
      -0.0020024813355679866,
      0.008733980899518407,
      0.02221823168342693,
      -0.015470256622336373,
      -0.002057008521892448,
      0.008717798021353708,
      -0.01821921833676168,
      0.008733980899518407,
      0.022186306200411402,
      -0.010055665289998204,
      0.0787690800750959,
      0.022202269202514082,
      0.008723192372784511,
      -0.015525516700950141,
      0.008771738893846723,
      -0.010121622724675537,
      0.008717798021353708,
      -0.01821367739969417,
      -0.010138113429327064,
      -0.015519990422446303,
      0.008798707128748428,
      0.008717798021353708,
      -0.0020242914979757085,
      -0.0020242914979757085,
      -0.01821921833676168,
      -0.01821367739969417,
      -0.015525516700950141,
      -0.01820259570647294,
      -0.0020406497428781326,
      -0.01821367739969417,
      -0.010121622724675537,
      0.008723192372784511,
      -0.015442628838211528,
      0.022202269202514082,
      0.022186306200411402,
      -0.015519990422446303,
      0.008723192372784511,
      -0.01816381167969005,
      -0.002057008521892448,
      -0.015519990422446303,
      -0.015525516700950141,
      -0.015370803634582948,
      -0.018185973618910802,
      -0.0020406497428781326,
      0.15959252971137522,
      -0.015519990422446303,
      -0.01821921833676168,
      -0.010132616467950566,
      -0.01796993585663223,
      0.008798707128748428,
      -0.010022689802647687
    ],
    [
      0.008474991427031793,
      -0.018426123148043993,
      0.038514203427394124,
      0.022354778274913355,
      0.03835374912251106,
      1.0,
      -0.01821367739969417,
      -0.018426123148043993,
      -0.010343376138932533,
      -0.009500864703770978,
      0.05720955796324614,
      -0.018341134211385654,
      0.009095260890378171,
      -0.01821367739969417,
      0.12972125606231324,
      -0.009964072030048189,
      -0.002176989223903342,
      -0.01821367739969417,
      -0.0018843594538078027,
      0.02194679860872973,
      0.008474991427031793,
      -0.015774261500024495,
      0.07864373571350822,
      0.008474991427031793,
      -0.017831498324557205,
      -0.015647110046805267,
      -0.018341134211385654,
      0.021987611897513307,
      0.02194679860872973,
      -0.0018843594538078027,
      0.022069228257320127,
      -0.015774261500024495,
      -0.010343376138932533,
      -0.01846862293636408,
      -0.01573187414500684,
      0.009095260890378171,
      0.05697349728114437,
      0.03835374912251106,
      -0.01821367739969417,
      -0.01846862293636408,
      -0.018426123148043993,
      0.05697349728114437,
      0.022069228257320127,
      -0.015647110046805267,
      -0.018426123148043993,
      -0.015647110046805267,
      -0.010343376138932533,
      -0.001675442795595979,
      0.022069228257320127,
      0.008474991427031793,
      -0.01573187414500684,
      0.057012848936996305,
      0.008888590647846044,
      -0.01846862293636408,
      -0.010343376138932533,
      -0.01038553862734532,
      -0.0011326670230792232,
      -0.01821367739969417,
      -0.002176989223903342,
      -0.015519990422446303,
      0.00851636688232754,
      -0.0023024543183265567,
      -0.01573187414500684,
      -0.013870326303093523,
      -0.001675442795595979,
      -0.0014248577861408107
    ],
    [
      -0.01821921833676168,
      0.022191627259023853,
      0.05725572992621292,
      -0.0020024813355679866,
      -0.010105132558443254,
      -0.01821367739969417,
      1.0,
      0.05720955796324614,
      0.05720955796324614,
      0.022298036271037037,
      -0.010105132558443254,
      0.057219818790302836,
      -0.0019752199676782187,
      -0.015492359932088286,
      -0.01821921833676168,
      0.008771738893846723,
      -0.01820259570647294,
      0.10302664228810239,
      -0.010083146507629018,
      -0.01821921833676168,
      0.022186306200411402,
      -0.010138113429327064,
      -0.015508938045873806,
      0.12993437163287294,
      0.008798707128748428,
      -0.015508938045873806,
      0.008733980899518407,
      -0.01821367739969417,
      -0.010138113429327064,
      0.05725572992621292,
      -0.01820259570647294,
      -0.015525516700950141,
      -0.01821367739969417,
      0.057204427465961404,
      -0.002051555536206962,
      0.05728137906266834,
      -0.010138113429327064,
      -0.015492359932088286,
      -0.0020242914979757085,
      -0.01821921833676168,
      0.022191627259023853,
      -0.010138113429327064,
      0.008733980899518407,
      0.008733980899518407,
      0.10300223657645989,
      0.008733980899518407,
      -0.015519990422446303,
      -0.010055665289998204,
      0.008733980899518407,
      -0.015525516700950141,
      0.008723192372784511,
      -0.010132616467950566,
      -0.015470256622336373,
      -0.015525516700950141,
      -0.015519990422446303,
      -0.002057008521892448,
      -0.00998422112193264,
      -0.0020242914979757085,
      0.12994857562647946,
      0.008750163249314352,
      0.022191627259023853,
      0.022186306200411402,
      -0.015519990422446303,
      0.008960485726876561,
      0.008798707128748428,
      0.022298036271037037
    ],
    [
      -0.015774261500024495,
      0.057012848936996305,
      -0.018043784606288575,
      0.05736686610528836,
      0.05720955796324614,
      -0.018426123148043993,
      0.05720955796324614,
      1.0,
      -0.002260629129821073,
      -0.0014248577861408107,
      -0.010132616467950566,
      -0.002176989223903342,
      0.02255864049784586,
      0.05720955796324614,
      0.02194679860872973,
      -0.018043784606288575,
      0.0085991074344182,
      0.30502875987005,
      -0.009964072030048189,
      -0.01846862293636408,
      -0.01846862293636408,
      -0.01846862293636408,
      0.038233373244802436,
      -0.0023024543183265567,
      0.038714696026807084,
      -0.010259061717644498,
      -0.002176989223903342,
      0.00851636688232754,
      0.008474991427031793,
      -0.015350547080875111,
      -0.015647110046805267,
      0.038112967226767255,
      -0.010343376138932533,
      0.02194679860872973,
      -0.010343376138932533,
      -0.015138822403063667,
      0.07852838877186107,
      -0.01821367739969417,
      0.022191627259023853,
      -0.01846862293636408,
      -0.01573187414500684,
      -0.015774261500024495,
      0.12983019484053554,
      0.0085991074344182,
      0.1028150819886279,
      -0.002176989223903342,
      0.00851636688232754,
      -0.017831498324557205,
      -0.018341134211385654,
      -0.01038553862734532,
      0.021987611897513307,
      0.00851636688232754,
      -0.018043784606288575,
      -0.015774261500024495,
      -0.002260629129821073,
      -0.01038553862734532,
      -0.0011326670230792232,
      -0.002051555536206962,
      -0.010259061717644498,
      -0.002051555536206962,
      0.021987611897513307,
      0.22671826777053838,
      0.03815310591573623,
      -0.016559637513446555,
      0.038714696026807084,
      -0.014884869315524425
    ],
    [
      0.038112967226767255,
      0.00851636688232754,
      -0.018043784606288575,
      -0.018043784606288575,
      -0.010132616467950566,
      -0.010343376138932533,
      0.05720955796324614,
      -0.002260629129821073,
      1.0,
      -0.0014248577861408107,
      0.008723192372784511,
      -0.015647110046805267,
      0.009095260890378171,
      0.022191627259023853,
      0.02194679860872973,
      -0.0018843594538078027,
      0.0085991074344182,
      0.05720955796324614,
      0.19202874237596146,
      -0.01846862293636408,
      0.02194679860872973,
      -0.01846862293636408,
      0.10288995319473168,
      0.008474991427031793,
      -0.017831498324557205,
      -0.002176989223903342,
      -0.018341134211385654,
      0.03815310591573623,
      0.038112967226767255,
      0.008888590647846044,
      -0.010259061717644498,
      0.02194679860872973,
      -0.01573187414500684,
      0.05697349728114437,
      -0.010343376138932533,
      -0.015138822403063667,
      0.008474991427031793,
      -0.015519990422446303,
      0.022191627259023853,
      -0.01038553862734532,
      0.00851636688232754,
      0.07852838877186107,
      0.038233373244802436,
      -0.010259061717644498,
      0.1028150819886279,
      0.0085991074344182,
      0.00851636688232754,
      -0.009753470560076591,
      -0.010259061717644498,
      0.05697349728114437,
      0.00851636688232754,
      0.00851636688232754,
      0.022354778274913355,
      -0.01846862293636408,
      0.00851636688232754,
      0.008474991427031793,
      -0.014588751257260396,
      -0.010132616467950566,
      -0.010259061717644498,
      -0.01821367739969417,
      0.057012848936996305,
      0.02194679860872973,
      -0.002260629129821073,
      -0.016559637513446555,
      -0.017831498324557205,
      -0.017576871621401147
    ],
    [
      0.0229041256790486,
      0.00934315143736608,
      0.05692216409826517,
      -0.0023570141584153027,
      -0.015409477481595142,
      -0.009500864703770978,
      0.022298036271037037,
      -0.0014248577861408107,
      -0.0014248577861408107,
      1.0,
      0.008831067073668403,
      -0.0016318537859007832,
      0.02138749101365924,
      0.022298036271037037,
      0.0229041256790486,
      -0.0023570141584153027,
      -0.015094647519582246,
      0.05731215618419549,
      0.008421018251890238,
      0.0229041256790486,
      -0.009396564381148142,
      -0.014780012724514267,
      -0.0016318537859007832,
      0.03905447070914697,
      0.19122933141624732,
      -0.00970953002610966,
      0.022601174934725847,
      -0.017576871621401147,
      -0.014780012724514267,
      -0.010440538466144459,
      -0.0016318537859007832,
      -0.017471736896197326,
      -0.009500864703770978,
      0.16018205843488476,
      -0.009500864703770978,
      -0.002875629043853343,
      0.00944550482063329,
      0.022298036271037037,
      -0.01810287132106887,
      -0.017471736896197326,
      -0.014884869315524425,
      0.07943033328439289,
      -0.00970953002610966,
      0.009138381201044387,
      0.10356323214305137,
      -0.017787206266318537,
      0.03895517680201003,
      0.007907979870596693,
      0.038756527415143606,
      -0.0013213918660989576,
      -0.0014248577861408107,
      0.00934315143736608,
      -0.010440538466144459,
      -0.0013213918660989576,
      0.05779919294314709,
      -0.017471736896197326,
      0.1280506094401876,
      -0.010022689802647687,
      0.038756527415143606,
      0.0384583993078794,
      0.05779919294314709,
      -0.0013213918660989576,
      -0.0014248577861408107,
      -0.014111515389910512,
      0.03756290438533429,
      -0.003498675734885394
    ],
    [
      -0.01821921833676168,
      -0.010132616467950566,
      0.07880417038504234,
      -0.01816381167969005,
      -0.010105132558443254,
      0.05720955796324614,
      -0.010105132558443254,
      -0.010132616467950566,
      0.008723192372784511,
      0.008831067073668403,
      1.0,
      -0.010121622724675537,
      0.03842700664392171,
      0.008750163249314352,
      0.19188950925653836,
      -0.0020024813355679866,
      -0.0020406497428781326,
      0.008750163249314352,
      -0.0020024813355679866,
      -0.015525516700950141,
      -0.010138113429327064,
      -0.01821921833676168,
      0.2646314586564362,
      -0.015525516700950141,
      0.05728137906266834,
      -0.015508938045873806,
      0.03836421516610889,
      -0.002051555536206962,
      -0.002057008521892448,
      -0.01816381167969005,
      0.008733980899518407,
      -0.010138113429327064,
      -0.002051555536206962,
      -0.01821921833676168,
      -0.01821367739969417,
      -0.01813611061231819,
      0.057204427465961404,
      -0.015492359932088286,
      -0.0020242914979757085,
      -0.01821921833676168,
      0.03835374912251106,
      0.15956508962679988,
      0.022202269202514082,
      -0.015508938045873806,
      -0.01821367739969417,
      -0.015508938045873806,
      0.03835374912251106,
      -0.015442628838211528,
      -0.01820259570647294,
      0.03834851601528064,
      -0.01821367739969417,
      -0.002051555536206962,
      -0.010083146507629018,
      0.03834851601528064,
      0.008723192372784511,
      -0.010138113429327064,
      -0.0019043473529571794,
      -0.0020242914979757085,
      -0.01820259570647294,
      0.02221823168342693,
      0.12993910634893857,
      -0.010138113429327064,
      -0.01821367739969417,
      -0.015276893698281349,
      -0.0019752199676782187,
      -0.0019425082842265062
    ],
    [
      -0.010286554004408524,
      -0.002176989223903342,
      0.02230867589846832,
      -0.010011698451995538,
      0.12994857562647946,
      -0.018341134211385654,
      0.057219818790302836,
      -0.002176989223903342,
      -0.015647110046805267,
      -0.0016318537859007832,
      -0.010121622724675537,
      1.0,
      -0.009874326750448833,
      -0.0020406497428781326,
      0.057065882929218714,
      -0.018091792039611504,
      -0.018285714285714287,
      0.10301199902048812,
      -0.018091792039611504,
      0.03820720058780309,
      0.057065882929218714,
      -0.002204261572373255,
      -0.015591836734693878,
      -0.010286554004408524,
      -0.017953321364452424,
      0.05714285714285714,
      -0.01020408163265306,
      -0.015647110046805267,
      -0.010286554004408524,
      0.0573224147781375,
      -0.01020408163265306,
      0.008572128337007103,
      -0.002176989223903342,
      0.02204261572373255,
      0.0085991074344182,
      0.05745062836624776,
      -0.015674748959098702,
      -0.015508938045873806,
      -0.010121622724675537,
      -0.010286554004408524,
      -0.015647110046805267,
      -0.010286554004408524,
      -0.018285714285714287,
      0.008653061224489797,
      0.022069228257320127,
      -0.0021224489795918368,
      -0.015647110046805267,
      0.008976660682226212,
      0.0786938775510204,
      0.008572128337007103,
      -0.015647110046805267,
      0.0085991074344182,
      -0.015398427510406182,
      -0.002204261572373255,
      -0.018341134211385654,
      -0.015674748959098702,
      -0.017593473827328347,
      -0.010121622724675537,
      0.26457142857142857,
      0.0787690800750959,
      0.05709154239686513,
      -0.002204261572373255,
      -0.002176989223903342,
      -0.009050880626223091,
      -0.017953321364452424,
      -0.0016318537859007832
    ],
    [
      0.10339256865912763,
      -0.015138822403063667,
      0.022031970304735676,
      0.10285577441178231,
      0.1596336864787215,
      0.009095260890378171,
      -0.0019752199676782187,
      0.02255864049784586,
      0.009095260890378171,
      0.02138749101365924,
      0.03842700664392171,
      -0.009874326750448833,
      1.0,
      0.05728137906266834,
      0.022617124394184167,
      -0.01568580494521942,
      0.07899461400359066,
      -0.015442628838211528,
      -0.0022151709273783154,
      -0.015078082929456112,
      0.009154550350026925,
      0.022617124394184167,
      -0.017953321364452424,
      -0.009693053311793215,
      0.037908731584620915,
      0.19210053859964094,
      0.02244165170556553,
      -0.009753470560076591,
      -0.0016155088852988692,
      0.00856133628689457,
      -0.017953321364452424,
      0.009154550350026925,
      -0.009753470560076591,
      -0.017770597738287562,
      -0.001675442795595979,
      0.008264462809917356,
      0.03877221324717286,
      -0.01813611061231819,
      0.022266115999281737,
      -0.017770597738287562,
      0.02255864049784586,
      0.03877221324717286,
      0.008976660682226212,
      0.008976660682226212,
      -0.001675442795595979,
      -0.017953321364452424,
      -0.017831498324557205,
      -0.0159899389148401,
      -0.01526032315978456,
      -0.0016155088852988692,
      0.10333891814265199,
      0.038714696026807084,
      -0.010297551338082979,
      0.022617124394184167,
      -0.001675442795595979,
      0.022617124394184167,
      -0.01678154030566377,
      -0.015442628838211528,
      -0.009874326750448833,
      0.05728137906266834,
      0.02255864049784586,
      0.022617124394184167,
      -0.017831498324557205,
      -0.004319654427645789,
      -0.010600071864894,
      -0.01096333572969087
    ],
    [
      0.008717798021353708,
      -0.01821367739969417,
      -0.01816381167969005,
      0.10304616590122544,
      0.02221823168342693,
      -0.01821367739969417,
      -0.015492359932088286,
      0.05720955796324614,
      0.022191627259023853,
      0.022298036271037037,
      0.008750163249314352,
      -0.0020406497428781326,
      0.05728137906266834,
      1.0,
      0.022186306200411402,
      -0.01816381167969005,
      0.008733980899518407,
      0.15959252971137522,
      -0.010083146507629018,
      -0.01821921833676168,
      -0.015525516700950141,
      -0.015525516700950141,
      -0.0020406497428781326,
      -0.015525516700950141,
      0.008798707128748428,
      0.03836421516610889,
      -0.015508938045873806,
      0.07875905378122908,
      0.022186306200411402,
      0.008771738893846723,
      0.03836421516610889,
      0.03834851601528064,
      -0.01821367739969417,
      -0.002057008521892448,
      0.008723192372784511,
      0.1596336864787215,
      -0.010138113429327064,
      0.10302664228810239,
      -0.015492359932088286,
      0.008717798021353708,
      -0.015519990422446303,
      0.12993437163287294,
      0.19190270182025956,
      0.12994857562647946,
      0.10300223657645989,
      0.022202269202514082,
      0.07875905378122908,
      0.07882923325552164,
      0.03836421516610889,
      -0.015525516700950141,
      0.022191627259023853,
      0.03835374912251106,
      -0.0020024813355679866,
      -0.01821921833676168,
      0.05720955796324614,
      -0.01821921833676168,
      -0.015370803634582948,
      0.03837991380436202,
      0.03836421516610889,
      0.10302664228810239,
      0.22691183752986183,
      0.15956508962679988,
      -0.010132616467950566,
      -0.01796993585663223,
      0.07882923325552164,
      -0.015409477481595142
    ],
    [
      -0.015824025083284343,
      -0.015774261500024495,
      0.057389090196846536,
      -0.00994026050337871,
      -0.01821921833676168,
      0.12972125606231324,
      -0.01821921833676168,
      0.02194679860872973,
      0.02194679860872973,
      0.0229041256790486,
      0.19188950925653836,
      0.057065882929218714,
      0.022617124394184167,
      0.022186306200411402,
      1.0,
      0.00891195769268436,
      -0.010286554004408524,
      0.057204427465961404,
      -0.00994026050337871,
      0.03806584362139918,
      0.02189888300999412,
      -0.015824025083284343,
      0.1594415870683321,
      -0.010435038212815991,
      0.03877221324717286,
      -0.018368846436443792,
      0.02204261572373255,
      -0.01846862293636408,
      -0.010435038212815991,
      -0.00994026050337871,
      -0.018368846436443792,
      0.008426415833823241,
      -0.01038553862734532,
      0.05692729766803841,
      0.038112967226767255,
      -0.009693053311793215,
      0.03806584362139918,
      -0.015525516700950141,
      -0.002057008521892448,
      -0.010435038212815991,
      -0.015774261500024495,
      0.008426415833823241,
      0.12980651481753613,
      0.03820720058780309,
      0.05697349728114437,
      -0.002204261572373255,
      0.02194679860872973,
      0.03877221324717286,
      0.03820720058780309,
      -0.018518518518518517,
      -0.015774261500024495,
      0.038112967226767255,
      -0.0018607384193516795,
      -0.015824025083284343,
      -0.015774261500024495,
      -0.010435038212815991,
      -0.017123287671232876,
      -0.015525516700950141,
      0.008572128337007103,
      -0.01821921833676168,
      0.22671826777053838,
      -0.0023515579071134627,
      0.02194679860872973,
      -0.008212347851591143,
      -0.017770597738287562,
      -0.009396564381148142
    ],
    [
      -0.0018607384193516795,
      0.008888590647846044,
      0.038310138155221454,
      -0.015566044581180705,
      -0.0020024813355679866,
      -0.009964072030048189,
      0.008771738893846723,
      -0.018043784606288575,
      -0.0018843594538078027,
      -0.0023570141584153027,
      -0.0020024813355679866,
      -0.018091792039611504,
      -0.01568580494521942,
      -0.01816381167969005,
      0.00891195769268436,
      1.0,
      -0.001931604864379574,
      -0.015470256622336373,
      -0.01825985371800081,
      -0.01801978258740574,
      0.00891195769268436,
      -0.015326608559396729,
      -0.015398427510406182,
      -0.0018607384193516795,
      -0.01568580494521942,
      -0.018091792039611504,
      -0.001931604864379574,
      0.008888590647846044,
      -0.00994026050337871,
      0.038310138155221454,
      -0.010011698451995538,
      0.00891195769268436,
      -0.018043784606288575,
      -0.00994026050337871,
      -0.0018843594538078027,
      -0.01837993174878764,
      -0.0018607384193516795,
      -0.010083146507629018,
      0.05725572992621292,
      0.00891195769268436,
      -0.018043784606288575,
      -0.00994026050337871,
      -0.001931604864379574,
      -0.015398427510406182,
      -0.018043784606288575,
      0.008841853252441712,
      0.008888590647846044,
      -0.010297551338082979,
      -0.015398427510406182,
      -0.015326608559396729,
      -0.015350547080875111,
      0.008888590647846044,
      0.008678237650200267,
      -0.0018607384193516795,
      -0.009964072030048189,
      -0.0018607384193516795,
      0.03790174763624485,
      0.008771738893846723,
      -0.015398427510406182,
      -0.015470256622336373,
      0.008888590647846044,
      -0.01801978258740574,
      -0.015350547080875111,
      -0.002924788810640349,
      -0.01568580494521942,
      -0.01582955467129723
    ],
    [
      -0.010286554004408524,
      -0.002176989223903342,
      -0.010011698451995538,
      -0.018091792039611504,
      0.008733980899518407,
      -0.002176989223903342,
      -0.01820259570647294,
      0.0085991074344182,
      0.0085991074344182,
      -0.015094647519582246,
      -0.0020406497428781326,
      -0.018285714285714287,
      0.07899461400359066,
      0.008733980899518407,
      -0.010286554004408524,
      -0.001931604864379574,
      1.0,
      -0.01820259570647294,
      -0.018091792039611504,
      0.008572128337007103,
      -0.015674748959098702,
      0.008572128337007103,
      -0.015591836734693878,
      -0.018368846436443792,
      -0.009874326750448833,
      0.022122448979591838,
      -0.015591836734693878,
      0.022069228257320127,
      -0.015674748959098702,
      -0.018091792039611504,
      0.022122448979591838,
      0.03820720058780309,
      -0.015647110046805267,
      -0.015674748959098702,
      0.05709154239686513,
      -0.01526032315978456,
      -0.010286554004408524,
      -0.01820259570647294,
      -0.015508938045873806,
      -0.010286554004408524,
      -0.010259061717644498,
      -0.015674748959098702,
      0.15951020408163266,
      -0.0021224489795918368,
      0.0085991074344182,
      0.008653061224489797,
      -0.002176989223903342,
      -0.017953321364452424,
      -0.0021224489795918368,
      0.03820720058780309,
      -0.015647110046805267,
      -0.015647110046805267,
      0.008841853252441712,
      -0.010286554004408524,
      -0.015647110046805267,
      0.03820720058780309,
      0.07932019034670293,
      -0.010121622724675537,
      -0.018285714285714287,
      0.03836421516610889,
      0.038233373244802436,
      0.03820720058780309,
      -0.015647110046805267,
      -0.017123287671232876,
      -0.009874326750448833,
      -0.015094647519582246
    ],
    [
      -0.015525516700950141,
      0.022191627259023853,
      -0.015470256622336373,
      0.02223951418061511,
      0.02221823168342693,
      -0.01821367739969417,
      0.10302664228810239,
      0.30502875987005,
      0.05720955796324614,
      0.05731215618419549,
      0.008750163249314352,
      0.10301199902048812,
      -0.015442628838211528,
      0.15959252971137522,
      0.057204427465961404,
      -0.015470256622336373,
      -0.01820259570647294,
      1.0,
      0.038400844524737174,
      -0.002057008521892448,
      -0.01821921833676168,
      0.03834851601528064,
      -0.0020406497428781326,
      -0.01821921833676168,
      0.008798707128748428,
      -0.015508938045873806,
      -0.0020406497428781326,
      0.008723192372784511,
      -0.010138113429327064,
      -0.01816381167969005,
      -0.01820259570647294,
      0.07875404055245372,
      -0.01821367739969417,
      0.022186306200411402,
      -0.010132616467950566,
      0.05728137906266834,
      0.008717798021353708,
      -0.0020242914979757085,
      -0.0020242914979757085,
      0.008717798021353708,
      -0.002051555536206962,
      -0.01821921833676168,
      0.12994857562647946,
      0.0787690800750959,
      0.30502875987005,
      -0.010121622724675537,
      0.03835374912251106,
      0.03842700664392171,
      0.03836421516610889,
      -0.01821921833676168,
      -0.01821367739969417,
      0.03835374912251106,
      -0.015470256622336373,
      0.022186306200411402,
      0.022191627259023853,
      -0.01821921833676168,
      -0.00998422112193264,
      -0.018185973618910802,
      0.03836421516610889,
      -0.0020242914979757085,
      0.15956966309866513,
      0.057204427465961404,
      -0.015519990422446303,
      -0.009890809381579591,
      0.008798707128748428,
      -0.0019425082842265062
    ],
    [
      0.02237782783272941,
      0.022354778274913355,
      -0.010178426307540489,
      -0.002096998897080165,
      -0.015470256622336373,
      -0.0018843594538078027,
      -0.010083146507629018,
      -0.009964072030048189,
      0.19202874237596146,
      0.008421018251890238,
      -0.0020024813355679866,
      -0.018091792039611504,
      -0.0022151709273783154,
      -0.010083146507629018,
      -0.00994026050337871,
      -0.01825985371800081,
      -0.018091792039611504,
      0.038400844524737174,
      1.0,
      0.00891195769268436,
      -0.015326608559396729,
      0.02237782783272941,
      0.008841853252441712,
      -0.015326608559396729,
      -0.01568580494521942,
      -0.018091792039611504,
      -0.018091792039611504,
      0.022354778274913355,
      -0.015326608559396729,
      -0.002096998897080165,
      -0.010011698451995538,
      -0.00994026050337871,
      -0.015350547080875111,
      0.00891195769268436,
      -0.015350547080875111,
      0.00856133628689457,
      -0.0018607384193516795,
      -0.01816381167969005,
      -0.01816381167969005,
      -0.015326608559396729,
      -0.018043784606288575,
      -0.015326608559396729,
      -0.015398427510406182,
      -0.018091792039611504,
      -0.009964072030048189,
      -0.001931604864379574,
      0.022354778274913355,
      -0.01568580494521942,
      0.1596702668879397,
      -0.01801978258740574,
      -0.015350547080875111,
      -0.015350547080875111,
      -0.01825985371800081,
      -0.00994026050337871,
      -0.018043784606288575,
      0.02237782783272941,
      -0.0025225486815599876,
      -0.015470256622336373,
      0.02230867589846832,
      -0.0020024813355679866,
      0.008888590647846044,
      0.00891195769268436,
      -0.018043784606288575,
      -0.011012891946210029,
      0.022031970304735676,
      0.021893558764772163
    ],
    [
      -0.015824025083284343,
      -0.01038553862734532,
      -0.01801978258740574,
      -0.01801978258740574,
      -0.002057008521892448,
      0.02194679860872973,
      -0.01821921833676168,
      -0.01846862293636408,
      -0.01846862293636408,
      0.0229041256790486,
      -0.015525516700950141,
      0.03820720058780309,
      -0.015078082929456112,
      -0.01821921833676168,
      0.03806584362139918,
      -0.01801978258740574,
      0.008572128337007103,
      -0.002057008521892448,
      0.00891195769268436,
      1.0,
      0.008426415833823241,
      -0.0023515579071134627,
      -0.018368846436443792,
      -0.015824025083284343,
      -0.017770597738287562,
      0.008572128337007103,
      -0.010286554004408524,
      -0.0023024543183265567,
      -0.018518518518518517,
      0.00891195769268436,
      -0.015674748959098702,
      -0.018518518518518517,
      0.038112967226767255,
      -0.018518518518518517,
      -0.0023024543183265567,
      -0.017770597738287562,
      0.02189888300999412,
      0.008717798021353708,
      0.008717798021353708,
      -0.018518518518518517,
      -0.01846862293636408,
      -0.015824025083284343,
      -0.018368846436443792,
      -0.002204261572373255,
      -0.015774261500024495,
      0.008572128337007103,
      0.038112967226767255,
      0.057619816908992996,
      -0.018368846436443792,
      -0.010435038212815991,
      -0.01038553862734532,
      -0.01846862293636408,
      -0.01801978258740574,
      0.02189888300999412,
      -0.0023024543183265567,
      -0.0023515579071134627,
      -0.014432485322896281,
      0.008717798021353708,
      -0.002204261572373255,
      -0.01821921833676168,
      -0.01038553862734532,
      -0.015824025083284343,
      0.02194679860872973,
      -0.013589480373466295,
      -0.009693053311793215,
      0.0229041256790486
    ],
    [
      0.008426415833823241,
      -0.0023024543183265567,
      0.02237782783272941,
      -0.01801978258740574,
      0.008717798021353708,
      0.008474991427031793,
      0.022186306200411402,
      -0.01846862293636408,
      0.02194679860872973,
      -0.009396564381148142,
      -0.010138113429327064,
      0.057065882929218714,
      0.009154550350026925,
      -0.015525516700950141,
      0.02189888300999412,
      0.00891195769268436,
      -0.015674748959098702,
      -0.01821921833676168,
      -0.015326608559396729,
      0.008426415833823241,
      1.0,
      0.008426415833823241,
      -0.015674748959098702,
      -0.010435038212815991,
      -0.0016155088852988692,
      0.10286554004408523,
      -0.010286554004408524,
      -0.01846862293636408,
      0.07848324514991181,
      0.057389090196846536,
      0.008572128337007103,
      -0.018518518518518517,
      -0.015774261500024495,
      -0.015824025083284343,
      0.038112967226767255,
      0.022617124394184167,
      -0.018518518518518517,
      0.022186306200411402,
      0.03834851601528064,
      0.07848324514991181,
      -0.01038553862734532,
      0.008426415833823241,
      0.008572128337007103,
      -0.018368846436443792,
      -0.01846862293636408,
      -0.002204261572373255,
      0.05697349728114437,
      -0.017770597738287562,
      -0.015674748959098702,
      -0.018518518518518517,
      0.038112967226767255,
      0.008474991427031793,
      0.057389090196846536,
      -0.010435038212815991,
      -0.01846862293636408,
      0.05692729766803841,
      -0.017123287671232876,
      -0.01821921833676168,
      0.008572128337007103,
      0.008717798021353708,
      -0.01846862293636408,
      -0.018518518518518517,
      -0.015774261500024495,
      0.010607615974971892,
      0.03877221324717286,
      0.0578965399109284
    ],
    [
      -0.015824025083284343,
      -0.01846862293636408,
      -0.01801978258740574,
      -0.00994026050337871,
      -0.01821921833676168,
      -0.015774261500024495,
      -0.010138113429327064,
      -0.01846862293636408,
      -0.01846862293636408,
      -0.014780012724514267,
      -0.01821921833676168,
      -0.002204261572373255,
      0.022617124394184167,
      -0.015525516700950141,
      -0.015824025083284343,
      -0.015326608559396729,
      0.008572128337007103,
      0.03834851601528064,
      0.02237782783272941,
      -0.0023515579071134627,
      0.008426415833823241,
      1.0,
      -0.015674748959098702,
      -0.0023515579071134627,
      -0.017770597738287562,
      0.03820720058780309,
      -0.018368846436443792,
      -0.01846862293636408,
      -0.0023515579071134627,
      0.00891195769268436,
      -0.010286554004408524,
