construct,acceptance_of_state_surveillance|WVS_H,authoritarian_governance_tolerance|WVS_E,autocracy_support|WVS_E,child_qualities_autonomy_self_expression|WVS_A,child_qualities_conformity_tradition|WVS_A,child_qualities_prosocial_diligence|WVS_A,civic_dishonesty_tolerance|WVS_F,confidence_in_civil_society_organizations|WVS_E,confidence_in_domestic_institutions|WVS_E,confidence_in_international_organizations|WVS_E,crime_victimization|WVS_H,democratic_system_evaluation|WVS_E,democratic_values_importance|WVS_E,economic_ideology|WVS_E,electoral_integrity|WVS_E,existential_threat_worry|WVS_H,familial_duty_obligations|WVS_D,female_income_threat_to_marriage|WVS_D,freedom_security_tradeoff_perception|WVS_H,gender_role_traditionalism|WVS_D,immigrant_origin_status|WVS_G,importance_of_life_domains|WVS_A,institutional_threat_perception|WVS_H,international_organization_knowledge|WVS_E,job_scarcity_gender_discrimination|WVS_C,job_scarcity_nativist_preference|WVS_C,life_autonomy_morality_permissiveness|WVS_F,multilevel_place_attachment|WVS_G,neighborhood_disorder_and_crime|WVS_H,offline_political_participation|WVS_E,online_political_participation|WVS_E,outgroup_trust|WVS_G,perceived_negative_effects_of_immigration|WVS_G,perceived_positive_effects_of_immigration|WVS_G,political_information_sources|WVS_E,postmaterialist_values|WVS_E,precautionary_security_behaviors|WVS_H,religion_versus_secularism_orientation|WVS_F,religious_belief|WVS_F,religious_exclusivism|WVS_F,religious_practice_and_self_identification|WVS_F,science_skepticism|WVS_I,science_technology_optimism|WVS_E,sexual_and_reproductive_morality_permissiveness|WVS_F,social_intolerance_outgroups|WVS_A,societal_change_attitudes|WVS_E,socioeconomic_insecurity_worry|WVS_H,subjective_wellbeing|WVS_A,violence_tolerance|WVS_F,voluntary_association_active_membership|WVS_A,voluntary_association_belonging|WVS_A,voting_participation|WVS_E,work_ethic|WVS_C
acceptance_of_state_surveillance|WVS_H,0.0,58.885108467576806,54.44809930559365,47.60684073680741,85.13420764621863,94.4977008806796,54.14434956938273,48.61007302583864,67.93803314050398,108.9309262296036,55.311515257621146,50.63805175787259,75.64400555639604,62.242270536077285,55.013133382529766,68.27473606122355,59.427394842631635,50.88694005680402,45.75611988103409,36.231884057971016,62.201954266986775,56.10207765215149,58.8698480485257,64.19201355914822,30.395136778115504,56.55708731000354,60.42516680814553,60.24588304677222,66.93233230148614,64.76236875808712,53.174180058297736,63.58901545256227,54.7260370214245,48.000770580932404,68.26329947096264,64.45122591404501,43.728470111448836,64.64597135740736,66.10942249240122,51.80841300937889,94.72745581806177,71.8490810427601,69.30564261469138,61.09195689061694,9999.0,43.298362584567116,51.809000882439456,65.21382661970488,46.52416903618002,76.26669641114303,73.11991371703108,55.7577793778236,51.046698872785825
authoritarian_governance_tolerance|WVS_E,58.885108467576806,0.0,14.32304239562028,31.08753119169641,50.76571310939074,89.79771124157014,9.881422924901186,35.558557861232494,24.87793864476618,71.64198814770795,13.157894736842106,17.377034082991567,58.65723572769308,45.69427276473012,14.816867551750207,18.281535648994517,21.958946016820555,31.79038104107954,25.654293587361753,24.438234117387125,27.905994509307025,46.77172007491459,14.705882352941176,30.028783954364986,28.489971689461303,31.152647975077883,42.64721147144743,20.870118507913784,21.929824561403507,21.70227426234933,42.41894005673533,18.01801801801802,37.735849056603776,22.172949002217294,26.479402840602372,21.391131418307225,19.342359767891683,21.58587686166957,23.304947143615784,22.93577981651376,51.66736132232398,17.271157167530223,35.92281943017993,20.4448128194502,9999.0,17.259544684574003,8.748906386701663,19.880715705765407,12.360939431396787,44.00650905164995,38.95668411224785,14.583212104321266,30.509759758075553
autocracy_support|WVS_E,54.44809930559365,14.32304239562028,0.0,26.65052202971325,46.53396887945224,85.36070207958699,6.93000693000693,32.383787483449446,21.703168266983134,68.4672177699249,10.26694045174538,14.202263705208523,54.22022656570992,41.25726360274697,11.64209717396716,16.80672268907563,18.726591760299623,28.615610663296497,17.094017094017094,20.001224955403966,24.73122413152398,43.59694969713154,10.741138560687432,25.591774792381827,24.052962527478144,40.32642820743649,39.47244109366438,15.822784810126581,16.80672268907563,18.527503884566286,39.24416967895228,14.5985401459854,48.38386277078715,28.248587570621467,23.304632462819328,18.21636104052418,15.06024096385542,16.835016835016834,19.880715705765407,20.04008016032064,48.49259094454093,18.38235294117647,32.74804905239688,17.270042441667155,9999.0,14.084774306790958,5.574136008918617,15.923566878980893,7.923930269413629,39.569499889666794,34.519674950264694,11.408441726538221,26.072750596092394
child_qualities_autonomy_self_expression|WVS_A,47.60684073680741,31.08753119169641,26.65052202971325,0.0,57.33663037033823,81.31426806125602,30.671088093067862,35.426640206415044,41.47814057465553,87.77699229434502,25.38071065989848,33.97723601288092,61.50497953776643,49.0588377166537,27.215556106649366,43.34481748655859,31.629817566751235,37.703507237380435,32.572687061610495,18.214936247723134,41.048020331728196,42.91864483272791,31.072270772645304,36.39443628326782,17.21170395869191,38.540139499755654,47.24173398872193,37.47032043780314,39.13475502560574,37.84705065131301,39.99074723887414,35.79143817668188,41.542604202000916,34.48275862068965,40.465722195082236,37.99133334819658,30.545037292025242,38.18607879155893,39.90514907350513,37.3134328358209,68.26756325221334,45.03287497088972,52.52302136006928,37.04501474933955,9999.0,30.114929765143522,25.349108316591014,37.810561225948476,18.726591760299623,50.37216138055278,45.32233644115068,27.960202101943207,32.67973856209151
child_qualities_conformity_tradition|WVS_A,85.13420764621863,50.76571310939074,46.53396887945224,57.33663037033823,0.0,116.04681042021195,47.16981132075472,68.8264581972199,58.145838980753595,87.54529849322907,47.397384831479734,50.64493441897898,84.9063349063349,71.94337194337194,47.099002956388354,63.22826433629757,51.51326441649022,65.05828137706695,62.94268198321529,50.687333296028946,40.816326530612244,80.039620410902,50.955717622384284,56.27788313300681,54.73907086810313,64.29050493436812,75.91511180743484,54.13801884390119,59.01820187534473,54.97017459833674,62.18384789813361,54.675034570790345,79.06997111141212,65.34800652447711,59.74730317658978,54.65903175429464,60.96862847649931,54.85377719765698,56.5728474796032,66.57404903977287,84.93526165831139,62.05688688300972,66.00524340718655,53.71271315543761,9999.0,50.527445020561416,42.016806722689076,55.421632459954495,38.61003861003861,70.25560823029177,64.29050493436812,47.84364895168219,56.758858936717374
child_qualities_prosocial_diligence|WVS_A,94.4977008806796,89.79771124157014,85.36070207958699,81.31426806125602,116.04681042021195,0.0,87.85177689383133,82.31750035028723,100.18832062452927,129.3736000617904,85.48020147025947,84.34547908232119,108.64952041422632,95.94969786052589,85.9257361565231,101.98216338567215,90.33999761662497,84.59436738125262,79.46354720548268,65.35947712418302,82.64462809917356,89.8095049766001,89.78245082251904,95.10461633314155,64.1025641025641,85.68468037621554,94.13259413259414,93.95331037122082,97.84493507547947,96.55723070118674,86.88160738274634,94.5016182265556,88.4334643458731,81.708197905381,99.17590224495596,96.7015133980703,77.43589743589743,96.89625884143265,98.61532912337887,85.51584033382748,126.97774330208706,103.74305502076345,103.01306993913997,94.79938421506554,9999.0,77.00578990901572,84.05928836646474,96.5207412758222,77.43677181017335,107.73235848011522,104.03251649102441,86.67038215181694,80.17429193899783
civic_dishonesty_tolerance|WVS_F,54.14434956938273,9.881422924901186,6.93000693000693,30.671088093067862,47.16981132075472,87.85177689383133,0.0,32.13163125100768,20.79002079002079,68.21506153748314,9.652509652509652,11.961722488038278,58.24079262906453,45.277829666101574,6.978367062107466,20.242914979757085,15.1285930408472,28.363454430854727,15.772870662460567,24.021791018758577,24.47906789908221,43.34479346468978,10.111223458038422,24.03846153846154,23.749212791267233,41.03407089997907,39.220284861222616,15.698587127158554,16.666666666666668,15.1285930408472,38.99201344651052,14.814814814814813,47.61727198150496,30.395136778115504,21.459227467811157,15.552099533437016,15.552099533437016,18.158950251444757,19.87802053339097,26.97008709032757,48.240434712099166,23.364485981308412,32.49589281995511,17.017886209225384,9999.0,10.845986984815617,5.321979776476849,16.077170418006432,11.944496332768239,43.5900659530214,38.5402410136193,6.849315068493151,30.093316659447005
confidence_in_civil_society_organizations|WVS_E,48.61007302583864,35.558557861232494,32.383787483449446,35.426640206415044,68.8264581972199,82.31750035028723,32.13163125100768,0.0,42.93868373259535,89.70273323553712,41.78414090351733,35.43777917082073,63.46380502600367,50.062070005684916,32.877612639579375,48.028572576765825,40.01969110464972,38.70673952641165,33.57591935064172,24.096385542168672,44.642857142857146,43.921877121759124,42.2428547090461,51.10001255379042,18.214936247723134,44.42158879420119,48.244966277753164,38.93086359574295,48.41682785461101,39.763019350178496,40.99397952790537,39.4678793226321,42.545836491032134,35.820570050540034,44.54014792843154,39.451876506136394,31.548269581056466,39.64662194949874,41.36569223144495,39.62821247898652,69.72810641015315,46.84973163485147,53.98356451800909,38.50555790727937,9999.0,31.118162054174746,26.80965147453083,40.21447721179625,33.432168030822226,64.08649588075066,60.02791271167329,32.64395719215044,38.911200356983485
confidence_in_domestic_institutions|WVS_E,67.93803314050398,24.87793864476618,21.703168266983134,41.47814057465553,58.145838980753595,100.18832062452927,20.79002079002079,42.93868373259535,0.0,79.0221140190708,26.954177897574123,24.75715995435442,69.04784511065219,56.08488214768924,22.19699342311306,35.3356890459364,29.339071888183405,39.17050691244239,36.56289145248136,34.828843500346245,35.28612038066988,54.15184594627745,27.77777777777778,40.41939333732411,37.542896362388475,55.15404675237877,50.027337342810284,28.250244379276637,37.45668745668746,29.082400133712184,49.79906592809819,28.787260106165782,61.87379660569748,47.025994617288134,33.859528711965226,28.77125728967008,29.069767441860463,28.966002733032425,30.685073014978634,41.25466039876803,59.047487193686834,36.169112418385154,43.30294530154278,27.824938690813052,9999.0,24.639670555936856,16.129032258064516,29.53385799532993,22.751548814355907,54.39711843460907,49.34729349520697,21.96333797568412,40.90036914103467
confidence_in_international_organizations|WVS_E,108.9309262296036,71.64198814770795,68.4672177699249,87.77699229434502,87.54529849322907,129.3736000617904,68.21506153748314,89.70273323553712,79.0221140190708,0.0,75.18796992481204,71.5212094572962,115.34669683034168,102.38373386737874,68.96104292605483,60.975609756097555,67.64947405466702,71.60459385316409,75.38226709155666,81.12769522003573,46.728971962616825,100.78302601667087,78.17551284311998,86.71824505701359,78.5357894514881,70.2031503663727,86.88961453289795,75.01429388221841,84.50025814108645,75.84644963665396,68.09649333013819,75.55130960910755,81.30081300813008,63.291139240506325,80.623578214907,75.53530679261185,81.81379341849927,75.7300522359742,77.4491225179204,88.0187099017098,105.8115366966286,59.523809523809526,71.91788883919114,69.25149448513935,9999.0,65.63256364503648,62.893081761006286,76.2979074982717,69.0504005340454,81.94023956825063,70.2031503663727,68.72738747862589,87.19922086072415
crime_victimization|WVS_H,55.311515257621146,13.157894736842106,10.26694045174538,25.38071065989848,47.397384831479734,85.48020147025947,9.652509652509652,41.78414090351733,26.954177897574123,75.18796992481204,0.0,16.528925619834713,53.763440860215056,42.12067955477446,9.47867298578199,25.588697017268444,21.69057202789274,38.01596408336438,25.42538031497022,20.120724346076457,31.108774792869696,50.62331935354163,19.763733110548074,26.45519074440932,24.91637847950564,33.67003367003367,48.872794513732266,24.86683823089353,25.976952295113627,18.083182640144663,47.695421759687875,19.455252918287936,49.24727872281464,26.595744680851062,26.17801047120419,25.204609185946666,23.34829850589295,22.026431718061673,28.62028789416319,23.419203747072597,57.892944364608816,24.691358024691358,42.14840247246477,25.510204081632654,9999.0,20.498496637325267,14.974489428986502,20.491803278688522,8.787346221441124,40.43291584169429,35.38309090229219,10.204081632653061,26.936166548119893
democratic_system_evaluation|WVS_E,50.63805175787259,17.377034082991567,14.202263705208523,33.97723601288092,50.64493441897898,84.34547908232119,11.961722488038278,35.43777917082073,24.75715995435442,71.5212094572962,16.528925619834713,0.0,61.546940548877586,48.58397758591463,14.696088861338449,17.636684303350968,21.838167326408794,31.669602350667784,20.366598778004075,27.153765014311336,27.785215818895267,45.94985585379308,14.836795252225519,32.91848877554949,20.242914979757085,47.478968266343855,42.526432781035666,20.74688796680498,23.474178403755868,21.581495571937573,42.29816136632357,19.120458891013385,44.57381522306609,30.395136778115504,26.358624150190614,21.270352727895467,13.550135501355014,21.465098171257814,23.184168453204023,33.75375583699342,51.546582631912216,21.367521367521366,35.80204073976817,20.32403412903844,9999.0,17.138765994162245,8.628127696289905,20.5761316872428,15.250644252581296,33.003300330033,39.682539682539684,14.462433413909508,33.39946457926006
democratic_values_importance|WVS_E,75.64400555639604,58.65723572769308,54.22022656570992,61.50497953776643,84.9063349063349,108.64952041422632,58.24079262906453,63.46380502600367,69.04784511065219,115.34669683034168,53.763440860215056,61.546940548877586,0.0,76.51263465216954,54.78526064264604,70.91452202255526,59.199522102747906,65.74067205696906,60.60985188119912,43.29004329004329,68.61772486772486,70.95580965231653,58.64197530864197,63.964140819264486,45.24886877828054,63.61524654207581,75.27889880831057,65.0400249737998,66.70445956160242,65.41675518730968,68.02791205846277,63.36114271267854,69.57976902158954,62.854502581097435,68.0354267310789,65.56103788419324,58.582202111613874,65.75578332755559,67.47485360950179,63.90859999107422,95.83726778821,72.60257950688639,80.09272589606594,64.61471928533622,9999.0,58.152094584732154,52.91881285258768,65.38026576194514,46.29629629629629,77.94186591654946,72.89204097714736,55.529906637939874,58.10485810485811
economic_ideology|WVS_E,62.242270536077285,45.69427276473012,41.25726360274697,49.0588377166537,71.94337194337194,95.94969786052589,45.277829666101574,50.062070005684916,56.08488214768924,102.38373386737874,42.12067955477446,48.58397758591463,76.51263465216954,0.0,41.82229767968308,57.9515590595923,46.23655913978495,52.33893703665031,47.20811686088037,33.222591362126245,55.65476190476191,57.55407463199778,45.67901234567901,51.00117785630154,31.847133757961785,53.54779461415876,61.87716378799181,52.07706201083685,53.74149659863946,52.45379222434672,54.62617703814402,50.39817974971559,56.17803400127079,49.45276756077868,55.072463768115945,52.59807492123029,45.18046709129512,52.792820364592636,54.511890646538845,53.26040998922517,82.87430482524704,59.63961654392344,67.129762933103,51.65175632237326,9999.0,44.7503595644134,39.95584988962473,52.41730279898219,33.333333333333336,64.9789029535865,59.9290780141844,42.56694367497692,48.03740617694106
electoral_integrity|WVS_E,55.013133382529766,14.816867551750207,11.64209717396716,27.215556106649366,47.099002956388354,85.9257361565231,6.978367062107466,32.877612639579375,22.19699342311306,68.96104292605483,9.47867298578199,14.696088861338449,54.78526064264604,41.82229767968308,0.0,16.366612111292962,19.278000795167433,29.109435819426423,16.420361247947454,20.566259032340085,25.225049287653906,44.09077485326147,10.395010395010395,26.156808869317942,24.61799660441426,40.89146228437261,39.96626624979431,15.797788309636653,18.01801801801802,19.021329040696212,39.73799483508221,14.814814814814813,48.94889684772326,26.80965147453083,23.798457618949254,18.710186196654107,13.869625520110958,17.825311942959004,19.9203187250996,22.72727272727273,48.98641610067086,19.53125,33.2418742085268,17.271157167530223,9999.0,14.578599462920884,6.067961165048543,16.638935108153078,8.488964346349745,40.13453396660291,35.08470902720081,11.902266882668147,26.637784673028513
existential_threat_worry|WVS_H,68.27473606122355,18.281535648994517,16.80672268907563,43.34481748655859,63.22826433629757,101.98216338567215,20.242914979757085,48.028572576765825,35.3356890459364,60.975609756097555,25.588697017268444,17.636684303350968,70.91452202255526,57.9515590595923,16.366612111292962,0.0,34.42896073235387,44.260395756612866,31.85907996451654,36.69552041224931,33.557046979865774,59.24173479044792,25.888817065287654,42.286070249227166,37.87959928310805,45.662100456621005,55.11722618698076,30.047371982855854,31.15748604707595,27.62430939226519,54.88895477226866,29.752431476569406,51.282051282051285,32.67973856209151,38.9494175561357,33.86114613384055,28.825475599669147,32.92847503373819,33.80082164612551,36.84680284939627,64.13737603785731,27.247956403269754,25.641025641025642,32.91482753498352,9999.0,29.729559400107327,21.218921102234987,31.232475923442642,24.618225726258967,50.63998463338397,43.29004329004329,15.384615384615383,42.76704605293773
familial_duty_obligations|WVS_D,59.427394842631635,21.958946016820555,18.726591760299623,31.629817566751235,51.51326441649022,90.33999761662497,15.1285930408472,40.01969110464972,29.339071888183405,67.64947405466702,21.69057202789274,21.838167326408794,59.199522102747906,46.23655913978495,19.278000795167433,34.42896073235387,0.0,36.25151428449677,30.90146370330777,24.980520492441954,20.920502092050206,51.23285331833182,25.239816498885624,30.57107032941981,29.032258064516128,44.39468049580607,47.10834471486466,25.33125175133101,31.795259707513868,26.163407505766557,42.288023459571576,25.868267478220154,53.36315830782513,39.641193720890115,30.940536084019598,25.852264661724455,30.680692574284215,26.047010105086798,27.76608038703301,38.335667770822404,56.12849456574121,33.250119790439534,40.38395267359715,24.90594606286743,9999.0,21.720677927991233,13.21003963011889,26.614865367384304,12.903225806451614,44.54879542670478,37.59398496240602,19.044345347738492,31.052046133130382
female_income_threat_to_marriage|WVS_D,50.88694005680402,31.79038104107954,28.615610663296497,37.703507237380435,65.05828137706695,84.59436738125262,28.363454430854727,38.70673952641165,39.17050691244239,71.60459385316409,38.01596408336438,31.669602350667784,65.74067205696906,52.33893703665031,29.109435819426423,44.260395756612866,36.25151428449677,0.0,29.58579881656805,27.402653313242773,24.875621890547265,46.198744152724515,37.492882183848906,47.33183573363747,20.491803278688522,40.32258064516129,50.52183330871855,35.162686775590004,44.64865103445805,35.99484253002555,31.545741324921135,35.69970250247914,37.45318352059925,38.09743708150542,40.77197110827859,35.68369968598344,33.82513661202186,35.878445129345785,37.597515411292,41.905079509951904,65.9599295900002,43.08155481469852,50.064538767121576,33.11258278145695,9999.0,21.645021645021647,23.04147465437788,36.44630039164329,29.66399121066927,60.086889496181065,44.84304932735426,28.875780371997482,42.21746812805759
freedom_security_tradeoff_perception|WVS_H,45.75611988103409,25.654293587361753,17.094017094017094,32.572687061610495,62.94268198321529,79.46354720548268,15.772870662460567,33.57591935064172,36.56289145248136,75.38226709155666,25.42538031497022,20.366598778004075,60.60985188119912,47.20811686088037,16.420361247947454,31.85907996451654,30.90146370330777,29.58579881656805,0.0,22.172949002217294,28.653295128939828,41.067923976954575,25.88409412049899,39.81133220092211,15.360983102918585,42.49815225424982,44.84304932735426,27.62430939226519,32.24733524236172,30.90146370330777,37.45318352059925,30.58768547727538,39.691883346227584,32.966616905735485,37.23209813027172,29.850746268656714,28.694316436251917,33.92903392903393,32.67973856209151,36.77425933418197,64.01330537455974,34.080098382718056,48.26876348241568,24.93765586034913,9999.0,15.89825119236884,21.094850438937417,31.850041080467,24.9093255942972,53.369899108037075,51.50507027514826,16.474464579901156,36.9877638170321
gender_role_traditionalism|WVS_D,36.231884057971016,24.438234117387125,20.001224955403966,18.214936247723134,50.687333296028946,65.35947712418302,24.021791018758577,24.096385542168672,34.828843500346245,81.12769522003573,20.120724346076457,27.153765014311336,43.29004329004329,33.222591362126245,20.566259032340085,36.69552041224931,24.980520492441954,27.402653313242773,22.172949002217294,0.0,34.39872325741891,32.617790908590244,24.422973698336016,29.745139208958538,6.91085003455425,20.32520325203252,36.94088006458428,30.82102336349385,32.48545795129646,31.197753577003724,29.689893314736484,29.14214110237259,29.15451895043732,20.28397565922921,33.81642512077295,31.34203627388729,16.556291390728475,31.53678171724964,33.25585199919585,20.618556701030926,61.61826617790405,38.383577896580434,44.646179031177915,30.395717675030266,9999.0,19.814075841005863,18.69981124228173,31.16126415163919,12.077294685990339,42.37288135593221,38.6730393668414,21.310905027633922,14.814814814814813
immigrant_origin_status|WVS_G,62.201954266986775,27.905994509307025,24.73122413152398,41.048020331728196,40.816326530612244,82.64462809917356,24.47906789908221,44.642857142857146,35.28612038066988,46.728971962616825,31.108774792869696,27.785215818895267,68.61772486772486,55.65476190476191,25.225049287653906,33.557046979865774,20.920502092050206,24.875621890547265,28.653295128939828,34.39872325741891,0.0,54.054054054054056,31.446540880503143,39.98927309439677,31.806817488871275,23.474178403755868,40.16064257028113,31.278300243817483,40.764264502685535,32.11045599825303,21.367521367521366,31.815315970706628,56.13771773218028,49.05939648586707,36.88758457650607,31.799313154210925,35.08482145588244,31.99405859757327,33.71312887951948,41.49377593360996,62.07554305822768,27.397260273972606,25.188916876574307,22.52252252252252,9999.0,18.90359168241966,19.157088122605362,32.56191385987078,22.321428571428573,35.2112676056338,23.474178403755868,24.991393840224966,40.47024889810734
importance_of_life_domains|WVS_A,56.10207765215149,46.77172007491459,43.59694969713154,42.91864483272791,80.039620410902,89.8095049766001,43.34479346468978,43.921877121759124,54.15184594627745,100.78302601667087,50.62331935354163,45.94985585379308,70.95580965231653,57.55407463199778,44.09077485326147,59.24173479044792,51.23285331833182,46.198744152724515,41.067923976954575,32.617790908590244,54.054054054054056,0.0,52.884897575864294,59.5038176550687,25.706940874035993,52.94299416062276,55.73697090406602,50.144025809425045,59.629990068293104,50.97618156386059,48.48598415421823,50.6810415363142,50.037841117344996,43.31257467685289,55.753310142113634,50.66503871981849,39.04027420736933,50.859784163180834,52.57885444512705,47.120217105299375,80.94126862383524,58.06289384853357,64.61744671061186,49.718720120961464,9999.0,37.03703703703704,38.02281368821293,51.42763942547835,41.835973132100506,71.57850050706352,68.43171781295158,43.857119405832535,47.43260572340506
institutional_threat_perception|WVS_H,58.8698480485257,14.705882352941176,10.741138560687432,31.072270772645304,50.955717622384284,89.78245082251904,10.111223458038422,42.2428547090461,27.77777777777778,78.17551284311998,19.763733110548074,14.836795252225519,58.64197530864197,45.67901234567901,10.395010395010395,25.888817065287654,25.239816498885624,37.492882183848906,25.88409412049899,24.422973698336016,31.446540880503143,52.884897575864294,0.0,30.01352353531388,28.474711270410197,44.74817695036854,49.33150831926103,21.551724137931036,26.277072343132836,21.27659574468085,49.103236904548936,21.551724137931036,52.44173140954495,35.56685832227628,31.570450925849578,23.255813953488374,23.945061895726035,24.154589371980677,27.62430939226519,30.781218721008074,58.35165817013758,28.10983548348917,42.60711627799353,23.31002331002331,9999.0,15.847860538827257,15.433203234515272,20.964360587002098,12.345679012345679,43.99124863259884,38.94142369319674,10.504201680672269,30.494499339024443
international_organization_knowledge|WVS_E,64.19201355914822,30.028783954364986,25.591774792381827,36.39443628326782,56.27788313300681,95.10461633314155,24.03846153846154,51.10001255379042,40.41939333732411,86.71824505701359,26.45519074440932,32.91848877554949,63.964140819264486,51.00117785630154,26.156808869317942,42.286070249227166,30.57107032941981,47.33183573363747,39.81133220092211,29.745139208958538,39.98927309439677,59.5038176550687,30.01352353531388,0.0,33.796876781032715,50.07034246099106,58.188666164005355,36.41157320047171,38.076007788274325,36.78830341398158,56.575920061214944,34.73269093935045,58.12777702434171,44.405812437406695,39.406974957750805,36.93258611086515,39.590561071898556,37.127331554227496,38.84640183617371,45.63185495270247,67.2088160148819,43.9741277335583,51.46427412273785,35.986267512008126,9999.0,32.80099937713193,24.29036107925959,36.75181398861705,17.6678445229682,46.948356807511736,36.63003663003663,26.901454864611782,35.81666484964697
job_scarcity_gender_discrimination|WVS_C,30.395136778115504,28.489971689461303,24.052962527478144,17.21170395869191,54.73907086810313,64.1025641025641,23.749212791267233,18.214936247723134,37.542896362388475,78.5357894514881,24.91637847950564,20.242914979757085,45.24886877828054,31.847133757961785,24.61799660441426,37.87959928310805,29.032258064516128,20.491803278688522,15.360983102918585,6.91085003455425,31.806817488871275,25.706940874035993,28.474711270410197,33.796876781032715,0.0,27.23605328658677,30.030030030030026,29.850746268656714,36.53719552337064,34.36723197997162,22.779043280182233,33.193878674446765,24.330900243309003,17.6056338028169,37.86816269284712,34.05608913592952,13.333333333333334,34.25083457929186,35.714285714285715,21.413276231263385,64.33231903994627,41.4539442646446,38.91050583657587,30.696820112501435,9999.0,12.903225806451614,21.413864104323956,34.818689841589375,16.129032258064516,45.87155963302752,42.72477693891558,25.3626425997081,21.725664849369064
job_scarcity_nativist_preference|WVS_C,56.55708731000354,31.152647975077883,40.32642820743649,38.540139499755654,64.29050493436812,85.68468037621554,41.03407089997907,44.42158879420119,55.15404675237877,70.2031503663727,33.67003367003367,47.478968266343855,63.61524654207581,53.54779461415876,40.89146228437261,45.662100456621005,44.39468049580607,40.32258064516129,42.49815225424982,20.32520325203252,23.474178403755868,52.94299416062276,44.74817695036854,50.07034246099106,27.23605328658677,0.0,57.2660833166168,51.14622661552637,52.81066120332898,39.52569169960474,36.90036900369004,49.1706659930959,35.08771929824561,26.38522427440633,54.14162837280547,51.66723952591981,36.881494642761,51.86198496928216,53.58105525122837,32.67973856209151,81.94346942993657,28.409090909090907,45.45454545454546,45.99670092627839,9999.0,40.13927909303838,39.02501449431425,51.033363680843294,32.40249793802286,58.685446009389665,46.948356807511736,41.636108279666445,35.14001806684733
life_autonomy_morality_permissiveness|WVS_F,60.42516680814553,42.64721147144743,39.47244109366438,47.24173398872193,75.91511180743484,94.13259413259414,39.220284861222616,48.244966277753164,50.027337342810284,86.88961453289795,48.872794513732266,42.526432781035666,75.27889880831057,61.87716378799181,39.96626624979431,55.11722618698076,47.10834471486466,50.52183330871855,44.84304932735426,36.94088006458428,40.16064257028113,55.73697090406602,49.33150831926103,58.188666164005355,30.030030030030026,57.2660833166168,0.0,46.01951720595788,55.50548146482594,46.85167296039343,52.809073310212256,46.556532932847034,54.36093027333903,47.63566383284693,51.62880153864647,46.54053011635133,43.36336336336336,46.73527555971367,48.45434584165989,51.443306261293415,76.81676002036808,53.93838524506641,61.07221812822402,45.5942115174943,9999.0,35.2112676056338,33.898305084745765,47.303130822011184,40.52082164103716,72.16639126129033,63.634820974037,39.73261080236537,51.75569487939909
multilevel_place_attachment|WVS_G,60.24588304677222,20.870118507913784,15.822784810126581,37.47032043780314,54.13801884390119,93.95331037122082,15.698587127158554,38.93086359574295,28.250244379276637,75.01429388221841,24.86683823089353,20.74688796680498,65.0400249737998,52.07706201083685,15.797788309636653,30.047371982855854,25.33125175133101,35.162686775590004,27.62430939226519,30.82102336349385,31.278300243817483,50.144025809425045,21.551724137931036,36.41157320047171,29.850746268656714,51.14622661552637,46.01951720595788,0.0,30.43562726070104,25.07457999685979,45.791245791245785,24.779439969313387,54.18164651196572,39.725413239844485,29.85170857511283,24.763437152817684,23.419203747072597,24.95818259618003,26.67725287812624,35.86286497044722,55.03966705683443,32.161292281532766,39.29512516469038,23.817118553960658,9999.0,20.5761316872428,12.121212121212121,25.526037858477537,18.743728677503512,50.389298297756675,45.339473358354574,14.66275659824047,36.89254900418228
neighborhood_disorder_and_crime|WVS_H,66.93233230148614,21.929824561403507,16.80672268907563,39.13475502560574,59.01820187534473,97.84493507547947,16.666666666666668,48.41682785461101,37.45668745668746,84.50025814108645,25.976952295113627,23.474178403755868,66.70445956160242,53.74149659863946,18.01801801801802,31.15748604707595,31.795259707513868,44.64865103445805,32.24733524236172,32.48545795129646,40.764264502685535,59.629990068293104,26.277072343132836,38.076007788274325,36.53719552337064,52.81066120332898,55.50548146482594,30.43562726070104,0.0,27.3224043715847,55.277210050113844,30.14068675441459,59.66567361800728,40.83552730406458,38.125894134477825,32.21876620010369,29.21373087751433,33.31673031158337,34.189076923970696,36.84680284939627,64.52563131570248,33.378504465277466,48.781089423558434,33.303082812828706,9999.0,27.512653651482285,21.60717638008017,29.940119760479043,20.408163265306122,52.053732885559285,47.003907946157184,15.772870662460567,38.55698359198489
offline_political_participation|WVS_E,64.76236875808712,21.70227426234933,18.527503884566286,37.84705065131301,54.97017459833674,96.55723070118674,15.1285930408472,39.763019350178496,29.082400133712184,75.84644963665396,18.083182640144663,21.581495571937573,65.41675518730968,52.45379222434672,19.021329040696212,27.62430939226519,26.163407505766557,35.99484253002555,30.90146370330777,31.197753577003724,32.11045599825303,50.97618156386059,21.27659574468085,36.78830341398158,34.36723197997162,39.52569169960474,46.85167296039343,25.07457999685979,27.3224043715847,0.0,46.62340154568133,25.611595723748934,56.497175141242934,30.211480362537767,30.683864329548378,25.59559290725323,26.38522427440633,25.790338350615578,27.509408632561787,31.347962382445143,55.87182281126998,27.247956403269754,40.12728091912593,24.649274308396205,9999.0,21.46400617352001,12.953367875647668,26.358193612913084,19.120458891013385,50.76602851126655,45.71620357186445,18.78767359326727,37.26927921769215
online_political_participation|WVS_E,53.174180058297736,42.41894005673533,39.24416967895228,39.99074723887414,62.18384789813361,86.88160738274634,38.99201344651052,40.99397952790537,49.79906592809819,68.09649333013819,47.695421759687875,42.29816136632357,68.02791205846277,54.62617703814402,39.73799483508221,54.88895477226866,42.288023459571576,31.545741324921135,37.45318352059925,29.689893314736484,21.367521367521366,48.48598415421823,49.103236904548936,56.575920061214944,22.779043280182233,36.90036900369004,52.809073310212256,45.791245791245785,55.277210050113844,46.62340154568133,0.0,46.32826151813494,35.3356890459364,37.174721189591075,51.400530123934374,46.31225870163923,36.112376613515565,46.507004145001574,48.22607442694779,44.19231951144562,76.58848860565598,48.76478164149397,46.55643824409567,36.63003663003663,9999.0,35.682269086633845,33.67003367003367,47.07485940729909,38.90807553824675,56.57878897315517,36.36363636363637,39.504339387653275,44.5047081295513
outgroup_trust|WVS_G,63.58901545256227,18.01801801801802,14.5985401459854,35.79143817668188,54.675034570790345,94.5016182265556,14.814814814814813,39.4678793226321,28.787260106165782,75.55130960910755,19.455252918287936,19.120458891013385,63.36114271267854,50.39817974971559,14.814814814814813,29.752431476569406,25.868267478220154,35.69970250247914,30.58768547727538,29.14214110237259,31.815315970706628,50.6810415363142,21.551724137931036,34.73269093935045,33.193878674446765,49.1706659930959,46.556532932847034,24.779439969313387,30.14068675441459,25.611595723748934,46.32826151813494,0.0,55.753867074621795,39.430472733558034,30.388724302001975,25.300452879706828,27.808676307007786,25.495198323069175,27.214268605015384,34.63862030630604,55.576682783723584,31.973449894770923,39.83214089157953,24.354134280849802,9999.0,21.168866145973606,12.658227848101266,26.06305358536668,17.064846416382252,48.710416036635415,43.660591097233315,14.367816091954024,35.21366674306102
perceived_negative_effects_of_immigration|WVS_G,54.7260370214245,37.735849056603776,48.38386277078715,41.542604202000916,79.06997111141212,88.4334643458731,47.61727198150496,42.545836491032134,61.87379660569748,81.30081300813008,49.24727872281464,44.57381522306609,69.57976902158954,56.17803400127079,48.94889684772326,51.282051282051285,53.36315830782513,37.45318352059925,39.691883346227584,29.15451895043732,56.13771773218028,50.037841117344996,52.44173140954495,58.12777702434171,24.330900243309003,35.08771929824561,54.36093027333903,54.18164651196572,59.66567361800728,56.497175141242934,35.3356890459364,55.753867074621795,0.0,41.9365340461259,62.199062936156125,58.38698937923852,37.66423357664234,58.581734822600865,60.04518595759472,39.52569169960474,88.66321928325527,40.816326530612244,44.84304932735426,50.5050505050505,9999.0,37.23412604976062,45.74476434763296,57.61656476236918,40.459932501373515,69.44444444444444,37.735849056603776,49.6935428430171,43.96933376525213
perceived_positive_effects_of_immigration|WVS_G,48.000770580932404,22.172949002217294,28.248587570621467,34.48275862068965,65.34800652447711,81.708197905381,30.395136778115504,35.820570050540034,47.025994617288134,63.291139240506325,26.595744680851062,30.395136778115504,62.854502581097435,49.45276756077868,26.80965147453083,32.67973856209151,39.641193720890115,38.09743708150542,32.966616905735485,20.28397565922921,49.05939648586707,43.31257467685289,35.56685832227628,44.405812437406695,17.6056338028169,26.38522427440633,47.63566383284693,39.725413239844485,40.83552730406458,30.211480362537767,37.174721189591075,39.430472733558034,41.9365340461259,0.0,48.07692307692308,43.53918739082918,30.938967136150232,42.606516290726816,43.47886290311414,27.397260273972606,73.81541729484593,28.409090909090907,41.49377593360996,42.59286879197215,9999.0,30.508859609268512,30.896962359223615,40.91051718043127,26.7379679144385,58.38353753469166,42.918454935622314,25.06265664160401,35.09879047404402
political_information_sources|WVS_E,68.26329947096264,26.479402840602372,23.304632462819328,40.465722195082236,59.74730317658978,99.17590224495596,21.459227467811157,44.54014792843154,33.859528711965226,80.623578214907,26.17801047120419,26.358624150190614,68.0354267310789,55.072463768115945,23.798457618949254,38.9494175561357,30.940536084019598,40.77197110827859,37.23209813027172,33.81642512077295,36.88758457650607,55.753310142113634,31.570450925849578,39.406974957750805,37.86816269284712,54.14162837280547,51.62880153864647,29.85170857511283,38.125894134477825,30.683864329548378,51.400530123934374,30.388724302001975,62.199062936156125,48.07692307692308,0.0,30.372721485506272,37.00566238657407,30.56746692886862,32.28653721081483,42.856124594604225,60.64895138952302,37.770576614221355,44.90440949737897,29.426402886649246,9999.0,26.24113475177305,17.73049645390071,31.135322191166125,21.73913043478261,53.38470005503577,48.33487511563367,23.564802171520313,39.887950761461376
postmaterialist_values|WVS_E,64.45122591404501,21.391131418307225,18.21636104052418,37.99133334819658,54.65903175429464,96.7015133980703,15.552099533437016,39.451876506136394,28.77125728967008,75.53530679261185,25.204609185946666,21.270352727895467,65.56103788419324,52.59807492123029,18.710186196654107,33.86114613384055,25.852264661724455,35.68369968598344,29.850746268656714,31.34203627388729,31.799313154210925,50.66503871981849,23.255813953488374,36.93258611086515,34.05608913592952,51.66723952591981,46.54053011635133,24.763437152817684,32.21876620010369,25.59559290725323,46.31225870163923,25.300452879706828,58.38698937923852,43.53918739082918,30.372721485506272,0.0,28.011204481792713,25.47919550657347,27.198265788519684,37.767853172309074,55.56067996722788,32.682305191926204,39.81613807508383,24.3381314643541,9999.0,21.152863329477903,12.642225031605562,26.047050768870978,19.264741587896953,50.91031120815012,45.86048626874802,18.476530749225166,37.41356191457572
precautionary_security_behaviors|WVS_H,43.728470111448836,19.342359767891683,15.06024096385542,30.545037292025242,60.96862847649931,77.43589743589743,15.552099533437016,31.548269581056466,29.069767441860463,81.81379341849927,23.34829850589295,13.550135501355014,58.582202111613874,45.18046709129512,13.869625520110958,28.825475599669147,30.680692574284215,33.82513661202186,28.694316436251917,16.556291390728475,35.08482145588244,39.04027420736933,23.945061895726035,39.590561071898556,13.333333333333334,36.881494642761,43.36336336336336,23.419203747072597,29.21373087751433,26.38522427440633,36.112376613515565,27.808676307007786,37.66423357664234,30.938967136150232,37.00566238657407,28.011204481792713,0.0,30.98471986417657,30.959752321981423,34.74660956459672,62.19362086829568,31.046494017870664,28.08988764044944,30.487804878048777,9999.0,16.181229773462782,19.275165932673367,28.08988764044944,22.358589866460704,39.682539682539684,48.95433454731177,13.440860215053764,31.37110620554329
religion_versus_secularism_orientation|WVS_F,64.64597135740736,21.58587686166957,16.835016835016834,38.18607879155893,54.85377719765698,96.89625884143265,18.158950251444757,39.64662194949874,28.966002733032425,75.7300522359742,22.026431718061673,21.465098171257814,65.75578332755559,52.792820364592636,17.825311942959004,32.92847503373819,26.047010105086798,35.878445129345785,33.92903392903393,31.53678171724964,31.99405859757327,50.859784163180834,24.154589371980677,37.127331554227496,34.25083457929186,51.86198496928216,46.73527555971367,24.95818259618003,33.31673031158337,25.790338350615578,46.507004145001574,25.495198323069175,58.581734822600865,42.606516290726816,30.56746692886862,25.47919550657347,30.98471986417657,0.0,27.393011231882028,36.87509699533747,55.75542541059022,32.87705063528855,40.01088351844617,24.532876907716442,9999.0,21.347608772840246,12.836970474967908,26.241796212233325,19.4594870312593,51.10505665151246,46.05523171211036,17.543859649122805,37.60830735793807
