construct,acceptance_of_state_surveillance|WVS_H,authoritarian_governance_tolerance|WVS_E,autocracy_support|WVS_E,basic_needs_deprivation|WVS_H,child_qualities_autonomy_self_expression|WVS_A,child_qualities_conformity_tradition|WVS_A,child_qualities_prosocial_diligence|WVS_A,civic_dishonesty_tolerance|WVS_F,confidence_in_civil_society_organizations|WVS_E,confidence_in_domestic_institutions|WVS_E,confidence_in_international_organizations|WVS_E,crime_victimization|WVS_H,democratic_system_evaluation|WVS_E,democratic_values_importance|WVS_E,economic_ideology|WVS_E,electoral_integrity|WVS_E,existential_threat_worry|WVS_H,familial_duty_obligations|WVS_D,female_income_threat_to_marriage|WVS_D,freedom_security_tradeoff_perception|WVS_H,gender_role_traditionalism|WVS_D,immigrant_origin_status|WVS_G,importance_of_life_domains|WVS_A,institutional_threat_perception|WVS_H,international_organization_knowledge|WVS_E,job_scarcity_gender_discrimination|WVS_C,job_scarcity_nativist_preference|WVS_C,life_autonomy_morality_permissiveness|WVS_F,multilevel_place_attachment|WVS_G,neighborhood_disorder_and_crime|WVS_H,offline_political_participation|WVS_E,online_political_participation|WVS_E,outgroup_trust|WVS_G,perceived_negative_effects_of_immigration|WVS_G,perceived_positive_effects_of_immigration|WVS_G,political_information_sources|WVS_E,postmaterialist_values|WVS_E,precautionary_security_behaviors|WVS_H,religion_versus_secularism_orientation|WVS_F,religious_belief|WVS_F,religious_exclusivism|WVS_F,religious_practice_and_self_identification|WVS_F,science_skepticism|WVS_I,science_technology_optimism|WVS_E,sexual_and_reproductive_morality_permissiveness|WVS_F,social_intolerance_outgroups|WVS_A,societal_change_attitudes|WVS_E,socioeconomic_insecurity_worry|WVS_H,subjective_wellbeing|WVS_A,voting_participation|WVS_E,work_ethic|WVS_C
acceptance_of_state_surveillance|WVS_H,0.0,9999.0,9999.0,9999.0,9999.0,9999.0,9999.0,9999.0,9999.0,9999.0,9999.0,9999.0,9999.0,9999.0,9999.0,9999.0,9999.0,9999.0,9999.0,9999.0,9999.0,9999.0,9999.0,9999.0,9999.0,9999.0,9999.0,9999.0,9999.0,9999.0,9999.0,9999.0,9999.0,9999.0,9999.0,9999.0,9999.0,9999.0,9999.0,9999.0,9999.0,9999.0,9999.0,9999.0,9999.0,9999.0,9999.0,9999.0,9999.0,9999.0,9999.0
authoritarian_governance_tolerance|WVS_E,9999.0,0.0,17.098241466996168,9999.0,14.144864994455933,33.727368180426886,15.780962471421404,19.390336677104894,25.36016192403858,21.446516261450743,20.58717701860334,9999.0,15.675477239353892,16.79393974723039,14.026635884630185,9999.0,9999.0,9999.0,9999.0,9999.0,23.117434121609282,7.342143906020559,22.267517040348917,9999.0,9999.0,16.06053972119057,17.412637360199813,15.492103156224307,9999.0,9999.0,11.910439931603015,9999.0,53.672989677164836,9999.0,9999.0,9999.0,16.948291840698754,9999.0,9999.0,9999.0,9999.0,15.34214390602056,9999.0,16.76721459405072,12.006323010498171,17.83532333938887,28.218970628358765,9999.0,13.273342008037167,9999.0,16.068147396421956
autocracy_support|WVS_E,9999.0,17.098241466996168,0.0,9999.0,16.558818649410984,36.14132183538194,18.194916126376455,21.804290332059946,27.77411557899363,23.86046991640579,23.001130673558393,9999.0,18.089430894308943,19.20789340218544,16.440589539585233,9999.0,9999.0,9999.0,9999.0,9999.0,25.531387776564333,9.75609756097561,24.681470695303965,9999.0,9999.0,18.474493376145617,19.826591015154865,17.906056811179358,9999.0,9999.0,14.324393586558067,9999.0,56.08694333211989,9999.0,9999.0,9999.0,19.362245495653802,9999.0,9999.0,9999.0,9999.0,17.75609756097561,9999.0,19.181168249005772,14.420276665453223,20.249276994343923,30.632924283313812,9999.0,15.687295662992216,9999.0,18.482101051377008
basic_needs_deprivation|WVS_H,9999.0,9999.0,9999.0,0.0,9999.0,9999.0,9999.0,9999.0,9999.0,9999.0,9999.0,9999.0,9999.0,9999.0,9999.0,9999.0,9999.0,9999.0,9999.0,9999.0,9999.0,9999.0,9999.0,9999.0,9999.0,9999.0,9999.0,9999.0,9999.0,9999.0,9999.0,9999.0,9999.0,9999.0,9999.0,9999.0,9999.0,9999.0,9999.0,9999.0,9999.0,9999.0,9999.0,9999.0,9999.0,9999.0,9999.0,9999.0,9999.0,9999.0,9999.0
child_qualities_autonomy_self_expression|WVS_A,9999.0,14.144864994455933,16.558818649410984,9999.0,0.0,33.1879453628417,15.241539653836218,18.85091385951971,24.820739106453395,14.144271570014144,20.047754201018158,9999.0,15.136054421768709,16.254516929645206,13.487213067045,9999.0,9999.0,9999.0,9999.0,9999.0,16.420361247947454,6.802721088435375,21.72809422276373,9999.0,9999.0,15.521116903605384,16.87321454261463,11.507479861910241,9999.0,9999.0,11.371017114017832,9999.0,44.24778761061947,9999.0,9999.0,9999.0,16.408869023113567,9999.0,9999.0,9999.0,9999.0,14.802721088435375,9999.0,16.227791776465537,8.726003490401396,17.295900521803688,22.075055187637968,9999.0,12.733919190451982,9999.0,13.986013986013987
child_qualities_conformity_tradition|WVS_A,9999.0,33.727368180426886,36.14132183538194,9999.0,33.1879453628417,0.0,34.82404283980718,38.433417045490664,44.40324229242435,40.48959662983651,39.630257386989115,9999.0,34.71855760773966,35.837020115616156,33.069716253015955,9999.0,9999.0,9999.0,9999.0,9999.0,42.16051448999505,26.38522427440633,41.31059740873469,9999.0,9999.0,35.10362008957634,36.45571772858558,34.535183524610076,9999.0,9999.0,30.95352029998879,9999.0,72.71607004555061,9999.0,9999.0,9999.0,35.991372209084524,9999.0,9999.0,9999.0,9999.0,34.385224274406326,9999.0,35.81029496243649,31.04940337888394,36.87840370777464,47.262050996744534,9999.0,32.316422376422935,9999.0,35.11122776480772
child_qualities_prosocial_diligence|WVS_A,9999.0,15.780962471421404,18.194916126376455,9999.0,15.241539653836218,34.82404283980718,0.0,20.487011336485182,26.456836583418863,22.543190920831027,21.683851677983625,9999.0,16.77215189873418,17.890614406610673,15.123310544010469,9999.0,9999.0,9999.0,9999.0,9999.0,24.214108780989566,8.438818565400844,23.3641916997292,9999.0,9999.0,17.157214380570853,18.5093120195801,16.588777815604594,9999.0,9999.0,13.007114590983301,9999.0,54.76966433654512,9999.0,9999.0,9999.0,18.04496650007904,9999.0,9999.0,9999.0,9999.0,16.438818565400844,9999.0,17.863889253431005,13.102997669878455,18.931997998769155,29.31564528773905,9999.0,14.370016667417453,9999.0,17.16482205580224
civic_dishonesty_tolerance|WVS_F,9999.0,19.390336677104894,21.804290332059946,9999.0,18.85091385951971,38.433417045490664,20.487011336485182,0.0,30.066210789102357,26.152565126514517,25.29322588366712,9999.0,20.38152610441767,21.499988612294167,18.73268474969396,9999.0,9999.0,9999.0,9999.0,9999.0,27.82348298667306,12.048192771084336,26.97356590541269,9999.0,9999.0,20.766588586254343,22.11868622526359,20.198152021288085,9999.0,9999.0,16.616488796666793,9999.0,58.37903854222861,9999.0,9999.0,9999.0,21.65434070576253,9999.0,9999.0,9999.0,9999.0,20.048192771084338,9999.0,21.4732634591145,16.71237187556195,22.54137220445265,29.41176470588235,9999.0,17.979390873100943,9999.0,20.04008016032064
confidence_in_civil_society_organizations|WVS_E,9999.0,25.36016192403858,27.77411557899363,9999.0,24.820739106453395,44.40324229242435,26.456836583418863,30.066210789102357,0.0,32.1223903734482,31.2630511306008,9999.0,26.351351351351354,27.46981385922785,24.702509996627644,9999.0,9999.0,9999.0,9999.0,9999.0,33.79330823360674,18.01801801801802,32.94339115234638,9999.0,9999.0,26.736413833188028,28.088511472197276,26.16797726822177,9999.0,9999.0,22.586314043600474,9999.0,64.3488637891623,9999.0,9999.0,9999.0,27.624165952696213,9999.0,9999.0,9999.0,9999.0,26.01801801801802,9999.0,27.44308870604818,22.68219712249563,28.51119745138633,38.89484474035622,9999.0,23.949216120034627,9999.0,26.744021508419415
confidence_in_domestic_institutions|WVS_E,9999.0,21.446516261450743,23.86046991640579,9999.0,14.144271570014144,40.48959662983651,22.543190920831027,26.152565126514517,32.1223903734482,0.0,27.349405468012964,9999.0,22.437705688763515,23.556168196640012,20.788864334039808,9999.0,9999.0,9999.0,9999.0,9999.0,21.459227467811157,14.104372355430183,29.02974548975854,9999.0,9999.0,22.82276817060019,24.154589371980677,14.749262536873157,9999.0,9999.0,18.67266838101264,9999.0,51.02040816326531,9999.0,9999.0,9999.0,23.710520290108377,9999.0,9999.0,9999.0,9999.0,22.104372355430183,9999.0,23.529443043460343,11.876484560570072,20.491803278688522,32.03777488315072,9999.0,20.03557045744679,9999.0,19.455252918287936
confidence_in_international_organizations|WVS_E,9999.0,20.58717701860334,23.001130673558393,9999.0,20.047754201018158,39.630257386989115,21.683851677983625,25.29322588366712,31.2630511306008,27.349405468012964,0.0,9999.0,21.578366445916117,22.69682895379261,19.929525091192406,9999.0,9999.0,9999.0,9999.0,9999.0,29.020323328171504,13.245033112582782,28.17040624691114,9999.0,9999.0,21.96342892775279,23.31552656676204,21.39499236278653,9999.0,9999.0,17.813329138165237,9999.0,59.57587888372706,9999.0,9999.0,9999.0,22.851181047260976,9999.0,9999.0,9999.0,9999.0,21.24503311258278,9999.0,22.670103800612942,17.909212217060393,23.738212545951093,34.12185983492098,9999.0,19.17623121459939,9999.0,21.971036602984178
crime_victimization|WVS_H,9999.0,9999.0,9999.0,9999.0,9999.0,9999.0,9999.0,9999.0,9999.0,9999.0,9999.0,0.0,9999.0,9999.0,9999.0,9999.0,9999.0,9999.0,9999.0,9999.0,9999.0,9999.0,9999.0,9999.0,9999.0,9999.0,9999.0,9999.0,9999.0,9999.0,9999.0,9999.0,9999.0,9999.0,9999.0,9999.0,9999.0,9999.0,9999.0,9999.0,9999.0,9999.0,9999.0,9999.0,9999.0,9999.0,9999.0,9999.0,9999.0,9999.0,9999.0
democratic_system_evaluation|WVS_E,9999.0,15.675477239353892,18.089430894308943,9999.0,15.136054421768709,34.71855760773966,16.77215189873418,20.38152610441767,26.351351351351354,22.437705688763515,21.578366445916117,9999.0,0.0,17.785129174543165,15.017825311942959,9999.0,9999.0,9999.0,9999.0,9999.0,24.108623548922058,8.333333333333334,23.25870646766169,9999.0,9999.0,17.05172914850334,18.40382678751259,16.483292583537082,9999.0,9999.0,12.901629358915791,9999.0,54.66417910447761,9999.0,9999.0,9999.0,17.939481268011527,9999.0,9999.0,9999.0,9999.0,16.333333333333336,9999.0,17.758404021363496,12.997512437810947,18.826512766701647,29.210160055671537,9999.0,14.26453143534994,9999.0,17.059336823734732
democratic_values_importance|WVS_E,9999.0,16.79393974723039,19.20789340218544,9999.0,16.254516929645206,35.837020115616156,17.890614406610673,21.499988612294167,27.46981385922785,23.556168196640012,22.69682895379261,9999.0,17.785129174543165,0.0,16.136287819819454,9999.0,9999.0,9999.0,9999.0,9999.0,25.22708605679855,9.45179584120983,24.377168975538186,9999.0,9999.0,18.17019165637984,19.522289295389086,17.60175509141358,9999.0,9999.0,14.020091866792287,9999.0,55.782641612354105,9999.0,9999.0,9999.0,19.057943775888024,9999.0,9999.0,9999.0,9999.0,17.45179584120983,9999.0,18.87686652923999,14.11597494568744,19.94497527457814,30.328622563548034,9999.0,15.382993943226438,9999.0,18.177799331611226
economic_ideology|WVS_E,9999.0,14.026635884630185,16.440589539585233,9999.0,13.487213067045,33.069716253015955,15.123310544010469,18.73268474969396,24.702509996627644,20.788864334039808,19.929525091192406,9999.0,15.017825311942959,16.136287819819454,0.0,9999.0,9999.0,9999.0,9999.0,9999.0,22.459782194198347,6.684491978609625,21.60986511293798,9999.0,9999.0,15.402887793779634,16.754985432788878,14.834451228813373,9999.0,9999.0,11.252788004192082,9999.0,53.0153377497539,9999.0,9999.0,9999.0,16.29063991328782,9999.0,9999.0,9999.0,9999.0,14.684491978609625,9999.0,16.109562666639786,11.348671083087236,17.177671411977936,27.56131870094783,9999.0,12.615690080626234,9999.0,15.410495469011021
electoral_integrity|WVS_E,9999.0,9999.0,9999.0,9999.0,9999.0,9999.0,9999.0,9999.0,9999.0,9999.0,9999.0,9999.0,9999.0,9999.0,9999.0,0.0,9999.0,9999.0,9999.0,9999.0,9999.0,9999.0,9999.0,9999.0,9999.0,9999.0,9999.0,9999.0,9999.0,9999.0,9999.0,9999.0,9999.0,9999.0,9999.0,9999.0,9999.0,9999.0,9999.0,9999.0,9999.0,9999.0,9999.0,9999.0,9999.0,9999.0,9999.0,9999.0,9999.0,9999.0,9999.0
existential_threat_worry|WVS_H,9999.0,9999.0,9999.0,9999.0,9999.0,9999.0,9999.0,9999.0,9999.0,9999.0,9999.0,9999.0,9999.0,9999.0,9999.0,9999.0,0.0,9999.0,9999.0,9999.0,9999.0,9999.0,9999.0,9999.0,9999.0,9999.0,9999.0,9999.0,9999.0,9999.0,9999.0,9999.0,9999.0,9999.0,9999.0,9999.0,9999.0,9999.0,9999.0,9999.0,9999.0,9999.0,9999.0,9999.0,9999.0,9999.0,9999.0,9999.0,9999.0,9999.0,9999.0
familial_duty_obligations|WVS_D,9999.0,9999.0,9999.0,9999.0,9999.0,9999.0,9999.0,9999.0,9999.0,9999.0,9999.0,9999.0,9999.0,9999.0,9999.0,9999.0,9999.0,0.0,9999.0,9999.0,9999.0,9999.0,9999.0,9999.0,9999.0,9999.0,9999.0,9999.0,9999.0,9999.0,9999.0,9999.0,9999.0,9999.0,9999.0,9999.0,9999.0,9999.0,9999.0,9999.0,9999.0,9999.0,9999.0,9999.0,9999.0,9999.0,9999.0,9999.0,9999.0,9999.0,9999.0
female_income_threat_to_marriage|WVS_D,9999.0,9999.0,9999.0,9999.0,9999.0,9999.0,9999.0,9999.0,9999.0,9999.0,9999.0,9999.0,9999.0,9999.0,9999.0,9999.0,9999.0,9999.0,0.0,9999.0,9999.0,9999.0,9999.0,9999.0,9999.0,9999.0,9999.0,9999.0,9999.0,9999.0,9999.0,9999.0,9999.0,9999.0,9999.0,9999.0,9999.0,9999.0,9999.0,9999.0,9999.0,9999.0,9999.0,9999.0,9999.0,9999.0,9999.0,9999.0,9999.0,9999.0,9999.0
freedom_security_tradeoff_perception|WVS_H,9999.0,9999.0,9999.0,9999.0,9999.0,9999.0,9999.0,9999.0,9999.0,9999.0,9999.0,9999.0,9999.0,9999.0,9999.0,9999.0,9999.0,9999.0,9999.0,0.0,9999.0,9999.0,9999.0,9999.0,9999.0,9999.0,9999.0,9999.0,9999.0,9999.0,9999.0,9999.0,9999.0,9999.0,9999.0,9999.0,9999.0,9999.0,9999.0,9999.0,9999.0,9999.0,9999.0,9999.0,9999.0,9999.0,9999.0,9999.0,9999.0,9999.0,9999.0
gender_role_traditionalism|WVS_D,9999.0,23.117434121609282,25.531387776564333,9999.0,16.420361247947454,42.16051448999505,24.214108780989566,27.82348298667306,33.79330823360674,21.459227467811157,29.020323328171504,9999.0,24.108623548922058,25.22708605679855,22.459782194198347,9999.0,9999.0,9999.0,9999.0,9999.0,0.0,15.775290215588722,28.81844380403458,9999.0,9999.0,24.49368603075873,18.51851851851852,19.23076923076923,9999.0,9999.0,20.34358624117118,9999.0,52.77777777777777,9999.0,9999.0,9999.0,25.381438150266916,9999.0,9999.0,9999.0,9999.0,23.775290215588722,9999.0,25.200360903618883,11.11111111111111,20.74688796680498,31.272401433691755,9999.0,21.70648831760533,9999.0,22.752554650109946
immigrant_origin_status|WVS_G,9999.0,7.342143906020559,9.75609756097561,9999.0,6.802721088435375,26.38522427440633,8.438818565400844,12.048192771084336,18.01801801801802,14.104372355430183,13.245033112582782,9999.0,8.333333333333334,9.45179584120983,6.684491978609625,9999.0,9999.0,9999.0,9999.0,9999.0,15.775290215588722,0.0,14.925373134328357,9999.0,9999.0,8.718395815170009,10.070493454179255,8.149959250203748,9999.0,9999.0,4.568296025582457,9999.0,46.330845771144276,9999.0,9999.0,9999.0,9.606147934678194,9999.0,9999.0,9999.0,9999.0,8.0,9999.0,9.42507068803016,4.664179104477612,10.493179433368311,20.876826722338205,9999.0,5.931198102016608,9999.0,8.726003490401396
importance_of_life_domains|WVS_A,9999.0,22.267517040348917,24.681470695303965,9999.0,21.72809422276373,41.31059740873469,23.3641916997292,26.97356590541269,32.94339115234638,29.02974548975854,28.17040624691114,9999.0,23.25870646766169,24.377168975538186,21.60986511293798,9999.0,9999.0,9999.0,9999.0,9999.0,28.81844380403458,14.925373134328357,0.0,9999.0,9999.0,23.643768949498366,24.99586658850761,23.075332384532103,9999.0,9999.0,19.493669159910816,9999.0,61.256218905472636,9999.0,9999.0,9999.0,24.53152106900655,9999.0,9999.0,9999.0,9999.0,22.925373134328357,9999.0,24.350443822358518,19.589552238805968,25.41855256769667,35.80219985666656,9999.0,20.856571236344966,9999.0,23.651376624729753
institutional_threat_perception|WVS_H,9999.0,9999.0,9999.0,9999.0,9999.0,9999.0,9999.0,9999.0,9999.0,9999.0,9999.0,9999.0,9999.0,9999.0,9999.0,9999.0,9999.0,9999.0,9999.0,9999.0,9999.0,9999.0,9999.0,0.0,9999.0,9999.0,9999.0,9999.0,9999.0,9999.0,9999.0,9999.0,9999.0,9999.0,9999.0,9999.0,9999.0,9999.0,9999.0,9999.0,9999.0,9999.0,9999.0,9999.0,9999.0,9999.0,9999.0,9999.0,9999.0,9999.0,9999.0
international_organization_knowledge|WVS_E,9999.0,9999.0,9999.0,9999.0,9999.0,9999.0,9999.0,9999.0,9999.0,9999.0,9999.0,9999.0,9999.0,9999.0,9999.0,9999.0,9999.0,9999.0,9999.0,9999.0,9999.0,9999.0,9999.0,9999.0,0.0,9999.0,9999.0,9999.0,9999.0,9999.0,9999.0,9999.0,9999.0,9999.0,9999.0,9999.0,9999.0,9999.0,9999.0,9999.0,9999.0,9999.0,9999.0,9999.0,9999.0,9999.0,9999.0,9999.0,9999.0,9999.0,9999.0
job_scarcity_gender_discrimination|WVS_C,9999.0,16.06053972119057,18.474493376145617,9999.0,15.521116903605384,35.10362008957634,17.157214380570853,20.766588586254343,26.736413833188028,22.82276817060019,21.96342892775279,9999.0,17.05172914850334,18.17019165637984,15.402887793779634,9999.0,9999.0,9999.0,9999.0,9999.0,24.49368603075873,8.718395815170009,23.643768949498366,9999.0,9999.0,0.0,18.788889269349262,16.868355065373756,9999.0,9999.0,13.286691840752466,9999.0,55.04924158631428,9999.0,9999.0,9999.0,18.324543749848203,9999.0,9999.0,9999.0,9999.0,16.71839581517001,9999.0,18.14346650320017,13.38257491964762,19.21157524853832,29.595222537508214,9999.0,14.649593917186618,9999.0,17.444399305571405
job_scarcity_nativist_preference|WVS_C,9999.0,17.412637360199813,19.826591015154865,9999.0,16.87321454261463,36.45571772858558,18.5093120195801,22.11868622526359,28.088511472197276,24.154589371980677,23.31552656676204,9999.0,18.40382678751259,19.522289295389086,16.754985432788878,9999.0,9999.0,9999.0,9999.0,9999.0,18.51851851851852,10.070493454179255,24.99586658850761,9999.0,9999.0,18.788889269349262,0.0,18.220452704383003,9999.0,9999.0,14.638789479761712,9999.0,54.56989247311828,9999.0,9999.0,9999.0,19.676641388857448,9999.0,9999.0,9999.0,9999.0,18.070493454179257,9999.0,19.495564142209417,12.903225806451614,20.56367288754757,30.947320176517458,9999.0,16.001691556195862,9999.0,18.796496944580653
life_autonomy_morality_permissiveness|WVS_F,9999.0,15.492103156224307,17.906056811179358,9999.0,11.507479861910241,34.535183524610076,16.588777815604594,20.198152021288085,26.16797726822177,14.749262536873157,21.39499236278653,9999.0,16.483292583537082,17.60175509141358,14.834451228813373,9999.0,9999.0,9999.0,9999.0,9999.0,19.23076923076923,8.149959250203748,23.075332384532103,9999.0,9999.0,16.868355065373756,18.220452704383003,0.0,9999.0,9999.0,11.655011655011656,9999.0,52.631578947368425,9999.0,9999.0,9999.0,17.75610718488194,9999.0,9999.0,9999.0,9999.0,16.14995925020375,9999.0,17.57502993823391,12.814138354681361,16.44736842105263,24.096385542168672,9999.0,14.081157352220355,9999.0,15.45595054095827
multilevel_place_attachment|WVS_G,9999.0,9999.0,9999.0,9999.0,9999.0,9999.0,9999.0,9999.0,9999.0,9999.0,9999.0,9999.0,9999.0,9999.0,9999.0,9999.0,9999.0,9999.0,9999.0,9999.0,9999.0,9999.0,9999.0,9999.0,9999.0,9999.0,9999.0,9999.0,0.0,9999.0,9999.0,9999.0,9999.0,9999.0,9999.0,9999.0,9999.0,9999.0,9999.0,9999.0,9999.0,9999.0,9999.0,9999.0,9999.0,9999.0,9999.0,9999.0,9999.0,9999.0,9999.0
neighborhood_disorder_and_crime|WVS_H,9999.0,9999.0,9999.0,9999.0,9999.0,9999.0,9999.0,9999.0,9999.0,9999.0,9999.0,9999.0,9999.0,9999.0,9999.0,9999.0,9999.0,9999.0,9999.0,9999.0,9999.0,9999.0,9999.0,9999.0,9999.0,9999.0,9999.0,9999.0,9999.0,0.0,9999.0,9999.0,9999.0,9999.0,9999.0,9999.0,9999.0,9999.0,9999.0,9999.0,9999.0,9999.0,9999.0,9999.0,9999.0,9999.0,9999.0,9999.0,9999.0,9999.0,9999.0
offline_political_participation|WVS_E,9999.0,11.910439931603015,14.324393586558067,9999.0,11.371017114017832,30.95352029998879,13.007114590983301,16.616488796666793,22.586314043600474,18.67266838101264,17.813329138165237,9999.0,12.901629358915791,14.020091866792287,11.252788004192082,9999.0,9999.0,9999.0,9999.0,9999.0,20.34358624117118,4.568296025582457,19.493669159910816,9999.0,9999.0,13.286691840752466,14.638789479761712,11.655011655011656,9999.0,9999.0,0.0,9999.0,50.89914179672674,9999.0,9999.0,9999.0,14.174443960260652,9999.0,9999.0,9999.0,9999.0,12.568296025582457,9999.0,13.993366713612618,9.23247513006007,15.061475458950769,25.445122747920664,9999.0,10.499494127599064,9999.0,13.294299515983854
online_political_participation|WVS_E,9999.0,9999.0,9999.0,9999.0,9999.0,9999.0,9999.0,9999.0,9999.0,9999.0,9999.0,9999.0,9999.0,9999.0,9999.0,9999.0,9999.0,9999.0,9999.0,9999.0,9999.0,9999.0,9999.0,9999.0,9999.0,9999.0,9999.0,9999.0,9999.0,9999.0,9999.0,0.0,9999.0,9999.0,9999.0,9999.0,9999.0,9999.0,9999.0,9999.0,9999.0,9999.0,9999.0,9999.0,9999.0,9999.0,9999.0,9999.0,9999.0,9999.0,9999.0
outgroup_trust|WVS_G,9999.0,53.672989677164836,56.08694333211989,9999.0,44.24778761061947,72.71607004555061,54.76966433654512,58.37903854222861,64.3488637891623,51.02040816326531,59.57587888372706,9999.0,54.66417910447761,55.782641612354105,53.0153377497539,9999.0,9999.0,9999.0,9999.0,9999.0,52.77777777777777,46.330845771144276,61.256218905472636,9999.0,9999.0,55.04924158631428,54.56989247311828,52.631578947368425,9999.0,9999.0,50.89914179672674,9999.0,0.0,9999.0,9999.0,9999.0,55.93699370582247,9999.0,9999.0,9999.0,9999.0,54.330845771144276,9999.0,55.755916459174436,41.666666666666664,53.57142857142857,61.7283950617284,9999.0,52.262043873160884,9999.0,53.3081102056655
perceived_negative_effects_of_immigration|WVS_G,9999.0,9999.0,9999.0,9999.0,9999.0,9999.0,9999.0,9999.0,9999.0,9999.0,9999.0,9999.0,9999.0,9999.0,9999.0,9999.0,9999.0,9999.0,9999.0,9999.0,9999.0,9999.0,9999.0,9999.0,9999.0,9999.0,9999.0,9999.0,9999.0,9999.0,9999.0,9999.0,9999.0,0.0,9999.0,9999.0,9999.0,9999.0,9999.0,9999.0,9999.0,9999.0,9999.0,9999.0,9999.0,9999.0,9999.0,9999.0,9999.0,9999.0,9999.0
perceived_positive_effects_of_immigration|WVS_G,9999.0,9999.0,9999.0,9999.0,9999.0,9999.0,9999.0,9999.0,9999.0,9999.0,9999.0,9999.0,9999.0,9999.0,9999.0,9999.0,9999.0,9999.0,9999.0,9999.0,9999.0,9999.0,9999.0,9999.0,9999.0,9999.0,9999.0,9999.0,9999.0,9999.0,9999.0,9999.0,9999.0,9999.0,0.0,9999.0,9999.0,9999.0,9999.0,9999.0,9999.0,9999.0,9999.0,9999.0,9999.0,9999.0,9999.0,9999.0,9999.0,9999.0,9999.0
political_information_sources|WVS_E,9999.0,9999.0,9999.0,9999.0,9999.0,9999.0,9999.0,9999.0,9999.0,9999.0,9999.0,9999.0,9999.0,9999.0,9999.0,9999.0,9999.0,9999.0,9999.0,9999.0,9999.0,9999.0,9999.0,9999.0,9999.0,9999.0,9999.0,9999.0,9999.0,9999.0,9999.0,9999.0,9999.0,9999.0,9999.0,0.0,9999.0,9999.0,9999.0,9999.0,9999.0,9999.0,9999.0,9999.0,9999.0,9999.0,9999.0,9999.0,9999.0,9999.0,9999.0
postmaterialist_values|WVS_E,9999.0,16.948291840698754,19.362245495653802,9999.0,16.408869023113567,35.991372209084524,18.04496650007904,21.65434070576253,27.624165952696213,23.710520290108377,22.851181047260976,9999.0,17.939481268011527,19.057943775888024,16.29063991328782,9999.0,9999.0,9999.0,9999.0,9999.0,25.381438150266916,9.606147934678194,24.53152106900655,9999.0,9999.0,18.324543749848203,19.676641388857448,17.75610718488194,9999.0,9999.0,14.174443960260652,9999.0,55.93699370582247,9999.0,9999.0,9999.0,0.0,9999.0,9999.0,9999.0,9999.0,17.606147934678194,9999.0,19.031218622708355,14.270327039155806,20.099327368046506,30.4829746570164,9999.0,15.537346036694803,9999.0,18.33215142507959
precautionary_security_behaviors|WVS_H,9999.0,9999.0,9999.0,9999.0,9999.0,9999.0,9999.0,9999.0,9999.0,9999.0,9999.0,9999.0,9999.0,9999.0,9999.0,9999.0,9999.0,9999.0,9999.0,9999.0,9999.0,9999.0,9999.0,9999.0,9999.0,9999.0,9999.0,9999.0,9999.0,9999.0,9999.0,9999.0,9999.0,9999.0,9999.0,9999.0,9999.0,0.0,9999.0,9999.0,9999.0,9999.0,9999.0,9999.0,9999.0,9999.0,9999.0,9999.0,9999.0,9999.0,9999.0
religion_versus_secularism_orientation|WVS_F,9999.0,9999.0,9999.0,9999.0,9999.0,9999.0,9999.0,9999.0,9999.0,9999.0,9999.0,9999.0,9999.0,9999.0,9999.0,9999.0,9999.0,9999.0,9999.0,9999.0,9999.0,9999.0,9999.0,9999.0,9999.0,9999.0,9999.0,9999.0,9999.0,9999.0,9999.0,9999.0,9999.0,9999.0,9999.0,9999.0,9999.0,9999.0,0.0,9999.0,9999.0,9999.0,9999.0,9999.0,9999.0,9999.0,9999.0,9999.0,9999.0,9999.0,9999.0
religious_belief|WVS_F,9999.0,9999.0,9999.0,9999.0,9999.0,9999.0,9999.0,9999.0,9999.0,9999.0,9999.0,9999.0,9999.0,9999.0,9999.0,9999.0,9999.0,9999.0,9999.0,9999.0,9999.0,9999.0,9999.0,9999.0,9999.0,9999.0,9999.0,9999.0,9999.0,9999.0,9999.0,9999.0,9999.0,9999.0,9999.0,9999.0,9999.0,9999.0,9999.0,0.0,9999.0,9999.0,9999.0,9999.0,9999.0,9999.0,9999.0,9999.0,9999.0,9999.0,9999.0
religious_exclusivism|WVS_F,9999.0,9999.0,9999.0,9999.0,9999.0,9999.0,9999.0,9999.0,9999.0,9999.0,9999.0,9999.0,9999.0,9999.0,9999.0,9999.0,9999.0,9999.0,9999.0,9999.0,9999.0,9999.0,9999.0,9999.0,9999.0,9999.0,9999.0,9999.0,9999.0,9999.0,9999.0,9999.0,9999.0,9999.0,9999.0,9999.0,9999.0,9999.0,9999.0,9999.0,0.0,9999.0,9999.0,9999.0,9999.0,9999.0,9999.0,9999.0,9999.0,9999.0,9999.0
religious_practice_and_self_identification|WVS_F,9999.0,15.34214390602056,17.75609756097561,9999.0,14.802721088435375,34.385224274406326,16.438818565400844,20.048192771084338,26.01801801801802,22.104372355430183,21.24503311258278,9999.0,16.333333333333336,17.45179584120983,14.684491978609625,9999.0,9999.0,9999.0,9999.0,9999.0,23.775290215588722,8.0,22.925373134328357,9999.0,9999.0,16.71839581517001,18.070493454179257,16.14995925020375,9999.0,9999.0,12.568296025582457,9999.0,54.330845771144276,9999.0,9999.0,9999.0,17.606147934678194,9999.0,9999.0,9999.0,9999.0,0.0,9999.0,17.42507068803016,12.664179104477611,18.49317943336831,28.876826722338205,9999.0,13.931198102016609,9999.0,16.726003490401396
science_skepticism|WVS_I,9999.0,9999.0,9999.0,9999.0,9999.0,9999.0,9999.0,9999.0,9999.0,9999.0,9999.0,9999.0,9999.0,9999.0,9999.0,9999.0,9999.0,9999.0,9999.0,9999.0,9999.0,9999.0,9999.0,9999.0,9999.0,9999.0,9999.0,9999.0,9999.0,9999.0,9999.0,9999.0,9999.0,9999.0,9999.0,9999.0,9999.0,9999.0,9999.0,9999.0,9999.0,9999.0,0.0,9999.0,9999.0,9999.0,9999.0,9999.0,9999.0,9999.0,9999.0
science_technology_optimism|WVS_E,9999.0,16.76721459405072,19.181168249005772,9999.0,16.227791776465537,35.81029496243649,17.863889253431005,21.4732634591145,27.44308870604818,23.529443043460343,22.670103800612942,9999.0,17.758404021363496,18.87686652923999,16.109562666639786,9999.0,9999.0,9999.0,9999.0,9999.0,25.200360903618883,9.42507068803016,24.350443822358518,9999.0,9999.0,18.14346650320017,19.495564142209417,17.57502993823391,9999.0,9999.0,13.993366713612618,9999.0,55.755916459174436,9999.0,9999.0,9999.0,19.031218622708355,9999.0,9999.0,9999.0,9999.0,17.42507068803016,9999.0,0.0,14.089249792507772,19.918250121398472,30.301897410368365,9999.0,15.35626879004677,9999.0,18.151074178431557
sexual_and_reproductive_morality_permissiveness|WVS_F,9999.0,12.006323010498171,14.420276665453223,9999.0,8.726003490401396,31.04940337888394,13.102997669878455,16.71237187556195,22.68219712249563,11.876484560570072,17.909212217060393,9999.0,12.997512437810947,14.11597494568744,11.348671083087236,9999.0,9999.0,9999.0,9999.0,9999.0,11.11111111111111,4.664179104477612,19.589552238805968,9999.0,9999.0,13.38257491964762,12.903225806451614,12.814138354681361,9999.0,9999.0,9.23247513006007,9999.0,41.666666666666664,9999.0,9999.0,9999.0,14.270327039155806,9999.0,9999.0,9999.0,9999.0,12.664179104477611,9999.0,14.089249792507772,0.0,11.904761904761903,20.161290322580644,9999.0,10.59537720649422,9999.0,11.641443538998836
social_intolerance_outgroups|WVS_A,9999.0,17.83532333938887,20.249276994343923,9999.0,17.295900521803688,36.87840370777464,18.931997998769155,22.54137220445265,28.51119745138633,20.491803278688522,23.738212545951093,9999.0,18.826512766701647,19.94497527457814,17.177671411977936,9999.0,9999.0,9999.0,9999.0,9999.0,20.74688796680498,10.493179433368311,25.41855256769667,9999.0,9999.0,19.21157524853832,20.56367288754757,16.44736842105263,9999.0,9999.0,15.061475458950769,9999.0,53.57142857142857,9999.0,9999.0,9999.0,20.099327368046506,9999.0,9999.0,9999.0,9999.0,18.49317943336831,9999.0,19.918250121398472,11.904761904761903,0.0,26.954177897574123,9999.0,16.42437753538492,9999.0,19.219182923769708
societal_change_attitudes|WVS_E,9999.0,28.218970628358765,30.632924283313812,9999.0,22.075055187637968,47.262050996744534,29.31564528773905,29.41176470588235,38.89484474035622,32.03777488315072,34.12185983492098,9999.0,29.210160055671537,30.328622563548034,27.56131870094783,9999.0,9999.0,9999.0,9999.0,9999.0,31.272401433691755,20.876826722338205,35.80219985666656,9999.0,9999.0,29.595222537508214,30.947320176517458,24.096385542168672,9999.0,9999.0,25.445122747920664,9999.0,61.7283950617284,9999.0,9999.0,9999.0,30.4829746570164,9999.0,9999.0,9999.0,9999.0,28.876826722338205,9999.0,30.301897410368365,20.161290322580644,26.954177897574123,0.0,9999.0,26.808024824354813,9999.0,25.0
socioeconomic_insecurity_worry|WVS_H,9999.0,9999.0,9999.0,9999.0,9999.0,9999.0,9999.0,9999.0,9999.0,9999.0,9999.0,9999.0,9999.0,9999.0,9999.0,9999.0,9999.0,9999.0,9999.0,9999.0,9999.0,9999.0,9999.0,9999.0,9999.0,9999.0,9999.0,9999.0,9999.0,9999.0,9999.0,9999.0,9999.0,9999.0,9999.0,9999.0,9999.0,9999.0,9999.0,9999.0,9999.0,9999.0,9999.0,9999.0,9999.0,9999.0,9999.0,0.0,9999.0,9999.0,9999.0
subjective_wellbeing|WVS_A,9999.0,13.273342008037167,15.687295662992216,9999.0,12.733919190451982,32.316422376422935,14.370016667417453,17.979390873100943,23.949216120034627,20.03557045744679,19.17623121459939,9999.0,14.26453143534994,15.382993943226438,12.615690080626234,9999.0,9999.0,9999.0,9999.0,9999.0,21.70648831760533,5.931198102016608,20.856571236344966,9999.0,9999.0,14.649593917186618,16.001691556195862,14.081157352220355,9999.0,9999.0,10.499494127599064,9999.0,52.262043873160884,9999.0,9999.0,9999.0,15.537346036694803,9999.0,9999.0,9999.0,9999.0,13.931198102016609,9999.0,15.35626879004677,10.59537720649422,16.42437753538492,26.808024824354813,9999.0,0.0,9999.0,14.657201592418005
voting_participation|WVS_E,9999.0,9999.0,9999.0,9999.0,9999.0,9999.0,9999.0,9999.0,9999.0,9999.0,9999.0,9999.0,9999.0,9999.0,9999.0,9999.0,9999.0,9999.0,9999.0,9999.0,9999.0,9999.0,9999.0,9999.0,9999.0,9999.0,9999.0,9999.0,9999.0,9999.0,9999.0,9999.0,9999.0,9999.0,9999.0,9999.0,9999.0,9999.0,9999.0,9999.0,9999.0,9999.0,9999.0,9999.0,9999.0,9999.0,9999.0,9999.0,9999.0,0.0,9999.0
work_ethic|WVS_C,9999.0,16.068147396421956,18.482101051377008,9999.0,13.986013986013987,35.11122776480772,17.16482205580224,20.04008016032064,26.744021508419415,19.455252918287936,21.971036602984178,9999.0,17.059336823734732,18.177799331611226,15.410495469011021,9999.0,9999.0,9999.0,9999.0,9999.0,22.752554650109946,8.726003490401396,23.651376624729753,9999.0,9999.0,17.444399305571405,18.796496944580653,15.45595054095827,9999.0,9999.0,13.294299515983854,9999.0,53.3081102056655,9999.0,9999.0,9999.0,18.33215142507959,9999.0,9999.0,9999.0,9999.0,16.726003490401396,9999.0,18.151074178431557,11.641443538998836,19.219182923769708,25.0,9999.0,14.657201592418005,9999.0,0.0
