construct,acceptance_of_state_surveillance|WVS_H,authoritarian_governance_tolerance|WVS_E,autocracy_support|WVS_E,basic_needs_deprivation|WVS_H,child_qualities_autonomy_self_expression|WVS_A,child_qualities_conformity_tradition|WVS_A,child_qualities_prosocial_diligence|WVS_A,civic_dishonesty_tolerance|WVS_F,confidence_in_civil_society_organizations|WVS_E,confidence_in_domestic_institutions|WVS_E,confidence_in_international_organizations|WVS_E,crime_victimization|WVS_H,democratic_system_evaluation|WVS_E,democratic_values_importance|WVS_E,economic_ideology|WVS_E,electoral_integrity|WVS_E,existential_threat_worry|WVS_H,familial_duty_obligations|WVS_D,female_income_threat_to_marriage|WVS_D,freedom_security_tradeoff_perception|WVS_H,gender_role_traditionalism|WVS_D,immigrant_origin_status|WVS_G,importance_of_life_domains|WVS_A,institutional_threat_perception|WVS_H,international_organization_knowledge|WVS_E,job_scarcity_gender_discrimination|WVS_C,job_scarcity_nativist_preference|WVS_C,life_autonomy_morality_permissiveness|WVS_F,multilevel_place_attachment|WVS_G,neighborhood_disorder_and_crime|WVS_H,offline_political_participation|WVS_E,online_political_participation|WVS_E,outgroup_trust|WVS_G,perceived_corruption|WVS_E,perceived_negative_effects_of_immigration|WVS_G,perceived_positive_effects_of_immigration|WVS_G,political_information_sources|WVS_E,postmaterialist_values|WVS_E,precautionary_security_behaviors|WVS_H,religion_versus_secularism_orientation|WVS_F,religious_belief|WVS_F,religious_exclusivism|WVS_F,religious_practice_and_self_identification|WVS_F,science_skepticism|WVS_I,science_technology_optimism|WVS_E,sexual_and_reproductive_morality_permissiveness|WVS_F,social_intolerance_outgroups|WVS_A,societal_change_attitudes|WVS_E,socioeconomic_insecurity_worry|WVS_H,subjective_wellbeing|WVS_A,violence_tolerance|WVS_F,voluntary_association_active_membership|WVS_A,voluntary_association_belonging|WVS_A,voting_participation|WVS_E,work_ethic|WVS_C
acceptance_of_state_surveillance|WVS_H,0.0,18.1836013977441,2.180633872898021,0.0,0.0,80.09155681600423,85.65713127252496,106.0431666744444,881.2225531659608,4.201429055128187,886.8969311668337,9936.349380404043,16.90726033122533,820.8227087404543,75.98363927819861,0.0,9942.011846356349,87.14100813992737,142.32889591125632,9950.916164119393,0.0,36.04508321061029,152.7535632195508,0.0,323.5941953874061,0.0,12.036720479648636,0.06508376886482381,178.30576641913012,9944.188631320018,101.61831070160555,473.30528246209633,28.928227887655055,512.9603694121679,90.88091633118864,911.6901781324458,111.06548847694336,337.82522947740546,9934.238631597707,0.0,34.69464217245476,250.97944814702205,10.621810475509598,209.08685192899634,890.9709095746086,0.0,0.0,7.31944088421001,9941.31720895707,152.02365338008474,0.0,0.0,88.11495382380546,0.0,0.0
authoritarian_governance_tolerance|WVS_E,18.1836013977441,0.0,9948.075675467928,0.0,78.59776907395954,54.57843581368364,0.0,0.0,9901.785895187999,9916.42457142754,9907.460273188872,141.48161368554605,9921.867023288485,9914.86403293105,9912.449205893035,9946.018546832414,6.480272976963441,117.26440451010532,77.51463167483405,0.0,291.1968315794642,12.723644563493664,57.274151251609155,0.0,9929.572228891557,0.0,23.46763475696993,38.07136889843656,7.803896113367998,45.864197060452256,9956.17415295416,9953.84943852371,0.0,9927.857308576025,0.0,5.347147530237521,9947.53105509178,9944.415809579783,46.89774659964101,2.1670875708142745,107.52460544201116,0.930439055637386,13.411641752359763,0.0,9894.103142856113,24.62680176965891,0.0,9927.118340832381,29.238729390061103,69.77377284045035,0.0,0.0,25.48493617256944,9966.091836734693,107.9843054610134
autocracy_support|WVS_E,2.180633872898021,9948.075675467928,0.0,0.0,238.41966573678417,63.4246796608747,0.0,0.0,9907.35874579717,9946.101506845687,9913.033123798043,48.96898848939051,9949.59575704737,9940.38419462014,9937.969367582125,9957.736527417197,12.75298937621601,212.75299907011748,114.95848175820106,0.0,234.4554416370187,0.0,2.1706152591802805,0.0,9925.663850558529,0.6804732341041415,0.0,0.0,0.0,0.0,9976.424551826047,9975.641887959006,0.0,9953.377470265115,0.0,17.101971180884618,9973.05121678087,9966.477624448,10.345572022846731,0.0,17.208990005001844,218.13184311761626,9.471343760889177,31.6270871498627,9919.623304545203,0.0,0.0,9953.674796747968,0.0,33.94877562340622,0.0,0.0,0.0,9975.948589176132,13.110088229642386
basic_needs_deprivation|WVS_H,0.0,0.0,0.0,0.0,0.0,0.0,0.0,0.0,0.0,0.0,0.0,0.0,0.0,0.0,0.0,0.0,0.0,0.0,0.0,0.0,0.0,0.0,0.0,0.0,0.0,0.0,0.0,0.0,0.0,0.0,0.0,0.0,0.0,0.0,0.0,0.0,0.0,0.0,0.0,0.0,0.0,0.0,0.0,0.0,0.0,0.0,0.0,0.0,0.0,0.0,0.0,0.0,0.0,0.0,0.0
child_qualities_autonomy_self_expression|WVS_A,0.0,78.59776907395954,238.41966573678417,0.0,0.0,9960.777777777777,9962.574293195452,154.07763609121824,0.0,5.062762391210086,0.0,26.5170068027211,47.164502511761484,48.0213012113788,14.252384471233128,115.94044826110692,0.0,0.0,26.186856907669082,30.32832920961156,0.0,3.600775549917188,9939.624536103089,0.0,45.085299353771546,0.0,7.532047879757414,0.0,382.76577415647404,28.026016523347764,0.0,0.0,27.24743500434308,946.768329273889,2.6019346685666314,6.080868413155031,53.87418524382777,0.0,61.81125946894808,0.0,0.0,0.0,0.0,6.108843537414966,136.06820493262143,0.0,0.0,0.0,0.0,9970.113402061856,0.0,0.0,9966.9536826602,967.4858433533757,0.0
child_qualities_conformity_tradition|WVS_A,80.09155681600423,54.57843581368364,63.4246796608747,0.0,9960.777777777777,0.0,9951.588860901204,0.0,27.27574344736061,19.149967679379444,141.1185163720661,21.288090218248698,15.535364303399064,8.682094466253005,81.01253174080692,171.80241884860573,4.754645279600538,16.75627240143369,9.352247578842963,4.098627736914352,3.488047088224654,0.0,9934.880446084528,0.0,5.024644661399336,320.6121237051842,100.76818991963997,3.876310647561226,6.854232730080909,12.919885704727086,0.0,0.0,38.09773581606784,32.10424936142267,24.230665983356523,90.84726000777303,24.36050997180974,0.0,253.71449375728508,3.649891616380586,0.0,0.0,0.0,0.0,475.4610177404295,0.0,0.0,0.0,0.0,9963.891179839633,0.0,0.0,9956.221502847928,27.676818269878822,0.0
child_qualities_prosocial_diligence|WVS_A,85.65713127252496,0.0,0.0,0.0,9962.574293195452,9951.588860901204,0.0,134.00238192448347,20.903763804372332,61.187916026625714,22.567446618079515,35.317579925879755,46.94891675711538,94.90074613683574,702.9865295994329,0.0,4.020709407358446,63.01454632688889,731.916820246096,0.0,15.171329016064796,0.0,9943.873674712384,0.0,0.0,13.252855659397714,35.422405448707984,708.1995584473849,76.57296080928272,16.184882261637085,0.0,0.0,0.0,199.16386305165247,0.0,19.075827594539092,19.858017730673662,0.0,186.95014662756597,141.09805522789827,70.70750400366049,13.257240955069314,967.4930306650737,4.16583183062847,193.18747510951812,198.62867265286178,0.0,165.8161996558344,40.76713182730974,9967.129107803883,0.0,0.0,9965.926205944148,0.0,33.322134707031495
civic_dishonesty_tolerance|WVS_F,106.0431666744444,0.0,0.0,0.0,154.07763609121824,0.0,134.00238192448347,0.0,49.45224162963615,0.0,261.8809716458902,43.489153842212914,0.0,0.0,13.534223700380323,0.0,118.22821634381236,119.94804332245297,0.0,20.55923848376679,142.5411549714953,248.2440800826451,140.33071685013292,0.0,0.0,0.0,11.504766357426533,9942.971243260139,0.0,0.0,167.6679867503319,0.0,50.039835754121455,0.0,46.64723331238128,103.25869394138097,81.39882412847825,4.222184800123102,5.659643286285075,9945.178312985263,9957.894407109792,9951.724943115294,9959.39195220551,0.0,47.19750776106562,9956.035396188103,0.0,0.0,0.0,24.941995146378844,0.0,0.0,11.33582418694779,184.62705912694997,0.0
confidence_in_civil_society_organizations|WVS_E,881.2225531659608,9901.785895187999,9907.35874579717,0.0,0.0,27.27574344736061,20.903763804372332,49.45224162963615,0.0,9889.977443609023,9866.743343518114,447.1201898554856,9889.548614883215,9887.248847926267,9862.53222650742,9900.622718052738,13.81698197171481,12.600515563079512,250.74925074925076,45.84783512626642,0.0,909.6151758161755,406.0118793163955,0.0,9877.951149425287,77.63269663437258,191.87647074942845,269.09105267314214,118.80711880711878,399.403885215906,9915.457223283402,9914.039628842065,0.0,9885.73060211953,0.0,32.38464263824075,9897.614075706164,9906.158152340166,0.0,897.8021978021978,62.58125747568778,10.567165663081099,93.05858785928112,35.51983406792843,9858.157072707765,135.5189525921233,0.0,9907.730158730159,494.1309857276244,53.696984605292826,0.0,0.0,102.1129141311697,9916.718903530924,0.0
confidence_in_domestic_institutions|WVS_E,4.201429055128187,9916.42457142754,9946.101506845687,0.0,5.062762391210086,19.149967679379444,61.187916026625714,0.0,9889.977443609023,0.0,9900.272577996717,225.55616042378978,9939.998329156224,9931.321575061525,9910.809466916993,9940.452684123695,420.2897889679499,112.1605158559246,22.743874792187945,114.57904297225653,21.186092677589585,957.8924162257496,122.9273812607146,0.0,9907.519497157498,6.254205752380074,0.0,0.0,0.0,0.0,9949.264651160913,9952.346203346204,2.262582967514888,9944.728291316527,48.006778314805416,222.44207051575228,9945.891316115738,9939.99273880633,104.39779256983557,0.0,0.0,21.95412991441445,0.0,100.98956086254007,9917.154761904761,0.0,0.0,9949.858250276855,0.0,47.743430020878975,0.0,0.0,33.55415230982898,9948.788688511,0.0
confidence_in_international_organizations|WVS_E,886.8969311668337,9907.460273188872,9913.033123798043,0.0,0.0,141.1185163720661,22.567446618079515,261.8809716458902,9866.743343518114,9900.272577996717,0.0,900.6382622300296,9900.79471667675,9890.971982758621,9871.60585443752,9906.297096053611,39.959196229897714,12.952687924484863,49.604577866973585,106.8436040649687,0.0,156.7840418415131,385.3704678435844,0.0,9883.62552742616,910.8932815317972,812.524110782387,883.8527139596347,180.48364863838145,190.7925489310647,9921.131601284274,9915.383657507462,0.0,9905.524678837051,1.3552099196483454,31.062751982397316,9906.687703636264,9909.113116078643,23.527513423694373,382.93422945906065,275.7613017762198,122.4871305043328,0.0,202.0574415957352,9877.951149425287,726.7115903095922,0.0,9910.654637797381,198.59994814622766,180.7708721254002,0.0,0.0,78.37552742616033,9922.393281531797,38.703460228291405
crime_victimization|WVS_H,9936.349380404043,141.48161368554605,48.96898848939051,0.0,26.5170068027211,21.288090218248698,35.317579925879755,43.489153842212914,447.1201898554856,225.55616042378978,900.6382622300296,0.0,466.67980286322165,34.435182366858314,192.27676558525516,107.14882052522182,9967.156355035479,189.23338566195707,20.66272160937138,9970.969418563594,51.41588423656339,0.0,78.5633708871406,0.0,88.88484144916696,46.09149348087014,71.66237714404159,77.5363909004462,137.77583961830385,9954.530712453987,0.0,0.0,32.4725975844748,36.7446973280731,11.755355887932772,197.45460343178232,6.284047419679908,14.62602232227929,9960.788168161174,52.38815199443911,1.9849194766623164,9.671841853346002,2.3906647173104716,5.380385624929005,167.5204461380755,51.33405821344932,0.0,9.359173526108172,9951.65929009104,4.722615230907863,0.0,0.0,19.086901601916594,4.148761072036027,13.589575136371764
democratic_system_evaluation|WVS_E,16.90726033122533,9921.867023288485,9949.59575704737,0.0,47.164502511761484,15.535364303399064,46.94891675711538,0.0,9889.548614883215,9939.998329156224,9900.79471667675,466.67980286322165,0.0,9937.432977191786,9911.331605597028,9943.175227757318,945.5486178289801,104.60918000761053,24.807795772560553,192.33695401001353,164.23932869368994,69.52566601689409,70.50834347015979,0.0,9920.571887817316,141.8924598440954,0.0,0.7669973261113228,0.0,0.0,9949.79554860664,9956.091794287124,4.109341923069337,9945.25042999656,9.29485942122254,132.69519018370124,9946.413454795773,9945.515032090982,27.538978868916622,0.0,0.0,12.922652561088753,0.0,52.09262660118715,9917.676900584795,0.0,0.0,9950.763576043304,0.0,113.40785131012791,0.0,0.0,5.396637310208703,9949.310827191035,0.0
democratic_values_importance|WVS_E,820.8227087404543,9914.86403293105,9940.38419462014,0.0,48.0213012113788,8.682094466253005,94.90074613683574,0.0,9887.248847926267,9931.321575061525,9890.971982758621,34.435182366858314,9937.432977191786,0.0,9909.248928420502,9929.016088255574,19.98013463376362,105.80347314849588,20.896430206236637,2.217759596807454,78.60622840340824,0.0,509.60213688186974,0.0,9912.304840334966,8.191918130450887,349.0750994198478,38.522325260095045,0.0,32.9870065419252,9948.469489653848,9954.765735334331,96.73085466294324,9939.38444503499,77.41324491287467,497.3822031263338,9944.330777619247,9944.188973138189,258.7512325679673,27.918089575706958,0.0,0.0,0.0,0.0,9907.854166666666,7.379426987159945,0.0,9949.437517090511,11.407093697100002,6.040088561220841,0.0,0.0,530.9431936452698,9947.228150014509,0.0
economic_ideology|WVS_E,75.98363927819861,9912.449205893035,9937.969367582125,0.0,14.252384471233128,81.01253174080692,702.9865295994329,13.534223700380323,9862.53222650742,9910.809466916993,9871.60585443752,192.27676558525516,9911.331605597028,9909.248928420502,0.0,9926.60126121756,940.1239472429684,25.79117460489715,214.5421698069294,80.92331214094757,15.63248774969334,0.0,241.5326608874996,0.0,9893.18576698999,72.20221186538434,10.638767005490266,82.07812095600696,50.6513018231076,1.0277164261830194,9945.289285626408,9944.506621759368,932.497743748799,9922.242204065476,932.920301669189,239.30003831458026,9941.915950581233,9935.342358248363,6.2195284846056325,72.49712909158416,125.80436353600388,154.38788126580468,358.23803834556526,711.2430580172517,9888.488038345566,20.225033714314634,0.0,9921.503236321832,3.99196166360872,942.2074488177079,0.0,0.0,73.6264058229427,9944.813322976495,0.0
electoral_integrity|WVS_E,0.0,9946.018546832414,9957.736527417197,0.0,115.94044826110692,171.80241884860573,0.0,0.0,9900.622718052738,9940.452684123695,9906.297096053611,107.14882052522182,9943.175227757318,9929.016088255574,9926.60126121756,0.0,28.38425776297143,590.2737815944403,53.61893050499985,0.0,172.58228476740206,0.0,21.36380366045438,0.0,9917.504901960785,0.0,0.0,6.022774345942025,0.0,0.0,9965.05644546148,9964.27378159444,0.0,9942.009363900548,0.0,27.774681142849104,9961.683110416305,9955.109518083433,49.6767663575813,0.0,15.94189374144581,483.0795262267343,0.0,40.519606101868845,9908.893852978454,0.0,0.0,9948.025974025973,0.0,68.35758737618374,0.0,0.0,0.0,9964.580482811567,13.853783107312282
existential_threat_worry|WVS_H,9942.011846356349,6.480272976963441,12.75298937621601,0.0,0.0,4.754645279600538,4.020709407358446,118.22821634381236,13.81698197171481,420.2897889679499,39.959196229897714,9967.156355035479,945.5486178289801,19.98013463376362,940.1239472429684,28.38425776297143,0.0,15.220777461736425,27.193772773352435,9975.226856631565,0.0,0.0,31.887022877011745,0.0,0.0,38.43676814988291,68.66643029905183,27.321539585965986,948.7149218591169,9960.193178406293,0.0,0.0,0.0,102.59087345536904,0.0,20.729112759473303,7.463860957842165,0.0,9965.045606229143,34.27515245697063,0.0,0.0,10.357567904341963,0.0,921.7778842060451,25.128482525230112,0.0,2.5982027727505326,9957.321756043346,0.0,0.0,0.0,2.8859486531195593,0.0,0.0
familial_duty_obligations|WVS_D,87.14100813992737,117.26440451010532,212.75299907011748,0.0,0.0,16.75627240143369,63.01454632688889,119.94804332245297,12.600515563079512,112.1605158559246,12.952687924484863,189.23338566195707,104.60918000761053,105.80347314849588,25.79117460489715,590.2737815944403,15.220777461736425,0.0,9931.952622673434,143.67057673509288,9942.766233766233,199.9229044014578,629.2435837221371,0.0,32.64060696025072,68.20806557559791,47.950678937576356,37.48617213209147,265.23735768049784,75.40491304592405,0.0,0.0,19.308943089430898,303.8634423910756,21.09195402298851,38.78612790517161,938.9218042914468,0.0,36.14459280228141,60.010911074740875,21.881487410762503,12.888707037643215,120.01287001287002,37.32048374905517,127.4533462033462,22.591690728691248,0.0,12.793508594180494,58.227861672643854,14.412252636568311,0.0,0.0,116.11474111474112,608.4858433533757,0.0
female_income_threat_to_marriage|WVS_D,142.32889591125632,77.51463167483405,114.95848175820106,0.0,26.186856907669082,9.352247578842963,731.916820246096,0.0,250.74925074925076,22.743874792187945,49.604577866973585,20.66272160937138,24.807795772560553,20.896430206236637,214.5421698069294,53.61893050499985,27.193772773352435,9931.952622673434,0.0,26.921355471801746,9953.472688306267,0.0,305.02516351572956,0.0,692.7957097682728,962.2436136231586,868.0148054527398,0.0,13.496145695894555,35.16875278845524,18.887698543813727,0.0,108.48685792487396,1.7168469597783869,165.93222496891335,237.92729865821315,7.30723413569779,38.26534962495214,36.21546278003261,0.0,0.0,6.0875101349228515,0.0,6.278268479081866,32.59324391031117,0.0,0.0,0.0,7.879417856255543,2.9848732223328582,0.0,0.0,108.11225202516138,123.99734496644217,0.0
freedom_security_tradeoff_perception|WVS_H,9950.916164119393,0.0,0.0,0.0,30.32832920961156,4.098627736914352,0.0,20.55923848376679,45.84783512626642,114.57904297225653,106.8436040649687,9970.969418563594,192.33695401001353,2.217759596807454,80.92331214094757,0.0,9975.226856631565,143.67057673509288,26.921355471801746,0.0,52.14458115107923,0.0,8.246414476507475,0.0,0.0,0.0,5.905618164636778,537.7302436125966,94.69544607372472,9969.09749616934,0.0,0.0,0.0,33.41918752814752,0.0,29.06601611739154,1.9546397863430762,0.0,9968.85866975726,941.2843799656362,2.4952836157034497,0.0,9.828621903507504,0.0,270.4185339410579,513.5703945857304,0.0,15.424327528611094,9966.22607380639,0.14441934167519932,0.0,0.0,2.1691777544941004,0.0,9.11887650821642
gender_role_traditionalism|WVS_D,0.0,291.1968315794642,234.4554416370187,0.0,0.0,3.488047088224654,15.171329016064796,142.5411549714953,0.0,21.186092677589585,0.0,51.41588423656339,164.23932869368994,78.60622840340824,15.63248774969334,172.58228476740206,0.0,9942.766233766233,9953.472688306267,52.14458115107923,0.0,16.468396295713276,150.1780652959031,0.0,51.770515146089565,0.0,15.269469559850023,0.0,66.4596732461004,57.87825964957889,0.0,0.0,11.187480464953104,153.71645778940064,3.337311596575013,3.0330954905978302,142.44242867652986,0.0,66.40658538141057,1.084160893040547,1.415247060637995,1.4949112543393213,24.296511037061215,17.253675663813915,55.79102068407819,0.0,0.0,0.0,7.869233703279889,0.0,0.0,0.0,17.815962647695564,963.5216192536102,0.0
immigrant_origin_status|WVS_G,36.04508321061029,12.723644563493664,0.0,0.0,3.600775549917188,0.0,0.0,248.2440800826451,909.6151758161755,957.8924162257496,156.7840418415131,0.0,69.52566601689409,0.0,0.0,0.0,0.0,199.9229044014578,0.0,0.0,16.468396295713276,0.0,0.0,0.0,5.203781233810716,1.8177969489283434,0.0,34.487434641629406,9958.747949762,0.46297440034042836,0.0,0.0,9977.580693057555,0.0,9978.003250977945,9951.049654290002,0.0,0.0,0.0,23.29428338957689,0.0,0.0,0.0,0.0,11.328563411896752,43.63224606161914,0.0,1.6987684120459114,56.179917077370575,0.0,0.0,0.0,0.0,0.0,2.15415688092914
importance_of_life_domains|WVS_A,152.7535632195508,57.274151251609155,2.1706152591802805,0.0,9939.624536103089,9934.880446084528,9943.873674712384,140.33071685013292,406.0118793163955,122.9273812607146,385.3704678435844,78.5633708871406,70.50834347015979,509.60213688186974,241.5326608874996,21.36380366045438,31.887022877011745,629.2435837221371,305.02516351572956,8.246414476507475,150.1780652959031,0.0,0.0,0.0,127.52590355593304,37.1964845574011,34.609699064060294,635.0679564819939,120.86134616951438,19.99804585936417,0.0,13.121711244332445,9.637216840188223,934.3601184091981,8.225705212524758,121.91804782379953,32.774022405268994,42.698367830178015,85.71874513491959,225.93349699139873,195.63953171892973,68.59641897254275,952.6892860226194,33.775364420525705,900.605952689286,133.38376438456606,0.0,933.621150665554,31.69983654291189,9952.325363161428,0.0,0.0,9950.41098683333,0.0,419.2832125642017
institutional_threat_perception|WVS_H,0.0,0.0,0.0,0.0,0.0,0.0,0.0,0.0,0.0,0.0,0.0,0.0,0.0,0.0,0.0,0.0,0.0,0.0,0.0,0.0,0.0,0.0,0.0,0.0,0.0,0.0,0.0,0.0,0.0,0.0,0.0,0.0,0.0,0.0,0.0,0.0,0.0,0.0,0.0,0.0,0.0,0.0,0.0,0.0,0.0,0.0,0.0,0.0,0.0,0.0,0.0,0.0,0.0,0.0,0.0
international_organization_knowledge|WVS_E,323.5941953874061,9929.572228891557,9925.663850558529,0.0,45.085299353771546,5.024644661399336,0.0,0.0,9877.951149425287,9907.519497157498,9883.62552742616,88.88484144916696,9920.571887817316,9912.304840334966,9893.18576698999,9917.504901960785,0.0,32.64060696025072,692.7957097682728,0.0,51.770515146089565,5.203781233810716,127.52590355593304,0.0,0.0,0.0,445.01698033662717,366.55517339307687,8.325841199435757,923.5159523870735,9936.670139866705,9935.143301541722,0.0,9915.582367130963,0.0,34.33386059140594,9928.267616188736,9925.152370676737,65.03496220804921,911.0912343470483,0.0,0.0,240.4230372864001,0.0,9874.839703953066,477.0908174198021,0.0,9925.635439186484,297.3647511499818,5.482191348286406,0.0,0.0,48.595957609306026,9937.661270703262,0.0
job_scarcity_gender_discrimination|WVS_C,0.0,0.0,0.6804732341041415,0.0,0.0,320.6121237051842,13.252855659397714,0.0,77.63269663437258,6.254205752380074,910.8932815317972,46.09149348087014,141.8924598440954,8.191918130450887,72.20221186538434,0.0,38.43676814988291,68.20806557559791,962.2436136231586,0.0,0.0,1.8177969489283434,37.1964845574011,0.0,0.0,0.0,9966.539920159681,0.0,0.0,20.46703296703297,7.482792934700928,17.714815315992517,2.837715901243424,63.663954395116534,31.543933362818812,269.0198618307426,14.47812148399597,26.337708874627033,134.67357845389864,0.0,127.38872252547084,40.600798511985566,100.38392660623887,0.6001541828846264,285.33763030994254,0.0,0.0,186.07769601107827,10.758003766478339,131.6210966412231,0.0,0.0,33.378035008469794,0.0,9956.454043624011
job_scarcity_nativist_preference|WVS_C,12.036720479648636,23.46763475696993,0.0,0.0,7.532047879757414,100.76818991963997,35.422405448707984,11.504766357426533,191.87647074942845,0.0,812.524110782387,71.66237714404159,0.0,349.0750994198478,10.638767005490266,0.0,68.66643029905183,47.950678937576356,868.0148054527398,5.905618164636778,15.269469559850023,0.0,34.609699064060294,0.0,445.01698033662717,9966.539920159681,0.0,0.0,18.895370390966193,0.0,8.934619918601612,123.91612609204792,14.343388551031843,500.95726395371213,17.751533360392052,404.4169248475662,16.62184666648976,958.5018625810412,16.156228556764482,0.0,64.81949901002852,959.1560812506577,67.89754267824443,56.76438571175412,911.6475426782445,0.0,0.0,2.466208862604894,0.0,120.61695315038715,0.0,0.0,10.97596524666912,0.0,9953.134326362684
life_autonomy_morality_permissiveness|WVS_F,0.06508376886482381,38.07136889843656,0.0,0.0,0.0,3.876310647561226,708.1995584473849,9942.971243260139,269.09105267314214,0.0,883.8527139596347,77.5363909004462,0.7669973261113228,38.522325260095045,82.07812095600696,6.022774345942025,27.321539585965986,37.48617213209147,0.0,537.7302436125966,0.0,34.487434641629406,635.0679564819939,0.0,366.55517339307687,0.0,0.0,0.0,26.121212252599108,0.0,27.105286632698387,0.0,95.34765435630898,31.40121078460001,232.63061249713087,911.5261271458215,114.23770247503226,11.629059261086184,168.1441263736175,9938.380022962112,9953.905351292318,9948.052207317842,9951.818231201014,32.51947703107331,355.2803524131352,9948.82405047931,0.0,0.0,0.0,2.553159437096923,0.0,0.0,943.3676853031692,12.159678478823722,0.0
multilevel_place_attachment|WVS_G,178.30576641913012,7.803896113367998,0.0,0.0,382.76577415647404,6.854232730080909,76.57296080928272,0.0,118.80711880711878,0.0,180.48364863838145,137.77583961830385,0.0,0.0,50.6513018231076,0.0,948.7149218591169,265.23735768049784,13.496145695894555,94.69544607372472,66.4596732461004,9958.747949762,120.86134616951438,0.0,8.325841199435757,0.0,18.895370390966193,26.121212252599108,0.0,0.0,52.00106832305153,36.0156740748354,9947.915172129458,0.0,9948.017545659757,9912.639271991617,282.08018298532266,29.046415486196835,32.179252032012286,12.107459023712437,0.0,0.0,0.0,10.114751408932364,80.87837734929482,0.0,0.0,0.0,0.0,96.12890318215469,0.0,0.0,5.4492558003794045,88.63052341711457,0.0
neighborhood_disorder_and_crime|WVS_H,9944.188631320018,45.864197060452256,0.0,0.0,28.026016523347764,12.919885704727086,16.184882261637085,0.0,399.403885215906,0.0,190.7925489310647,9954.530712453987,0.0,32.9870065419252,1.0277164261830194,0.0,9960.193178406293,75.40491304592405,35.16875278845524,9969.09749616934,57.87825964957889,0.46297440034042836,19.99804585936417,0.0,923.5159523870735,20.46703296703297,0.0,0.0,0.0,0.0,0.0,965.1708250383574,1.481985238742233,11.779905760753927,2.8351421540276007,60.64581512092232,36.654227934295974,356.00656152735064,9952.419963647651,0.0,0.0,99.51792305411011,0.0,297.44362257543276,182.0047939616483,0.0,0.0,0.0,9960.65677872995,488.18744157038077,0.0,0.0,0.0,0.0,0.0
offline_political_participation|WVS_E,101.61831070160555,9956.17415295416,9976.424551826047,0.0,0.0,0.0,0.0,167.6679867503319,9915.457223283402,9949.264651160913,9921.131601284274,0.0,9949.79554860664,9948.469489653848,9945.289285626408,9965.05644546148,0.0,0.0,18.887698543813727,0.0,0.0,0.0,0.0,0.0,9936.670139866705,7.482792934700928,8.934619918601612,27.105286632698387,52.00106832305153,0.0,0.0,9982.961806003288,0.0,9960.697388309398,0.0,0.0,9980.371134825153,9973.797542492282,38.877611279250026,70.33285198037228,0.0,0.0,7.3489602944030175,0.0,9926.943222589485,72.65450234852493,0.0,9961.800088505366,48.55215201253458,0.0,0.0,0.0,0.0,9983.268507220415,0.0
online_political_participation|WVS_E,473.30528246209633,9953.84943852371,9975.641887959006,0.0,0.0,0.0,0.0,0.0,9914.039628842065,9952.346203346204,9915.383657507462,0.0,9956.091794287124,9954.765735334331,9944.506621759368,9964.27378159444,0.0,0.0,0.0,0.0,0.0,0.0,13.121711244332445,0.0,9935.143301541722,17.714815315992517,123.91612609204792,0.0,36.0156740748354,965.1708250383574,9982.961806003288,0.0,0.0,9959.914724442358,0.0,0.0,9979.588470958113,9973.014878625243,163.73597305323614,0.0,0.0,0.0,0.0,0.0,9930.024774774774,0.0,0.0,9968.096334185848,13.228011249057914,0.0,0.0,0.0,0.0,9982.485843353375,0.0
outgroup_trust|WVS_G,28.928227887655055,0.0,0.0,0.0,27.24743500434308,38.09773581606784,0.0,50.039835754121455,0.0,2.262582967514888,0.0,32.4725975844748,4.109341923069337,96.73085466294324,932.497743748799,0.0,0.0,19.308943089430898,108.48685792487396,0.0,11.187480464953104,9977.580693057555,9.637216840188223,0.0,0.0,2.837715901243424,14.343388551031843,95.34765435630898,9947.915172129458,1.481985238742233,0.0,0.0,0.0,30.550474530961495,9971.053756567562,9944.10015987962,18.861644229595093,0.0,958.4194027349741,12.214805525989327,383.55373962946794,16.00601301606064,9.338462321071205,2.1589524260875805,19.414838606612648,22.497832895143596,0.0,948.7711309338157,3.9595185558759525,6.752827329821379,0.0,0.0,0.0,0.0,49.4763303519368
perceived_corruption|WVS_E,512.9603694121679,9927.857308576025,9953.377470265115,0.0,946.768329273889,32.10424936142267,199.16386305165247,0.0,9885.73060211953,9944.728291316527,9905.524678837051,36.7446973280731,9945.25042999656,9939.38444503499,9922.242204065476,9942.009363900548,102.59087345536904,303.8634423910756,1.7168469597783869,33.41918752814752,153.71645778940064,0.0,934.3601184091981,0.0,9915.582367130963,63.663954395116534,500.95726395371213,31.40121078460001,0.0,11.779905760753927,9960.697388309398,9959.914724442358,30.550474530961495,0.0,156.6617376855112,77.62480766423583,9957.324053264221,9950.750460931351,84.29899818678761,0.0,0.0,13.010740207028071,0.0,7.17163525056575,9922.406862745098,0.0,0.0,9955.110351117191,2.7959212062980683,25.18311906826439,0.0,0.0,268.20117517259825,9960.221425659485,14.33894882900097
perceived_negative_effects_of_immigration|WVS_G,90.88091633118864,0.0,0.0,0.0,2.6019346685666314,24.230665983356523,0.0,46.64723331238128,0.0,48.006778314805416,1.3552099196483454,11.755355887932772,9.29485942122254,77.41324491287467,932.920301669189,0.0,0.0,21.09195402298851,165.93222496891335,0.0,3.337311596575013,9978.003250977945,8.225705212524758,0.0,0.0,31.543933362818812,17.751533360392052,232.63061249713087,9948.017545659757,2.8351421540276007,0.0,0.0,9971.053756567562,156.6617376855112,0.0,9945.30843539762,3.9733738895164805,0.0,82.2987507788209,309.07612762390215,35.76037058869946,4.560275880047403,158.96526427329138,1.2717468945243127,103.2534839152846,278.0168614793608,0.0,81.72508474563328,15.965262108411608,0.0,0.0,0.0,0.0,0.0,12.330269236153239
perceived_positive_effects_of_immigration|WVS_G,911.6901781324458,5.347147530237521,17.101971180884618,0.0,6.080868413155031,90.84726000777303,19.075827594539092,103.25869394138097,32.38464263824075,222.44207051575228,31.062751982397316,197.45460343178232,132.69519018370124,497.3822031263338,239.30003831458026,27.774681142849104,20.729112759473303,38.78612790517161,237.92729865821315,29.06601611739154,3.0330954905978302,9951.049654290002,121.91804782379953,0.0,34.33386059140594,269.0198618307426,404.4169248475662,911.5261271458215,9912.639271991617,60.64581512092232,0.0,0.0,9944.10015987962,77.62480766423583,9945.30843539762,0.0,285.87614038688827,3.919406291564897,202.15863423769233,818.6192527152766,849.6843589800989,49.02462295047465,63.16076540111383,43.202846942419455,79.92833425201601,920.0460166810469,0.0,307.092892475589,99.41388092289151,31.878713665666496,0.0,0.0,24.070374539601303,0.0,29.583288679312695
political_information_sources|WVS_E,111.06548847694336,9947.53105509178,9973.05121678087,0.0,53.87418524382777,24.36050997180974,19.858017730673662,81.39882412847825,9897.614075706164,9945.891316115738,9906.687703636264,6.284047419679908,9946.413454795773,9944.330777619247,9941.915950581233,9961.683110416305,7.463860957842165,938.9218042914468,7.30723413569779,1.9546397863430762,142.44242867652986,0.0,32.774022405268994,0.0,9928.267616188736,14.47812148399597,16.62184666648976,114.23770247503226,282.08018298532266,36.654227934295974,9980.371134825153,9979.588470958113,18.861644229595093,9957.324053264221,3.9733738895164805,285.87614038688827,0.0,9970.424207447108,11.210490923340561,68.11455489041117,3.71223203135618,9.672411079129365,0.5195693263306715,1.8466132327518459,9923.56988754431,88.40120172166391,0.0,9956.585085520577,793.0420648306075,1.9198398883738825,0.0,0.0,9.976997812921596,9979.89517217524,16.807915009843995
postmaterialist_values|WVS_E,337.82522947740546,9944.415809579783,9966.477624448,0.0,0.0,0.0,0.0,4.222184800123102,9906.158152340166,9939.99273880633,9909.113116078643,14.62602232227929,9945.515032090982,9944.188973138189,9935.342358248363,9955.109518083433,0.0,0.0,38.26534962495214,0.0,0.0,0.0,42.698367830178015,0.0,9925.152370676737,26.337708874627033,958.5018625810412,11.629059261086184,29.046415486196835,356.00656152735064,9973.797542492282,9973.014878625243,0.0,9950.750460931351,0.0,3.919406291564897,9970.424207447108,0.0,144.08219905271895,33.28757846959131,0.0,0.0,11.573404478382031,0.0,9916.996295211438,12.609346603660619,0.0,9957.745453927466,52.22724383438996,0.0,0.0,0.0,5.431365985519502,9973.32157984237,0.0
precautionary_security_behaviors|WVS_H,9934.238631597707,46.89774659964101,10.345572022846731,0.0,61.81125946894808,253.71449375728508,186.95014662756597,5.659643286285075,0.0,104.39779256983557,23.527513423694373,9960.788168161174,27.538978868916622,258.7512325679673,6.2195284846056325,49.6767663575813,9965.045606229143,36.14459280228141,36.21546278003261,9968.85866975726,66.40658538141057,0.0,85.71874513491959,0.0,65.03496220804921,134.67357845389864,16.156228556764482,168.1441263736175,32.179252032012286,9952.419963647651,38.877611279250026,163.73597305323614,958.4194027349741,84.29899818678761,82.2987507788209,202.15863423769233,11.210490923340561,144.08219905271895,0.0,284.51827445227764,591.5408373369938,962.9182359041537,23.048586220629232,112.86148400454152,58.26684018888321,67.56266649741593,0.0,87.3137841968972,9949.548541284705,55.848406049497086,0.0,0.0,29.5058707162908,12.551308493282818,30.36024913212185
religion_versus_secularism_orientation|WVS_F,0.0,2.1670875708142745,0.0,0.0,0.0,3.649891616380586,141.09805522789827,9945.178312985263,897.8021978021978,0.0,382.93422945906065,52.38815199443911,0.0,27.918089575706958,72.49712909158416,0.0,34.27515245697063,60.010911074740875,0.0,941.2843799656362,1.084160893040547,23.29428338957689,225.93349699139873,0.0,911.0912343470483,0.0,0.0,9938.380022962112,12.107459023712437,0.0,70.33285198037228,0.0,12.214805525989327,0.0,309.07612762390215,818.6192527152766,68.11455489041117,33.28757846959131,284.51827445227764,0.0,9952.986866791745,9947.133722817267,9950.89974670044,15.522213174450883,143.71885239149682,9947.905565978737,0.0,0.0,0.0,4.677407817279814,0.0,0.0,205.7739922442468,0.0,0.0
religious_belief|WVS_F,34.69464217245476,107.52460544201116,17.208990005001844,0.0,0.0,0.0,70.70750400366049,9957.894407109792,62.58125747568778,0.0,275.7613017762198,1.9849194766623164,0.0,0.0,125.80436353600388,15.94189374144581,0.0,21.881487410762503,0.0,2.4952836157034497,1.415247060637995,0.0,195.63953171892973,0.0,0.0,127.38872252547084,64.81949901002852,9953.905351292318,0.0,0.0,0.0,0.0,383.55373962946794,0.0,35.76037058869946,849.6843589800989,3.71223203135618,0.0,591.5408373369938,9952.986866791745,0.0,9969.845664103541,9973.35644864723,0.0,21.283016303994472,9963.430894308944,0.0,0.0,0.0,0.0,0.0,0.0,82.96825934804947,48.52846987489562,0.0
religious_exclusivism|WVS_F,250.97944814702205,0.930439055637386,218.13184311761626,0.0,0.0,0.0,13.257240955069314,9951.724943115294,10.567165663081099,21.95412991441445,122.4871305043328,9.671841853346002,12.922652561088753,0.0,154.38788126580468,483.0795262267343,0.0,12.888707037643215,6.0875101349228515,0.0,1.4949112543393213,0.0,68.59641897254275,0.0,0.0,40.600798511985566,959.1560812506577,9948.052207317842,0.0,99.51792305411011,0.0,0.0,16.00601301606064,13.010740207028071,4.560275880047403,49.02462295047465,9.672411079129365,0.0,962.9182359041537,9947.133722817267,9969.845664103541,0.0,9969.73384721439,0.0,335.31718054772205,9957.577750334465,0.0,0.0,4.536395369007998,0.0,0.0,0.0,20.737599307150756,4.215564593856911,0.0
religious_practice_and_self_identification|WVS_F,10.621810475509598,13.411641752359763,9.471343760889177,0.0,0.0,0.0,967.4930306650737,9959.39195220551,93.05858785928112,0.0,0.0,2.3906647173104716,0.0,0.0,358.23803834556526,0.0,10.357567904341963,120.01287001287002,0.0,9.828621903507504,24.296511037061215,0.0,952.6892860226194,0.0,240.4230372864001,100.38392660623887,67.89754267824443,9951.818231201014,0.0,0.0,7.3489602944030175,0.0,9.338462321071205,0.0,158.96526427329138,63.16076540111383,0.5195693263306715,11.573404478382031,23.048586220629232,9950.89974670044,9973.35644864723,9969.73384721439,0.0,0.0,0.0,9961.343774217637,0.0,0.0,0.0,0.0,0.0,0.0,109.16547792115458,979.5505932729055,0.0
science_skepticism|WVS_I,209.08685192899634,0.0,31.6270871498627,0.0,6.108843537414966,0.0,4.16583183062847,0.0,35.51983406792843,100.98956086254007,202.0574415957352,5.380385624929005,52.09262660118715,0.0,711.2430580172517,40.519606101868845,0.0,37.32048374905517,6.278268479081866,0.0,17.253675663813915,0.0,33.775364420525705,0.0,0.0,0.6001541828846264,56.76438571175412,32.51947703107331,10.114751408932364,297.44362257543276,0.0,0.0,2.1589524260875805,7.17163525056575,1.2717468945243127,43.202846942419455,1.8466132327518459,0.0,112.86148400454152,15.522213174450883,0.0,0.0,0.0,0.0,168.72441746934788,15.890335269726364,0.0,0.0,47.026727566485604,0.0,0.0,0.0,8.484865335780093,0.0,0.0
science_technology_optimism|WVS_E,890.9709095746086,9894.103142856113,9919.623304545203,0.0,136.06820493262143,475.4610177404295,193.18747510951812,47.19750776106562,9858.157072707765,9917.154761904761,9877.951149425287,167.5204461380755,9917.676900584795,9907.854166666666,9888.488038345566,9908.893852978454,921.7778842060451,127.4533462033462,32.59324391031117,270.4185339410579,55.79102068407819,11.328563411896752,900.605952689286,0.0,9874.839703953066,285.33763030994254,911.6475426782445,355.2803524131352,80.87837734929482,182.0047939616483,9926.943222589485,9930.024774774774,19.414838606612648,9922.406862745098,103.2534839152846,79.92833425201601,9923.56988754431,9916.996295211438,58.26684018888321,143.71885239149682,21.283016303994472,335.31718054772205,0.0,168.72441746934788,0.0,173.41833562114692,0.0,9927.536821705426,108.33927491141648,230.41308879347895,0.0,0.0,421.9470094526861,9926.467259939573,930.5856441363374
sexual_and_reproductive_morality_permissiveness|WVS_F,0.0,24.62680176965891,0.0,0.0,0.0,0.0,198.62867265286178,9956.035396188103,135.5189525921233,0.0,726.7115903095922,51.33405821344932,0.0,7.379426987159945,20.225033714314634,0.0,25.128482525230112,22.591690728691248,0.0,513.5703945857304,0.0,43.63224606161914,133.38376438456606,0.0,477.0908174198021,0.0,0.0,9948.82405047931,0.0,0.0,72.65450234852493,0.0,22.497832895143596,0.0,278.0168614793608,920.0460166810469,88.40120172166391,12.609346603660619,67.56266649741593,9947.905565978737,9963.430894308944,9957.577750334465,9961.343774217637,15.890335269726364,173.41833562114692,0.0,0.0,0.0,0.0,0.0,0.0,0.0,130.45900340982308,0.0,0.0
social_intolerance_outgroups|WVS_A,0.0,0.0,0.0,0.0,0.0,0.0,0.0,0.0,0.0,0.0,0.0,0.0,0.0,0.0,0.0,0.0,0.0,0.0,0.0,0.0,0.0,0.0,0.0,0.0,0.0,0.0,0.0,0.0,0.0,0.0,0.0,0.0,0.0,0.0,0.0,0.0,0.0,0.0,0.0,0.0,0.0,0.0,0.0,0.0,0.0,0.0,0.0,0.0,0.0,0.0,0.0,0.0,0.0,0.0,0.0
societal_change_attitudes|WVS_E,7.31944088421001,9927.118340832381,9953.674796747968,0.0,0.0,0.0,165.8161996558344,0.0,9907.730158730159,9949.858250276855,9910.654637797381,9.359173526108172,9950.763576043304,9949.437517090511,9921.503236321832,9948.025974025973,2.5982027727505326,12.793508594180494,0.0,15.424327528611094,0.0,1.6987684120459114,933.621150665554,0.0,9925.635439186484,186.07769601107827,2.466208862604894,0.0,0.0,0.0,9961.800088505366,9968.096334185848,948.7711309338157,9955.110351117191,81.72508474563328,307.092892475589,9956.585085520577,9957.745453927466,87.3137841968972,0.0,0.0,0.0,0.0,0.0,9927.536821705426,0.0,0.0,0.0,0.0,0.0,0.0,0.0,543.1975015466012,9959.48245791584,0.0
socioeconomic_insecurity_worry|WVS_H,9941.31720895707,29.238729390061103,0.0,0.0,0.0,0.0,40.76713182730974,0.0,494.1309857276244,0.0,198.59994814622766,9951.65929009104,0.0,11.407093697100002,3.99196166360872,0.0,9957.321756043346,58.227861672643854,7.879417856255543,9966.22607380639,7.869233703279889,56.179917077370575,31.69983654291189,0.0,297.3647511499818,10.758003766478339,0.0,0.0,0.0,9960.65677872995,48.55215201253458,13.228011249057914,3.9595185558759525,2.7959212062980683,15.965262108411608,99.41388092289151,793.0420648306075,52.22724383438996,9949.548541284705,0.0,0.0,4.536395369007998,0.0,47.026727566485604,108.33927491141648,0.0,0.0,0.0,0.0,23.197705840857353,0.0,0.0,10.888971832229018,0.0,0.0
subjective_wellbeing|WVS_A,152.02365338008474,69.77377284045035,33.94877562340622,0.0,9970.113402061856,9963.891179839633,9967.129107803883,24.941995146378844,53.696984605292826,47.743430020878975,180.7708721254002,4.722615230907863,113.40785131012791,6.040088561220841,942.2074488177079,68.35758737618374,0.0,14.412252636568311,2.9848732223328582,0.14441934167519932,0.0,0.0,9952.325363161428,0.0,5.482191348286406,131.6210966412231,120.61695315038715,2.553159437096923,96.12890318215469,488.18744157038077,0.0,0.0,6.752827329821379,25.18311906826439,0.0,31.878713665666496,1.9198398883738825,0.0,55.848406049497086,4.677407817279814,0.0,0.0,0.0,0.0,230.41308879347895,0.0,0.0,0.0,23.197705840857353,0.0,0.0,0.0,9973.666419924828,3.939639532855061,0.0
violence_tolerance|WVS_F,0.0,0.0,0.0,0.0,0.0,0.0,0.0,0.0,0.0,0.0,0.0,0.0,0.0,0.0,0.0,0.0,0.0,0.0,0.0,0.0,0.0,0.0,0.0,0.0,0.0,0.0,0.0,0.0,0.0,0.0,0.0,0.0,0.0,0.0,0.0,0.0,0.0,0.0,0.0,0.0,0.0,0.0,0.0,0.0,0.0,0.0,0.0,0.0,0.0,0.0,0.0,0.0,0.0,0.0,0.0
voluntary_association_active_membership|WVS_A,0.0,0.0,0.0,0.0,0.0,0.0,0.0,0.0,0.0,0.0,0.0,0.0,0.0,0.0,0.0,0.0,0.0,0.0,0.0,0.0,0.0,0.0,0.0,0.0,0.0,0.0,0.0,0.0,0.0,0.0,0.0,0.0,0.0,0.0,0.0,0.0,0.0,0.0,0.0,0.0,0.0,0.0,0.0,0.0,0.0,0.0,0.0,0.0,0.0,0.0,0.0,0.0,0.0,0.0,0.0
