construct,acceptance_of_state_surveillance|WVS_H,authoritarian_governance_tolerance|WVS_E,autocracy_support|WVS_E,basic_needs_deprivation|WVS_H,child_qualities_autonomy_self_expression|WVS_A,child_qualities_conformity_tradition|WVS_A,child_qualities_prosocial_diligence|WVS_A,civic_dishonesty_tolerance|WVS_F,confidence_in_civil_society_organizations|WVS_E,confidence_in_domestic_institutions|WVS_E,confidence_in_international_organizations|WVS_E,crime_victimization|WVS_H,democratic_system_evaluation|WVS_E,democratic_values_importance|WVS_E,economic_ideology|WVS_E,electoral_integrity|WVS_E,existential_threat_worry|WVS_H,familial_duty_obligations|WVS_D,female_income_threat_to_marriage|WVS_D,freedom_security_tradeoff_perception|WVS_H,gender_role_traditionalism|WVS_D,immigrant_origin_status|WVS_G,importance_of_life_domains|WVS_A,institutional_threat_perception|WVS_H,international_organization_knowledge|WVS_E,job_scarcity_gender_discrimination|WVS_C,job_scarcity_nativist_preference|WVS_C,life_autonomy_morality_permissiveness|WVS_F,multilevel_place_attachment|WVS_G,neighborhood_disorder_and_crime|WVS_H,offline_political_participation|WVS_E,online_political_participation|WVS_E,outgroup_trust|WVS_G,perceived_corruption|WVS_E,perceived_negative_effects_of_immigration|WVS_G,perceived_positive_effects_of_immigration|WVS_G,political_information_sources|WVS_E,postmaterialist_values|WVS_E,precautionary_security_behaviors|WVS_H,religion_versus_secularism_orientation|WVS_F,religious_belief|WVS_F,religious_exclusivism|WVS_F,religious_practice_and_self_identification|WVS_F,science_skepticism|WVS_I,science_technology_optimism|WVS_E,sexual_and_reproductive_morality_permissiveness|WVS_F,social_intolerance_outgroups|WVS_A,societal_change_attitudes|WVS_E,socioeconomic_insecurity_worry|WVS_H,subjective_wellbeing|WVS_A,violence_tolerance|WVS_F,voluntary_association_active_membership|WVS_A,voluntary_association_belonging|WVS_A,voting_participation|WVS_E,work_ethic|WVS_C
acceptance_of_state_surveillance|WVS_H,0.0,71.80524267868114,63.3007497390149,9999.0,66.92171031836858,59.61443958398788,65.64847375101436,83.12104205394121,64.51612903225806,87.52776418326243,181.65371676160498,53.1352569034322,59.96313741552324,58.13953488372093,138.64064081103828,108.58294930875576,63.480530406600444,87.26078099097474,9999.0,77.37204429811433,46.08294930875576,64.20082415941712,61.182220758624865,64.83246516274376,57.29285877775234,9999.0,9999.0,43.859649122807014,82.57441768230589,56.073355204458416,54.584487027798446,49.241084348972564,73.87162622089375,9999.0,67.98027327843633,175.78343682715393,52.89651982258986,82.5313753994473,59.27556144595892,88.45677062348238,62.893081761006286,38.91050583657587,71.76360687149509,59.83100792862608,58.365758754863805,38.02281368821293,9999.0,90.04479221518969,64.13247426262546,73.51258196114335,9999.0,9999.0,60.792343910974125,56.73581777953488,86.30387076548583
authoritarian_governance_tolerance|WVS_E,71.80524267868114,0.0,57.284980744544285,9999.0,35.842293906810035,51.81347150259067,51.02040816326531,77.10527305947059,68.99581987459624,95.1867816091954,161.9734432234432,47.11948790896159,53.94736842105263,72.61947878767924,133.90483785220627,110.4056802748364,54.6448087431694,81.24501199650413,9999.0,71.35627530364371,52.38791423001949,67.79117569594742,55.16645176415426,60.9846244825547,51.27708978328173,9999.0,9999.0,55.865921787709496,76.55864868783529,50.88034835289663,48.56871803332783,43.22531535450196,43.47826086956522,9999.0,61.964504283965724,169.76766783268332,46.88075082811925,77.79557244061527,54.5397584871269,82.44100162901177,64.68454282231312,32.89473684210526,52.083333333333336,43.10344827586207,52.3499897603932,52.91005291005291,9999.0,85.30898925635768,70.32789192231917,67.49681296667274,9999.0,9999.0,52.91005291005291,50.720048785064265,80.28810177101522
autocracy_support|WVS_E,63.3007497390149,57.284980744544285,0.0,9999.0,44.642857142857146,45.094177649851034,48.309178743961354,68.60078011980436,60.49132693493,84.46998546008447,158.19928863407125,37.03703703703704,45.442875481386395,64.114985848013,125.40034491254004,96.05704697986577,48.960268472463596,72.74051905683788,9999.0,62.851782363977485,33.557046979865774,61.143045436239156,40.65040650406504,52.480131542888465,42.772596843615496,9999.0,9999.0,35.842293906810035,68.05415574816905,42.3758554132304,40.0642250936616,34.72082241483572,59.351364286756905,9999.0,52.35602094240838,161.2631748930171,38.37625788845301,69.29107950094905,46.03526554746067,73.93650868934553,55.865921787709496,24.390243902439025,48.309178743961354,39.21568627450981,43.845496820726964,34.96503496503497,9999.0,76.80449631669144,61.074695539447504,58.9923200270065,9999.0,9999.0,44.052863436123346,42.21555584539803,71.78360883134897
basic_needs_deprivation|WVS_H,9999.0,9999.0,9999.0,0.0,9999.0,9999.0,9999.0,9999.0,9999.0,9999.0,9999.0,9999.0,9999.0,9999.0,9999.0,9999.0,9999.0,9999.0,9999.0,9999.0,9999.0,9999.0,9999.0,9999.0,9999.0,9999.0,9999.0,9999.0,9999.0,9999.0,9999.0,9999.0,9999.0,9999.0,9999.0,9999.0,9999.0,9999.0,9999.0,9999.0,9999.0,9999.0,9999.0,9999.0,9999.0,9999.0,9999.0,9999.0,9999.0,9999.0,9999.0,9999.0,9999.0,9999.0,9999.0
child_qualities_autonomy_self_expression|WVS_A,66.92171031836858,35.842293906810035,44.642857142857146,9999.0,0.0,37.45816206193719,42.01162042302572,46.226494115676175,38.04534584446642,63.51161154116819,130.298273155416,38.39544040549066,49.06383606074009,42.94749634048665,101.73644401832321,78.23728644095334,34.24657534246575,49.94058515592382,9999.0,54.11255411255411,35.563976790447015,31.948881789137378,39.72820428516631,37.735849056603776,32.25806451612903,9999.0,9999.0,36.49682607958915,50.51611646703672,45.99681599258408,34.48275862068965,21.645021645021647,38.314176245210724,9999.0,42.172068668390004,138.88888888888889,15.576323987538942,45.62717860673222,22.371364653243848,52.62815508717148,29.761904761904763,28.011204481792713,20.408163265306122,26.041666666666668,35.46099290780142,31.446540880503143,9999.0,53.14059542247462,39.449112978524745,52.509219175885846,9999.0,9999.0,39.8931968275034,19.841269841269842,62.52468079505068
child_qualities_conformity_tradition|WVS_A,59.61443958398788,51.81347150259067,45.094177649851034,9999.0,37.45816206193719,0.0,40.16857897602388,53.8577517469338,56.805016779902985,69.9130997503929,136.69976136464072,30.395136778115504,39.8406374501992,60.42867569298599,121.71403475751302,98.21487718014315,40.81038355936434,56.24609924278313,9999.0,52.26951266555227,37.78759170881117,44.634963417489836,37.88516283816446,48.79382138786145,33.003300330033,9999.0,9999.0,28.81844380403458,53.135313531353134,38.68954525820338,28.901734104046245,19.801980198019802,44.43252206994099,9999.0,44.25185794863105,146.5201465201465,21.88183807439825,65.60476934592202,42.34895539243365,59.01766647252961,31.446540880503143,20.70393374741201,26.80965147453083,33.11258278145695,36.76470588235294,26.17801047120419,9999.0,64.26283499513008,47.08037060978238,50.666177728884,9999.0,9999.0,38.05015538050155,27.47252747252747,67.87890327494289
child_qualities_prosocial_diligence|WVS_A,65.64847375101436,51.02040816326531,48.309178743961354,9999.0,42.01162042302572,40.16857897602388,0.0,45.662100456621005,43.84299527572961,81.55505950053677,152.7792311906365,37.117017538473085,47.16981132075472,48.74514577174985,107.53409344958641,84.03493587221654,41.37500213934861,61.10222908282338,9999.0,52.83413124553654,32.78688524590164,57.238781526367504,38.44978141814874,54.82785555488794,40.16064257028113,9999.0,9999.0,36.315562095388444,53.09637128944401,44.72357942522987,25.57544757033248,20.366598778004075,41.46914371129618,9999.0,44.816476528615325,141.46914371129617,26.7379679144385,51.42482803799542,28.169014084507044,55.20840990957876,41.825826245815236,26.7379679144385,42.8891213005266,39.02331519591452,45.87155963302752,37.08900680475993,9999.0,58.938244853737814,42.029367800932036,51.23079630886828,9999.0,9999.0,38.61477396048583,22.42152466367713,68.44352185492716
civic_dishonesty_tolerance|WVS_F,83.12104205394121,77.10527305947059,68.60078011980436,9999.0,46.226494115676175,53.8577517469338,45.662100456621005,0.0,67.75731452455591,70.87365408204988,166.65920775509815,50.996994102934764,65.2631677963127,72.65946502057614,131.4484126984127,107.94925512104282,54.24037747774895,67.7075383239931,9999.0,64.55316320570404,52.23218685325712,47.16981132075472,51.895428356038984,58.85275674193879,62.59288915854181,9999.0,9999.0,50.19553865985012,57.0600709001732,60.842320023316816,40.16064257028113,34.24657534246575,45.43284332202538,9999.0,58.696453093077,145.43284332202538,55.55555555555556,75.33914728682171,52.083333333333336,59.17210952030797,55.70580281027691,44.21053621736533,56.769097864988275,52.903291760376206,63.66578913565327,50.968983369221604,9999.0,78.74015748031496,31.347962382445143,65.11077287332995,9999.0,9999.0,52.3592502484323,26.38522427440633,82.32349841938884
confidence_in_civil_society_organizations|WVS_E,64.51612903225806,68.99581987459624,60.49132693493,9999.0,38.04534584446642,56.805016779902985,43.84299527572961,67.75731452455591,0.0,78.8577507522252,145.64441236647303,32.05128205128205,47.932045707351605,36.25011287846537,95.03906055630193,71.53990297893206,60.67110760251555,84.35287703741712,9999.0,73.71696122908752,28.866593328425736,44.74374863308304,38.984004501245884,27.027027027027028,54.48343597366745,9999.0,9999.0,45.88546155376034,74.58276209488838,27.62430939226519,51.77506422371355,41.24942876155505,65.4252249723171,9999.0,64.58087904271144,154.56287008011145,50.08709701850496,38.929795144710944,15.673981191222571,80.46511503606484,57.113938692886066,36.101083032490976,35.75430247636314,56.50119044316811,54.57353420246173,45.67485090851068,9999.0,46.44321196045334,61.863963050775666,49.92055653368833,9999.0,9999.0,46.53817872208677,53.92639497544998,83.49444796140094
confidence_in_domestic_institutions|WVS_E,87.52776418326243,95.1867816091954,84.46998546008447,9999.0,63.51161154116819,69.9130997503929,81.55505950053677,70.87365408204988,78.8577507522252,0.0,152.99355816597196,66.25536925551852,78.40668459909575,83.5785551357281,142.548848926082,119.04969134871212,72.95419454451878,96.37130112666661,9999.0,93.10344827586206,76.37638169820579,41.84100418410041,83.70915343852926,76.31460196958034,74.82140619125204,9999.0,9999.0,78.74015748031496,89.80838146262653,67.555492011295,72.09898160188487,65.6259707983846,78.18115388447869,9999.0,88.60278463913279,160.00761941044811,62.00703995828173,86.439583514491,63.183769561002634,86.47404850711648,55.24861878453038,75.9565493107813,43.10344827586207,63.850336242667055,74.01475441661813,49.504950495049506,9999.0,80.55663179646132,39.52569169960474,96.4901683292488,9999.0,9999.0,83.17498416508317,59.133534836859646,101.31842199764017
confidence_in_international_organizations|WVS_E,181.65371676160498,161.9734432234432,158.19928863407125,9999.0,130.298273155416,136.69976136464072,152.7792311906365,166.65920775509815,145.64441236647303,152.99355816597196,0.0,136.62807780454838,148.9526098901099,150.54656286249326,209.33551054032984,185.83635296295995,139.7408561587666,163.15796274091443,9999.0,159.8901098901099,143.16304331245362,127.71542183306889,150.49581505277706,168.03412221201978,142.67699513601153,9999.0,9999.0,148.36159573001677,165.74596574596575,150.37593984962405,155.34465534465534,132.4126324126324,153.91932971323305,9999.0,155.3894462533806,256.48169817536575,128.79370157252953,153.2262451287388,129.97043117525044,171.6283186871422,150.72352613393303,142.7432109250291,109.89010989010988,130.63699785691486,145.99119292260087,148.28687896044377,9999.0,147.34329341070912,135.9997704645224,163.2768299434966,9999.0,9999.0,150.66080759511416,150.13954299668586,173.58437740603347
crime_victimization|WVS_H,53.1352569034322,47.11948790896159,37.03703703703704,9999.0,38.39544040549066,30.395136778115504,37.117017538473085,50.996994102934764,32.05128205128205,66.25536925551852,136.62807780454838,0.0,30.3030303030303,30.12048192771084,115.23342846373379,85.17573696145125,37.75882212181355,58.63610582857905,9999.0,49.217951228001475,22.675736961451246,42.9284292316732,31.545741324921135,42.31463870730577,27.548209366391184,9999.0,9999.0,18.65671641791045,50.083752093802346,32.2103625776477,29.8987322580789,16.75041876046901,41.3809606323902,9999.0,41.20029651108025,151.09768205743438,24.271844660194173,59.12416305214279,35.86834909865441,55.96610503497882,25.06265664160401,14.22475106685633,26.7379679144385,31.152647975077883,25.641025641025642,16.75041876046901,9999.0,64.19115143503774,42.86007933488155,47.614616291333206,9999.0,9999.0,33.557046979865774,32.05006300981533,60.975609756097555
democratic_system_evaluation|WVS_E,59.96313741552324,53.94736842105263,45.442875481386395,9999.0,49.06383606074009,39.8406374501992,47.16981132075472,65.2631677963127,47.932045707351605,78.40668459909575,148.9526098901099,30.3030303030303,0.0,52.83419620337183,111.62314388120839,88.12398630383854,45.62265614897194,69.40290673334624,9999.0,59.51417004048583,40.32258064516129,55.07974457525043,36.231884057971016,49.14251921939681,39.43498452012384,9999.0,9999.0,30.3030303030303,64.7165434246774,31.347962382445143,36.72661277016994,31.383210091344065,56.01375196326525,9999.0,50.12239902080783,157.92556256952543,35.03864556496136,55.51387846961741,32.25806451612903,70.59889636585388,44.642857142857146,21.05263157894737,39.0625,41.973133670997576,40.50788449723531,28.901734104046245,9999.0,63.0272952853598,55.01139467845878,55.654707703514845,9999.0,9999.0,37.3134328358209,38.877943521906374,68.44599650785733
democratic_values_importance|WVS_E,58.13953488372093,72.61947878767924,64.114985848013,9999.0,42.94749634048665,60.42867569298599,48.74514577174985,72.65946502057614,36.25011287846537,83.5785551357281,150.54656286249326,30.12048192771084,52.83419620337183,0.0,99.94121105232216,76.4420534749523,64.29476651559855,88.07501709997285,9999.0,78.18628040711243,33.76874382444596,49.64589912910326,43.88615499726611,25.188916876574307,57.668691294102025,9999.0,9999.0,43.431104404413844,79.4849125909086,21.73913043478261,55.398723136796555,46.15157925757528,70.32737546833732,9999.0,68.79450938743445,159.46502057613168,53.71075593158797,43.83194564073118,20.5761316872428,85.36726553208507,55.18313856931485,39.72474194557398,40.65645297238336,57.19531139669538,55.761507568736484,34.36426116838488,9999.0,51.345362456473566,44.052863436123346,54.82270702970855,9999.0,9999.0,51.440329218106996,57.550053888532986,86.17773267097556
economic_ideology|WVS_E,138.64064081103828,133.90483785220627,125.40034491254004,9999.0,101.73644401832321,121.71403475751302,107.53409344958641,131.4484126984127,95.03906055630193,142.548848926082,209.33551054032984,115.23342846373379,111.62314388120839,99.94121105232216,0.0,135.23100115278885,125.58012558012558,148.0439752112739,9999.0,137.4080594029443,92.55769150228254,108.43484680693983,102.67510267510268,118.46442725357787,119.39245395127747,9999.0,9999.0,109.57655972761714,138.27386026874518,118.99571252089238,116.68408220132358,104.94052693541184,129.1163231461739,9999.0,128.27197721656825,218.25396825396825,114.8791200737111,102.62089331856774,79.36507936507937,144.15621320992165,126.399754403223,101.01010101010101,99.44540065021994,120.19228861702491,118.26463237631853,121.6629349621677,9999.0,110.13431013431014,125.55506122463247,113.61165470754511,9999.0,9999.0,110.22927689594357,118.83541295306001,148.40346593901097
electoral_integrity|WVS_E,108.58294930875576,110.4056802748364,96.05704697986577,9999.0,78.23728644095334,98.21487718014315,84.03493587221654,107.94925512104282,71.53990297893206,119.04969134871212,185.83635296295995,85.17573696145125,88.12398630383854,76.4420534749523,135.23100115278885,0.0,101.4940148721359,119.18568973981345,9999.0,112.95314397832384,62.5,84.93568922956996,79.17594509773281,88.40673575129534,92.53003003003002,9999.0,9999.0,86.07740215024727,113.8189448441247,90.20083102493075,93.1849246239537,80.48561151079137,105.11615338271255,9999.0,98.21428571428572,194.75481067659837,84.82142857142857,79.12173574119787,55.865921787709496,119.70129778530118,101.94483897860253,77.51094343273114,75.94624307285005,96.69313103965503,88.206940874036,91.99852507374632,9999.0,86.63515255694026,102.05590364726258,90.11249713017526,9999.0,9999.0,86.7301193185737,95.33625537569014,124.90430836164109
existential_threat_worry|WVS_H,63.480530406600444,54.6448087431694,48.960268472463596,9999.0,34.24657534246575,40.81038355936434,41.37500213934861,54.24037747774895,60.67110760251555,72.95419454451878,139.7408561587666,37.75882212181355,45.62265614897194,64.29476651559855,125.58012558012558,101.4940148721359,0.0,56.24609924278313,9999.0,53.475935828877,38.99401487213591,47.67605821161572,39.091586001489205,52.65991221047401,36.231884057971016,9999.0,9999.0,34.013605442176875,54.34173669467788,42.555636080815944,32.67973856209151,21.008403361344538,45.63894523326572,9999.0,45.458281111955785,146.90277225096168,21.88183807439825,69.47086016853459,46.215046215046215,60.22408963585434,34.129692832764505,24.57002457002457,29.850746268656714,35.08771929824561,38.314176245210724,31.645569620253163,9999.0,67.30392978925596,47.46299634059752,51.87260089220874,9999.0,9999.0,39.25657854382629,27.855153203342617,68.83019488190999
familial_duty_obligations|WVS_D,87.26078099097474,81.24501199650413,72.74051905683788,9999.0,49.94058515592382,56.24609924278313,61.10222908282338,67.7075383239931,84.35287703741712,96.37130112666661,163.15796274091443,58.63610582857905,69.40290673334624,88.07501709997285,148.0439752112739,119.18568973981345,56.24609924278313,0.0,9999.0,75.57098074339453,56.685689739813455,65.13349193761564,60.40592783505154,73.78984651711924,66.73262809557534,9999.0,9999.0,55.284763260435085,71.99716067535365,66.33588666519023,64.02425634562144,43.10344827586207,59.4898893090884,9999.0,60.96000584923594,160.36993309720583,34.36426116838488,91.93470979968292,68.67889584619455,74.10919929548842,56.294085729788385,48.350275154398865,53.26785285080454,52.74661410956135,64.51612903225806,53.85743855629911,9999.0,90.72103637140378,60.93015718684168,73.96764580672627,9999.0,9999.0,60.819287623411334,41.32231404958678,81.31261797589661
female_income_threat_to_marriage|WVS_D,9999.0,9999.0,9999.0,9999.0,9999.0,9999.0,9999.0,9999.0,9999.0,9999.0,9999.0,9999.0,9999.0,9999.0,9999.0,9999.0,9999.0,9999.0,0.0,9999.0,9999.0,9999.0,9999.0,9999.0,9999.0,9999.0,9999.0,9999.0,9999.0,9999.0,9999.0,9999.0,9999.0,9999.0,9999.0,9999.0,9999.0,9999.0,9999.0,9999.0,9999.0,9999.0,9999.0,9999.0,9999.0,9999.0,9999.0,9999.0,9999.0,9999.0,9999.0,9999.0,9999.0,9999.0,9999.0
freedom_security_tradeoff_perception|WVS_H,77.37204429811433,71.35627530364371,62.851782363977485,9999.0,54.11255411255411,52.26951266555227,52.83413124553654,64.55316320570404,73.71696122908752,93.10344827586206,159.8901098901099,49.217951228001475,59.51417004048583,78.18628040711243,137.4080594029443,112.95314397832384,53.475935828877,75.57098074339453,9999.0,0.0,50.45314397832384,67.825311942959,50.55071510767713,66.5514261019879,56.84389140271493,9999.0,9999.0,48.41649578491683,65.80086580086581,56.447149972329825,35.714285714285715,32.467532467532465,57.098074339453646,9999.0,56.917410218143715,157.21555797891676,52.44755244755245,81.29879399135332,58.04298003786494,68.4931506849315,53.926759935343625,38.46153846153846,50.0,51.12424888544291,57.91679137982639,49.18994049428832,9999.0,87.45318352059925,57.77578206855261,63.33172999839667,9999.0,9999.0,50.71570765001422,38.167938931297705,80.54445554445554
gender_role_traditionalism|WVS_D,46.08294930875576,52.38791423001949,33.557046979865774,9999.0,35.563976790447015,37.78759170881117,32.78688524590164,52.23218685325712,28.866593328425736,76.37638169820579,143.16304331245362,22.675736961451246,40.32258064516129,33.76874382444596,92.55769150228254,62.5,38.99401487213591,56.685689739813455,9999.0,50.45314397832384,0.0,42.26237957906363,29.850746268656714,25.906735751295336,30.030030030030026,9999.0,9999.0,30.769230769230766,51.3189448441247,27.700831024930746,35.1671585791368,17.98561151079137,42.616153382712554,9999.0,35.714285714285715,152.08150102609204,22.321428571428573,36.44842609069154,13.192612137203165,57.20129778530118,39.444838978602526,19.49317738791423,33.272933422343726,36.64232792870182,25.706940874035993,29.498525073746315,9999.0,43.96184290643393,55.60818564815885,43.10344827586207,9999.0,9999.0,32.467532467532465,37.318489330873234,66.06253458771445
immigrant_origin_status|WVS_G,64.20082415941712,67.79117569594742,61.143045436239156,9999.0,31.948881789137378,44.634963417489836,57.238781526367504,47.16981132075472,44.74374863308304,41.84100418410041,127.71542183306889,42.9284292316732,55.07974457525043,49.64589912910326,108.43484680693983,84.93568922956996,47.67605821161572,65.13349193761564,9999.0,67.825311942959,42.26237957906363,0.0,52.379790751883775,52.98766194573502,50.61219718886064,9999.0,9999.0,44.642857142857146,70.7744930417103,44.22855198744968,53.06509318096865,40.347834465481526,55.894858909934285,9999.0,57.36497545008183,140.97373098953187,30.769230769230766,50.5050505050505,29.069767441860463,65.78947368421052,27.3224043715847,44.75524475524475,17.825311942959004,33.898305084745765,49.01960784313725,26.17801047120419,9999.0,43.10344827586207,20.491803278688522,63.31634278432622,9999.0,9999.0,57.22425722425722,40.099646415943425,73.52941176470588
importance_of_life_domains|WVS_A,61.182220758624865,55.16645176415426,40.65040650406504,9999.0,39.72820428516631,37.88516283816446,38.44978141814874,51.895428356038984,38.984004501245884,83.70915343852926,150.49581505277706,31.545741324921135,36.231884057971016,43.88615499726611,102.67510267510268,79.17594509773281,39.091586001489205,60.40592783505154,9999.0,50.55071510767713,29.850746268656714,52.379790751883775,0.0,46.51162790697675,34.36426116838488,9999.0,9999.0,34.03214595752903,51.416515973478,35.714285714285715,25.641025641025642,18.083182640144663,42.71372451206585,9999.0,42.53306039075591,144.55782312925172,26.041666666666668,46.56583726351168,23.31002331002331,57.29886891465447,39.54241010795582,22.271714922048996,40.605705162667185,36.739899058055116,37.735849056603776,34.805590666900514,9999.0,54.07925407925408,45.118047218887554,48.94738017100886,9999.0,9999.0,36.331357822626416,25.510204081632654,66.16010571706775
institutional_threat_perception|WVS_H,64.83246516274376,60.9846244825547,52.480131542888465,9999.0,37.735849056603776,48.79382138786145,54.82785555488794,58.85275674193879,27.027027027027028,76.31460196958034,168.03412221201978,42.31463870730577,49.14251921939681,25.188916876574307,118.46442725357787,88.40673575129534,52.65991221047401,73.78984651711924,9999.0,66.5514261019879,25.906735751295336,52.98766194573502,46.51162790697675,0.0,46.47224058162591,9999.0,9999.0,37.87878787878788,63.14237909329934,44.86019299077632,43.76386883167201,38.42046615284613,48.543689320388346,9999.0,57.159655082309904,151.5151515151515,42.07590162646343,39.0625,39.0993478884985,65.2544177134341,59.87969362065729,28.08988764044944,58.1440123219099,49.01038973249965,47.54514055873737,26.80965147453083,9999.0,69.86857865772927,52.07537560478737,62.691963765016915,9999.0,9999.0,49.97172571484769,32.467532467532465,75.4832525693594
international_organization_knowledge|WVS_E,57.29285877775234,51.27708978328173,42.772596843615496,9999.0,32.25806451612903,33.003300330033,40.16064257028113,62.59288915854181,54.48343597366745,74.82140619125204,142.67699513601153,27.548209366391184,39.43498452012384,57.668691294102025,119.39245395127747,92.53003003003002,36.231884057971016,66.73262809557534,9999.0,56.84389140271493,30.030030030030026,50.61219718886064,34.36426116838488,46.47224058162591,0.0,9999.0,9999.0,27.548209366391184,62.0462647869065,36.367964451967836,34.056334132399044,28.712931453573166,50.0,9999.0,43.10344827586207,155.25528393175452,32.36836692719046,63.28318853968649,40.02737458619812,67.92861772808297,36.101083032490976,18.38235294117647,32.78688524590164,29.761904761904763,37.837605859464404,25.31645569620253,9999.0,70.24006876650088,51.42611627061507,52.984429065743946,9999.0,9999.0,34.48275862068965,36.207664884135475,65.77571787008642
job_scarcity_gender_discrimination|WVS_C,9999.0,9999.0,9999.0,9999.0,9999.0,9999.0,9999.0,9999.0,9999.0,9999.0,9999.0,9999.0,9999.0,9999.0,9999.0,9999.0,9999.0,9999.0,9999.0,9999.0,9999.0,9999.0,9999.0,9999.0,9999.0,0.0,9999.0,9999.0,9999.0,9999.0,9999.0,9999.0,9999.0,9999.0,9999.0,9999.0,9999.0,9999.0,9999.0,9999.0,9999.0,9999.0,9999.0,9999.0,9999.0,9999.0,9999.0,9999.0,9999.0,9999.0,9999.0,9999.0,9999.0,9999.0,9999.0
job_scarcity_nativist_preference|WVS_C,9999.0,9999.0,9999.0,9999.0,9999.0,9999.0,9999.0,9999.0,9999.0,9999.0,9999.0,9999.0,9999.0,9999.0,9999.0,9999.0,9999.0,9999.0,9999.0,9999.0,9999.0,9999.0,9999.0,9999.0,9999.0,9999.0,0.0,9999.0,9999.0,9999.0,9999.0,9999.0,9999.0,9999.0,9999.0,9999.0,9999.0,9999.0,9999.0,9999.0,9999.0,9999.0,9999.0,9999.0,9999.0,9999.0,9999.0,9999.0,9999.0,9999.0,9999.0,9999.0,9999.0,9999.0,9999.0
life_autonomy_morality_permissiveness|WVS_F,43.859649122807014,55.865921787709496,35.842293906810035,9999.0,36.49682607958915,28.81844380403458,36.315562095388444,50.19553865985012,45.88546155376034,78.74015748031496,148.36159573001677,18.65671641791045,30.3030303030303,43.431104404413844,109.57655972761714,86.07740215024727,34.013605442176875,55.284763260435085,9999.0,48.41649578491683,30.769230769230766,44.642857142857146,34.03214595752903,37.87878787878788,27.548209366391184,9999.0,9999.0,0.0,49.282296650717704,21.691973969631235,25.57544757033248,15.948963317384369,40.57950518930555,9999.0,40.39884106799562,151.0840984525195,20.920502092050206,53.46729431602614,30.211480362537767,55.164649591894175,37.40819078519553,26.279541829781063,38.47148583990689,26.109660574412533,26.246719160104984,32.671371344140226,9999.0,60.98071113176853,44.84304932735426,46.81316084824857,9999.0,9999.0,34.129692832764505,42.5531914893617,60.24096385542168
multilevel_place_attachment|WVS_G,82.57441768230589,76.55864868783529,68.05415574816905,9999.0,50.51611646703672,53.135313531353134,53.09637128944401,57.0600709001732,74.58276209488838,89.80838146262653,165.74596574596575,50.083752093802346,64.7165434246774,79.4849125909086,138.27386026874518,113.8189448441247,54.34173669467788,71.99716067535365,9999.0,65.80086580086581,51.3189448441247,70.7744930417103,51.416515973478,63.14237909329934,62.0462647869065,9999.0,9999.0,49.282296650717704,0.0,59.9290780141844,38.46153846153846,33.333333333333336,49.722465673385926,9999.0,57.78321108394458,149.72246567338593,42.19409282700422,82.16459485715419,58.908780903665814,63.46173187166851,54.79256080114449,43.66391184573003,55.85585585585586,51.99004975124379,63.11916476401797,50.055741360089186,9999.0,89.67801167289659,50.28268976302178,64.19753086419753,9999.0,9999.0,51.58150851581509,30.674846625766875,81.41025641025641
neighborhood_disorder_and_crime|WVS_H,56.073355204458416,50.88034835289663,42.3758554132304,9999.0,45.99681599258408,38.68954525820338,44.72357942522987,60.842320023316816,27.62430939226519,67.555492011295,150.37593984962405,32.2103625776477,31.347962382445143,21.73913043478261,118.99571252089238,90.20083102493075,42.555636080815944,66.33588666519023,9999.0,56.447149972329825,27.700831024930746,44.22855198744968,35.714285714285715,44.86019299077632,36.367964451967836,9999.0,9999.0,21.691973969631235,59.9290780141844,0.0,33.65959270201394,26.595744680851062,51.22628655277225,9999.0,47.055378952651836,154.8585425013694,31.971625496805355,35.46099290780142,39.630633155813015,65.81143095536086,35.3356890459364,17.98561151079137,40.48582995951417,38.90611360284157,37.440864429079305,18.050541516245488,9999.0,70.39986392504379,44.16020209065802,52.58768763535885,9999.0,9999.0,39.86744958518962,35.81092345375038,65.37897643970132
offline_political_participation|WVS_E,54.584487027798446,48.56871803332783,40.0642250936616,9999.0,34.48275862068965,28.901734104046245,25.57544757033248,40.16064257028113,51.77506422371355,72.09898160188487,155.34465534465534,29.8987322580789,36.72661277016994,55.398723136796555,116.68408220132358,93.1849246239537,32.67973856209151,64.02425634562144,9999.0,35.714285714285715,35.1671585791368,53.06509318096865,25.641025641025642,43.76386883167201,34.056334132399044,9999.0,9999.0,25.57544757033248,38.46153846153846,33.65959270201394,0.0,26.004559703619265,29.41176470588235,9999.0,40.816326530612244,142.85714285714286,29.65999517723656,60.574816789732594,37.319002836244216,38.61003861003861,45.662100456621005,15.673981191222571,45.45454545454546,31.446540880503143,35.129234109510506,31.25,9999.0,68.08823360547498,32.57328990228013,47.39336492890995,9999.0,9999.0,27.62430939226519,33.49929313418158,63.06734612013253
online_political_participation|WVS_E,49.241084348972564,43.22531535450196,34.72082241483572,9999.0,21.645021645021647,19.801980198019802,20.366598778004075,34.24657534246575,41.24942876155505,65.6259707983846,132.4126324126324,16.75041876046901,31.383210091344065,46.15157925757528,104.94052693541184,80.48561151079137,21.008403361344538,43.10344827586207,9999.0,32.467532467532465,17.98561151079137,40.347834465481526,18.083182640144663,38.42046615284613,28.712931453573166,9999.0,9999.0,15.948963317384369,33.333333333333336,26.595744680851062,26.004559703619265,0.0,24.630541871921185,9999.0,24.449877750611247,135.13513513513513,24.31659249841068,48.83126152382086,25.57544757033248,39.21568627450981,21.459227467811157,10.330578512396695,22.52252252252252,18.65671641791045,29.78583143068463,16.722408026755854,9999.0,56.344678339563245,42.83206860116839,30.8641975308642,9999.0,9999.0,18.248175182481752,28.1558904553557,48.07692307692308
outgroup_trust|WVS_G,73.87162622089375,43.47826086956522,59.351364286756905,9999.0,38.314176245210724,44.43252206994099,41.46914371129618,45.43284332202538,65.4252249723171,78.18115388447869,153.91932971323305,41.3809606323902,56.01375196326525,70.32737546833732,129.1163231461739,105.11615338271255,45.63894523326572,59.4898893090884,9999.0,57.098074339453646,42.616153382712554,55.894858909934285,42.71372451206585,48.543689320388346,50.0,9999.0,9999.0,40.57950518930555,49.722465673385926,51.22628655277225,29.41176470588235,24.630541871921185,0.0,9999.0,49.08041962253243,138.0952380952381,25.125628140703515,73.0070577345829,49.75124378109453,51.83450429352068,46.08976933973234,34.96112038431788,44.02921982312317,43.287258289831634,54.41637330260582,41.35294989867704,9999.0,80.5204745503253,38.655462184873954,55.494739402785385,9999.0,9999.0,42.87871705440294,19.047619047619047,72.07398494821526
perceived_corruption|WVS_E,9999.0,9999.0,9999.0,9999.0,9999.0,9999.0,9999.0,9999.0,9999.0,9999.0,9999.0,9999.0,9999.0,9999.0,9999.0,9999.0,9999.0,9999.0,9999.0,9999.0,9999.0,9999.0,9999.0,9999.0,9999.0,9999.0,9999.0,9999.0,9999.0,9999.0,9999.0,9999.0,9999.0,0.0,9999.0,9999.0,9999.0,9999.0,9999.0,9999.0,9999.0,9999.0,9999.0,9999.0,9999.0,9999.0,9999.0,9999.0,9999.0,9999.0,9999.0,9999.0,9999.0,9999.0,9999.0
perceived_negative_effects_of_immigration|WVS_G,67.98027327843633,61.964504283965724,52.35602094240838,9999.0,42.172068668390004,44.25185794863105,44.816476528615325,58.696453093077,64.58087904271144,88.60278463913279,155.3894462533806,41.20029651108025,50.12239902080783,68.79450938743445,128.27197721656825,98.21428571428572,45.458281111955785,60.96000584923594,9999.0,56.917410218143715,35.714285714285715,57.36497545008183,42.53306039075591,57.159655082309904,43.10344827586207,9999.0,9999.0,40.39884106799562,57.78321108394458,47.055378952651836,40.816326530612244,24.449877750611247,49.08041962253243,9999.0,0.0,155.67765567765568,26.595744680851062,72.16271180497725,48.90689785148888,63.66556402512106,45.909105218422404,29.069767441860463,45.49933636327072,43.106594168521696,40.32258064516129,41.1722857773671,9999.0,79.67612862071965,56.23787976729153,55.314075281475446,9999.0,9999.0,42.698052933092995,36.63003663003663,72.52680082753433
perceived_positive_effects_of_immigration|WVS_G,175.78343682715393,169.76766783268332,161.2631748930171,9999.0,138.88888888888889,146.5201465201465,141.46914371129617,145.43284332202538,154.56287008011145,160.00761941044811,256.48169817536575,151.09768205743438,157.92556256952543,159.46502057613168,218.25396825396825,194.75481067659837,146.90277225096168,160.36993309720583,9999.0,157.21555797891676,152.08150102609204,140.97373098953187,144.55782312925172,151.5151515151515,155.25528393175452,9999.0,9999.0,151.0840984525195,149.72246567338593,154.8585425013694,142.85714285714286,135.13513513513513,138.0952380952381,9999.0,155.67765567765568,0.0,150.85894497659206,162.14470284237726,138.88888888888889,151.8345042935207,150.6024096385542,136.87293099057806,146.5915882852559,148.89836531627577,156.32818390886598,146.5915882852559,9999.0,169.65811965811966,120.48192771084337,165.99933266599933,9999.0,9999.0,145.021645021645,119.04761904761905,183.2120582120582
political_information_sources|WVS_E,52.89651982258986,46.88075082811925,38.37625788845301,9999.0,15.576323987538942,21.88183807439825,26.7379679144385,55.55555555555556,50.08709701850496,62.00703995828173,128.79370157252953,24.271844660194173,35.03864556496136,53.71075593158797,114.8791200737111,84.82142857142857,21.88183807439825,34.36426116838488,9999.0,52.44755244755245,22.321428571428573,30.769230769230766,26.041666666666668,42.07590162646343,32.36836692719046,9999.0,9999.0,20.920502092050206,42.19409282700422,31.971625496805355,29.65999517723656,24.31659249841068,25.125628140703515,9999.0,26.595744680851062,150.85894497659206,0.0,58.76985466212011,35.51404070863174,63.53227877292049,21.929824561403507,13.986013986013987,18.90359168241966,18.38235294117647,33.441266904301926,19.49317738791423,9999.0,56.356775203018906,45.01325225683219,43.859649122807014,9999.0,9999.0,26.455026455026456,31.81132592897299,46.948356807511736
postmaterialist_values|WVS_E,82.5313753994473,77.79557244061527,69.29107950094905,9999.0,45.62717860673222,65.60476934592202,51.42482803799542,75.33914728682171,38.929795144710944,86.439583514491,153.2262451287388,59.12416305214279,55.51387846961741,43.83194564073118,102.62089331856774,79.12173574119787,69.47086016853459,91.93470979968292,9999.0,81.29879399135332,36.44842609069154,50.5050505050505,46.56583726351168,39.0625,63.28318853968649,9999.0,9999.0,53.46729431602614,82.16459485715419,35.46099290780142,60.574816789732594,48.83126152382086,73.0070577345829,9999.0,72.16271180497725,162.14470284237726,58.76985466212011,0.0,23.255813953488374,88.04694779833065,70.290488991632,44.90083559851002,43.33613523862894,64.08302320543392,62.155366964727534,53.51153442404691,9999.0,54.025044722719144,69.44579581304147,57.50238929595413,9999.0,9999.0,54.120011484352574,62.726147541469025,92.29420052741997
precautionary_security_behaviors|WVS_H,59.27556144595892,54.5397584871269,46.03526554746067,9999.0,22.371364653243848,42.34895539243365,28.169014084507044,52.083333333333336,15.673981191222571,63.183769561002634,129.97043117525044,35.86834909865441,32.25806451612903,20.5761316872428,79.36507936507937,55.865921787709496,46.215046215046215,68.67889584619455,9999.0,58.04298003786494,13.192612137203165,29.069767441860463,23.31002331002331,39.0993478884985,40.02737458619812,9999.0,9999.0,30.211480362537767,58.908780903665814,39.630633155813015,37.319002836244216,25.57544757033248,49.75124378109453,9999.0,48.90689785148888,138.88888888888889,35.51404070863174,23.255813953488374,0.0,64.79113384484228,47.03467503814363,21.645021645021647,20.080321285140563,40.82720925194555,38.899553011239156,42.29785559708833,9999.0,30.769230769230766,46.1899818595531,34.24657534246575,9999.0,9999.0,30.8641975308642,39.47033358798065,69.0383865739316
religion_versus_secularism_orientation|WVS_F,88.45677062348238,82.44100162901177,73.93650868934553,9999.0,52.62815508717148,59.01766647252961,55.20840990957876,59.17210952030797,80.46511503606484,86.47404850711648,171.6283186871422,55.96610503497882,70.59889636585388,85.36726553208507,144.15621320992165,119.70129778530118,60.22408963585434,74.10919929548842,9999.0,68.4931506849315,57.20129778530118,65.78947368421052,57.29886891465447,65.2544177134341,67.92861772808297,9999.0,9999.0,55.164649591894175,63.46173187166851,65.81143095536086,38.61003861003861,39.21568627450981,51.83450429352068,9999.0,63.66556402512106,151.8345042935207,63.53227877292049,88.04694779833065,64.79113384484228,0.0,60.67491374232097,49.546264786906505,61.73820879703233,57.87240269242025,69.00151770519444,55.938094301265664,9999.0,95.56036461407305,46.948356807511736,70.07988380537401,9999.0,9999.0,57.46386145699156,32.78688524590164,87.29260935143289
religious_belief|WVS_F,62.893081761006286,64.68454282231312,55.865921787709496,9999.0,29.761904761904763,31.446540880503143,41.825826245815236,55.70580281027691,57.113938692886066,55.24861878453038,150.72352613393303,25.06265664160401,44.642857142857146,55.18313856931485,126.399754403223,101.94483897860253,34.129692832764505,56.294085729788385,9999.0,53.926759935343625,39.444838978602526,27.3224043715847,39.54241010795582,59.87969362065729,36.101083032490976,9999.0,9999.0,37.40819078519553,54.79256080114449,35.3356890459364,45.662100456621005,21.459227467811157,46.08976933973234,9999.0,45.909105218422404,150.6024096385542,21.929824561403507,70.290488991632,47.03467503814363,60.67491374232097,0.0,31.789805980207852,40.833416243823166,26.17801047120419,37.3134328358209,38.18163549456701,9999.0,63.69426751592357,30.12048192771084,52.32342499867536,9999.0,9999.0,39.707402650292906,49.60317460317461,65.35947712418302
religious_exclusivism|WVS_F,38.91050583657587,32.89473684210526,24.390243902439025,9999.0,28.011204481792713,20.70393374741201,26.7379679144385,44.21053621736533,36.101083032490976,75.9565493107813,142.7432109250291,14.22475106685633,21.05263157894737,39.72474194557398,101.01010101010101,77.51094343273114,24.57002457002457,48.350275154398865,9999.0,38.46153846153846,19.49317738791423,44.75524475524475,22.271714922048996,28.08988764044944,18.38235294117647,9999.0,9999.0,26.279541829781063,43.66391184573003,17.98561151079137,15.673981191222571,10.330578512396695,34.96112038431788,9999.0,29.069767441860463,136.87293099057806,13.986013986013987,44.90083559851002,21.645021645021647,49.546264786906505,31.789805980207852,0.0,32.85310103491922,20.920502092050206,19.455252918287936,27.05298653915255,9999.0,52.41425241425242,37.43315508021391,34.602076124567475,9999.0,9999.0,21.88183807439825,17.825311942959004,47.39336492890995
religious_practice_and_self_identification|WVS_F,71.76360687149509,52.083333333333336,48.309178743961354,9999.0,20.408163265306122,26.80965147453083,42.8891213005266,56.769097864988275,35.75430247636314,43.10344827586207,109.89010989010988,26.7379679144385,39.0625,40.65645297238336,99.44540065021994,75.94624307285005,29.850746268656714,53.26785285080454,9999.0,50.0,33.272933422343726,17.825311942959004,40.605705162667185,58.1440123219099,32.78688524590164,9999.0,9999.0,38.47148583990689,55.85585585585586,40.48582995951417,45.45454545454546,22.52252252252252,44.02921982312317,9999.0,45.49933636327072,146.5915882852559,18.90359168241966,43.33613523862894,20.080321285140563,61.73820879703233,40.833416243823166,32.85310103491922,0.0,20.74688796680498,36.101083032490976,38.39676907033389,9999.0,37.45318352059925,26.109660574412533,53.386720053386725,9999.0,9999.0,40.770697705004274,40.249433106575964,63.69426751592357
