construct,acceptance_of_state_surveillance|WVS_H,authoritarian_governance_tolerance|WVS_E,autocracy_support|WVS_E,basic_needs_deprivation|WVS_H,child_qualities_autonomy_self_expression|WVS_A,child_qualities_conformity_tradition|WVS_A,child_qualities_prosocial_diligence|WVS_A,civic_dishonesty_tolerance|WVS_F,confidence_in_civil_society_organizations|WVS_E,confidence_in_domestic_institutions|WVS_E,confidence_in_international_organizations|WVS_E,crime_victimization|WVS_H,democratic_system_evaluation|WVS_E,democratic_values_importance|WVS_E,economic_ideology|WVS_E,electoral_integrity|WVS_E,existential_threat_worry|WVS_H,familial_duty_obligations|WVS_D,female_income_threat_to_marriage|WVS_D,freedom_security_tradeoff_perception|WVS_H,gender_role_traditionalism|WVS_D,immigrant_origin_status|WVS_G,importance_of_life_domains|WVS_A,institutional_threat_perception|WVS_H,international_organization_knowledge|WVS_E,job_scarcity_gender_discrimination|WVS_C,job_scarcity_nativist_preference|WVS_C,life_autonomy_morality_permissiveness|WVS_F,multilevel_place_attachment|WVS_G,neighborhood_disorder_and_crime|WVS_H,offline_political_participation|WVS_E,online_political_participation|WVS_E,outgroup_trust|WVS_G,perceived_corruption|WVS_E,perceived_negative_effects_of_immigration|WVS_G,perceived_positive_effects_of_immigration|WVS_G,political_information_sources|WVS_E,postmaterialist_values|WVS_E,precautionary_security_behaviors|WVS_H,religion_versus_secularism_orientation|WVS_F,religious_belief|WVS_F,religious_exclusivism|WVS_F,religious_practice_and_self_identification|WVS_F,science_skepticism|WVS_I,science_technology_optimism|WVS_E,sexual_and_reproductive_morality_permissiveness|WVS_F,social_intolerance_outgroups|WVS_A,societal_change_attitudes|WVS_E,socioeconomic_insecurity_worry|WVS_H,subjective_wellbeing|WVS_A,violence_tolerance|WVS_F,voluntary_association_active_membership|WVS_A,voluntary_association_belonging|WVS_A,voting_participation|WVS_E,work_ethic|WVS_C
acceptance_of_state_surveillance|WVS_H,0.0,89.47754712096835,99.22503349751298,85.29700540009819,70.41705571117336,94.95736535138803,78.60777898945838,9999.0,91.09735505802725,85.24751650673933,92.74693210647203,65.7543391188251,100.36659877800408,94.19054940428798,169.76966885156787,84.69373305821904,109.58579881656806,69.05669798901448,79.68509984639017,85.4895559035108,77.80534517280404,80.0,74.58405048766494,9999.0,113.11258278145695,70.00598981731058,84.904520183708,65.10105436485804,137.11047690268884,66.02153531978094,74.77960987694784,59.523809523809526,69.70710891281156,9999.0,87.85242142182652,80.14236622484046,78.14068429978033,92.63605954893262,71.6597318539066,77.574351040055,73.27896770812865,69.72789115646259,79.97370727432077,77.77198470629128,106.67194182384597,66.67688534641324,66.29429022793951,94.92537313432835,79.92036330446629,79.60413080895009,9999.0,9999.0,9999.0,9999.0,66.22173316747998
authoritarian_governance_tolerance|WVS_E,89.47754712096835,0.0,46.624719840437564,23.474178403755868,34.89589037761796,34.013605442176875,38.46153846153846,9999.0,48.131435844035636,52.7489913414026,40.96384549129827,33.25581395348837,47.129488210819474,49.307730667727526,137.88824510390486,45.419605850725844,56.34868824938345,32.78688524590164,41.58577012098449,28.328611898016998,34.228956937575276,26.762889432815395,45.013978561014255,9999.0,59.87547221427234,36.00502968551503,39.50174293600011,33.16661672851315,64.51612903225806,34.23276236183085,34.6376015016541,29.953737597158838,23.696682464454977,9999.0,58.282349495175836,50.57229429818976,35.174765085788735,47.62012744053153,17.88908765652952,38.943157398710646,43.708895781477956,37.59398496240602,19.083969465648853,48.201912779640594,74.8831688658959,34.79546159875021,32.52365454663017,41.68826256714375,17.761989342806395,43.319180823543874,9999.0,9999.0,9999.0,9999.0,23.255813953488374
autocracy_support|WVS_E,99.22503349751298,46.624719840437564,0.0,58.13953488372093,45.742434904996486,55.835903186618076,58.78519343935231,9999.0,57.878922220580264,62.49647771794723,58.537545194428276,43.003300330033,64.70318791394948,66.88143037085753,149.94708330146182,61.94269426942694,73.92238795251345,44.164014615747284,52.432314648363025,52.27112306606382,45.0755014649538,44.3365891359454,54.761464937558884,9999.0,77.44917191740234,46.85157421289355,57.07544263913012,42.91410310505778,109.9530063863116,43.98024873837548,52.02857108815574,39.70122397370346,49.8845233627055,9999.0,68.02983587172045,60.31978067473439,44.92225146233336,69.88502076014052,28.73563218390805,55.22552255225522,53.45638215802258,49.90530560635652,32.57328990228013,57.949399156185216,84.63065524244053,46.85429979630718,42.2711409231748,59.261962270273756,35.3356890459364,59.78154525884403,9999.0,9999.0,9999.0,9999.0,33.003300330033
basic_needs_deprivation|WVS_H,85.29700540009819,23.474178403755868,58.13953488372093,0.0,36.6664420636525,57.48778384593274,27.247956403269754,9999.0,57.34674141050639,50.662090038773115,42.19409282700422,31.16891265085888,34.72222222222222,36.36363636363637,133.5805883832034,50.10830659025282,67.07761938999593,35.306084341493616,45.93448619886931,48.553767476082754,44.054731525283174,37.49182057342788,40.83343684014408,9999.0,70.60440335488484,35.97122302158274,50.2306740766126,31.350440717337182,51.81347150259067,32.27092167226007,22.93577981651376,25.77319587628866,19.9203187250996,9999.0,45.04504504504504,46.391752577319586,44.39007065225948,36.231884057971016,37.90911820638575,43.82373739253415,39.52835406060778,21.413276231263385,42.55814786940472,44.02137105877041,54.6448087431694,30.487804878048777,32.543676580418655,52.41719370775624,41.23616774656226,37.87878787878788,9999.0,9999.0,9999.0,9999.0,32.471119519959124
child_qualities_autonomy_self_expression|WVS_A,70.41705571117336,34.89589037761796,45.742434904996486,36.6664420636525,0.0,44.107073723798464,29.977215653012685,9999.0,40.500621890547265,34.78369726559007,42.15019893899205,15.290519877675841,51.75139220213275,45.55998606784229,121.1391055151222,34.229913817069786,63.39261699838623,20.42613465256879,31.054536509944477,34.89282273603082,25.77319587628866,33.80681818181819,25.953487151219257,9999.0,66.91940096327514,21.37542648086488,36.27395684726231,14.22475106685633,88.47991356624316,17.390971983335245,24.315790635798585,10.893246187363834,21.076545576365874,9999.0,39.22185808538083,31.51180288839476,25.0,42.17224030778337,17.006802721088437,28.943787703609324,24.648404371682954,21.097327820016893,29.011604641856746,29.141421369845588,57.131524061776254,18.046322009967554,17.663726891493827,48.73219131614654,29.323630136986303,30.9735674725044,9999.0,9999.0,9999.0,9999.0,15.625
child_qualities_conformity_tradition|WVS_A,94.95736535138803,34.013605442176875,55.835903186618076,57.48778384593274,44.107073723798464,0.0,54.517525293227365,9999.0,53.61125407445532,58.22880957182228,54.64839702899502,38.73563218390805,60.81403974851622,62.992282205424274,145.67941515533687,57.67502612330199,70.03323978708019,39.89634646962234,50.796953467165004,48.003454919938875,43.44014028375578,40.44744097051215,50.49379679143394,9999.0,73.56002375196908,45.21621303169553,53.18629447369686,38.64643495893283,98.52973447443495,39.71258059225053,47.760902942030796,35.43355582757851,45.61685521658055,9999.0,63.7621677255955,56.05211252860944,40.6545833162084,65.61735261401557,27.100271002710027,50.95785440613027,49.18871401189763,45.63763746023157,32.362459546925564,53.68173101006026,80.36298709631556,42.58663165018223,38.00347277704985,55.3728141048405,31.446540880503143,55.51387711271907,9999.0,9999.0,9999.0,9999.0,28.73563218390805
child_qualities_prosocial_diligence|WVS_A,78.60777898945838,38.46153846153846,58.78519343935231,27.247956403269754,29.977215653012685,54.517525293227365,0.0,9999.0,50.65751499986658,41.32723852328541,52.30709204831136,21.83406113537118,49.75124378109453,53.75070934612731,123.75394052994804,40.773455074765124,63.6350169613964,28.61685793085381,39.2452597882295,45.04971584535014,37.36550511464337,34.04921814482835,34.14421042950427,9999.0,67.16180092628531,29.5661497591499,44.46468012554733,20.964360587002098,79.06142790586043,25.58169526162026,19.49317738791423,19.083969465648853,20.618556701030926,9999.0,47.41258136366585,39.702526166679775,34.85324947589099,41.1522633744856,31.219891795745937,37.13451098189434,32.83912764996797,24.509803921568626,39.533867216160104,37.33214464813061,63.67506531947159,20.66115702479339,25.854450169778847,48.974591279156705,39.37389309367964,39.16429075078942,9999.0,9999.0,9999.0,9999.0,25.781893109319316
civic_dishonesty_tolerance|WVS_F,9999.0,9999.0,9999.0,9999.0,9999.0,9999.0,9999.0,0.0,9999.0,9999.0,9999.0,9999.0,9999.0,9999.0,9999.0,9999.0,9999.0,9999.0,9999.0,9999.0,9999.0,9999.0,9999.0,9999.0,9999.0,9999.0,9999.0,9999.0,9999.0,9999.0,9999.0,9999.0,9999.0,9999.0,9999.0,9999.0,9999.0,9999.0,9999.0,9999.0,9999.0,9999.0,9999.0,9999.0,9999.0,9999.0,9999.0,9999.0,9999.0,9999.0,9999.0,9999.0,9999.0,9999.0,9999.0
confidence_in_civil_society_organizations|WVS_E,91.09735505802725,48.131435844035636,57.878922220580264,57.34674141050639,40.500621890547265,53.61125407445532,50.65751499986658,9999.0,0.0,54.368799278461495,51.40082082953931,34.875621890547265,63.42403885036953,60.21131093648366,141.81940486197607,53.8150158299412,72.6432388889335,36.03633617626155,47.197050461975834,44.14344462657809,43.05744007236545,43.05744007236545,46.63378649807315,9999.0,76.1700228538224,41.84100418410041,55.796293575550166,34.78642466557204,109.16021291309706,35.852570298889745,43.90089264867001,31.57354553421773,41.75684492321977,9999.0,59.90215743223472,52.192102235248655,36.79457302284762,61.75734232065479,31.847133757961785,47.09784411276949,45.32870371853684,41.777627166870786,40.027137042062414,49.82172071669948,76.50297680295478,38.72662135682145,32.57328990228013,57.982813206693805,38.57425202753357,51.65386681935829,9999.0,9999.0,9999.0,9999.0,24.875621890547265
confidence_in_domestic_institutions|WVS_E,85.24751650673933,52.7489913414026,62.49647771794723,50.662090038773115,34.78369726559007,58.22880957182228,41.32723852328541,9999.0,54.368799278461495,0.0,56.01837632690628,19.49317738791423,61.416617939440385,50.84475104595829,125.87182678533688,38.43257132730817,72.66028771951915,34.921770542562925,45.88499730551045,48.76100012394505,44.00524263192432,43.074488902951096,40.783947946785226,9999.0,76.18707168440804,34.92527615334633,51.10441764282828,20.876826722338205,102.47556154136379,22.675736961451246,28.518448146036974,25.723706982929805,30.74177131367351,9999.0,53.03116755835107,44.430833248263355,34.41855052224258,46.37489781802176,37.85962931302689,43.77424849917529,34.220717888650604,32.297274699053794,44.64469253942938,43.0497757245555,61.33418157201464,22.779043280182233,26.954177897574123,57.99986203727945,43.19180752490053,45.80402826807037,9999.0,9999.0,9999.0,9999.0,29.49317738791423
confidence_in_international_organizations|WVS_E,92.74693210647203,40.96384549129827,58.537545194428276,42.19409282700422,42.15019893899205,54.64839702899502,52.30709204831136,9999.0,51.40082082953931,56.01837632690628,0.0,36.52519893899205,40.985155479035,43.242991090171195,143.46898191042087,39.27527311894137,50.20435551759898,37.68591322470633,47.356524615469425,31.680503603685793,44.70701712081023,20.618556701030926,48.28336354651793,9999.0,53.731139482487876,43.70530287616356,33.35741020421564,36.436001714016825,94.00756432959489,37.50214734733453,35.17459745794505,33.223122582662505,43.40642197166454,9999.0,61.5517344806795,53.84167928369344,33.987540658250175,47.143755640022974,37.811880654567666,32.79882466692617,41.322490448442935,43.42720421531557,37.03703703703704,51.47129776514426,77.76141384388806,40.37619840526622,35.79303953213385,35.54392983535928,23.20185614849188,37.1748480917594,9999.0,9999.0,9999.0,9999.0,26.525198938992045
crime_victimization|WVS_H,65.7543391188251,33.25581395348837,43.003300330033,31.16891265085888,15.290519877675841,38.73563218390805,21.83406113537118,9999.0,34.875621890547265,19.49317738791423,36.52519893899205,0.0,41.923440551526156,36.86153232242618,110.92363706819302,18.93939393939394,53.16711033160492,15.763418060220534,26.39181991759622,29.267822736030826,24.512065244010092,23.581311515036866,21.290770558870996,9999.0,56.693894296493816,15.4320987654321,31.611240254914055,6.587615283267458,82.98238415344956,12.728255390986986,9.025270758122744,6.230529595015576,11.248593925759279,9999.0,34.55914149303258,24.93765586034913,14.925373134328357,26.881720430107528,18.366451925112663,24.281071111261063,14.727540500736376,12.804097311139564,25.15151515151515,24.03846153846154,41.84100418410041,7.830853563038371,8.928571428571429,38.50668464936522,23.698630136986303,26.31085088015614,9999.0,9999.0,9999.0,9999.0,10.0
democratic_system_evaluation|WVS_E,100.36659877800408,47.129488210819474,64.70318791394948,34.72222222222222,51.75139220213275,60.81403974851622,49.75124378109453,9999.0,63.42403885036953,61.416617939440385,40.985155479035,41.923440551526156,0.0,42.991033167144344,143.82338890146087,39.02331519591452,49.952397594572126,46.40826544467075,47.104566692442575,31.428545680658942,56.73023514164045,20.366598778004075,55.91838697862433,9999.0,53.479181559461026,51.340326308269965,33.10545228118879,42.12960034856184,86.53569372481289,46.42287812182987,34.9226395349182,40.85814601476891,30.674846625766875,9999.0,69.18675791278591,61.47670271579984,33.735582735223325,46.89179771699612,49.83509867539789,32.54686674389932,41.070532525416084,36.76470588235294,46.23090527610751,55.55046851631414,77.50945592086121,41.7736257600621,40.48732312408053,35.29197191233243,29.367498868013076,36.92289016873255,9999.0,9999.0,9999.0,9999.0,38.54841695982226
democratic_values_importance|WVS_E,94.19054940428798,49.307730667727526,66.88143037085753,36.36363636363637,45.55998606784229,62.992282205424274,53.75070934612731,9999.0,60.21131093648366,50.84475104595829,43.242991090171195,36.86153232242618,42.991033167144344,0.0,141.0178951506373,41.28115080705072,41.32231404958678,41.46476062321875,49.36240230357877,33.686381291795136,52.948275529472966,22.62443438914027,49.72698084433387,9999.0,55.73701717059722,44.16672712762098,35.36328789232498,36.049234730685136,88.17710786622703,28.169014084507044,37.18047514605439,34.66673988047845,43.91704558057003,9999.0,62.99535177849545,54.90698199894554,35.99341834635952,49.14963332813231,46.622370761512016,34.804702355035516,43.32836813655228,44.87082151313152,48.40914773301557,52.914915062960205,68.81942058857209,37.92511164548265,27.932960893854748,37.54980752346863,31.545741324921135,39.180725779868744,9999.0,9999.0,9999.0,9999.0,35.3356890459364
economic_ideology|WVS_E,169.76966885156787,137.88824510390486,149.94708330146182,133.5805883832034,121.1391055151222,145.67941515533687,123.75394052994804,9999.0,141.81940486197607,125.87182678533688,143.46898191042087,110.92363706819302,143.82338890146087,141.0178951506373,0.0,129.86303100758695,153.04258894002484,119.77874779296332,130.407149650339,134.51873702611167,128.52739497675287,123.4567901234568,125.30610029161377,9999.0,156.56937290491373,120.72803962125941,135.62656998765684,113.63636363636363,185.3940598857941,112.84888106613025,112.61659302896416,110.24585932775837,114.19156263944987,9999.0,135.66607340743477,130.8644160287893,123.29480370717485,130.64099287154582,122.38178165785544,128.29640084400384,124.00101751207748,120.44994096041142,130.6957570782696,124.78475747478588,152.76464125229342,103.09278350515464,113.96234872254595,138.38216325778515,130.64241310841513,130.32618061289892,9999.0,9999.0,9999.0,9999.0,116.94378297142882
electoral_integrity|WVS_E,84.69373305821904,45.419605850725844,61.94269426942694,50.10830659025282,34.229913817069786,57.67502612330199,40.773455074765124,9999.0,53.8150158299412,38.43257132730817,39.27527311894137,18.93939393939394,39.02331519591452,41.28115080705072,129.86303100758695,0.0,48.2425152344785,34.702811999614475,45.33121385699016,29.718663320565316,43.45145918340403,18.65671641791045,40.23016449826494,9999.0,51.769299199367396,34.37149270482604,31.395569921095163,25.5270092226614,77.51937984496124,21.978021978021978,27.964664697516685,25.169923534409516,30.187987865153218,9999.0,53.498535432426515,43.87704979974307,32.0257003751297,45.18191535690249,37.3058458645066,30.8369843838057,33.66693444013032,31.743491250533506,44.09090909090909,42.977855477855485,60.78039812349435,26.770247502432312,27.86796536796537,33.582089552238806,27.65761650791945,35.21300780863892,9999.0,9999.0,9999.0,9999.0,28.93939393939394
existential_threat_worry|WVS_H,109.58579881656806,56.34868824938345,73.92238795251345,67.07761938999593,63.39261699838623,70.03323978708019,63.6350169613964,9999.0,72.6432388889335,72.66028771951915,50.20435551759898,53.16711033160492,49.952397594572126,41.32231404958678,153.04258894002484,48.2425152344785,0.0,55.627465483234715,56.32376673100655,40.64774571922292,63.291139240506325,29.58579881656805,69.52578160591212,9999.0,62.698381598025,61.75177525499031,42.324652319752765,54.304441199498434,118.8910908925866,55.649319435392414,44.14183957348217,54.465540642056695,55.082758610681296,9999.0,79.35310717911597,75.08409734308762,42.9547827737873,56.11099775556009,59.054298713961856,41.7660667824633,50.28973256398006,57.05832628909552,55.45010531467149,66.71520300463342,86.7286559594252,53.6656490972917,49.01960784313725,44.51117195089641,38.586698906577055,46.142090207296526,9999.0,9999.0,9999.0,9999.0,47.76761699838623
familial_duty_obligations|WVS_D,69.05669798901448,32.78688524590164,44.164014615747284,35.306084341493616,20.42613465256879,39.89634646962234,28.61685793085381,9999.0,36.03633617626155,34.921770542562925,37.68591322470633,15.763418060220534,46.40826544467075,41.46476062321875,119.77874779296332,34.702811999614475,55.627465483234715,0.0,29.694178787785603,27.932960893854748,27.814424114199475,26.041666666666668,24.593129429060376,9999.0,59.15424944812362,19.76284584980237,34.91359912510344,14.04494382022472,87.11955584408429,16.030614261176368,24.207545446240978,9.532888465204957,19.716187854206993,9999.0,37.86150036322196,30.15144516623588,16.920473773265652,42.616372391653286,16.339869281045754,27.583429981450443,23.288046649524077,19.73697009785802,22.371364653243848,27.781063647686707,56.681020765241406,16.685964287808677,13.531799729364007,40.967039800995025,18.975332068311197,29.61320975034552,9999.0,9999.0,9999.0,9999.0,11.160714285714286
female_income_threat_to_marriage|WVS_D,79.68509984639017,41.58577012098449,52.432314648363025,45.93448619886931,31.054536509944477,50.796953467165004,39.2452597882295,9999.0,47.197050461975834,45.88499730551045,47.356524615469425,26.39181991759622,47.104566692442575,49.36240230357877,130.407149650339,45.33121385699016,56.32376673100655,29.694178787785603,0.0,35.97122302158274,38.44282597157516,26.7379679144385,35.22153128643606,9999.0,59.85055069589545,30.211480362537767,39.47682141762321,25.738535163629166,97.74795770145997,26.659016118552053,35.41709067571897,20.161290322580644,30.34458971158268,9999.0,48.48990222059764,40.779847023611566,26.109660574412533,53.26316685343055,23.696682464454977,38.21183183882613,33.91644850689976,30.365371955233705,32.467532467532465,38.4094655050624,67.30942262261709,27.314366145184362,26.93177102671064,41.66334104876685,26.881720430107528,40.24161160772121,9999.0,9999.0,9999.0,9999.0,22.321428571428573
freedom_security_tradeoff_perception|WVS_H,85.4895559035108,28.328611898016998,52.27112306606382,48.553767476082754,34.89282273603082,48.003454919938875,45.04971584535014,9999.0,44.14344462657809,48.76100012394505,31.680503603685793,29.267822736030826,31.428545680658942,33.686381291795136,134.51873702611167,29.718663320565316,40.64774571922292,27.932960893854748,35.97122302158274,0.0,37.44964091784901,11.061946902654867,41.02598734355671,9999.0,44.17452968411182,36.44792667320234,23.80080040583958,29.178625511055603,92.84474093027507,30.244771144373306,25.61798765956899,25.96574637970129,31.948881789137378,9999.0,54.29435827771829,46.58430308073221,24.430930859874117,37.587145841646915,30.554504451606448,23.242214868550114,31.765880650066876,36.16982801235435,25.188916876574307,44.213921562183046,68.204804045512,33.11882220230501,28.535663329172625,25.987320036983224,20.062846992663868,27.618238293383342,9999.0,9999.0,9999.0,9999.0,19.267822736030826
gender_role_traditionalism|WVS_D,77.80534517280404,34.228956937575276,45.0755014649538,44.054731525283174,25.77319587628866,43.44014028375578,37.36550511464337,9999.0,43.05744007236545,44.00524263192432,44.70701712081023,24.512065244010092,56.73023514164045,52.948275529472966,128.52739497675287,43.45145918340403,63.291139240506325,27.814424114199475,38.44282597157516,37.44964091784901,0.0,36.36363636363637,33.34177661284994,9999.0,69.47621914509332,22.88329519450801,43.662246308892996,23.85878049004304,95.86820302787385,24.779261444965925,33.53733600213283,18.281535648994517,28.464835037996554,9999.0,46.610147547011515,38.900092350025446,28.248587570621467,51.39378567411762,16.339869281045754,36.33207716524001,32.036693833313635,28.485617281647578,25.0,36.529710831476265,65.42966794903097,25.434611471598235,25.05201635312451,51.28900949796473,31.880448318804486,38.361856934135076,9999.0,9999.0,9999.0,9999.0,18.181818181818183
immigrant_origin_status|WVS_G,80.0,26.762889432815395,44.3365891359454,37.49182057342788,33.80681818181819,40.44744097051215,34.04921814482835,9999.0,43.05744007236545,43.074488902951096,20.618556701030926,23.581311515036866,20.366598778004075,22.62443438914027,123.4567901234568,18.65671641791045,29.58579881656805,26.041666666666668,26.7379679144385,11.061946902654867,36.36363636363637,0.0,39.93998278934407,9999.0,33.11258278145695,32.16597643842226,12.738853503184714,24.71864238293038,89.30529207601855,26.063520618824363,14.55604075691412,24.879741825488647,25.496959794113245,9999.0,49.76730836254792,45.49829852651958,13.36898395721925,26.525198938992045,29.468499897393805,12.180267965895249,20.70393374741201,27.47252747252747,25.864306498103435,37.129404188065365,57.14285714285714,24.079850280723644,20.120724346076457,14.925373134328357,9.000900090009,16.556291390728475,9999.0,9999.0,9999.0,9999.0,18.181818181818183
importance_of_life_domains|WVS_A,74.58405048766494,45.013978561014255,54.761464937558884,40.83343684014408,25.953487151219257,50.49379679143394,34.14421042950427,9999.0,46.63378649807315,40.783947946785226,48.28336354651793,21.290770558870996,55.91838697862433,49.72698084433387,125.30610029161377,40.23016449826494,69.52578160591212,24.593129429060376,35.22153128643606,41.02598734355671,33.34177661284994,39.93998278934407,0.0,9999.0,73.05256557080102,25.54242125735647,40.440951623753904,20.637485804903942,92.64690834273475,21.55796675982683,30.31604131699374,15.06024096385542,25.24354035285746,9999.0,43.38885286187242,35.678797664886346,27.397260273972606,48.172490988978524,27.19616329395251,33.11078248010091,28.815399148174542,25.26432259650848,35.51013871436667,33.30841614633717,62.20837326389187,22.21331678645914,21.830721667985415,54.865355923672425,35.45679474451219,35.140562248995984,9999.0,9999.0,9999.0,9999.0,21.758164607525885
institutional_threat_perception|WVS_H,9999.0,9999.0,9999.0,9999.0,9999.0,9999.0,9999.0,9999.0,9999.0,9999.0,9999.0,9999.0,9999.0,9999.0,9999.0,9999.0,9999.0,9999.0,9999.0,9999.0,9999.0,9999.0,9999.0,0.0,9999.0,9999.0,9999.0,9999.0,9999.0,9999.0,9999.0,9999.0,9999.0,9999.0,9999.0,9999.0,9999.0,9999.0,9999.0,9999.0,9999.0,9999.0,9999.0,9999.0,9999.0,9999.0,9999.0,9999.0,9999.0,9999.0,9999.0,9999.0,9999.0,9999.0,9999.0
international_organization_knowledge|WVS_E,113.11258278145695,59.87547221427234,77.44917191740234,70.60440335488484,66.91940096327514,73.56002375196908,67.16180092628531,9999.0,76.1700228538224,76.18707168440804,53.731139482487876,56.693894296493816,53.479181559461026,55.73701717059722,156.56937290491373,51.769299199367396,62.698381598025,59.15424944812362,59.85055069589545,44.17452968411182,69.47621914509332,33.11258278145695,73.05256557080102,9999.0,0.0,65.27855921987921,45.851436284641665,57.831225164387334,122.41787485747551,59.17610340028131,47.66862353837107,57.9923246069456,58.609542575570195,9999.0,82.87989114400487,78.61088130797653,46.4815667386762,59.637781720449,62.58108267885076,45.2928507473522,53.81651652886896,60.585110253984425,58.97688927956038,70.24198696952232,90.25543992431409,57.1924330621806,53.23330712753341,48.037955915785304,42.11348287146595,49.668874172185426,9999.0,9999.0,9999.0,9999.0,51.29440096327514
job_scarcity_gender_discrimination|WVS_C,70.00598981731058,36.00502968551503,46.85157421289355,35.97122302158274,21.37542648086488,45.21621303169553,29.5661497591499,9999.0,41.84100418410041,34.92527615334633,43.70530287616356,15.4320987654321,51.340326308269965,44.16672712762098,120.72803962125941,34.37149270482604,61.75177525499031,19.76284584980237,30.211480362537767,36.44792667320234,22.88329519450801,32.16597643842226,25.54242125735647,9999.0,65.27855921987921,0.0,35.86289095339953,14.326647564469914,87.7846945241734,16.979906089472458,24.457369523554846,10.482180293501049,20.665479682503086,9999.0,38.81079219151805,31.100736994531974,18.79699248120301,42.31381919553963,18.115942028985508,28.532721809746537,24.237338477820167,20.68626192615411,30.120743949753816,28.7303554759828,57.273102949532515,17.635256116104767,16.233766233766232,47.091349572750616,30.878734074157816,30.562501578641612,9999.0,9999.0,9999.0,9999.0,17.180103937171513
job_scarcity_nativist_preference|WVS_C,84.904520183708,39.50174293600011,57.07544263913012,50.2306740766126,36.27395684726231,53.18629447369686,44.46468012554733,9999.0,55.796293575550166,51.10441764282828,33.35741020421564,31.611240254914055,33.10545228118879,35.36328789232498,135.62656998765684,31.395569921095163,42.324652319752765,34.91359912510344,39.47682141762321,23.80080040583958,43.662246308892996,12.738853503184714,40.440951623753904,9999.0,45.851436284641665,35.86289095339953,0.0,30.957955500947,102.04414557920327,31.87843645586989,27.294894260098836,25.38071065989848,35.56401004890051,9999.0,53.70932255791548,45.99926736092941,25.25252525252525,39.26405244217676,37.516632989995564,24.91912146907996,33.44278725059672,35.58479229255154,38.603160001288146,43.62888584238023,69.88171064604185,32.5337864825022,28.169014084507044,27.66422663751307,21.739753593193715,29.29514489391319,9999.0,9999.0,9999.0,9999.0,30.920671685002898
life_autonomy_morality_permissiveness|WVS_F,65.10105436485804,33.16661672851315,42.91410310505778,31.350440717337182,14.22475106685633,38.64643495893283,20.964360587002098,9999.0,34.78642466557204,20.876826722338205,36.436001714016825,6.587615283267458,42.12960034856184,36.049234730685136,113.63636363636363,25.5270092226614,54.304441199498434,14.04494382022472,25.738535163629166,29.178625511055603,23.85878049004304,24.71864238293038,20.637485804903942,9999.0,57.831225164387334,14.326647564469914,30.957955500947,0.0,83.16391221992785,7.880220646178092,10.16260162601626,5.577244841048523,11.45475372279496,9999.0,32.154340836012864,25.38071065989848,13.88888888888889,28.57142857142857,17.71316717114561,23.62778635729401,19.332403025367643,15.781326473701583,25.062317926539926,22.172949002217294,48.428619467367874,12.730320663652241,9.578544061302681,39.64401551725874,23.60943291201108,25.657566126189085,9999.0,9999.0,9999.0,9999.0,9.910802775024777
multilevel_place_attachment|WVS_G,137.11047690268884,64.51612903225806,109.9530063863116,51.81347150259067,88.47991356624316,98.52973447443495,79.06142790586043,9999.0,109.16021291309706,102.47556154136379,94.00756432959489,82.98238415344956,86.53569372481289,88.17710786622703,185.3940598857941,77.51937984496124,118.8910908925866,87.11955584408429,97.74795770145997,92.84474093027507,95.86820302787385,89.30529207601855,92.64690834273475,9999.0,122.41787485747551,87.7846945241734,102.04414557920327,83.16391221992785,0.0,84.08439317485073,74.74925131910443,77.58666737887933,71.73379022769028,9999.0,96.85851654763572,98.20522407991025,96.20354215485014,88.04535556056169,82.40521668878759,95.63720889512481,91.34182556319844,73.22674773385405,83.60009849790691,95.83484256136109,96.15384615384616,82.30127638063945,84.35714808300932,88.49557522123894,82.27811837506445,83.33333333333333,9999.0,9999.0,9999.0,9999.0,84.28459102254979
neighborhood_disorder_and_crime|WVS_H,66.02153531978094,34.23276236183085,43.98024873837548,32.27092167226007,17.390971983335245,39.71258059225053,25.58169526162026,9999.0,35.852570298889745,22.675736961451246,37.50214734733453,12.728255390986986,46.42287812182987,28.169014084507044,112.84888106613025,21.978021978021978,55.649319435392414,16.030614261176368,26.659016118552053,30.244771144373306,24.779261444965925,26.063520618824363,21.55796675982683,9999.0,59.17610340028131,16.979906089472458,31.87843645586989,7.880220646178092,84.08439317485073,0.0,11.507479861910241,6.49772579597141,15.748031496062993,9999.0,34.82633769398841,26.7379679144385,17.421602787456447,36.45164921760666,18.633648126068497,24.548267312216897,18.832391713747647,16.70180742862447,26.12846355985763,24.74590097845316,40.65040650406504,9.75609756097561,9.79431929480901,40.988893753152716,24.675578545328783,26.578047081111972,9999.0,9999.0,9999.0,9999.0,10.97694840834248
offline_political_participation|WVS_E,74.77960987694784,34.6376015016541,52.02857108815574,22.93577981651376,24.315790635798585,47.760902942030796,19.49317738791423,9999.0,43.90089264867001,28.518448146036974,35.17459745794505,9.025270758122744,34.9226395349182,37.18047514605439,112.61659302896416,27.964664697516685,44.14183957348217,24.207545446240978,35.41709067571897,25.61798765956899,33.53733600213283,14.55604075691412,30.31604131699374,9999.0,47.66862353837107,24.457369523554846,27.294894260098836,10.16260162601626,74.74925131910443,11.507479861910241,0.0,15.25580035313832,10.940919037199125,9999.0,35.2112676056338,33.96292661847187,23.9506438924511,34.86436401327568,27.391722683235407,26.73630872280937,18.281535648994517,13.297872340425531,34.17678590963789,22.573363431151243,50.86627494222316,9.523809523809524,15.600624024960997,29.481413891242475,19.880715705765407,31.112332147642597,9999.0,9999.0,9999.0,9999.0,19.025270758122744
online_political_participation|WVS_E,59.523809523809526,29.953737597158838,39.70122397370346,25.77319587628866,10.893246187363834,35.43355582757851,19.083969465648853,9999.0,31.57354553421773,25.723706982929805,33.223122582662505,6.230529595015576,40.85814601476891,34.66673988047845,110.24585932775837,25.169923534409516,54.465540642056695,9.532888465204957,20.161290322580644,25.96574637970129,18.281535648994517,24.879741825488647,15.06024096385542,9999.0,57.9923246069456,10.482180293501049,25.38071065989848,5.577244841048523,77.58666737887933,6.49772579597141,15.25580035313832,0.0,10.183299389002038,9999.0,28.328611898016998,20.618556701030926,18.61687477597082,33.1122500251231,12.135922330097086,18.050541516245488,13.75515818431912,10.204081632653061,20.449897750511248,18.248175182481752,47.14813230003645,7.153075822603719,6.7704807041299935,39.805114959817004,20.396553780656767,20.080321285140563,9999.0,9999.0,9999.0,9999.0,6.697923643670463
outgroup_trust|WVS_G,69.70710891281156,23.696682464454977,49.8845233627055,19.9203187250996,21.076545576365874,45.61685521658055,20.618556701030926,9999.0,41.75684492321977,30.74177131367351,43.40642197166454,11.248593925759279,30.674846625766875,43.91704558057003,114.19156263944987,30.187987865153218,55.082758610681296,19.716187854206993,30.34458971158268,31.948881789137378,28.464835037996554,25.496959794113245,25.24354035285746,9999.0,58.609542575570195,20.665479682503086,35.56401004890051,11.45475372279496,71.73379022769028,15.748031496062993,10.940919037199125,10.183299389002038,0.0,9999.0,38.51191128701903,30.801856090032963,25.343642611683848,23.923444976076556,22.319221719099126,28.233840905247526,21.691973969631235,14.245014245014245,30.633197139513285,24.875621890547265,53.08959810985969,11.098779134295228,16.953780093132032,40.4223329284416,25.510204081632654,30.2636206741426,9999.0,9999.0,9999.0,9999.0,16.8812230326725
perceived_corruption|WVS_E,9999.0,9999.0,9999.0,9999.0,9999.0,9999.0,9999.0,9999.0,9999.0,9999.0,9999.0,9999.0,9999.0,9999.0,9999.0,9999.0,9999.0,9999.0,9999.0,9999.0,9999.0,9999.0,9999.0,9999.0,9999.0,9999.0,9999.0,9999.0,9999.0,9999.0,9999.0,9999.0,9999.0,0.0,9999.0,9999.0,9999.0,9999.0,9999.0,9999.0,9999.0,9999.0,9999.0,9999.0,9999.0,9999.0,9999.0,9999.0,9999.0,9999.0,9999.0,9999.0,9999.0,9999.0,9999.0
perceived_negative_effects_of_immigration|WVS_G,87.85242142182652,58.282349495175836,68.02983587172045,45.04504504504504,39.22185808538083,63.7621677255955,47.41258136366585,9999.0,59.90215743223472,53.03116755835107,61.5517344806795,34.55914149303258,69.18675791278591,62.99535177849545,135.66607340743477,53.498535432426515,79.35310717911597,37.86150036322196,48.48990222059764,54.29435827771829,46.610147547011515,49.76730836254792,43.38885286187242,9999.0,82.87989114400487,38.81079219151805,53.70932255791548,32.154340836012864,96.85851654763572,34.82633769398841,35.2112676056338,28.328611898016998,38.51191128701903,9999.0,0.0,48.94716859904793,46.04322972490175,60.121499268671315,40.46453422811408,46.37915341426249,42.083770082336116,38.53269353067006,48.77850964852824,46.57678708049875,75.47674419805345,32.57328990228013,35.09909260214699,64.69268149687628,48.72516567867376,48.40893318315756,9999.0,9999.0,9999.0,9999.0,35.02653554168746
perceived_positive_effects_of_immigration|WVS_G,80.14236622484046,50.57229429818976,60.31978067473439,46.391752577319586,31.51180288839476,56.05211252860944,39.702526166679775,9999.0,52.192102235248655,44.430833248263355,53.84167928369344,24.93765586034913,61.47670271579984,54.90698199894554,130.8644160287893,43.87704979974307,75.08409734308762,30.15144516623588,40.779847023611566,46.58430308073221,38.900092350025446,45.49829852651958,35.678797664886346,9999.0,78.61088130797653,31.100736994531974,45.99926736092941,25.38071065989848,98.20522407991025,26.7379679144385,33.96292661847187,20.618556701030926,30.801856090032963,9999.0,48.94716859904793,0.0,38.61003861003861,51.81937629045666,32.754479031128014,38.669098217276414,34.37371488535005,30.822638333683987,41.06845445154217,38.86673188351268,66.77866004444954,27.771632523634644,27.3224043715847,60.42367166084793,41.01511048168769,40.69887798617149,9999.0,9999.0,9999.0,9999.0,27.31648034470139
political_information_sources|WVS_E,78.14068429978033,35.174765085788735,44.92225146233336,44.39007065225948,25.0,40.6545833162084,34.85324947589099,9999.0,36.79457302284762,34.41855052224258,33.987540658250175,14.925373134328357,33.735582735223325,35.99341834635952,123.29480370717485,32.0257003751297,42.9547827737873,16.920473773265652,26.109660574412533,24.430930859874117,28.248587570621467,13.36898395721925,27.397260273972606,9999.0,46.4815667386762,18.79699248120301,25.25252525252525,13.88888888888889,96.20354215485014,17.421602787456447,23.9506438924511,18.61687477597082,25.343642611683848,9999.0,46.04322972490175,38.61003861003861,0.0,39.89418289621129,23.20563284787598,21.008403361344538,29.652913635064735,27.47252747252747,27.070466283815506,36.06183789110618,56.766377318428766,20.2020202020202,11.961722488038278,28.294357091547607,20.04008016032064,22.72727272727273,9999.0,9999.0,9999.0,9999.0,11.918951132300357
postmaterialist_values|WVS_E,92.63605954893262,47.62012744053153,69.88502076014052,36.231884057971016,42.17224030778337,65.61735261401557,41.1522633744856,9999.0,61.75734232065479,46.37489781802176,47.143755640022974,26.881720430107528,46.89179771699612,49.14963332813231,130.64099287154582,45.18191535690249,56.11099775556009,42.616372391653286,53.26316685343055,37.587145841646915,51.39378567411762,26.525198938992045,48.172490988978524,9999.0,59.637781720449,42.31381919553963,39.26405244217676,28.57142857142857,88.04535556056169,36.45164921760666,34.86436401327568,33.1122500251231,23.923444976076556,9999.0,60.121499268671315,51.81937629045666,39.89418289621129,0.0,45.24817235522019,38.705466904887295,41.6092609308439,29.850746268656714,52.03323558162268,48.79906686662382,68.72272461420795,27.548209366391184,35.81029185867896,41.4505720733204,35.526099029001045,43.08149032972052,9999.0,9999.0,9999.0,9999.0,36.88172043010753
precautionary_security_behaviors|WVS_H,71.6597318539066,17.88908765652952,28.73563218390805,37.90911820638575,17.006802721088437,27.100271002710027,31.219891795745937,9999.0,31.847133757961785,37.85962931302689,37.811880654567666,18.366451925112663,49.83509867539789,46.622370761512016,122.38178165785544,37.3058458645066,59.054298713961856,16.339869281045754,23.696682464454977,30.554504451606448,16.339869281045754,29.468499897393805,27.19616329395251,9999.0,62.58108267885076,18.115942028985508,37.516632989995564,17.71316717114561,82.40521668878759,18.633648126068497,27.391722683235407,12.135922330097086,22.319221719099126,9999.0,40.46453422811408,32.754479031128014,23.20563284787598,45.24817235522019,0.0,30.186463846342576,25.891080514416206,22.340003962750146,12.004801920768308,30.38409751257884,59.28405463013354,19.288998152700806,18.90640303422708,37.87878787878788,24.985311852561924,32.21624361523765,9999.0,9999.0,9999.0,9999.0,11.286681715575622
religion_versus_secularism_orientation|WVS_F,77.574351040055,38.943157398710646,55.22552255225522,43.82373739253415,28.943787703609324,50.95785440613027,37.13451098189434,9999.0,47.09784411276949,43.77424849917529,32.79882466692617,24.281071111261063,32.54686674389932,34.804702355035516,128.29640084400384,30.8369843838057,41.7660667824633,27.583429981450443,38.21183183882613,23.242214868550114,36.33207716524001,12.180267965895249,33.11078248010091,9999.0,45.2928507473522,28.532721809746537,24.91912146907996,23.62778635729401,95.63720889512481,24.548267312216897,26.73630872280937,18.050541516245488,28.233840905247526,9999.0,46.37915341426249,38.669098217276414,21.008403361344538,38.705466904887295,30.186463846342576,0.0,31.80569970056461,28.25462314889855,37.37373737373737,36.29871669872724,65.19867381628194,25.203617338849206,18.181818181818183,27.105641100223608,21.18116805590425,28.736559356623722,9999.0,9999.0,9999.0,9999.0,22.22222222222222
religious_belief|WVS_F,73.27896770812865,43.708895781477956,53.45638215802258,39.52835406060778,24.648404371682954,49.18871401189763,32.83912764996797,9999.0,45.32870371853684,34.220717888650604,41.322490448442935,14.727540500736376,41.070532525416084,43.32836813655228,124.00101751207748,33.66693444013032,50.28973256398006,23.288046649524077,33.91644850689976,31.765880650066876,32.036693833313635,20.70393374741201,28.815399148174542,9999.0,53.81651652886896,24.237338477820167,33.44278725059672,19.332403025367643,91.34182556319844,18.832391713747647,18.281535648994517,13.75515818431912,21.691973969631235,9999.0,42.083770082336116,34.37371488535005,29.652913635064735,41.6092609308439,25.891080514416206,31.80569970056461,0.0,23.95923981697218,34.20505593483037,32.003333366800874,56.56854468483679,20.90823400692284,20.525638888449112,35.62930688174036,29.70483383742101,33.835479469459685,9999.0,9999.0,9999.0,9999.0,20.453081827989582
