construct,acceptance_of_state_surveillance|WVS_H,authoritarian_governance_tolerance|WVS_E,autocracy_support|WVS_E,basic_needs_deprivation|WVS_H,child_qualities_autonomy_self_expression|WVS_A,child_qualities_conformity_tradition|WVS_A,child_qualities_prosocial_diligence|WVS_A,civic_dishonesty_tolerance|WVS_F,confidence_in_civil_society_organizations|WVS_E,confidence_in_domestic_institutions|WVS_E,confidence_in_international_organizations|WVS_E,crime_victimization|WVS_H,democratic_system_evaluation|WVS_E,democratic_values_importance|WVS_E,economic_ideology|WVS_E,electoral_integrity|WVS_E,existential_threat_worry|WVS_H,familial_duty_obligations|WVS_D,female_income_threat_to_marriage|WVS_D,freedom_security_tradeoff_perception|WVS_H,gender_role_traditionalism|WVS_D,immigrant_origin_status|WVS_G,importance_of_life_domains|WVS_A,institutional_threat_perception|WVS_H,international_organization_knowledge|WVS_E,job_scarcity_gender_discrimination|WVS_C,job_scarcity_nativist_preference|WVS_C,life_autonomy_morality_permissiveness|WVS_F,multilevel_place_attachment|WVS_G,neighborhood_disorder_and_crime|WVS_H,offline_political_participation|WVS_E,online_political_participation|WVS_E,outgroup_trust|WVS_G,perceived_corruption|WVS_E,perceived_negative_effects_of_immigration|WVS_G,perceived_positive_effects_of_immigration|WVS_G,political_information_sources|WVS_E,postmaterialist_values|WVS_E,precautionary_security_behaviors|WVS_H,religion_versus_secularism_orientation|WVS_F,religious_belief|WVS_F,religious_exclusivism|WVS_F,religious_practice_and_self_identification|WVS_F,science_skepticism|WVS_I,science_technology_optimism|WVS_E,sexual_and_reproductive_morality_permissiveness|WVS_F,social_intolerance_outgroups|WVS_A,societal_change_attitudes|WVS_E,socioeconomic_insecurity_worry|WVS_H,subjective_wellbeing|WVS_A,violence_tolerance|WVS_F,voluntary_association_active_membership|WVS_A,voluntary_association_belonging|WVS_A,voting_participation|WVS_E,work_ethic|WVS_C
acceptance_of_state_surveillance|WVS_H,0.0,0.0,25.000772248478665,0.0,12.694079718794153,11.118970949458827,57.028627881642606,1.9272126713601025,12.680670290120748,107.06212981172105,12.98359165949206,9978.129781640646,25.121912243036384,146.1784041554313,104.34926127438705,48.86737864520555,9974.93234509852,11.811307507906612,0.0,9978.836677084384,1.7490706028826573,10.309012071147684,47.007533048342914,9978.76374117074,19.85479849785376,0.0,5.325901559179265,15.685665927857464,9.101556524156067,9966.18502613486,20.64339483167148,0.24127198659472704,36.64927657378849,0.0,10.153982533878274,8.904200470088707,23.78471923117628,21.988153059388893,9964.523463099898,9.73038959046744,6.095839249585943,8.849312389153642,14.9471505278138,5.843452018555777,142.84924451787248,2.42372652595151,0.0,1.3828852327538712,9981.721960358645,129.1048428400172,0.0,34.735231525273846,18.955083291397308,0.0,9.842026560629993
authoritarian_governance_tolerance|WVS_E,0.0,0.0,0.0,0.0,0.0,0.0,0.0,0.0,0.0,0.0,0.0,0.0,0.0,0.0,0.0,0.0,0.0,0.0,0.0,0.0,0.0,0.0,0.0,0.0,0.0,0.0,0.0,0.0,0.0,0.0,0.0,0.0,0.0,0.0,0.0,0.0,0.0,0.0,0.0,0.0,0.0,0.0,0.0,0.0,0.0,0.0,0.0,0.0,0.0,0.0,0.0,0.0,0.0,0.0,0.0
autocracy_support|WVS_E,25.000772248478665,0.0,0.0,0.0,23.899927197271815,14.565677148458608,85.6827773718255,0.0,9979.060179591062,9962.93686057836,9977.391121844632,0.0,9978.537280876202,9949.701271539465,9946.556207233627,9976.768131945153,0.0,27.930646686364415,0.0,0.0,16.73021464377649,468.08181042111056,92.26324723282127,0.0,9970.758935605934,0.0,0.0,11.684347192355222,0.0,0.0,9973.028372366323,9981.610083979947,0.0,0.0,1.0448135865148522,0.0,9968.291427283992,9976.374586198115,0.0,0.0,0.0,312.56907886121365,0.0,16.666945477593828,9962.16884078486,0.0,0.0,9982.23841664909,0.0,0.0,0.0,0.0,0.0,0.0,388.47407373444446
basic_needs_deprivation|WVS_H,0.0,0.0,0.0,0.0,0.0,0.0,0.0,0.0,0.0,0.0,0.0,0.0,0.0,0.0,0.0,0.0,0.0,0.0,0.0,0.0,0.0,0.0,0.0,0.0,0.0,0.0,0.0,0.0,0.0,0.0,0.0,0.0,0.0,0.0,0.0,0.0,0.0,0.0,0.0,0.0,0.0,0.0,0.0,0.0,0.0,0.0,0.0,0.0,0.0,0.0,0.0,0.0,0.0,0.0,0.0
child_qualities_autonomy_self_expression|WVS_A,12.694079718794153,0.0,23.899927197271815,0.0,0.0,9983.264732753554,9945.353161485105,5.193621422368089,3.2771458569267704,143.53867847601535,8.961948166058455,28.0167833369249,7.5232636305904705,40.31273837964545,65.85666144012106,26.10435439967008,144.31620214070983,293.1906881090988,0.0,21.55386745990773,0.0,78.9657773320036,9978.280278979422,21.641574116544977,69.39998360791067,0.0,6.068789170119391,6.281394047746934,14.70625723880353,60.64533577643948,18.062541676610827,4.194648323343483,124.09214478025372,0.0,10.162567752521475,6.543200179831025,26.311538796531558,11.364189964727387,55.73622869666238,48.97928778811725,11.681501578688497,7.155650051499574,91.39294479124511,11.966096041871573,959.3812497082115,6.20455689615021,0.0,2.5867950312614596,14.201055496074696,9960.330507791812,0.0,9970.092944776616,9977.478180839917,0.0,1.105852367203216
child_qualities_conformity_tradition|WVS_A,11.118970949458827,0.0,14.565677148458608,0.0,9983.264732753554,0.0,9945.453934286526,1.2110501222919918,10.21903549059519,133.31326561699882,13.290088891598177,12.49348033941969,10.75556321176239,123.40993211757186,74.85606378293127,23.78951890242085,33.64669314794204,18.09819754748692,0.0,10.94432367816254,1.1375306701846846,14.669966485608942,9977.45925483514,8.20811676837208,18.882193964975425,0.0,9.083694302005508,10.46025225917326,7.212387867458478,30.97427412710777,20.244320148102595,2.1271315970174474,35.45023663674281,0.0,14.782049048743957,9.639863362860535,29.952675528022038,15.939874846185717,278.91962933114047,10.376830519541087,5.2731361148990175,7.954433844275506,11.53490043347136,13.867615531212035,958.5602255639286,2.0529543414166405,0.0,1.009059676608695,7.541571565963533,9959.50948364753,0.0,9969.271920632333,9976.657156695634,0.0,8.873064855751895
child_qualities_prosocial_diligence|WVS_A,57.028627881642606,0.0,85.6827773718255,0.0,9945.353161485105,9945.453934286526,0.0,0.0,946.093093269212,228.0788053221696,114.84870541748987,50.27485742115038,947.4019915843187,684.3708526686684,682.7170559887442,944.4391339674042,12.61190620272783,1.4935002577290106,0.0,55.11758717824885,949.8734089222231,20.735226752175905,9939.54626793364,57.11882527755295,46.35840438395479,22.774384644515443,80.18363742700166,167.88776714978835,37.32515931999477,271.6457930285443,65.08390876752459,0.0,26.93348104106014,0.0,91.1780905983637,115.02674563974341,268.55484014167394,378.08727441811607,36.24308719646136,11.30545451418449,27.46255662304705,52.3750294304976,26.10351874189122,30.399470828184683,235.2041699877041,6.616686018402078,0.0,14.3587709534413,36.81540602424424,9932.042367468597,0.0,9936.08979826392,9940.394543476814,0.0,777.3550098005304
civic_dishonesty_tolerance|WVS_F,1.9272126713601025,0.0,0.0,0.0,5.193621422368089,1.2110501222919918,0.0,0.0,15.03293466964451,110.9980970552464,14.259496529141064,0.0,0.0,61.56282174683777,11.910339039574659,0.0,41.039010583172285,0.0,0.0,0.0,1.827296946017828,0.0,33.045447600001154,0.0,0.0,0.0,25.045081146062913,9985.61833284135,0.0,0.0,31.93164796771979,0.0,0.0,0.0,22.119023475848525,21.884260325122405,44.201505606478065,3.599813404139267,559.7574858512484,9977.942987931752,9986.304533765839,9985.118612966013,9975.027306292666,9.84433072284865,49.01793153189003,9988.118314459132,0.0,0.0,0.0,0.0,0.0,599.602180364786,568.9322518255656,0.0,10.547497347811547
confidence_in_civil_society_organizations|WVS_E,12.680670290120748,0.0,9979.060179591062,0.0,3.2771458569267704,10.21903549059519,946.093093269212,15.03293466964451,0.0,9962.883196721312,9981.69372567812,99.53310432714574,9982.742573146874,9952.979863221884,9950.858811067113,9977.794510855514,6.527814819271029,155.43374139635017,0.0,72.10147163235516,0.0,46.84817754359765,8.158558324650539,981.1194448096203,9973.698874229758,0.0,0.0,7.402555218013596,31.422429685082374,143.979326264969,9977.33097619981,9985.912687813434,17.877606985079694,0.0,0.0,0.0,9972.59403111748,9980.677190031603,210.78160576317015,164.3043456045656,29.36712730405108,4.546752722712235,120.44322276048398,2.245666315259882,9960.543949771689,10.347574664011212,0.0,9986.541020482577,95.18877510863754,15.02307510922315,0.0,0.05697123645249036,0.0,0.0,0.0
confidence_in_domestic_institutions|WVS_E,107.06212981172105,0.0,9962.93686057836,0.0,143.53867847601535,133.31326561699882,228.0788053221696,110.9980970552464,9962.883196721312,0.0,9966.325728770596,42.227474488030666,9964.97522255068,9948.113059943196,9927.855037563753,9963.796017720657,0.0,90.35955486287699,21.769209734755265,19.917002281632193,28.50056665097388,46.113970717242445,955.9150187394188,0.0,9950.695100726398,52.51095154224811,0.0,961.0342957333447,124.506192459077,0.0,9966.907268647066,9969.783410138249,0.0,0.0,0.0,0.0,9954.978784956606,9957.673416528243,0.0,952.6213268181863,8.449468620450325,11.314032172113194,30.12924874985682,0.0,9957.253427784954,963.534277351127,0.0,9963.537246979216,0.0,4.725142829708581,0.0,0.0,0.0,0.0,26.83147385825322
confidence_in_international_organizations|WVS_E,12.98359165949206,0.0,9977.391121844632,0.0,8.961948166058455,13.290088891598177,114.84870541748987,14.259496529141064,9981.69372567812,9966.325728770596,0.0,117.70531642198475,9981.073515400443,9955.71826528374,9949.189753320683,9976.125453109084,0.0,44.337074222309965,0.0,302.1039681381237,0.0,10.363861157406102,28.01115581614534,39.69135091861122,9972.029816483328,0.0,0.0,14.01458111052753,32.15773826790548,30.16281126781645,9975.66191845338,9984.243630067003,18.16549640107549,0.0,0.0,0.0,9970.92497337105,9979.008132285173,1.4419930503201357,36.06784381735196,79.20905856860928,0.0,880.8062505755504,0.0,9963.282351833544,8.565675572511568,0.0,9984.871962736146,327.23619245799216,9.551219590145315,0.0,0.0,0.0,0.0,0.0
crime_victimization|WVS_H,9978.129781640646,0.0,0.0,0.0,28.0167833369249,12.49348033941969,50.27485742115038,0.0,99.53310432714574,42.227474488030666,117.70531642198475,0.0,0.0,36.0739534979782,32.015126367468326,0.0,9972.410750592377,9.349977534130613,0.0,9976.315082578241,8.12160420747858,89.83487763463236,69.38111673926488,9976.57246013439,9.135752329944705,0.0,60.775321545789865,13.055507933786693,0.0,9967.216377913499,599.4536780547861,15.930126510515837,0.0,0.0,201.1189780660494,46.00072593920852,169.71673297245593,16.71039772315507,9965.981504738917,0.8175696183834518,0.0,31.207442968921264,0.0,150.2903579949959,0.0,0.7766947384491587,0.0,0.0,9979.200365852503,5.859776770089169,0.0,148.67234171312964,107.5727292915834,0.0,48.3969753963859
democratic_system_evaluation|WVS_E,25.121912243036384,0.0,9978.537280876202,0.0,7.5232636305904705,10.75556321176239,947.4019915843187,0.0,9982.742573146874,9964.97522255068,9981.073515400443,0.0,0.0,9949.835466144086,9950.238600789438,9977.174300577839,0.0,125.53726116981949,1.631819082556392,0.0,1.0846731555703801,61.69119168436988,13.885770577202777,0.0,9973.078663952081,0.0,0.0,6.248909187339628,1.3715357167633293,0.0,9976.710765922135,9985.292477535759,0.0,0.0,12.456874014205187,4.27207757658034,9971.973820839803,9980.056979753926,0.0,20.25375882215122,0.0,64.2189520918217,0.0,10.807243263346336,9963.148810016271,2.8669931191842277,0.0,9985.920810204901,0.0,0.0,0.0,0.0,0.0,0.0,52.41287754666597
democratic_values_importance|WVS_E,146.1784041554313,0.0,9949.701271539465,0.0,40.31273837964545,123.40993211757186,684.3708526686684,61.56282174683777,9952.979863221884,9948.113059943196,9955.71826528374,36.0739534979782,9949.835466144086,0.0,9917.951704064326,9950.356688039403,0.0,147.15927711474745,40.157592893004846,39.19436462956773,0.0,229.07238963088338,65.16705333080365,0.0,9940.79176722697,4.728830164033262,0.0,107.38096223391777,150.66843273014183,1.931723700052629,9957.003935147639,9959.871238767735,0.0,0.0,0.0,0.0,9945.075451457178,9947.770083028816,33.73925580712117,142.71799331875934,22.239698369674116,24.36951629357874,15.10415789992659,1.8791636426957083,9945.773812993573,953.6309438517,0.0,9953.633913479789,5.224611048793072,0.0,0.0,3.0493968142158963,0.0,0.0,8.833811354285125
economic_ideology|WVS_E,104.34926127438705,0.0,9946.556207233627,0.0,65.85666144012106,74.85606378293127,682.7170559887442,11.910339039574659,9950.858811067113,9927.855037563753,9949.189753320683,32.015126367468326,9950.238600789438,9917.951704064326,0.0,9945.290538498079,148.86570903302442,308.1149542240988,10.50397685707646,47.69830935592674,21.531434558136205,654.0030538002337,150.49645253840393,18.545542382253778,9941.19490187232,0.0,945.1921255942467,63.89364744106644,39.56714259673169,64.24188562143263,9944.827003842373,9953.408715455998,78.60042305991107,0.0,950.2700816314144,949.346840842442,9940.090058760043,9948.173217674166,142.7085277146768,99.37112796411023,13.569991055291183,120.52590242766001,70.75055674376556,663.5356049648492,9925.515790614132,27.563490261756783,0.0,9954.037048125141,14.466773401096212,198.73531896800284,0.0,604.8941523492017,612.279388412504,0.0,135.91373085152094
electoral_integrity|WVS_E,48.86737864520555,0.0,9976.768131945153,0.0,26.10435439967008,23.78951890242085,944.4391339674042,0.0,9977.794510855514,9963.796017720657,9976.125453109084,0.0,9977.174300577839,9950.356688039403,9945.290538498079,0.0,0.0,968.7282497067513,7.125768145616977,0.0,7.127538412937845,105.54192819180915,43.28058960381354,0.0,9968.130601660721,0.0,0.0,12.716372010135345,0.0,0.0,9971.762703630775,9980.344415244399,0.0,0.0,0.3004696415243622,0.0,9967.025758548443,9975.108917462567,0.0,25.612383308066708,0.0,887.0609858832411,0.0,5.9474952294405306,9961.969605186248,2.0668246989539263,0.0,9980.972747913542,0.0,0.0,0.0,0.0,0.0,0.0,970.5417383322296
existential_threat_worry|WVS_H,9974.93234509852,0.0,0.0,0.0,144.31620214070983,33.64669314794204,12.61190620272783,41.039010583172285,6.527814819271029,0.0,0.0,9972.410750592377,0.0,0.0,148.86570903302442,0.0,0.0,0.0,2.3246211711443348,9973.117646036113,22.415686361684056,0.0,265.961704614452,9974.375640300186,74.00711826601123,8.308513173616348,0.0,140.8977607790626,289.0008050457785,9966.917284372981,0.0,0.0,26.325108216451127,0.0,0.0,0.0,0.0,121.66127887386396,9969.254636577889,17.97402187782277,19.143311407653144,0.3722942318636555,633.2102498676647,0.0,0.0,13.077905918768387,0.0,7.9388132679535595,9976.002929310376,34.10466604406628,0.0,0.0,0.0,0.0,13.68982942790236
familial_duty_obligations|WVS_D,11.811307507906612,0.0,27.930646686364415,0.0,293.1906881090988,18.09819754748692,1.4935002577290106,0.0,155.43374139635017,90.35955486287699,44.337074222309965,9.349977534130613,125.53726116981949,147.15927711474745,308.1149542240988,968.7282497067513,0.0,0.0,9976.063311928538,16.373151200303802,9973.40609368147,0.0,41.7276419524707,14.034602892573677,3.1202112851687076,11.070464828922802,35.882897593205314,145.36243851454782,7.293595738662436,83.08350314540131,18.861557729593827,0.0,0.0,0.0,51.591445138869865,38.407846174866634,81.43102341628938,223.97321922847394,0.0,0.0,2.1557842727296546,14.93424081750274,0.0,6.501838152647949,70.59446000622472,0.0,0.0,2.113262980627322,3.646525098207107,1.9743403508011212,0.0,56.93426682957832,273.36022416368314,0.0,492.77416367157133
female_income_threat_to_marriage|WVS_D,0.0,0.0,0.0,0.0,0.0,0.0,0.0,0.0,0.0,21.769209734755265,0.0,0.0,1.631819082556392,40.157592893004846,10.50397685707646,7.125768145616977,2.3246211711443348,9976.063311928538,0.0,0.0,9991.246290278155,0.0,8.626090163608318,0.0,0.0,0.0,0.0,0.21869424939356286,0.0,5.9486058412600435,0.0,0.0,5.415486520236744,0.0,0.0,0.0,0.5828939113992497,1.2296466118330933,47.30740614956292,0.0,0.0,0.0,0.0,0.0,126.36737392428145,0.0,0.0,0.0,0.0,26.60730618430552,0.0,3.4906848337593743,0.0,0.0,0.0
freedom_security_tradeoff_perception|WVS_H,9978.836677084384,0.0,0.0,0.0,21.55386745990773,10.94432367816254,55.11758717824885,0.0,72.10147163235516,19.917002281632193,302.1039681381237,9976.315082578241,0.0,39.19436462956773,47.69830935592674,0.0,9973.117646036113,16.373151200303802,0.0,0.0,5.236820852656628,24.144957211716598,71.90223569533916,9976.949042108334,9.696410459769233,0.0,71.61307389117366,13.125731051548009,2.0501586766647044,9965.7016078143,66.9036927645787,12.070897010165123,0.0,0.0,396.2703179542314,123.60794673047639,470.4236284161935,10.764851846445772,9966.136593591906,2.575179547971377,0.0,26.239506293109017,0.0,216.67869843052324,12.667542088463627,0.8196551340039946,0.0,0.6838314843901454,9979.90726129624,3.0981822543535387,0.0,30.061055338685343,25.451341907038103,0.0,49.86268512305582
gender_role_traditionalism|WVS_D,1.7490706028826573,0.0,16.73021464377649,0.0,0.0,1.1375306701846846,949.8734089222231,1.827296946017828,0.0,28.50056665097388,0.0,8.12160420747858,1.0846731555703801,0.0,21.531434558136205,7.127538412937845,22.415686361684056,9973.40609368147,9991.246290278155,5.236820852656628,0.0,26.86588299856457,0.0,12.029621643459134,26.65894711349257,0.0,0.0,0.0,3.382256418721912,27.068688323722093,0.0,0.0,32.27843161616933,0.0,0.0,0.0,1.8674248267304598,0.0,26.723772384612445,30.269671448155457,3.16346072491981,0.0,72.5056442759792,1.7921016963718088,323.06321298878737,1.1278387769308562,0.0,0.0,4.8812875776038425,16.398562614558173,0.0,1.2709834665819706,0.0,0.0,0.0
immigrant_origin_status|WVS_G,10.309012071147684,0.0,468.08181042111056,0.0,78.9657773320036,14.669966485608942,20.735226752175905,0.0,46.84817754359765,46.113970717242445,10.363861157406102,89.83487763463236,61.69119168436988,229.07238963088338,654.0030538002337,105.54192819180915,0.0,0.0,0.0,24.144957211716598,26.86588299856457,0.0,269.8076237204877,63.07077538017037,17.52918920043148,0.0,4.230027609091916,68.9839763248873,9971.976395848737,251.8154411731826,9.843150843150845,0.0,9962.674187361035,0.0,9971.506825228702,9972.753240694714,20.276088976649802,96.11799696002102,0.0,1.4058760747502461,20.932360569389225,6.722553832565566,14.63869539804977,0.0,15.315792485404728,0.0,0.0,1.5167032264998994,41.423998086441614,36.46131533312324,0.0,40.37970944947294,38.17794815585914,0.0,62.09525852382994
importance_of_life_domains|WVS_A,47.007533048342914,0.0,92.26324723282127,0.0,9978.280278979422,9977.45925483514,9939.54626793364,33.045447600001154,8.158558324650539,955.9150187394188,28.01115581614534,69.38111673926488,13.885770577202777,65.16705333080365,150.49645253840393,43.28058960381354,265.961704614452,41.7276419524707,8.626090163608318,71.90223569533916,0.0,269.8076237204877,0.0,68.26804622044169,738.4856522787558,0.0,20.795796090300286,15.907510890754843,53.31951847597006,148.28192377715487,65.47957761063118,24.387151567285407,55.26709056792639,0.0,28.091484126876665,25.426429861244536,70.19085626223907,24.31012192675479,29.462386441362447,446.3715853302517,41.7802789794227,30.450379122004836,262.0580551081245,60.34348530017827,323.9461421601671,28.94094962486928,0.0,12.400059603835903,42.32794033167876,9954.525029873397,0.0,9964.2874668582,9971.672702921502,0.0,11.208194034874118
institutional_threat_perception|WVS_H,9978.76374117074,0.0,0.0,0.0,21.641574116544977,8.20811676837208,57.11882527755295,0.0,981.1194448096203,0.0,39.69135091861122,9976.57246013439,0.0,0.0,18.545542382253778,0.0,9974.375640300186,14.034602892573677,0.0,9976.949042108334,12.029621643459134,63.07077538017037,68.26804622044169,0.0,1.4257524680909732,0.0,0.9077857917795491,12.641864379736887,0.0,9971.065470421463,6.633378909800893,67.00268253183758,0.0,0.0,17.409503252708745,3.796391461522745,90.83262021339296,4.543511991085399,9971.576931501093,0.0,0.0,47.86257831400518,0.0,43.02665345389934,0.0,0.0,0.0,0.0,9979.834325382597,0.0,0.0,0.0,0.0,0.0,176.98091382301908
international_organization_knowledge|WVS_E,19.85479849785376,0.0,9970.758935605934,0.0,69.39998360791067,18.882193964975425,46.35840438395479,0.0,9973.698874229758,9950.695100726398,9972.029816483328,9.135752329944705,9973.078663952081,9940.79176722697,9941.19490187232,9968.130601660721,74.00711826601123,3.1202112851687076,0.0,9.696410459769233,26.65894711349257,17.52918920043148,738.4856522787558,1.4257524680909732,0.0,0.0,164.15745525245606,37.26724180291877,6.379163005669028,18.846183666999075,9967.667067005017,9976.248778618641,3.322535567441342,0.0,151.68157336548683,141.67842942881464,9962.930121922687,9971.01328083681,106.46898888727083,0.5632672513215198,0.7013866074268762,27.350375995451998,0.6208590399695453,38.31511940469256,9948.355853776775,0.40355342440058806,0.0,9976.877111287784,1.2954752328412624,17.45452032410276,0.0,961.0675488451789,325.5956420513383,0.0,116.30592939852116
job_scarcity_gender_discrimination|WVS_C,0.0,0.0,0.0,0.0,0.0,0.0,22.774384644515443,0.0,0.0,52.51095154224811,0.0,0.0,0.0,4.728830164033262,0.0,0.0,8.308513173616348,11.070464828922802,0.0,0.0,0.0,0.0,0.0,0.0,0.0,0.0,9984.514706239408,0.0,0.0,0.0,0.0,0.0,21.70078148285014,0.0,0.0,0.0,0.0,0.0,49.88574495131676,0.0,0.0,0.0,0.0,0.0,466.8383712592928,0.0,0.0,0.0,0.0,291.36827450418417,0.0,2.1349719880736906,0.0,0.0,9982.92861918899
job_scarcity_nativist_preference|WVS_C,5.325901559179265,0.0,0.0,0.0,6.068789170119391,9.083694302005508,80.18363742700166,25.045081146062913,0.0,0.0,0.0,60.775321545789865,0.0,0.0,945.1921255942467,0.0,0.0,35.882897593205314,0.0,71.61307389117366,0.0,4.230027609091916,20.795796090300286,0.9077857917795491,164.15745525245606,9984.514706239408,0.0,12.832376671639349,81.45633805509358,0.0,0.0,0.0,0.0,0.0,0.0,0.0,0.0,75.01050455873569,0.0,47.23343450462573,105.09894262747568,0.0,58.18646241513697,0.0,0.0,11.726751075154521,0.0,0.0,15.28976640344706,0.0,0.0,0.0,0.0,0.0,9974.059980358763
life_autonomy_morality_permissiveness|WVS_F,15.685665927857464,0.0,11.684347192355222,0.0,6.281394047746934,10.46025225917326,167.88776714978835,9985.61833284135,7.402555218013596,961.0342957333447,14.01458111052753,13.055507933786693,6.248909187339628,107.38096223391777,63.89364744106644,12.716372010135345,140.8977607790626,145.36243851454782,0.21869424939356286,13.125731051548009,0.0,68.9839763248873,15.907510890754843,12.641864379736887,37.26724180291877,0.0,12.832376671639349,0.0,9.497544705188997,30.71601558589569,29.819733514555267,4.070491108106566,108.87709371047646,0.0,19.486376838042737,19.840275257243995,47.89618260127622,12.700438226202841,81.49698128656689,9974.300386133702,9983.399555973348,9982.213635173523,9972.059685043227,15.911907469415759,131.10884188717105,9985.213336666642,0.0,3.0140946043682444,6.531993089863416,869.7352159582329,0.0,49.771823217205664,21.46010218617092,0.0,2.78082687984584
multilevel_place_attachment|WVS_G,9.101556524156067,0.0,0.0,0.0,14.70625723880353,7.212387867458478,37.32515931999477,0.0,31.422429685082374,124.506192459077,32.15773826790548,0.0,1.3715357167633293,150.66843273014183,39.56714259673169,0.0,289.0008050457785,7.293595738662436,0.0,2.0501586766647044,3.382256418721912,9971.976395848737,53.31951847597006,0.0,6.379163005669028,0.0,81.45633805509358,9.497544705188997,0.0,3.0413400664677326,120.40087536533153,3.045917895078812,9973.29551109092,0.0,9980.98681029723,9980.063569508256,101.01191563098672,11.564792965748651,554.3272171648058,1.438697200219682,0.0,9.778132696773554,0.0,25.411063789394632,53.470614518042076,0.0,0.0,0.15860252822108478,0.0,8.297894395912081,0.0,558.1795084659974,431.87490495710716,0.0,20.315708999880762
neighborhood_disorder_and_crime|WVS_H,9966.18502613486,0.0,0.0,0.0,60.64533577643948,30.97427412710777,271.6457930285443,0.0,143.979326264969,0.0,30.16281126781645,9967.216377913499,0.0,1.931723700052629,64.24188562143263,0.0,9966.917284372981,83.08350314540131,5.9486058412600435,9965.7016078143,27.068688323722093,251.8154411731826,148.28192377715487,9971.065470421463,18.846183666999075,0.0,0.0,30.71601558589569,3.0413400664677326,0.0,1.5714225490003457,137.7573008292915,0.0,0.0,11.396444782485894,0.0,78.25390517751354,17.668607883384126,9964.118575573888,13.566487530952301,0.0,324.85915285341537,2.0421629949706244,19.12329874746399,0.0,0.12776190956025957,0.0,5.617271916513111,9970.959623321833,7.215024311942912,0.0,0.0,0.0,0.0,960.2879572504556
offline_political_participation|WVS_E,20.64339483167148,0.0,9973.028372366323,0.0,18.062541676610827,20.244320148102595,65.08390876752459,31.93164796771979,9977.33097619981,9966.907268647066,9975.66191845338,599.4536780547861,9976.710765922135,9957.003935147639,9944.827003842373,9971.762703630775,0.0,18.861557729593827,0.0,66.9036927645787,0.0,9.843150843150845,65.47957761063118,6.633378909800893,9967.667067005017,0.0,0.0,29.819733514555267,120.40087536533153,1.5714225490003457,0.0,9979.880880588693,7.50601335330488,0.0,0.0,0.0,9966.562223892739,9974.645382806862,0.0,55.063378566891615,113.82759807158848,0.0,136.84411743006046,0.0,9964.568021697443,18.67418256104452,0.0,9980.509213257836,25.892746724938956,8.70065469064356,0.0,0.0,0.0,0.0,0.0
online_political_participation|WVS_E,0.24127198659472704,0.0,9981.610083979947,0.0,4.194648323343483,2.1271315970174474,0.0,0.0,9985.912687813434,9969.783410138249,9984.243630067003,15.930126510515837,9985.292477535759,9959.871238767735,9953.408715455998,9980.344415244399,0.0,0.0,0.0,12.070897010165123,0.0,0.0,24.387151567285407,67.00268253183758,9976.248778618641,0.0,0.0,4.070491108106566,3.045917895078812,137.7573008292915,9979.880880588693,0.0,164.73511492053134,0.0,0.0,0.0,9975.143935506363,9983.227094420487,0.0,0.0,7.765977828766353,0.0,15.85076195957247,0.0,9967.588868549237,0.0,0.0,9989.090924871462,19.200858288690462,208.7118231886131,0.0,0.0,0.0,0.0,0.0
outgroup_trust|WVS_G,36.64927657378849,0.0,0.0,0.0,124.09214478025372,35.45023663674281,26.93348104106014,0.0,17.877606985079694,0.0,18.16549640107549,0.0,0.0,0.0,78.60042305991107,0.0,26.325108216451127,0.0,5.415486520236744,0.0,32.27843161616933,9962.674187361035,55.26709056792639,0.0,3.322535567441342,21.70078148285014,0.0,108.87709371047646,9973.29551109092,0.0,7.50601335330488,164.73511492053134,0.0,0.0,9969.626777092759,9968.703536303787,58.534132862164626,71.57072946204183,146.05006385504174,0.0,0.0,880.481981556185,0.0,52.25121423965318,7.129901511177586,0.0,0.0,11.944321508049974,0.0,0.0,0.0,0.0,0.0,0.0,29.940949101217726
perceived_corruption|WVS_E,0.0,0.0,0.0,0.0,0.0,0.0,0.0,0.0,0.0,0.0,0.0,0.0,0.0,0.0,0.0,0.0,0.0,0.0,0.0,0.0,0.0,0.0,0.0,0.0,0.0,0.0,0.0,0.0,0.0,0.0,0.0,0.0,0.0,0.0,0.0,0.0,0.0,0.0,0.0,0.0,0.0,0.0,0.0,0.0,0.0,0.0,0.0,0.0,0.0,0.0,0.0,0.0,0.0,0.0,0.0
perceived_negative_effects_of_immigration|WVS_G,10.153982533878274,0.0,1.0448135865148522,0.0,10.162567752521475,14.782049048743957,91.1780905983637,22.119023475848525,0.0,0.0,0.0,201.1189780660494,12.456874014205187,0.0,950.2700816314144,0.3004696415243622,0.0,51.591445138869865,0.0,396.2703179542314,0.0,9971.506825228702,28.091484126876665,17.409503252708745,151.68157336548683,0.0,0.0,19.486376838042737,9980.98681029723,11.396444782485894,0.0,0.0,9969.626777092759,0.0,0.0,9980.286335625691,0.0,48.58161128083497,0.0,58.78213359771167,233.13554072549445,1.1434778911192645,39.36323736294028,0.0,0.0,10.394614039653058,0.0,6.154311248897555,40.968466725569634,4.0231487623267554,0.0,0.0,0.0,0.0,0.0
perceived_positive_effects_of_immigration|WVS_G,8.904200470088707,0.0,0.0,0.0,6.543200179831025,9.639863362860535,115.02674563974341,21.884260325122405,0.0,0.0,0.0,46.00072593920852,4.27207757658034,0.0,949.346840842442,0.0,0.0,38.407846174866634,0.0,123.60794673047639,0.0,9972.753240694714,25.426429861244536,3.796391461522745,141.67842942881464,0.0,0.0,19.840275257243995,9980.063569508256,0.0,0.0,0.0,9968.703536303787,0.0,9980.286335625691,0.0,0.0,57.905377287246,0.0,73.11313009687483,95.84866357288564,0.0,56.34251447648576,0.0,0.0,10.764048544253994,0.0,2.0648253856732435,28.294665735471348,0.0,0.0,0.0,0.0,0.0,0.0
political_information_sources|WVS_E,23.78471923117628,0.0,9968.291427283992,0.0,26.311538796531558,29.952675528022038,268.55484014167394,44.201505606478065,9972.59403111748,9954.978784956606,9970.92497337105,169.71673297245593,9971.973820839803,9945.075451457178,9940.090058760043,9967.025758548443,0.0,81.43102341628938,0.5828939113992497,470.4236284161935,1.8674248267304598,20.276088976649802,70.19085626223907,90.83262021339296,9962.930121922687,0.0,0.0,47.89618260127622,101.01191563098672,78.25390517751354,9966.562223892739,9975.143935506363,58.534132862164626,0.0,0.0,0.0,0.0,9969.908437724533,20.626543463967252,79.79887675010818,807.2888511874565,13.092177699458233,438.80612311447766,3.1394515655134683,9952.639538006984,21.431399004037658,0.0,9975.772268175506,139.97557835712234,76.78254722911099,0.0,16.780887551082607,5.662118041413784,0.0,12.289615401706087
postmaterialist_values|WVS_E,21.988153059388893,0.0,9976.374586198115,0.0,11.364189964727387,15.939874846185717,378.08727441811607,3.599813404139267,9980.677190031603,9957.673416528243,9979.008132285173,16.71039772315507,9980.056979753926,9947.770083028816,9948.173217674166,9975.108917462567,121.66127887386396,223.97321922847394,1.2296466118330933,10.764851846445772,0.0,96.11799696002102,24.31012192675479,4.543511991085399,9971.01328083681,0.0,75.01050455873569,12.700438226202841,11.564792965748651,17.668607883384126,9974.645382806862,9983.227094420487,71.57072946204183,0.0,48.58161128083497,57.905377287246,9969.908437724533,0.0,31.76114091340002,35.43950692859926,4.817720048428679,18.87556965663314,29.17833800186741,94.01079837925607,9955.33416957862,6.124172383588917,0.0,9983.85542708963,6.267692495126212,103.21096389410567,0.0,593.045864647024,475.43110071032635,0.0,16.3541061599314
precautionary_security_behaviors|WVS_H,9964.523463099898,0.0,0.0,0.0,55.73622869666238,278.91962933114047,36.24308719646136,559.7574858512484,210.78160576317015,0.0,1.4419930503201357,9965.981504738917,0.0,33.73925580712117,142.7085277146768,0.0,9969.254636577889,0.0,47.30740614956292,9966.136593591906,26.723772384612445,0.0,29.462386441362447,9971.576931501093,106.46898888727083,49.88574495131676,0.0,81.49698128656689,554.3272171648058,9964.118575573888,0.0,0.0,146.05006385504174,0.0,0.0,0.0,20.626543463967252,31.76114091340002,0.0,23.894987299025203,27.916040878506415,24.734022622251643,957.8521159023181,0.0,0.0,121.94263132786524,0.0,247.8351815745841,9972.015136102027,274.8479482639156,0.0,0.0,0.0,0.0,519.6867997134161
religion_versus_secularism_orientation|WVS_F,9.73038959046744,0.0,0.0,0.0,48.97928778811725,10.376830519541087,11.30545451418449,9977.942987931752,164.3043456045656,952.6213268181863,36.06784381735196,0.8175696183834518,20.25375882215122,142.71799331875934,99.37112796411023,25.612383308066708,17.97402187782277,0.0,0.0,2.575179547971377,30.269671448155457,1.4058760747502461,446.3715853302517,0.0,0.5632672513215198,0.0,47.23343450462573,9974.300386133702,1.438697200219682,13.566487530952301,55.063378566891615,0.0,0.0,0.0,58.78213359771167,73.11313009687483,79.79887675010818,35.43950692859926,23.894987299025203,0.0,9975.280465683849,9973.800666258365,9966.454688731284,14.409753883438096,859.3729889594733,9977.619197003964,0.0,0.0,0.0,0.0,0.0,419.8799364170934,969.6392270845316,0.0,106.71487814344957
religious_belief|WVS_F,6.095839249585943,0.0,0.0,0.0,11.681501578688497,5.2731361148990175,27.46255662304705,9986.304533765839,29.36712730405108,8.449468620450325,79.20905856860928,0.0,0.0,22.239698369674116,13.569991055291183,0.0,19.143311407653144,2.1557842727296546,0.0,0.0,3.16346072491981,20.932360569389225,41.7802789794227,0.0,0.7013866074268762,0.0,105.09894262747568,9983.399555973348,0.0,0.0,113.82759807158848,7.765977828766353,0.0,0.0,233.13554072549445,95.84866357288564,807.2888511874565,4.817720048428679,27.916040878506415,9975.280465683849,0.0,9982.899836098011,9972.745885967715,82.11534977321486,0.0,9985.89953759113,0.0,0.0,0.0,0.0,0.0,33.204746018851075,24.56113014867307,0.0,23.5727876305493
religious_exclusivism|WVS_F,8.849312389153642,0.0,312.56907886121365,0.0,7.155650051499574,7.954433844275506,52.3750294304976,9985.118612966013,4.546752722712235,11.314032172113194,0.0,31.207442968921264,64.2189520918217,24.36951629357874,120.52590242766001,887.0609858832411,0.3722942318636555,14.93424081750274,0.0,26.239506293109017,0.0,6.722553832565566,30.450379122004836,47.86257831400518,27.350375995451998,0.0,0.0,9982.213635173523,9.778132696773554,324.85915285341537,0.0,0.0,880.481981556185,0.0,1.1434778911192645,0.0,13.092177699458233,18.87556965663314,24.734022622251643,9973.800666258365,9982.899836098011,0.0,9971.55996516789,0.0,20.819527978975458,9984.713616791305,0.0,0.6635878140942442,21.13201781313158,282.7252321532767,0.0,9.668463103557514,1.862284610115644,0.0,3.657088492599982
religious_practice_and_self_identification|WVS_F,14.9471505278138,0.0,0.0,0.0,91.39294479124511,11.53490043347136,26.10351874189122,9975.027306292666,120.44322276048398,30.12924874985682,880.8062505755504,0.0,0.0,15.10415789992659,70.75055674376556,0.0,633.2102498676647,0.0,0.0,0.0,72.5056442759792,14.63869539804977,262.0580551081245,0.0,0.6208590399695453,0.0,58.18646241513697,9972.059685043227,0.0,2.0421629949706244,136.84411743006046,15.85076195957247,0.0,0.0,39.36323736294028,56.34251447648576,438.80612311447766,29.17833800186741,957.8521159023181,9966.454688731284,9972.745885967715,9971.55996516789,0.0,143.4220353882863,35.321072679004274,9974.703515364878,0.0,0.0,0.0,0.0,0.0,41.287805511700086,17.38956619120261,0.0,968.6640613692285
science_skepticism|WVS_I,5.843452018555777,0.0,16.666945477593828,0.0,11.966096041871573,13.867615531212035,30.399470828184683,9.84433072284865,2.245666315259882,0.0,0.0,150.2903579949959,10.807243263346336,1.8791636426957083,663.5356049648492,5.9474952294405306,0.0,6.501838152647949,0.0,216.67869843052324,1.7921016963718088,0.0,60.34348530017827,43.02665345389934,38.31511940469256,0.0,0.0,15.911907469415759,25.411063789394632,19.12329874746399,0.0,0.0,52.25121423965318,0.0,0.0,0.0,3.1394515655134683,94.01079837925607,0.0,14.409753883438096,82.11534977321486,0.0,143.4220353882863,0.0,0.0,4.2543337185408525,0.0,0.6801315906607588,981.4687436095473,37.72518003226939,0.0,0.0,0.0,0.0,2.3072096053462516
science_technology_optimism|WVS_E,142.84924451787248,0.0,9962.16884078486,0.0,959.3812497082115,958.5602255639286,235.2041699877041,49.01793153189003,9960.543949771689,9957.253427784954,9963.282351833544,0.0,9963.148810016271,9945.773812993573,9925.515790614132,9961.969605186248,0.0,70.59446000622472,126.36737392428145,12.667542088463627,323.06321298878737,15.315792485404728,323.9461421601671,0.0,9948.355853776775,466.8383712592928,0.0,131.10884188717105,53.470614518042076,0.0,9964.568021697443,9967.588868549237,7.129901511177586,0.0,0.0,0.0,9952.639538006984,9955.33416957862,0.0,859.3729889594733,0.0,20.819527978975458,35.321072679004274,0.0,0.0,306.02261660840156,0.0,9961.198000029595,0.0,18.2279419645689,0.0,0.0,0.0,0.0,76.94694373512085
sexual_and_reproductive_morality_permissiveness|WVS_F,2.42372652595151,0.0,0.0,0.0,6.20455689615021,2.0529543414166405,6.616686018402078,9988.118314459132,10.347574664011212,963.534277351127,8.565675572511568,0.7766947384491587,2.8669931191842277,953.6309438517,27.563490261756783,2.0668246989539263,13.077905918768387,0.0,0.0,0.8196551340039946,1.1278387769308562,0.0,28.94094962486928,0.0,0.40355342440058806,0.0,11.726751075154521,9985.213336666642,0.0,0.12776190956025957,18.67418256104452,0.0,0.0,0.0,10.394614039653058,10.764048544253994,21.431399004037658,6.124172383588917,121.94263132786524,9977.619197003964,9985.89953759113,9984.713616791305,9974.703515364878,4.2543337185408525,306.02261660840156,0.0,0.0,0.0,0.0,9.01584811813359,0.0,51.29005130840431,36.47173681410966,0.0,6.0065801131121646
social_intolerance_outgroups|WVS_A,0.0,0.0,0.0,0.0,0.0,0.0,0.0,0.0,0.0,0.0,0.0,0.0,0.0,0.0,0.0,0.0,0.0,0.0,0.0,0.0,0.0,0.0,0.0,0.0,0.0,0.0,0.0,0.0,0.0,0.0,0.0,0.0,0.0,0.0,0.0,0.0,0.0,0.0,0.0,0.0,0.0,0.0,0.0,0.0,0.0,0.0,0.0,0.0,0.0,0.0,0.0,0.0,0.0,0.0,0.0
societal_change_attitudes|WVS_E,1.3828852327538712,0.0,9982.23841664909,0.0,2.5867950312614596,1.009059676608695,14.3587709534413,0.0,9986.541020482577,9963.537246979216,9984.871962736146,0.0,9985.920810204901,9953.633913479789,9954.037048125141,9980.972747913542,7.9388132679535595,2.113262980627322,0.0,0.6838314843901454,0.0,1.5167032264998994,12.400059603835903,0.0,9976.877111287784,0.0,0.0,3.0140946043682444,0.15860252822108478,5.617271916513111,9980.509213257836,9989.090924871462,11.944321508049974,0.0,6.154311248897555,2.0648253856732435,9975.772268175506,9983.85542708963,247.8351815745841,0.0,0.0,0.6635878140942442,0.0,0.6801315906607588,9961.198000029595,0.0,0.0,0.0,0.0,37.017745725795734,0.0,19.992644406753715,7.820130100292264,0.0,0.0
socioeconomic_insecurity_worry|WVS_H,9981.721960358645,0.0,0.0,0.0,14.201055496074696,7.541571565963533,36.81540602424424,0.0,95.18877510863754,0.0,327.23619245799216,9979.200365852503,0.0,5.224611048793072,14.466773401096212,0.0,9976.002929310376,3.646525098207107,0.0,9979.90726129624,4.8812875776038425,41.423998086441614,42.32794033167876,9979.834325382597,1.2954752328412624,0.0,15.28976640344706,6.531993089863416,0.0,9970.959623321833,25.892746724938956,19.200858288690462,0.0,0.0,40.968466725569634,28.294665735471348,139.97557835712234,6.267692495126212,9972.015136102027,0.0,0.0,21.13201781313158,0.0,981.4687436095473,0.0,0.0,0.0,0.0,0.0,0.0,0.0,10.128878295487233,7.071340758121153,0.0,62.78141321337154
subjective_wellbeing|WVS_A,129.1048428400172,0.0,0.0,0.0,9960.330507791812,9959.50948364753,9932.042367468597,0.0,15.02307510922315,4.725142829708581,9.551219590145315,5.859776770089169,0.0,0.0,198.73531896800284,0.0,34.10466604406628,1.9743403508011212,26.60730618430552,3.0981822543535387,16.398562614558173,36.46131533312324,9954.525029873397,0.0,17.45452032410276,291.36827450418417,0.0,869.7352159582329,8.297894395912081,7.215024311942912,8.70065469064356,208.7118231886131,0.0,0.0,4.0231487623267554,0.0,76.78254722911099,103.21096389410567,274.8479482639156,0.0,0.0,282.7252321532767,0.0,37.72518003226939,18.2279419645689,9.01584811813359,0.0,37.017745725795734,0.0,0.0,0.0,9951.380682430172,9955.525808414057,0.0,32.303334595670066
violence_tolerance|WVS_F,0.0,0.0,0.0,0.0,0.0,0.0,0.0,0.0,0.0,0.0,0.0,0.0,0.0,0.0,0.0,0.0,0.0,0.0,0.0,0.0,0.0,0.0,0.0,0.0,0.0,0.0,0.0,0.0,0.0,0.0,0.0,0.0,0.0,0.0,0.0,0.0,0.0,0.0,0.0,0.0,0.0,0.0,0.0,0.0,0.0,0.0,0.0,0.0,0.0,0.0,0.0,0.0,0.0,0.0,0.0
voluntary_association_active_membership|WVS_A,34.735231525273846,0.0,0.0,0.0,9970.092944776616,9969.271920632333,9936.08979826392,599.602180364786,0.05697123645249036,0.0,0.0,148.67234171312964,0.0,3.0493968142158963,604.8941523492017,0.0,0.0,56.93426682957832,3.4906848337593743,30.061055338685343,1.2709834665819706,40.37970944947294,9964.2874668582,0.0,961.0675488451789,2.1349719880736906,0.0,49.771823217205664,558.1795084659974,0.0,0.0,0.0,0.0,0.0,0.0,0.0,16.780887551082607,593.045864647024,0.0,419.8799364170934,33.204746018851075,9.668463103557514,41.287805511700086,0.0,0.0,51.29005130840431,0.0,19.992644406753715,10.128878295487233,9951.380682430172,0.0,0.0,9971.440589138881,0.0,4.8354446128271675
voluntary_association_belonging|WVS_A,18.955083291397308,0.0,0.0,0.0,9977.478180839917,9976.657156695634,9940.394543476814,568.9322518255656,0.0,0.0,0.0,107.5727292915834,0.0,0.0,612.279388412504,0.0,0.0,273.36022416368314,0.0,25.451341907038103,0.0,38.17794815585914,9971.672702921502,0.0,325.5956420513383,0.0,0.0,21.46010218617092,431.87490495710716,0.0,0.0,0.0,0.0,0.0,0.0,0.0,5.662118041413784,475.43110071032635,0.0,969.6392270845316,24.56113014867307,1.862284610115644,17.38956619120261,0.0,0.0,36.47173681410966,0.0,7.820130100292264,7.071340758121153,9955.525808414057,0.0,9971.440589138881,0.0,0.0,0.0
voting_participation|WVS_E,0.0,0.0,0.0,0.0,0.0,0.0,0.0,0.0,0.0,0.0,0.0,0.0,0.0,0.0,0.0,0.0,0.0,0.0,0.0,0.0,0.0,0.0,0.0,0.0,0.0,0.0,0.0,0.0,0.0,0.0,0.0,0.0,0.0,0.0,0.0,0.0,0.0,0.0,0.0,0.0,0.0,0.0,0.0,0.0,0.0,0.0,0.0,0.0,0.0,0.0,0.0,0.0,0.0,0.0,0.0
