construct,acceptance_of_state_surveillance|WVS_H,authoritarian_governance_tolerance|WVS_E,autocracy_support|WVS_E,basic_needs_deprivation|WVS_H,child_qualities_autonomy_self_expression|WVS_A,child_qualities_conformity_tradition|WVS_A,child_qualities_prosocial_diligence|WVS_A,civic_dishonesty_tolerance|WVS_F,confidence_in_civil_society_organizations|WVS_E,confidence_in_domestic_institutions|WVS_E,confidence_in_international_organizations|WVS_E,crime_victimization|WVS_H,democratic_system_evaluation|WVS_E,democratic_values_importance|WVS_E,economic_ideology|WVS_E,electoral_integrity|WVS_E,existential_threat_worry|WVS_H,familial_duty_obligations|WVS_D,female_income_threat_to_marriage|WVS_D,freedom_security_tradeoff_perception|WVS_H,gender_role_traditionalism|WVS_D,immigrant_origin_status|WVS_G,importance_of_life_domains|WVS_A,institutional_threat_perception|WVS_H,international_organization_knowledge|WVS_E,job_scarcity_gender_discrimination|WVS_C,job_scarcity_nativist_preference|WVS_C,life_autonomy_morality_permissiveness|WVS_F,multilevel_place_attachment|WVS_G,neighborhood_disorder_and_crime|WVS_H,offline_political_participation|WVS_E,online_political_participation|WVS_E,outgroup_trust|WVS_G,perceived_corruption|WVS_E,perceived_negative_effects_of_immigration|WVS_G,perceived_positive_effects_of_immigration|WVS_G,political_information_sources|WVS_E,postmaterialist_values|WVS_E,precautionary_security_behaviors|WVS_H,religion_versus_secularism_orientation|WVS_F,religious_belief|WVS_F,religious_exclusivism|WVS_F,religious_practice_and_self_identification|WVS_F,science_skepticism|WVS_I,science_technology_optimism|WVS_E,sexual_and_reproductive_morality_permissiveness|WVS_F,social_intolerance_outgroups|WVS_A,societal_change_attitudes|WVS_E,socioeconomic_insecurity_worry|WVS_H,subjective_wellbeing|WVS_A,violence_tolerance|WVS_F,voluntary_association_active_membership|WVS_A,voluntary_association_belonging|WVS_A,voting_participation|WVS_E,work_ethic|WVS_C
acceptance_of_state_surveillance|WVS_H,0.0,158.03360543803933,0.0,9970.59068126228,0.0,204.3053579895685,0.0,0.0,0.0,0.0,178.8449260605805,9975.528137460435,0.0,0.0,118.9705125133354,0.0,9931.139932139931,0.0,0.0,9964.990253600874,0.0,4.641270646442479,955.8974358974359,9922.391812865497,0.23456155430425696,0.0,80.75732317218386,5.07860801978449,0.0,9954.611743222362,0.0,0.0,3.324800798120215,0.0,458.33805476864967,108.06005160684964,0.0,0.0,9962.319313429933,0.0,4.321982446681915,0.0,49.85934792246,867.6190476190476,125.63476998763468,19.59511161227899,0.0,0.0,9942.304911532272,2.3363522414755806,0.0,2.0192557897475965,94.8492571210624,0.0,129.7733297681272
authoritarian_governance_tolerance|WVS_E,158.03360543803933,0.0,9886.103914995889,762.9899490995531,265.3395731597034,66.10158390796708,168.05837990665873,905.1329164940445,9887.863026408306,9935.092668816025,9904.067266405093,936.8661227317796,9927.12840499539,9856.686383215818,9909.574820368634,9920.786941580756,0.0,36.998529219697474,405.3017246700072,0.0,0.0,27.09942893607287,909.3925035146762,871.1589222570844,9920.778079278773,0.0,114.02374856924324,32.289002408993625,15.245021522540924,443.0233659750751,9925.71447781264,9939.906438436103,17.878213055794674,0.0,820.924031476799,889.1413261206417,9939.161734283907,9920.23062603128,400.6056228994373,101.90079357316587,764.4124154828171,464.3527310544402,345.94700813229286,115.23176229511142,9892.94465241969,180.63949798435652,49.78954829304015,9898.909918927035,0.0,927.5767815250845,391.24961948867167,116.29365697052859,13.21505536946529,0.0,0.0
autocracy_support|WVS_E,0.0,9886.103914995889,0.0,16.007160421109404,63.04800874994882,190.22685383758207,4.437096353133541,28.419695272998737,9891.445582586428,9925.28936731707,9894.263964906137,123.14125260537215,9919.100115517906,9860.26893939394,9899.771518869678,9910.9836400818,874.8058044981669,161.90142762671644,24.79538369084831,917.2827853809449,14.623716055208888,298.81872854734644,95.66763338826874,0.0,9917.274526525245,0.0,8.33646817793786,112.15504520295706,0.0,573.5709416691011,9917.450201821082,9930.103136937145,26.827238344595557,0.0,214.5298208869335,788.4289337125942,9929.358432784951,9916.727073277754,49.74698034513983,0.0,233.77578065052722,29.243741091900574,336.1437066333364,811.3108137373315,9883.141350920734,920.8361964854001,16.594433928586625,9889.106617428079,207.0974433123429,42.86459331820272,41.880498533724335,44.650889419328536,64.66531512407012,0.0,138.00032123282313
basic_needs_deprivation|WVS_H,9970.59068126228,762.9899490995531,16.007160421109404,0.0,10.355507238346707,931.4448541736507,0.0,282.7099019723154,81.23193094832467,10.508734754066868,153.06359789526692,9972.13551408382,0.0,156.62357599912204,265.9048648012994,47.128933444722904,9921.463381367492,82.53404362585204,4.743510475956647,9958.835486151276,1.8049587902403168,25.392608635846507,578.3072023517883,9915.971916971917,0.0,0.0,44.92566257272139,8.244521000768195,0.945891765612366,9948.456975772766,0.0,0.0,3.9964037652728948,0.0,173.13912557082818,236.08632798805687,0.0,0.0,9956.164545980335,0.0,8.216372348722103,0.0,29.060962090447862,865.0288140734001,846.950260347711,12.563575166668887,0.0,13.960131206538719,9936.150144082674,6.895578546603996,136.76497620685444,9.235878847460874,17.288653937940268,0.0,934.07301408382
child_qualities_autonomy_self_expression|WVS_A,0.0,265.3395731597034,63.04800874994882,10.355507238346707,0.0,9930.76779702767,9972.330616031146,196.64219623582557,180.03972228719306,3.7649820498307136,100.8200596113771,0.0,4.9719716712429545,173.12757883878572,56.7849548112706,18.997766154516725,921.7858254643561,50.723362782368426,9.781498432843641,30.678260896357514,0.0,18.749337627100807,9952.630145205809,408.39642367870795,7.759874830351535,0.0,918.7031104559829,6.203903846583746,12.745826925623028,28.729676755992543,4.6023857383285005,0.0,15.65120828228028,0.0,93.05706544688502,108.81756430300175,0.0,9.100410323961128,33.043581805191714,0.0,6.763264721118894,0.0,23.769239438165293,865.35175692742,771.5156274441553,8.497207119836368,9976.301962251795,51.28801202600087,111.91356124627231,9968.846117488798,189.5065375570384,9967.28662681845,9963.923124932488,0.0,25.22000016070625
child_qualities_conformity_tradition|WVS_A,204.3053579895685,66.10158390796708,190.22685383758207,931.4448541736507,9930.76779702767,0.0,9934.645091627075,47.27100685088914,85.31645967247793,148.93782987994126,0.0,1.7869791396154682,173.12572831707138,855.9100877192982,901.197759210328,224.90988042244913,0.0,122.37226548275541,255.30777778053974,42.70902572159446,114.39250551320566,8.136409122719797,9915.599190283401,6.765329487228996,10.178745159057272,848.1674561800248,43.213929161141024,148.96119414189818,325.24452724732186,10.540336379474581,338.14248128691605,8.653834296305163,45.28692002653952,0.0,44.039809154614574,128.90615242424997,0.0,0.0,178.19598028749635,80.977601460695,3.2208338532732554,14.754157108053242,2.276501918561351,131.35110503531558,0.0,25.097709308235608,9937.518863530508,203.03285776872747,421.33947312667664,9930.983805668016,145.03045306720685,9929.97497842968,9924.293365864994,0.0,485.6002961330795
child_qualities_prosocial_diligence|WVS_A,0.0,168.05837990665873,4.437096353133541,0.0,9972.330616031146,9934.645091627075,0.0,28.320389795883727,4.681387469325337,0.0,165.9481601424382,0.0,0.0,18.647957228269192,105.41784424556445,2.3967721803747395,90.50245957976631,0.0,0.5171025711685289,198.23725029171467,0.0,4.275922557467311,9956.507439805213,117.94951238584221,0.0,0.0,202.44803806083848,3.77015288356791,0.0,1.81222828529733,0.0,0.0,2.4064628088246742,0.0,116.19805867642614,78.10133283371303,0.0,0.0,5.024977308579871,0.0,4.194018440019889,0.0,22.038134899019546,494.2290515268241,942.059588710226,8.226780344912193,9979.218377099509,9.93151423253542,531.2290628058761,9971.892055189828,27.030559929432556,9970.883227951492,9966.839539780201,0.0,115.99018199233717
civic_dishonesty_tolerance|WVS_F,0.0,905.1329164940445,28.419695272998737,282.7099019723154,196.64219623582557,47.27100685088914,28.320389795883727,0.0,0.0,0.0,0.0,0.09023902899591718,230.47175205341279,0.0,585.4671870345005,0.435176791222716,562.9428819962186,0.0,937.3369484787302,305.6821572494707,46.77788757035461,932.2323454301173,0.0,39.5687801062941,15.483027946759975,1.5223575739760449,236.25709791005636,9940.504801418094,16.84988008409526,0.0,21.864262401776394,1.763717382669455,74.08371103479175,0.0,0.0,314.0336927865074,1.8633701119830306,459.9505511648214,0.0,9952.014606652378,9938.304782148683,9945.867298675801,9940.184848814899,29.33981523548698,0.0,9937.865197983556,193.6003269345171,59.650770441384964,912.6264448104985,560.8024815242836,9923.197198350665,432.35344962758415,0.0,0.0,190.3208503145534
confidence_in_civil_society_organizations|WVS_E,0.0,9887.863026408306,9891.445582586428,81.23193094832467,180.03972228719306,85.31645967247793,4.681387469325337,0.0,0.0,9933.550093219508,9931.308664069902,23.19500249619385,9929.63011852881,9873.926643192488,9901.530630282095,9916.590650284686,112.46430260514765,0.0,135.08069053183314,0.0,119.2781873864847,485.0408130147209,0.0,0.0,9930.707843348797,16.166993918458466,0.38650647162397433,39.73031984934899,0.0,0.0,9930.999011613541,9943.130165400571,701.6785034057202,0.0,0.0,172.3977159266665,9944.640346312153,9927.481618622463,0.0,184.3754658646772,10.631768251804864,250.89921669593392,0.0,211.20811187991964,9920.186050084498,0.0,392.11722157695203,9891.076033436391,6.246664614869232,930.2557309275387,0.0,345.9135703558699,32.19909820860357,0.0,74.2083558463835
confidence_in_domestic_institutions|WVS_E,0.0,9935.092668816025,9925.28936731707,10.508734754066868,3.7649820498307136,148.93782987994126,0.0,0.0,9933.550093219508,0.0,9943.252718726275,0.0,9966.31385731657,9900.508401221996,9948.760272689815,9959.972393901937,33.61894637493759,0.0,12.741145245155973,20.325593255135907,0.0,31.685248437030268,51.670739341011334,82.75816768171333,9964.141967260612,0.0,922.3892640251412,7.67582134570894,4.061341135644547,0.0,9964.89993013382,9979.091890757283,101.28970960301942,0.0,98.07739823648222,184.73703485207855,9978.347186605088,9963.594514013119,0.0,0.0,62.007653736719256,0.0,119.98094530195824,48.97881284048728,9932.13010474087,93.28174042899388,0.0,9938.095371248215,35.329316398534914,13.932045167019723,0.0,36.30590267949259,10.56933641785021,0.0,0.0
confidence_in_international_organizations|WVS_E,178.8449260605805,9904.067266405093,9894.263964906137,153.06359789526692,100.8200596113771,0.0,165.9481601424382,0.0,9931.308664069902,9943.252718726275,0.0,96.8217559411303,9944.473417448506,9872.447198787853,9917.734870278882,9929.855764408034,3.576833002491952,34.87762276528207,72.21546319999955,370.5536505129906,407.9036425557866,13.266572300455948,0.0,0.0,9949.973029157829,135.1850867290994,102.4177068963627,8.677402708699617,943.315029924463,41.62318271591873,9938.160286135375,9962.395351209603,0.0,0.0,0.0,56.74226681506413,9963.905532121187,9946.856975302437,0.0,26.635159348094092,0.0,0.0,0.0,0.0,9939.451235893532,0.0,25.500419043507122,9907.069968837282,912.5607947215475,35.72781328829534,0.0,31.84542283156908,0.0,0.0,914.9021130839874
crime_victimization|WVS_H,9975.528137460435,936.8661227317796,123.14125260537215,9972.13551408382,0.0,1.7869791396154682,0.0,0.09023902899591718,23.19500249619385,0.0,96.8217559411303,0.0,2.5877559695965076,0.0,9.705324238705117,0.0,9927.932178932178,0.0,4.447822559448763,9966.044993116835,0.0,0.0,27.255367434949413,9913.89448183917,3.029526351542337,0.0,0.0,0.0,5.222193948702909,9955.666482738325,32.561838636961745,0.0,11.453657437697355,0.0,58.76968475105838,8.960658615138406,0.0,0.0,9963.374052945896,0.0,1.5747009666065672,0.0,16.78772675455874,870.0114619151818,180.93723719382183,3.3999712160998854,0.0,109.36035058769738,9943.359651048233,7.1192816316971985,12.614424143557073,11.275676949888663,45.69035605401502,0.0,0.0
democratic_system_evaluation|WVS_E,0.0,9927.12840499539,9919.100115517906,0.0,4.9719716712429545,173.12572831707138,0.0,230.47175205341279,9929.63011852881,9966.31385731657,9944.473417448506,2.5877559695965076,0.0,9898.453475336322,9940.79600886918,9952.008130081302,14.662931669137393,19.39356769135955,0.0,280.88792054173643,3.7141671002514975,0.9436045049052808,421.1785526856852,27.828544353064615,9963.160805565163,0.0,7.5831873039595195,1.4289057146200008,0.0,148.38086749851453,9963.336480861,9975.326530612245,0.0,0.0,98.94384688157432,210.45118481546018,9974.757307264439,9962.61335231767,60.899493104242794,0.0,0.0,0.0,11.604886408775869,201.5372744237173,9929.257636495768,2.555940525463015,0.0,9930.13110742758,59.07872343530093,0.7550751424651949,85.10535705675296,0.0,0.0,0.0,94.32777367219288
democratic_values_importance|WVS_E,0.0,9856.686383215818,9860.26893939394,156.62357599912204,173.12757883878572,855.9100877192982,18.647957228269192,0.0,9873.926643192488,9900.508401221996,9872.447198787853,0.0,9898.453475336322,0.0,9870.353987089606,9886.62992789587,187.34826547326546,0.0,217.42861813426327,120.42339313575678,146.58358105893916,92.93280871670702,121.67487492182613,511.9334795321637,9889.463991934052,17.928427142307484,855.573499642772,897.5418433139022,25.449586333207023,0.0,9899.822368421053,9907.803104575163,421.66484400314766,0.0,192.71305476864967,857.5212585034013,9907.541666666666,9896.304975429975,0.0,63.14253749395259,524.4590145322434,119.3970550077841,67.15179927211476,789.4940476190476,9861.324584802449,102.63328932971791,98.70281614670161,9859.899390243903,365.1799115322711,419.757910945929,5.0978605096479725,308.81489071038254,105.91043326376028,0.0,876.1917372881355
economic_ideology|WVS_E,118.9705125133354,9909.574820368634,9899.771518869678,265.9048648012994,56.7849548112706,901.197759210328,105.41784424556445,585.4671870345005,9901.530630282095,9948.760272689815,9917.734870278882,9.705324238705117,9940.79600886918,9870.353987089606,0.0,9934.454545454546,3.5398677656496034,919.0871857250659,228.49313806760614,0.0,1.4050237627473336,413.86472549518385,166.96254641285583,218.15985946420727,9934.445683152562,0.0,34.02210179703786,17.369240503951644,151.964307102647,42.73473093697814,9939.38208168643,9953.57404230989,197.0469824307496,0.0,401.6912024501556,236.14226332776437,9952.829338157697,9933.89822990507,78.92782100528578,4.278074866310156,66.69790553546822,24.168313570487484,160.3392496872417,390.3372746656329,9906.61225629348,35.216192767236905,10.4855759394394,9912.577522800824,0.035561799842867,119.8158139703025,904.9172233624611,937.6535685366257,42.9857188245752,0.0,0.0
electoral_integrity|WVS_E,0.0,9920.786941580756,9910.9836400818,47.128933444722904,18.997766154516725,224.90988042244913,2.3967721803747395,0.435176791222716,9916.590650284686,9959.972393901937,9929.855764408034,0.0,9952.008130081302,9886.62992789587,9934.454545454546,0.0,409.488831083034,6.718623411442188,36.63560166461521,215.12370670265403,8.67970649734476,16.720928702972913,522.5075227182339,521.0386473429952,9948.218726497114,0.0,120.82878442011007,23.09389143987019,28.088506764213207,0.0,9950.59420289855,9964.786163522012,85.18218056594776,0.0,936.7128474718006,141.29377847927952,9964.041459369817,9947.671273249622,0.0,0.0,30.58567290703612,0.0,354.16006655153683,845.9938403221986,9917.8243775056,80.5192230702672,0.0,9923.789644012944,161.83860943209368,50.49572229726963,27.240455685693405,56.39257146917704,45.50218786278337,0.0,35.35400693426543
existential_threat_worry|WVS_H,9931.139932139931,0.0,874.8058044981669,9921.463381367492,921.7858254643561,0.0,90.50245957976631,562.9428819962186,112.46430260514765,33.61894637493759,3.576833002491952,9927.932178932178,14.662931669137393,187.34826547326546,3.5398677656496034,409.488831083034,0.0,0.5784215568304205,161.47186147186147,9921.287687931735,0.0,0.0,135.89373856784192,9862.11783977525,0.0,3.723065317268208,873.4245265525254,56.47468473555429,13.127107523804128,9904.303626387566,34.9524650982478,935.246346649776,1.1828360558152582,0.0,123.16752225199807,253.45479200929398,56.05604931438408,0.0,9911.117036211239,240.36041477901946,36.8142344679849,130.2910572573494,33.41934492890992,23.390544087903265,0.0,924.9794061980307,277.4927471329271,601.8975227150266,9891.102634313578,544.8853635468574,882.392918324179,52.13958721589148,9.555485165241251,0.0,0.0
familial_duty_obligations|WVS_D,0.0,36.998529219697474,161.90142762671644,82.53404362585204,50.723362782368426,122.37226548275541,0.0,0.0,0.0,0.0,34.87762276528207,0.0,19.39356769135955,0.0,919.0871857250659,6.718623411442188,0.5784215568304205,0.0,9941.971251648916,10.225317907974187,9949.502917603251,11.16709548313321,164.93854740830506,883.447940958667,171.88306048979388,11.02002765790781,408.67321959853876,946.6716210450986,2.11194323181104,0.0,29.912587423313497,341.0181754481257,111.08659461176123,0.0,262.61726151761405,323.2587985856991,75.25959890582715,9.741198583098381,0.0,23.019690056316037,318.9002583182448,19.104566720114384,78.31009463243804,838.5649210346787,167.805714628337,96.87626143557134,27.757091672762662,253.24987049036199,162.9131101677304,164.45014691990457,0.0,97.46909745934691,33.20619381428857,0.0,455.80674859318106
female_income_threat_to_marriage|WVS_D,0.0,405.3017246700072,24.79538369084831,4.743510475956647,9.781498432843641,255.30777778053974,0.5171025711685289,937.3369484787302,135.08069053183314,12.741145245155973,72.21546319999955,4.447822559448763,0.0,217.42861813426327,228.49313806760614,36.63560166461521,161.47186147186147,9941.971251648916,0.0,102.14726172172982,9973.952884303351,16.82267033267678,136.40766261556894,89.0188434048083,0.0,0.0,99.32553018208331,8.083832293821729,3.1571781602651825,181.46974802096028,0.0,0.0,3.4160994294146967,0.0,88.6090470370219,151.72960775117866,0.0,0.0,81.61917869364677,0.0,4.524647002816078,0.0,15.127725252402158,392.62688199268297,183.04406872679095,8.155586822509505,0.12931018814816042,30.15316659799447,936.604776795985,9.060228463699275,217.5712985321808,9.61567544773208,17.98478881744156,0.0,704.586061760188
freedom_security_tradeoff_perception|WVS_H,9964.990253600874,0.0,917.2827853809449,9958.835486151276,30.678260896357514,42.70902572159446,198.23725029171467,305.6821572494707,0.0,20.325593255135907,370.5536505129906,9966.044993116835,280.88792054173643,120.42339313575678,0.0,215.12370670265403,9921.287687931735,10.225317907974187,102.14726172172982,0.0,0.0,66.54506637777195,172.12951343461583,9900.33779264214,156.03858231689026,0.0,93.46266123759733,0.0,44.038488588649294,9945.886446886447,95.78223708658491,0.0,83.11035537235678,0.0,567.0119927709459,585.9868631723642,9.866296368567621,3.765517358744745,9953.594017094018,0.5512461394814352,81.39321938454142,10.232618688501042,91.56306424629216,51.29298562134383,34.53853772204461,9.72779777503704,3.945026865230595,300.4591596824606,9933.579615196355,55.79486759641493,171.42848987372759,955.4552168344692,57.35487284324245,0.0,0.0
gender_role_traditionalism|WVS_D,0.0,0.0,14.623716055208888,1.8049587902403168,0.0,114.39250551320566,0.0,46.77788757035461,119.2781873864847,0.0,407.9036425557866,0.0,3.7141671002514975,146.58358105893916,1.4050237627473336,8.67970649734476,0.0,9949.502917603251,9973.952884303351,0.0,0.0,31.121096447921506,302.5110113268113,40.160735465428786,14.400264847954162,0.0,925.4674222427038,0.0,10.497458008969051,28.68736202069536,1.7721916421023565,0.0,25.32883750135454,0.0,230.39431426139876,109.84604082932847,0.0,30.59922308371509,3.778295134016524,0.0,5.074286547552788,0.0,36.394792482629455,91.62725906374868,29.19209576405879,3.481821656967867,0.0,9.073728476000369,1.6990791850642069,1.1873675313881087,68.31969177955665,15.22689045282862,495.6259865511875,0.0,0.0
immigrant_origin_status|WVS_G,4.641270646442479,27.09942893607287,298.81872854734644,25.392608635846507,18.749337627100807,8.136409122719797,4.275922557467311,932.2323454301173,485.0408130147209,31.685248437030268,13.266572300455948,0.0,0.9436045049052808,92.93280871670702,413.86472549518385,16.720928702972913,0.0,11.16709548313321,16.82267033267678,66.54506637777195,31.121096447921506,0.0,35.04289349253463,98.66430325059112,0.0,7.604319234777602,188.0686021778836,23.692134952734715,9960.721017341702,0.0,15.94489564169016,0.0,9969.652299009807,0.0,9954.516299248995,9931.824502983745,0.0,0.0,110.24473437519275,0.0,2.3104683789792375,0.0,8.67780404301628,77.56324954620075,7.5578992128641005,12.16907740221204,1.8770740549949423,297.37971823347755,234.53047677767526,23.7089145469263,918.3490484247445,15.760647268021842,45.103189292706666,0.0,251.11607142857144
importance_of_life_domains|WVS_A,955.8974358974359,909.3925035146762,95.66763338826874,578.3072023517883,9952.630145205809,9915.599190283401,9956.507439805213,0.0,0.0,51.670739341011334,0.0,27.255367434949413,421.1785526856852,121.67487492182613,166.96254641285583,522.5075227182339,135.89373856784192,164.93854740830506,136.40766261556894,172.12951343461583,302.5110113268113,35.04289349253463,0.0,0.0,11.889362659148475,360.9388952672535,3.672768567348868,30.00003091639281,139.4145677331518,215.02418676674333,69.92044127939965,0.0,61.30131498830292,0.0,12.844603375917714,90.62415417095221,0.0,46.35583135940412,16.265513093871306,41.994879216297456,0.14811709634598458,4.006446337238181,0.0,106.5934065934066,0.0,0.2243657981362901,9959.381211708645,125.16116339367363,129.65198927793864,9952.846153846154,0.0,9951.837326607818,9946.15571404313,0.0,85.89401686023677
institutional_threat_perception|WVS_H,9922.391812865497,871.1589222570844,0.0,9915.971916971917,408.39642367870795,6.765329487228996,117.94951238584221,39.5687801062941,0.0,82.75816768171333,0.0,9913.89448183917,27.828544353064615,511.9334795321637,218.15985946420727,521.0386473429952,9862.11783977525,883.447940958667,89.0188434048083,9900.33779264214,40.160735465428786,98.66430325059112,0.0,0.0,621.2410505985007,36.34167764602546,0.0,907.8598000986061,15.689378864244873,9889.95928226363,0.0,111.42875366755965,151.4923798976955,0.0,37.282049643456986,105.626667944035,335.2185046787289,815.4987921562027,9897.6668524712,121.866159399083,105.54761725018797,353.9745278875714,20.029995755579236,355.0597745199987,0.0,67.58427963828069,506.83994528043775,7.494958022606838,9879.75017692852,117.31678486997637,30.91869458592717,188.66517524235644,73.77679454938514,0.0,17.85118451785118
international_organization_knowledge|WVS_E,0.23456155430425696,9920.778079278773,9917.274526525245,0.0,7.759874830351535,10.178745159057272,0.0,15.483027946759975,9930.707843348797,9964.141967260612,9949.973029157829,3.029526351542337,9963.160805565163,9889.463991934052,9934.445683152562,9948.218726497114,0.0,171.88306048979388,0.0,156.03858231689026,14.400264847954162,0.0,11.889362659148475,621.2410505985007,0.0,2.142914835384971,113.34045446261038,0.0,0.0,475.9682063886245,9961.510891868342,9973.681046066167,0.0,0.0,10.86497806535877,71.12944122695814,9974.091025860811,9962.605563716732,96.34483302230062,0.0,0.0,0.0,0.0,5.297138156476194,9938.850415172426,0.0,0.0,9927.811587343844,62.60494092856038,0.7819260778254673,116.37734930580606,0.0,0.0,0.0,149.1002661832394
job_scarcity_gender_discrimination|WVS_C,0.0,0.0,0.0,0.0,0.0,848.1674561800248,0.0,1.5223575739760449,16.166993918458466,0.0,135.1850867290994,0.0,0.0,17.928427142307484,0.0,0.0,3.723065317268208,11.02002765790781,0.0,0.0,0.0,7.604319234777602,360.9388952672535,36.34167764602546,2.142914835384971,0.0,9932.012000786937,0.0,0.0,0.0,0.0,0.0,7.755279981152427,0.0,132.87103956219607,38.72693355949344,0.0,8.748240805440467,0.0,0.0,0.3874632448673907,0.0,13.084797734332536,80.99384032219854,26.136205462589686,0.8774785219805956,0.0,0.0,0.0,0.0,10.823222125602705,3.780943986035062,972.1688545294501,0.0,9948.350014484357
job_scarcity_nativist_preference|WVS_C,80.75732317218386,114.02374856924324,8.33646817793786,44.92566257272139,918.7031104559829,43.213929161141024,202.44803806083848,236.25709791005636,0.38650647162397433,922.3892640251412,102.4177068963627,0.0,7.5831873039595195,855.573499642772,34.02210179703786,120.82878442011007,873.4245265525254,408.67321959853876,99.32553018208331,93.46266123759733,925.4674222427038,188.0686021778836,3.672768567348868,0.0,113.34045446261038,9932.012000786937,0.0,150.79606193952736,11.021522365089822,0.0,0.0,137.7610814704757,31.281743466617428,0.0,109.18356287715913,116.25367137381559,455.49463091552695,57.55964026510391,908.9735392484753,336.094414803809,142.31841152964176,111.31678778737606,162.19988764795227,810.1312223942238,68.14694476281082,70.70398296698433,273.7389241469623,14.338441336678372,4.693227342159517,157.38537640915615,118.03029687779514,106.37926942703885,0.0,0.0,9900.057260479041
life_autonomy_morality_permissiveness|WVS_F,5.07860801978449,32.289002408993625,112.15504520295706,8.244521000768195,6.203903846583746,148.96119414189818,3.77015288356791,9940.504801418094,39.73031984934899,7.67582134570894,8.677402708699617,0.0,1.4289057146200008,897.5418433139022,17.369240503951644,23.09389143987019,56.47468473555429,946.6716210450986,8.083832293821729,0.0,0.0,23.692134952734715,30.00003091639281,907.8598000986061,0.0,0.0,150.79606193952736,0.0,33.17454648585624,68.02199016107238,21.894887817904312,0.0,14.244242115293545,0.0,33.49090447436811,56.85402652681184,0.0,10.252459194848306,95.92216676814552,9981.072072072073,9978.744163508034,9980.585686026237,9976.945422824178,869.779196594839,142.60973377824098,9977.836805652449,0.0,87.79695536623511,18.89762973534858,7.455805700019592,9926.62150441272,16.877817463951725,54.661659631233675,0.0,0.0
multilevel_place_attachment|WVS_G,0.0,15.245021522540924,0.0,0.945891765612366,12.745826925623028,325.24452724732186,0.0,16.84988008409526,0.0,4.061341135644547,943.315029924463,5.222193948702909,0.0,25.449586333207023,151.964307102647,28.088506764213207,13.127107523804128,2.11194323181104,3.1571781602651825,44.038488588649294,10.497458008969051,9960.721017341702,139.4145677331518,15.689378864244873,0.0,0.0,11.021522365089822,33.17454648585624,0.0,119.27718745900566,0.0,0.0,9964.654343479482,0.0,9948.547494296674,9925.855698031424,0.0,0.0,17.37884633652658,0.0,16.618560406663825,0.0,70.62088849015038,358.8284871470712,932.1924159390594,55.122823733199525,2.135022302649329,4.454311976503078,6.523927197485477,13.339183416818898,7.812913819587905,4.321518991180568,16.132878196873165,0.0,43.64903916373585
neighborhood_disorder_and_crime|WVS_H,9954.611743222362,443.0233659750751,573.5709416691011,9948.456975772766,28.729676755992543,10.540336379474581,1.81222828529733,0.0,0.0,0.0,41.62318271591873,9955.666482738325,148.38086749851453,0.0,42.73473093697814,0.0,9904.303626387566,0.0,181.46974802096028,9945.886446886447,28.68736202069536,0.0,215.02418676674333,9889.95928226363,475.9682063886245,0.0,0.0,68.02199016107238,119.27718745900566,0.0,128.3330196373675,193.2649379775312,949.7455689950262,0.0,646.0362342093857,46.04502502828606,15.327750606218743,66.24072850113828,9946.245660972765,0.4108309990662917,71.47840739810847,0.0,383.9803476990598,841.0315127740694,348.64465865312343,950.439857990902,0.0,222.74058196388296,9923.201104817845,947.3771415316301,0.8463955237114646,532.021618787029,0.0,0.0,0.0
offline_political_participation|WVS_E,0.0,9925.71447781264,9917.450201821082,0.0,4.6023857383285005,338.14248128691605,0.0,21.864262401776394,9930.999011613541,9964.89993013382,9938.160286135375,32.561838636961745,9963.336480861,9899.822368421053,9939.38208168643,9950.59420289855,34.9524650982478,29.912587423313497,0.0,95.78223708658491,1.7721916421023565,15.94489564169016,69.92044127939965,0.0,9961.510891868342,0.0,0.0,21.894887817904312,0.0,128.3330196373675,0.0,9973.676616915423,0.0,0.0,945.7787816696008,923.0869854043525,9973.107393567618,9960.963438620849,25.14439384235869,0.0,8.69286370393688,0.0,58.46409598743226,480.0597745199987,9926.8903117034,47.74300979701083,0.0,9928.717180244828,0.0,0.0,15.27401765092766,0.0,0.0,0.0,0.0
online_political_participation|WVS_E,0.0,9939.906438436103,9930.103136937145,0.0,0.0,8.653834296305163,0.0,1.763717382669455,9943.130165400571,9979.091890757283,9962.395351209603,0.0,9975.326530612245,9907.803104575163,9953.57404230989,9964.786163522012,935.246346649776,341.0181754481257,0.0,0.0,0.0,0.0,0.0,111.42875366755965,9973.681046066167,0.0,137.7610814704757,0.0,0.0,193.2649379775312,9973.676616915423,0.0,0.0,0.0,0.0,0.0,9985.097443318862,9972.953488372093,206.5096067454558,0.0,0.0,0.0,0.0,36.54134969497133,9951.2727372242,0.0,0.0,9942.90914086829,34.60686330428004,0.0,42.77572315035832,0.0,0.0,0.0,34.25691718332969
outgroup_trust|WVS_G,3.324800798120215,17.878213055794674,26.827238344595557,3.9964037652728948,15.65120828228028,45.28692002653952,2.4064628088246742,74.08371103479175,701.6785034057202,101.28970960301942,0.0,11.453657437697355,0.0,421.66484400314766,197.0469824307496,85.18218056594776,1.1828360558152582,111.08659461176123,3.4160994294146967,83.11035537235678,25.32883750135454,9969.652299009807,61.30131498830292,151.4923798976955,0.0,7.755279981152427,31.281743466617428,14.244242115293545,9964.654343479482,949.7455689950262,0.0,0.0,0.0,0.0,9957.47877596478,9934.786979699531,0.0,0.0,287.81038569415284,0.0,0.2980991595248277,0.0,5.599585548967131,34.426435481844436,8.617516882933444,5.719111976833087,3.403122961538081,43.60818821525636,28.802273104667165,9.590711409479155,509.5468192581771,3.8587612933577233,0.0,0.0,40.970635492264385
perceived_corruption|WVS_E,0.0,0.0,0.0,0.0,0.0,0.0,0.0,0.0,0.0,0.0,0.0,0.0,0.0,0.0,0.0,0.0,0.0,0.0,0.0,0.0,0.0,0.0,0.0,0.0,0.0,0.0,0.0,0.0,0.0,0.0,0.0,0.0,0.0,0.0,0.0,0.0,0.0,0.0,0.0,0.0,0.0,0.0,0.0,0.0,0.0,0.0,0.0,0.0,0.0,0.0,0.0,0.0,0.0,0.0,0.0
perceived_negative_effects_of_immigration|WVS_G,458.33805476864967,820.924031476799,214.5298208869335,173.13912557082818,93.05706544688502,44.039809154614574,116.19805867642614,0.0,0.0,98.07739823648222,0.0,58.76968475105838,98.94384688157432,192.71305476864967,401.6912024501556,936.7128474718006,123.16752225199807,262.61726151761405,88.6090470370219,567.0119927709459,230.39431426139876,9954.516299248995,12.844603375917714,37.282049643456986,10.86497806535877,132.87103956219607,109.18356287715913,33.49090447436811,9948.547494296674,646.0362342093857,945.7787816696008,0.0,9957.47877596478,0.0,0.0,9919.650979938719,0.0,21.461242483039015,29.431142690095797,32.003065655078785,5.141927456921451,13.449866328900121,2.8068020063913366,130.40154683214172,0.0,4.599833047595325,34.25040200843054,299.45120943346353,474.88220625789944,89.62010605070097,9.268308884870848,90.41308061416731,29.596332914345034,0.0,292.03833943515417
perceived_positive_effects_of_immigration|WVS_G,108.06005160684964,889.1413261206417,788.4289337125942,236.08632798805687,108.81756430300175,128.90615242424997,78.10133283371303,314.0336927865074,172.3977159266665,184.73703485207855,56.74226681506413,8.960658615138406,210.45118481546018,857.5212585034013,236.14226332776437,141.29377847927952,253.45479200929398,323.2587985856991,151.72960775117866,585.9868631723642,109.84604082932847,9931.824502983745,90.62415417095221,105.626667944035,71.12944122695814,38.72693355949344,116.25367137381559,56.85402652681184,9925.855698031424,46.04502502828606,923.0869854043525,0.0,9934.786979699531,0.0,9919.650979938719,0.0,0.0,67.939406692099,916.6492563347574,21.743701822262913,23.23027303564477,14.202230336456594,42.264865685120625,544.21768707483,98.84094134506657,31.582174439317285,26.33693086633494,801.2349376437396,313.3015211037623,150.9862807999454,409.79951858815207,165.14428874866758,835.9954457400057,0.0,116.36747714736165
political_information_sources|WVS_E,0.0,9939.161734283907,9929.358432784951,0.0,0.0,0.0,0.0,1.8633701119830306,9944.640346312153,9978.347186605088,9963.905532121187,0.0,9974.757307264439,9907.541666666666,9952.829338157697,9964.041459369817,56.05604931438408,75.25959890582715,0.0,9.866296368567621,0.0,0.0,0.0,335.2185046787289,9974.091025860811,0.0,455.49463091552695,0.0,0.0,15.327750606218743,9973.107393567618,9985.097443318862,0.0,0.0,0.0,0.0,0.0,9973.032278623481,967.6696644980227,0.0,0.0,0.0,0.0,0.0,9952.782918135783,0.0,0.0,9942.164436716095,92.58279883224496,0.0,37.59692078288785,0.0,0.0,0.0,8.136115846521804
postmaterialist_values|WVS_E,0.0,9920.23062603128,9916.727073277754,0.0,9.100410323961128,0.0,0.0,459.9505511648214,9927.481618622463,9963.594514013119,9946.856975302437,0.0,9962.61335231767,9896.304975429975,9933.89822990507,9947.671273249622,0.0,9.741198583098381,0.0,3.765517358744745,30.59922308371509,0.0,46.35583135940412,815.4987921562027,9962.605563716732,8.748240805440467,57.55964026510391,10.252459194848306,0.0,66.24072850113828,9960.963438620849,9972.953488372093,0.0,0.0,21.461242483039015,67.939406692099,9973.032278623481,0.0,948.7385562453962,0.0,0.0,0.0,0.0,2.043483105272969,9934.517718319263,0.0,0.0,9927.264134096351,0.0,1.2352162397226252,754.9998679030938,0.0,0.0,0.0,37.3263888888889
precautionary_security_behaviors|WVS_H,9962.319313429933,400.6056228994373,49.74698034513983,9956.164545980335,33.043581805191714,178.19598028749635,5.024977308579871,0.0,0.0,0.0,0.0,9963.374052945896,60.899493104242794,0.0,78.92782100528578,0.0,9911.117036211239,0.0,81.61917869364677,9953.594017094018,3.778295134016524,110.24473437519275,16.265513093871306,9897.6668524712,96.34483302230062,0.0,908.9735392484753,95.92216676814552,17.37884633652658,9946.245660972765,25.14439384235869,206.5096067454558,287.81038569415284,0.0,29.431142690095797,916.6492563347574,967.6696644980227,948.7385562453962,0.0,6.432577451847223,128.0785377873283,24.716469428007898,5.568759484620017,66.01334979822974,0.0,48.23751828856241,10.829224538901961,60.75118247448346,9930.908675025416,113.814870469359,0.0,308.63675201980925,0.0,0.0,18.769496871129007
religion_versus_secularism_orientation|WVS_F,0.0,101.90079357316587,0.0,0.0,0.0,80.977601460695,0.0,9952.014606652378,184.3754658646772,0.0,26.635159348094092,0.0,0.0,63.14253749395259,4.278074866310156,0.0,240.36041477901946,23.019690056316037,0.0,0.5512461394814352,0.0,0.0,41.994879216297456,121.866159399083,0.0,0.0,336.094414803809,9981.072072072073,0.0,0.4108309990662917,0.0,0.0,0.0,0.0,32.003065655078785,21.743701822262913,0.0,0.0,6.432577451847223,0.0,9982.681457851106,9984.68222392247,9980.882717167247,782.8074000288182,269.1276732826014,9982.066392881588,0.0,0.0,45.191377949751384,0.0,9938.131309647004,0.0,18.711458130725127,0.0,0.5493043176866621
religious_belief|WVS_F,4.321982446681915,764.4124154828171,233.77578065052722,8.216372348722103,6.763264721118894,3.2208338532732554,4.194018440019889,9938.304782148683,10.631768251804864,62.007653736719256,0.0,1.5747009666065672,0.0,524.4590145322434,66.69790553546822,30.58567290703612,36.8142344679849,318.9002583182448,4.524647002816078,81.39321938454142,5.074286547552788,2.3104683789792375,0.14811709634598458,105.54761725018797,0.0,0.3874632448673907,142.31841152964176,9978.744163508034,16.618560406663825,71.47840739810847,8.69286370393688,0.0,0.2980991595248277,0.0,5.141927456921451,23.23027303564477,0.0,0.0,128.0785377873283,9982.681457851106,0.0,9982.676218249357,9979.035955047297,30.599887548116442,0.0,9979.927337875566,0.0,151.47308892949874,295.7154676087948,4.602499922821828,9924.42148514331,4.735385605163696,1.9439985860873854,0.0,102.20425140902279
religious_exclusivism|WVS_F,0.0,464.3527310544402,29.243741091900574,0.0,0.0,14.754157108053242,0.0,9945.867298675801,250.89921669593392,0.0,0.0,0.0,0.0,119.3970550077841,24.168313570487484,0.0,130.2910572573494,19.104566720114384,0.0,10.232618688501042,0.0,0.0,4.006446337238181,353.9745278875714,0.0,0.0,111.31678778737606,9980.585686026237,0.0,0.0,0.0,0.0,0.0,0.0,13.449866328900121,14.202230336456594,0.0,0.0,24.716469428007898,9984.68222392247,9982.676218249357,0.0,9980.877477565498,82.04458466949416,15.507305760942032,9981.76886039377,0.0,25.07325745832314,50.79362779194684,0.0,9931.98400167043,0.6372724210232228,14.98336986552853,0.0,5.242728146090997
religious_practice_and_self_identification|WVS_F,49.85934792246,345.94700813229286,336.1437066333364,29.060962090447862,23.769239438165293,2.276501918561351,22.038134899019546,9940.184848814899,0.0,119.98094530195824,0.0,16.78772675455874,11.604886408775869,67.15179927211476,160.3392496872417,354.16006655153683,33.41934492890992,78.31009463243804,15.127725252402158,91.56306424629216,36.394792482629455,8.67780404301628,0.0,20.029995755579236,0.0,13.084797734332536,162.19988764795227,9976.945422824178,70.62088849015038,383.9803476990598,58.46409598743226,0.0,5.599585548967131,0.0,2.8068020063913366,42.264865685120625,0.0,0.0,5.568759484620017,9980.882717167247,9979.035955047297,9980.877477565498,0.0,3.4043214674335616,0.0,9978.12859719171,5.714342280460507,598.9497105644818,293.91672692493734,15.750798519792951,9922.622744459453,15.828612834630512,0.0,0.0,183.01762716891034
science_skepticism|WVS_I,867.6190476190476,115.23176229511142,811.3108137373315,865.0288140734001,865.35175692742,131.35110503531558,494.2290515268241,29.33981523548698,211.20811187991964,48.97881284048728,0.0,870.0114619151818,201.5372744237173,789.4940476190476,390.3372746656329,845.9938403221986,23.390544087903265,838.5649210346787,392.62688199268297,51.29298562134383,91.62725906374868,77.56324954620075,106.5934065934066,355.0597745199987,5.297138156476194,80.99384032219854,810.1312223942238,869.779196594839,358.8284871470712,841.0315127740694,480.0597745199987,36.54134969497133,34.426435481844436,0.0,130.40154683214172,544.21768707483,0.0,2.043483105272969,66.01334979822974,782.8074000288182,30.599887548116442,82.04458466949416,3.4043214674335616,0.0,7.149092191612112,63.270063270063275,781.1937325211661,733.2077267593859,213.2230281681265,634.7985347985349,185.8268886004845,177.05893832943013,17.607484494901712,0.0,247.6156285818485
science_technology_optimism|WVS_E,125.63476998763468,9892.94465241969,9883.141350920734,846.950260347711,771.5156274441553,0.0,942.059588710226,0.0,9920.186050084498,9932.13010474087,9939.451235893532,180.93723719382183,9929.257636495768,9861.324584802449,9906.61225629348,9917.8243775056,0.0,167.805714628337,183.04406872679095,34.53853772204461,29.19209576405879,7.5578992128641005,0.0,0.0,9938.850415172426,26.136205462589686,68.14694476281082,142.60973377824098,932.1924159390594,348.64465865312343,9926.8903117034,9951.2727372242,8.617516882933444,0.0,0.0,98.84094134506657,9952.782918135783,9934.517718319263,0.0,269.1276732826014,0.0,15.507305760942032,0.0,7.149092191612112,0.0,0.0,137.2410529213513,9895.947354851878,187.15246645042947,208.66857302143774,0.0,74.37577688269505,0.0,0.0,237.11283243191704
sexual_and_reproductive_morality_permissiveness|WVS_F,19.59511161227899,180.63949798435652,920.8361964854001,12.563575166668887,8.497207119836368,25.097709308235608,8.226780344912193,9937.865197983556,0.0,93.28174042899388,0.0,3.3999712160998854,2.555940525463015,102.63328932971791,35.216192767236905,80.5192230702672,924.9794061980307,96.87626143557134,8.155586822509505,9.72779777503704,3.481821656967867,12.16907740221204,0.2243657981362901,67.58427963828069,0.0,0.8774785219805956,70.70398296698433,9977.836805652449,55.122823733199525,950.439857990902,47.74300979701083,0.0,5.719111976833087,0.0,4.599833047595325,31.582174439317285,0.0,0.0,48.23751828856241,9982.066392881588,9979.927337875566,9981.76886039377,9978.12859719171,63.270063270063275,0.0,0.0,0.0,388.187654962,41.225809805965156,6.5742564145120035,9923.981900978182,8.7042666852848,6.623805078616485,0.0,21.97378408754497
