construct,acceptance_of_state_surveillance|WVS_H,authoritarian_governance_tolerance|WVS_E,autocracy_support|WVS_E,basic_needs_deprivation|WVS_H,child_qualities_autonomy_self_expression|WVS_A,child_qualities_conformity_tradition|WVS_A,child_qualities_prosocial_diligence|WVS_A,civic_dishonesty_tolerance|WVS_F,confidence_in_civil_society_organizations|WVS_E,confidence_in_domestic_institutions|WVS_E,confidence_in_international_organizations|WVS_E,crime_victimization|WVS_H,democratic_system_evaluation|WVS_E,democratic_values_importance|WVS_E,economic_ideology|WVS_E,electoral_integrity|WVS_E,existential_threat_worry|WVS_H,familial_duty_obligations|WVS_D,female_income_threat_to_marriage|WVS_D,freedom_security_tradeoff_perception|WVS_H,gender_role_traditionalism|WVS_D,immigrant_origin_status|WVS_G,importance_of_life_domains|WVS_A,institutional_threat_perception|WVS_H,international_organization_knowledge|WVS_E,job_scarcity_gender_discrimination|WVS_C,job_scarcity_nativist_preference|WVS_C,life_autonomy_morality_permissiveness|WVS_F,multilevel_place_attachment|WVS_G,neighborhood_disorder_and_crime|WVS_H,offline_political_participation|WVS_E,online_political_participation|WVS_E,outgroup_trust|WVS_G,perceived_corruption|WVS_E,perceived_negative_effects_of_immigration|WVS_G,perceived_positive_effects_of_immigration|WVS_G,political_information_sources|WVS_E,postmaterialist_values|WVS_E,precautionary_security_behaviors|WVS_H,religion_versus_secularism_orientation|WVS_F,religious_belief|WVS_F,religious_exclusivism|WVS_F,religious_practice_and_self_identification|WVS_F,science_skepticism|WVS_I,science_technology_optimism|WVS_E,sexual_and_reproductive_morality_permissiveness|WVS_F,social_intolerance_outgroups|WVS_A,societal_change_attitudes|WVS_E,socioeconomic_insecurity_worry|WVS_H,subjective_wellbeing|WVS_A,violence_tolerance|WVS_F,voluntary_association_active_membership|WVS_A,voluntary_association_belonging|WVS_A,voting_participation|WVS_E,work_ethic|WVS_C
acceptance_of_state_surveillance|WVS_H,0.0,64.18861678418288,60.6060606060606,28.40931873772004,26.525198938992045,65.96491228070175,16.863406408094434,42.5531914893617,46.948356807511736,20.366598778004075,48.42780121214676,23.47186253956509,22.42152466367713,78.125,50.521012910393445,35.46099290780142,67.86006786006786,40.65040650406504,27.027027027027028,34.009746399126925,19.193857965451055,29.488422186322026,44.1025641025641,76.60818713450293,31.411008065948906,12.642225031605562,66.30150035722791,24.333156686097862,24.630541871921185,44.38825677763731,21.05263157894737,13.071895424836601,26.5259454705365,9999.0,41.66194523135033,64.35374149659864,13.333333333333334,24.57002457002457,36.6806865700671,12.578616352201257,22.415985467756585,15.243902439024389,24.214726151614073,132.38095238095238,59.55041519755047,23.323343323343323,15.479876160990711,60.975609756097555,56.69508846772891,28.432878527755186,53.763440860215056,29.72677595628415,33.35587108406581,9999.0,62.534362539565095
authoritarian_governance_tolerance|WVS_E,64.18861678418288,0.0,112.89608500411107,70.34338423378033,67.99376017362995,112.4698446634615,64.499759628225,94.86708350595553,111.13697359169461,63.90733118397411,94.93273359490651,63.13387726822043,71.87159500460984,142.3136167841829,89.42517963136521,78.21305841924399,63.291139240506325,94.58041814872357,70.888751520469,41.49377593360996,59.1715976331361,75.99335456908177,90.60749648532385,128.8410777429155,78.22192072122692,51.54639175257732,118.53439096564047,66.72089858110539,79.09460111896851,83.29242349860907,73.28552218735993,59.09356156389808,73.03087785329625,9999.0,88.16687761411008,110.85867387935838,59.838265716093076,78.76937396871959,75.58485329103885,59.38952900747928,68.92091785051633,61.963058419243985,70.71965853437382,178.8858847637121,106.05534758031021,69.36050201564346,61.321562818070966,100.09008107296566,77.51937984496124,72.42321847491553,108.75038051132836,76.01403533716373,79.37753722312729,9999.0,84.74576271186442
autocracy_support|WVS_E,60.6060606060606,112.89608500411107,0.0,80.14668573273676,77.79706167258638,122.27314616241793,74.30306112718142,103.1592520954223,107.55441741357234,73.71063268293054,104.73603509386294,72.93717876717686,79.89988448209472,138.7310606060606,99.22848113032163,88.01635991820042,125.19419550183311,101.25646711012564,80.46777420388854,82.71721461905511,70.84636941487658,85.7966560680382,100.41079798428026,133.33333333333334,81.72547347475393,61.34969325153375,126.79866695719727,76.52420008006182,76.92307692307692,93.0957249975655,81.54979817891673,68.89686306285451,81.86841382931749,9999.0,97.97017911306651,120.66197537831482,69.6415672150495,82.2729267222466,85.3881547899953,62.893081761006286,78.72421934947276,71.76635991820042,80.52296003333025,188.68918626266856,115.85864907926666,79.16380351459989,71.1248643170274,109.8933825719221,105.4025566876571,80.59219680525408,114.36950146627566,83.55423878579967,89.18083872208372,9999.0,111.99967876717686
basic_needs_deprivation|WVS_H,28.40931873772004,70.34338423378033,80.14668573273676,0.0,30.130322721167463,68.55514582634932,26.17801047120419,62.11768423458122,70.28322056682686,31.157931912599796,51.01803475779432,26.864485916180016,31.446540880503143,106.53431873772004,56.675780359990895,45.46365914786968,77.53661863250905,58.31102679668316,29.978711746265574,40.164513848724376,25.743250576150867,32.07865573196959,46.69279764821166,83.02808302808303,34.72222222222222,18.79699248120301,72.72139625080801,26.5986845741447,35.417744598024,50.54302422723475,27.47252747252747,15.337423312883438,29.116179016184056,9999.0,44.252178776997894,66.9439750422462,15.923566878980893,34.24657534246575,42.83545401966455,17.36111111111111,25.00621901340414,20.366598778004075,26.804959697261634,134.97118592659996,62.14064874319803,25.60436376462882,22.172949002217294,67.34068180159136,62.84985591732635,30.698406415802022,76.00098123995406,32.257897086149086,35.621398972112644,9999.0,65.92698591618002
child_qualities_autonomy_self_expression|WVS_A,26.525198938992045,67.99376017362995,77.79706167258638,30.130322721167463,0.0,68.23220297232942,26.6693839688541,59.76806017443084,69.96027771280696,28.808307852449417,50.695091903774426,24.213075060532685,34.39810706891453,104.65019893899205,54.32615629984051,43.1140350877193,78.21417453564388,55.659615941035824,29.434187841666166,37.81488978857399,23.86634844868735,31.75571287794969,46.36985479419177,91.60357632129208,35.718386039213684,16.44736842105263,81.29688954401706,26.054160669545286,34.873220693424585,48.19340016708438,36.04802076573654,14.792899408284025,28.793236162164163,9999.0,43.929235922977995,66.62103218822631,15.600624024960997,36.771149309066395,40.48582995951417,17.391304347826086,24.68327615938425,18.050541516245488,26.482016843241738,134.64824307258004,61.817705889178136,25.059839860029406,22.698037748204975,64.99105774144098,60.500231857175976,30.15388251120261,73.65135717980368,31.713373181549677,35.076875067513235,9999.0,63.27557506053269
child_qualities_conformity_tradition|WVS_A,65.96491228070175,112.4698446634615,122.27314616241793,68.55514582634932,68.23220297232942,0.0,64.35490837292528,104.2441446642624,106.99123263521439,73.28439234228097,74.07407407407408,63.57249798456755,76.87427168292864,144.08991228070175,98.80224078967206,87.59011957755085,106.38297872340425,95.01903886507068,67.27286738075057,82.29097427840554,64.17892305822292,68.78666780035712,83.40080971659918,134.0797409353062,77.54055308655676,60.92345291088418,123.45273750552563,63.804763304910324,74.75547275267816,92.55244712568006,78.52418537975065,66.53413562850687,65.8241910845716,9999.0,80.96019084538543,103.65198711063374,52.631578947368425,77.51937984496124,84.96191444934573,59.8674689618402,61.714231081791674,59.87270856358855,63.51297176564917,171.67919799498748,87.71929824561403,62.62158893737842,61.48113646949232,109.46714223127253,104.97631634700753,68.01619433198381,118.12744166963522,69.02502157031924,74.7066341350064,9999.0,102.63499798456755
child_qualities_prosocial_diligence|WVS_A,16.863406408094434,64.499759628225,74.30306112718142,26.17801047120419,26.6693839688541,64.35490837292528,0.0,54.32423830328983,63.81176321560617,23.364485981308412,46.81779730437029,17.36111111111111,23.419203747072597,94.98840640809443,50.83215575443555,39.620034542314336,68.22769915039243,48.78048780487805,26.364617858939,34.320889243169034,20.161290322580644,27.878418278545553,42.49256019478763,78.1289189867068,27.47252747252747,12.953367875647668,67.82223220943177,22.896513783098758,26.041666666666668,44.69939962167942,22.573363431151243,11.876484560570072,24.915941562760025,9999.0,40.05194132357386,62.74373758882217,11.723329425556859,24.93765586034913,36.991829414109205,12.547051442910917,20.80598155998011,14.705882352941176,22.6047222438376,130.7709484731759,57.940411289774,21.71333941556685,19.78162290049102,61.49705719603601,57.00623131177102,27.107944810172242,68.20753530866267,28.116772048507677,32.16046021979928,9999.0,56.423611111111114
civic_dishonesty_tolerance|WVS_F,42.5531914893617,94.86708350595553,103.1592520954223,62.11768423458122,59.76806017443084,104.2441446642624,54.32423830328983,0.0,40.16064257028113,30.959752321981423,34.602076124567475,48.69024877588213,63.645895005410736,97.08737864077669,81.19947963216609,69.98735842004488,103.72378467044808,57.14285714285714,62.66305152126989,64.68821312089958,49.37595858349155,67.76765456988267,58.8235294117647,119.16137862386464,65.8177850613701,43.32069175337821,108.57048829684021,58.49519858190629,67.18373336128289,47.39336492890995,63.60582306830907,50.86786156469897,64.80517785409714,9999.0,70.92198581560284,102.63297388015928,51.61256571689397,66.36523830886276,31.746031746031747,46.98539334762245,60.69521785131722,53.13270132419872,58.81515118510016,170.66018476451302,56.81818181818181,61.134802016444354,50.302112089873106,91.86438107376657,87.37355518950156,64.19751847571642,75.80280164933568,67.64655037241585,46.728971962616825,9999.0,87.45692746322436
confidence_in_civil_society_organizations|WVS_E,46.948356807511736,111.13697359169461,107.55441741357234,70.28322056682686,69.96027771280696,106.99123263521439,63.81176321560617,40.16064257028113,0.0,65.4499067804926,67.6913359300979,65.30057272504509,69.36988147118886,125.07335680751174,97.46936971790518,82.40934971531316,114.8084246675796,59.1715976331361,69.00094212122809,74.07407407407408,65.90699779870046,70.51474254083465,64.51612903225806,99.00990099009901,68.29215665120293,59.5905818391173,113.24985716473965,65.53283804538786,50.5050505050505,75.18796992481204,68.00098838645911,55.86983459942891,67.55226582504912,9999.0,82.64462809917356,105.38006185111126,54.35965368784596,71.51838137753631,42.19409282700422,59.526973159712995,63.44230582226921,61.60078330406609,43.47826086956522,173.407272735465,78.81394991550161,49.26108374384237,62.42823296850245,107.9239665636093,103.64344527524065,69.74426907246135,55.55555555555556,70.75309631079678,73.06405968613328,9999.0,104.36307272504509
confidence_in_domestic_institutions|WVS_E,20.366598778004075,63.90733118397411,73.71063268293054,31.157931912599796,28.808307852449417,73.28439234228097,23.364485981308412,30.959752321981423,65.4499067804926,0.0,55.74728127372597,17.73049645390071,32.68614268342931,98.49159877800408,50.23972731018467,39.02760609806346,72.76403234846666,41.666666666666664,31.70329919928847,33.72846079891815,18.41620626151013,36.80790224790124,51.42204416414331,89.65562542173495,34.858032739388676,12.360939431396787,77.6107359748588,27.53544625992486,37.95546558704453,29.498525073746315,34.100069866179396,19.90810924271754,33.845425532115705,9999.0,48.98142529292954,71.67322155817786,20.652813394912542,35.40548598688133,23.255813953488374,16.025641025641026,29.73546552933579,22.172949002217294,31.534206213193283,139.7004324425316,66.86989525912968,30.17504969446292,19.342359767891683,60.90462875178513,56.41380286752013,33.237766153734995,44.84304932735426,36.68679805043442,40.19208490194675,9999.0,56.497175141242934
confidence_in_international_organizations|WVS_E,48.42780121214676,94.93273359490651,104.73603509386294,51.01803475779432,50.695091903774426,74.07407407407408,46.81779730437029,34.602076124567475,67.6913359300979,55.74728127372597,0.0,46.035386916012556,54.52658255149359,126.55280121214676,81.26512972111706,69.14423559196541,95.43306798760706,77.48192779651569,49.73575631219556,64.22895818266157,46.64181198966793,51.249556731802116,45.24886877828054,98.0392156862745,49.0269708421704,43.38634184232918,105.91562643697064,46.267652236355325,56.68497007553694,68.26692717419115,60.8397138646249,36.60464879039638,46.29629629629629,9999.0,50.76142131979696,86.11487604207873,35.094467878813425,52.14302469756376,39.682539682539684,42.33035789328521,29.15451895043732,35.587188612099645,24.213075060532685,142.85714285714286,59.54876410646908,27.17391304347826,43.94402540093732,91.93003116271753,87.43920527845253,50.479083263428805,52.91005291005291,51.48791050176425,37.3134328358209,9999.0,85.09788691601256
crime_victimization|WVS_H,23.47186253956509,63.13387726822043,72.93717876717686,26.864485916180016,24.213075060532685,63.57249798456755,17.36111111111111,48.69024877588213,65.30057272504509,17.73049645390071,46.035386916012556,0.0,27.90004890845227,84.74576271186442,49.466273394430985,27.62430939226519,71.06782106782107,31.446540880503143,25.582207470581263,32.95500688316447,18.050541516245488,22.321428571428573,41.71014980642989,85.10551816082983,29.228538164586695,11.587485515643106,59.880239520958085,21.88183807439825,32.23098957189634,43.33351726167486,29.54996260527428,12.150668286755772,24.13353117440229,9999.0,39.269530935216125,61.96132720046443,10.940919037199125,27.77777777777778,35.62594705410464,10.893246187363834,20.023571171622375,11.560693641618498,21.822311855479867,129.98853808481817,57.158000901416266,20.930929027209118,12.224938875305623,60.13117483603145,55.640348951766455,26.32553442181451,62.573545781254964,27.334361660149945,32.43464394598498,9999.0,39.0625
democratic_system_evaluation|WVS_E,22.42152466367713,71.87159500460984,79.89988448209472,31.446540880503143,34.39810706891453,76.87427168292864,23.419203747072597,63.645895005410736,69.36988147118886,32.68614268342931,54.52658255149359,27.90004890845227,0.0,100.54652466367713,58.2039911308204,46.99186991869919,79.67669097237204,59.34658978895541,31.446540880503143,41.692724619553886,27.633795282193645,40.20865886958032,55.011923504790985,91.21907469455444,35.83919443483609,20.32520325203252,80.91238791727942,34.934730649016366,28.409090909090907,51.61913250148545,35.663519138998886,23.673469387755105,26.525198938992045,9999.0,52.57130463357721,75.26310089882553,24.24269273556022,36.38664768232874,44.363664790494056,17.006802721088437,28.248587570621467,18.93939393939394,35.124085553840956,143.29031178317928,69.74236350423143,33.94040983950049,21.88183807439825,68.86889257242086,64.37806668815587,34.705917765336224,76.18496552389219,34.84320557491289,39.52569169960474,9999.0,66.96254890845228
democratic_values_importance|WVS_E,78.125,142.3136167841829,138.7310606060606,106.53431873772004,104.65019893899205,144.08991228070175,94.98840640809443,97.08737864077669,125.07335680751174,98.49159877800408,126.55280121214676,84.74576271186442,100.54652466367713,0.0,128.64601291039344,112.3700721041296,145.98506786006786,106.38297872340425,105.15202702702703,112.13474639912693,97.31885796545106,107.06719128329298,122.22756410256409,154.73318713450294,109.53600806594889,90.76722503160556,144.4265003572279,102.45815668609785,102.75554187192118,91.74311926605505,99.17763157894737,91.1968954248366,104.6509454705365,9999.0,119.78694523135033,142.47874149659864,91.45833333333333,102.69502457002457,88.49557522123894,90.70361635220125,100.54098546775658,93.3689024390244,102.33972615161407,210.50595238095238,137.67541519755048,101.44834332334332,93.60487616099071,139.10060975609755,134.8200884677289,106.55787852775518,131.88844086021504,107.85177595628414,111.48087108406581,9999.0,123.80826271186442
economic_ideology|WVS_E,50.521012910393445,89.42517963136521,99.22848113032163,56.675780359990895,54.32615629984051,98.80224078967206,50.83215575443555,81.19947963216609,97.46936971790518,50.23972731018467,81.26512972111706,49.466273394430985,58.2039911308204,128.64601291039344,0.0,64.54545454545455,101.72329012908725,80.91281427493414,57.22114764667957,52.083333333333336,47.375464042130716,62.32575069529233,76.9398926115344,115.17347386912604,64.55431684743749,37.87878787878788,104.86678709185102,53.053294707315956,65.42699724517907,69.62481962481962,59.61791831357049,45.42595769010864,59.3632739795068,9999.0,74.49927374032063,97.19107000556895,46.17066184230364,65.10177009493015,61.91724941724942,45.721925133689844,55.253313976726886,48.29545454545455,57.052054660584375,165.21828088992268,92.38774370652078,55.692898141854016,47.65395894428153,86.42247719917623,81.93165131491122,58.755614601126084,95.08277663753893,62.34643146337429,65.70993334933785,9999.0,76.33587786259541
electoral_integrity|WVS_E,35.46099290780142,78.21305841924399,88.01635991820042,45.46365914786968,43.1140350877193,87.59011957755085,39.620034542314336,69.98735842004488,82.40934971531316,39.02760609806346,69.14423559196541,27.62430939226519,46.99186991869919,112.3700721041296,64.54545454545455,0.0,90.51116891696603,59.07085027276833,46.00902643455835,48.034188034188034,36.1633428300095,49.94573796369376,65.7277713994132,103.96135265700484,50.78127350288503,26.666666666666668,87.50454891322327,41.84117349519474,53.87870635054088,39.37007874015748,48.40579710144928,34.21383647798742,48.15115276738559,9999.0,63.28715252819943,85.97894879344773,34.958540630182426,51.32872675037768,49.26108374384237,31.948881789137378,44.041192764605675,33.557046979865774,45.83993344846317,154.00615967780146,81.17562249439956,44.4807769297328,33.003300330033,75.21035598705501,70.71953010279002,47.54349338900487,83.87065542541771,51.13431025125307,54.49781213721663,9999.0,66.68680939226519
existential_threat_worry|WVS_H,67.86006786006786,63.291139240506325,125.19419550183311,77.53661863250905,78.21417453564388,106.38297872340425,68.22769915039243,103.72378467044808,114.8084246675796,72.76403234846666,95.43306798760706,71.06782106782107,79.67669097237204,145.98506786006786,101.72329012908725,90.51116891696603,0.0,102.51436194832422,76.62337662337663,77.71231206826494,54.34782608695652,63.69426751592357,96.66440096704179,136.8821602247496,68.9655172413793,63.84450225029936,126.5754734474746,73.39544513457557,71.61865518806029,94.69637361243443,81.32660466919405,64.75365335022396,66.3847315117523,9999.0,94.22378209582803,116.91557836107634,65.89517019781103,43.29004329004329,87.88296378876089,62.6698882512836,66.27854903716974,62.01663505034291,72.96363379449433,184.94278924543008,84.03361344537815,75.02059380196934,67.3348390739695,112.3881915706877,107.8973656864227,80.11463645314254,117.60708167582092,74.44269126512117,73.77784816809208,9999.0,93.45794392523365
familial_duty_obligations|WVS_D,40.65040650406504,94.58041814872357,101.25646711012564,58.31102679668316,55.659615941035824,95.01903886507068,48.78048780487805,57.14285714285714,59.1715976331361,41.666666666666664,77.48192779651569,31.446540880503143,59.34658978895541,106.38297872340425,80.91281427493414,59.07085027276833,102.51436194832422,0.0,57.0287483510844,64.40154776366761,49.49708239674863,53.76796945193172,73.15669068693303,116.55205904133298,60.675079045089845,43.034026396146245,91.32678040146124,53.328378954901396,63.67753045239948,35.842293906810035,60.996503485777424,43.59720916725892,55.58007205490543,9999.0,70.71607181571926,93.40786808096757,42.387459917702266,59.22431865828092,47.61904761904761,42.33978706786698,51.470112052125515,43.00723452212164,53.268852735983,161.4350789653213,88.60454178191941,52.37746990771225,43.67147975580877,91.57771571653458,87.08688983226959,57.772075302317646,76.33587786259541,58.78090254065309,63.88118482648812,9999.0,70.50904088050314
female_income_threat_to_marriage|WVS_D,27.027027027027028,70.888751520469,80.46777420388854,29.978711746265574,29.434187841666166,67.27286738075057,26.364617858939,62.66305152126989,69.00094212122809,31.70329919928847,49.73575631219556,25.582207470581263,31.446540880503143,105.15202702702703,57.22114764667957,46.00902643455835,76.62337662337663,57.0287483510844,0.0,40.70988113541305,25.04711569664957,30.796377286370834,45.4105192026129,86.41975308641976,31.545741324921135,19.342359767891683,76.11306630914474,25.814472790924036,34.7216097185227,51.088391513923426,30.8641975308642,14.641288433382138,27.833900570585303,9999.0,42.96990033139914,65.66169659664745,14.641288433382138,33.333333333333336,43.380821306353226,17.57469244288225,23.72394056780539,19.68503937007874,25.52268125166288,133.6889074810012,60.85837029759928,24.63129842339213,22.546426773303086,67.88604908828003,63.395223204015025,30.002271536300725,76.54634852664273,31.03473105633296,34.92526409261135,9999.0,64.64470747058127
freedom_security_tradeoff_perception|WVS_H,34.009746399126925,41.49377593360996,82.71721461905511,40.164513848724376,37.81488978857399,82.29097427840554,34.320889243169034,64.68821312089958,74.07407407407408,33.72846079891815,64.22895818266157,32.95500688316447,41.692724619553886,112.13474639912693,52.083333333333336,48.034188034188034,77.71231206826494,64.40154776366761,40.70988113541305,0.0,23.364485981308412,45.814484184025815,60.42862610026789,98.66220735785953,48.04305033617098,21.367521367521366,88.35552058058451,33.11258278145695,47.70463067740575,53.11355311355311,43.10665180230397,27.62430939226519,41.88964462764322,9999.0,57.98800722905412,80.67980349430243,29.65939533103712,48.59050358366363,45.40598290598291,29.210658622423328,37.654399663077626,31.784188034188034,40.01588312212888,148.70701437865617,75.35157216806527,37.891249844010574,31.142692433015014,69.91121068790972,65.42038480364471,42.24434808985957,78.57151012627241,44.544783165530845,47.9082850514944,9999.0,50.76142131979696
gender_role_traditionalism|WVS_D,19.193857965451055,59.1715976331361,70.84636941487658,25.743250576150867,23.86634844868735,64.17892305822292,20.161290322580644,49.37595858349155,65.90699779870046,18.41620626151013,46.64181198966793,18.050541516245488,27.633795282193645,97.31885796545106,47.375464042130716,36.1633428300095,54.34782608695652,49.49708239674863,25.04711569664957,23.364485981308412,0.0,27.702432963843197,42.31657488008527,84.83926453457121,29.45938427485285,9.49667616334283,74.5325777572962,19.047619047619047,30.486148548407993,41.24270790937457,29.283708979015657,10.40582726326743,24.67116249864546,9999.0,39.8759560088715,62.56775227411981,11.547344110854503,30.006837522345513,33.53513770180437,10.626992561105206,20.435917534079866,14.727540500736376,22.428736929135244,130.59496315847355,57.764425975071646,20.67276771501281,12.987012987012987,58.04036548373118,53.54953959946617,25.766810366186014,63.25925558886439,27.32630103653308,30.68980292249664,9999.0,47.84688995215311
immigrant_origin_status|WVS_G,29.488422186322026,75.99335456908177,85.7966560680382,32.07865573196959,31.75571287794969,68.78666780035712,27.878418278545553,67.76765456988267,70.51474254083465,36.80790224790124,51.249556731802116,22.321428571428573,40.20865886958032,107.06719128329298,62.32575069529233,49.94573796369376,63.69426751592357,53.76796945193172,30.796377286370834,45.814484184025815,27.702432963843197,0.0,46.92431962221946,97.41412812195789,34.96503496503497,24.44696281650445,82.20166809238665,27.328273210530593,38.27898265829843,50.25125628140703,41.85857256640233,22.075055187637968,29.34770099019186,9999.0,44.48370075100569,67.175497016254,16.155088852988694,28.169014084507044,48.485424354965986,23.20185614849188,25.237740987411946,21.645021645021647,27.036481671269435,135.20270790060775,62.37217071720583,26.145098842998685,25.004646375112586,72.99065213689279,68.4998262526278,31.539704237604077,81.65095157525549,32.54853147593951,38.23014404062666,9999.0,61.38392857142857
importance_of_life_domains|WVS_A,44.1025641025641,90.60749648532385,100.41079798428026,46.69279764821166,46.36985479419177,83.40080971659918,42.49256019478763,58.8235294117647,64.51612903225806,51.42204416414331,45.24886877828054,41.71014980642989,55.011923504790985,122.22756410256409,76.9398926115344,65.7277713994132,96.66440096704179,73.15669068693303,45.4105192026129,60.42862610026789,42.31657488008527,46.92431962221946,0.0,105.26315789473685,55.67820490841909,39.06110473274652,101.59038932738798,41.942415126772666,52.8931245745405,70.6900989475424,56.661837201613,33.898305084745765,43.96184290643393,9999.0,59.09784266724776,81.78963893249608,30.769230769230766,56.73695214575052,63.09956627120806,38.005120783702544,39.851882903654015,38.010360385450895,38.02281368821293,149.8168498168498,60.6060606060606,40.759240759240754,39.61878829135466,87.60479405313487,83.11396816886986,46.153846153846146,91.74311926605505,47.16267339218159,52.84428595686873,9999.0,80.77264980642988
institutional_threat_perception|WVS_H,76.60818713450293,128.8410777429155,133.33333333333334,83.02808302808303,91.60357632129208,134.0797409353062,78.1289189867068,119.16137862386464,99.00990099009901,89.65562542173495,98.0392156862745,85.10551816082983,91.21907469455444,154.73318713450294,115.17347386912604,103.96135265700484,136.8821602247496,116.55205904133298,86.41975308641976,98.66220735785953,84.83926453457121,97.41412812195789,105.26315789473685,0.0,93.04466368721364,77.29468599033817,87.71929824561403,92.14019990139393,78.65024377726456,109.04071773636991,55.55555555555556,80.87893864013267,81.06575963718821,9999.0,109.77677388595478,132.4685701512031,81.44816198793778,93.59211693470631,101.33314752879971,74.212271973466,90.53081412236104,80.8080808080808,92.32955480621852,200.49578103555683,114.9425287356322,91.14587909187804,81.3953488372093,125.8383753107265,119.24982307147913,91.01654846335697,130.37162799471798,89.11260253542133,90.15763168012303,9999.0,117.28395061728395
international_organization_knowledge|WVS_E,31.411008065948906,78.22192072122692,81.72547347475393,34.72222222222222,35.718386039213684,77.54055308655676,27.47252747252747,65.8177850613701,68.29215665120293,34.858032739388676,49.0269708421704,29.228538164586695,35.83919443483609,109.53600806594889,64.55431684743749,50.78127350288503,68.9655172413793,60.675079045089845,31.545741324921135,48.04305033617098,29.45938427485285,34.96503496503497,55.67820490841909,93.04466368721364,0.0,26.67552896864961,82.73797690993862,35.46099290780142,37.735849056603776,50.34758308505971,37.4891081316581,25.318953933832773,25.0,9999.0,53.23758603720533,75.92938230245363,24.90897413918833,36.39443628326782,50.71399050711115,18.832391713747647,20.618556701030926,17.6678445229682,24.813895781637715,143.9565931868074,60.14958482757412,24.509803921568626,23.20185614849188,71.18841265615603,70.72839240477296,36.53150675799543,79.70108206674294,35.3356890459364,29.239766081871345,9999.0,68.2910381645867
job_scarcity_gender_discrimination|WVS_C,12.642225031605562,51.54639175257732,61.34969325153375,18.79699248120301,16.44736842105263,60.92345291088418,12.953367875647668,43.32069175337821,59.5905818391173,12.360939431396787,43.38634184232918,11.587485515643106,20.32520325203252,90.76722503160556,37.87878787878788,26.666666666666668,63.84450225029936,43.034026396146245,19.342359767891683,21.367521367521366,9.49667616334283,24.44696281650445,39.06110473274652,77.29468599033817,26.67552896864961,0.0,66.98799921306315,15.174506828528072,27.548209366391184,31.746031746031747,21.73913043478261,7.547169811320754,21.484486100718918,9999.0,36.62048586153276,59.312282126781064,8.291873963515755,27.22298221614227,24.03846153846154,7.8431372549019605,17.374526097939004,10.416666666666666,19.173266781796496,127.3394930111348,54.50895582773289,17.814110263066134,9.775171065493646,48.543689320388346,44.052863436123346,20.876826722338205,57.203988758751045,24.467643584586405,27.831145470549963,9999.0,50.64998551564311
job_scarcity_nativist_preference|WVS_C,66.30150035722791,118.53439096564047,126.79866695719727,72.72139625080801,81.29688954401706,123.45273750552563,67.82223220943177,108.57048829684021,113.24985716473965,77.6107359748588,105.91562643697064,59.880239520958085,80.91238791727942,144.4265003572279,104.86678709185102,87.50454891322327,126.5754734474746,91.32678040146124,76.11306630914474,88.35552058058451,74.5325777572962,82.20166809238665,101.59038932738798,87.71929824561403,82.73797690993862,66.98799921306315,0.0,81.76207759535633,68.34355699998954,62.893081761006286,45.24886877828054,70.57225186285766,70.75907285991319,9999.0,99.14977045617421,121.84156672142251,70.82115855815721,83.28543015743129,91.0264607515247,63.905585196190984,79.90381069258046,70.50139403080578,81.70255137643795,189.86877760577624,117.03824042237434,80.8111685481672,71.08866205993428,115.53168853345149,108.94313629420411,80.70986168608195,120.06494121744296,78.80591575814631,69.44444444444444,9999.0,98.94273952095809
life_autonomy_morality_permissiveness|WVS_F,24.333156686097862,66.72089858110539,76.52420008006182,26.5986845741447,26.054160669545286,63.804763304910324,22.896513783098758,58.49519858190629,65.53283804538786,27.53544625992486,46.267652236355325,21.88183807439825,34.934730649016366,102.45815668609785,53.053294707315956,41.84117349519474,73.39544513457557,53.328378954901396,25.814472790924036,33.11258278145695,19.047619047619047,27.328273210530593,41.942415126772666,92.14019990139393,35.46099290780142,15.174506828528072,81.76207759535633,0.0,31.341582546401824,46.92053857455982,36.58464434583838,11.26126126126126,24.365796494745062,9999.0,39.5017962555589,62.19359252080721,11.1731843575419,37.14090573406165,39.212968366989614,17.92792792792793,20.255836491965148,18.414313973762027,22.05457717582264,130.22080340516095,57.390266221759035,21.16319434755189,17.241379310344826,63.71819614891642,59.22737026465142,26.557799742157282,72.37849558727912,27.566626980492718,31.54523692049047,9999.0,59.880239520958085
multilevel_place_attachment|WVS_G,24.630541871921185,79.09460111896851,76.92307692307692,35.417744598024,34.873220693424585,74.75547275267816,26.041666666666668,67.18373336128289,50.5050505050505,37.95546558704453,56.68497007553694,32.23098957189634,28.409090909090907,102.75554187192118,65.42699724517907,53.87870635054088,71.61865518806029,63.67753045239948,34.7216097185227,47.70463067740575,30.486148548407993,38.27898265829843,52.8931245745405,78.65024377726456,37.735849056603776,27.548209366391184,68.34355699998954,31.341582546401824,0.0,59.29424111242293,23.094688221709006,20.080321285140563,34.345656520518595,9999.0,50.452505703326736,73.14430196857504,22.123893805309734,28.328611898016998,51.586670904852724,21.929824561403507,30.110411555953,27.3224043715847,32.47189501500426,141.1715128529288,67.80758406094066,30.347261736885944,27.985459625061512,74.28584550381188,71.60107280251452,35.44130438805915,78.39398273213624,37.00079505840621,40.36429694436977,9999.0,71.29348957189634
neighborhood_disorder_and_crime|WVS_H,44.38825677763731,83.29242349860907,93.0957249975655,50.54302422723475,48.19340016708438,92.55244712568006,44.69939962167942,47.39336492890995,75.18796992481204,29.498525073746315,68.26692717419115,43.33351726167486,51.61913250148545,91.74311926605505,69.62481962481962,39.37007874015748,94.69637361243443,35.842293906810035,51.088391513923426,53.11355311355311,41.24270790937457,50.25125628140703,70.6900989475424,109.04071773636991,50.34758308505971,31.746031746031747,62.893081761006286,46.92053857455982,59.29424111242293,0.0,53.485162180814356,39.2932015573525,50.25443100497375,9999.0,68.24948007632864,90.94127634157695,39.920868178311636,51.40633032239113,52.75433902723469,39.58916900093371,49.00352031273489,32.67973856209151,50.80226099659238,158.9684872259307,86.13795004252879,49.56014200909789,37.59398496240602,80.2897210664201,75.79889518215509,52.622858468369955,74.34157440110057,56.21367533061816,34.96503496503497,9999.0,54.34782608695652
offline_political_participation|WVS_E,21.05263157894737,73.28552218735993,81.54979817891673,27.47252747252747,36.04802076573654,78.52418537975065,22.573363431151243,63.60582306830907,68.00098838645911,34.100069866179396,60.8397138646249,29.54996260527428,35.663519138998886,99.17763157894737,59.61791831357049,48.40579710144928,81.32660466919405,60.996503485777424,30.8641975308642,43.10665180230397,29.283708979015657,41.85857256640233,56.661837201613,55.55555555555556,37.4891081316581,21.73913043478261,45.24886877828054,36.58464434583838,23.094688221709006,53.485162180814356,0.0,25.323383084577117,25.510204081632654,9999.0,54.221218330399225,76.91301459564754,25.89260643238223,38.036561379150754,45.77759197324415,18.65671641791045,34.97525856680548,25.25252525252525,36.77399925066297,144.9402254800013,72.10968829659936,35.5903235363225,25.839793281653748,70.28281975517095,63.69426751592357,35.46099290780142,74.81607243916243,33.557046979865774,34.602076124567475,9999.0,61.7283950617284
online_political_participation|WVS_E,13.071895424836601,59.09356156389808,68.89686306285451,15.337423312883438,14.792899408284025,66.53413562850687,11.876484560570072,50.86786156469897,55.86983459942891,19.90810924271754,36.60464879039638,12.150668286755772,23.673469387755105,91.1968954248366,45.42595769010864,34.21383647798742,64.75365335022396,43.59720916725892,14.641288433382138,27.62430939226519,10.40582726326743,22.075055187637968,33.898305084745765,80.87893864013267,25.318953933832773,7.547169811320754,70.57225186285766,11.26126126126126,20.080321285140563,39.2932015573525,25.323383084577117,0.0,14.265335235378032,9999.0,34.129692832764505,64.1025641025641,13.902556681138448,26.046511627906977,31.585631349782293,6.666666666666667,10.030090270812437,7.651109410864574,12.391573729863694,132.9501757287575,47.72726277580009,10.26694045174538,7.905138339920948,56.0908591317091,51.6000332474441,15.360983102918585,64.7511585700718,16.920473773265652,20.28397565922921,9999.0,51.213168286755774
outgroup_trust|WVS_G,26.5259454705365,73.03087785329625,81.86841382931749,29.116179016184056,28.793236162164163,65.8241910845716,24.915941562760025,64.80517785409714,67.55226582504912,33.845425532115705,46.29629629629629,24.13353117440229,26.525198938992045,104.6509454705365,59.3632739795068,48.15115276738559,66.3847315117523,55.58007205490543,27.833900570585303,41.88964462764322,24.67116249864546,29.34770099019186,43.96184290643393,81.06575963718821,25.0,21.484486100718918,70.75907285991319,24.365796494745062,34.345656520518595,50.25443100497375,25.510204081632654,14.265335235378032,0.0,9999.0,41.521224035220165,64.21302030046847,13.192612137203165,23.094688221709006,45.52294763918046,18.975332068311197,22.275264271626416,17.57469244288225,24.074004955483908,132.24023118482222,59.409694001420306,23.182622127213158,22.042169659327058,70.02817542110726,65.53734953684227,28.57722752181855,78.68847485946996,29.586054760153985,29.673590504451038,9999.0,63.196031174402286
perceived_corruption|WVS_E,9999.0,9999.0,9999.0,9999.0,9999.0,9999.0,9999.0,9999.0,9999.0,9999.0,9999.0,9999.0,9999.0,9999.0,9999.0,9999.0,9999.0,9999.0,9999.0,9999.0,9999.0,9999.0,9999.0,9999.0,9999.0,9999.0,9999.0,9999.0,9999.0,9999.0,9999.0,9999.0,9999.0,0.0,9999.0,9999.0,9999.0,9999.0,9999.0,9999.0,9999.0,9999.0,9999.0,9999.0,9999.0,9999.0,9999.0,9999.0,9999.0,9999.0,9999.0,9999.0,9999.0,9999.0,9999.0
perceived_negative_effects_of_immigration|WVS_G,41.66194523135033,88.16687761411008,97.97017911306651,44.252178776997894,43.929235922977995,80.96019084538543,40.05194132357386,70.92198581560284,82.64462809917356,48.98142529292954,50.76142131979696,39.269530935216125,52.57130463357721,119.78694523135033,74.49927374032063,63.28715252819943,94.22378209582803,70.71607181571926,42.96990033139914,57.98800722905412,39.8759560088715,44.48370075100569,59.09784266724776,109.77677388595478,53.23758603720533,36.62048586153276,99.14977045617421,39.5017962555589,50.452505703326736,68.24948007632864,54.221218330399225,34.129692832764505,41.521224035220165,9999.0,0.0,79.3490200612823,28.328611898016998,54.29633327453675,60.65894739999429,35.56450191248878,37.41126403244025,35.56974151423713,39.21000471629774,147.37623094563605,74.07407407407408,38.31862188802699,37.17816942014089,85.1641751819211,80.6733492976561,43.71322728263238,93.8244746202838,44.722054520967816,50.403667085654966,9999.0,78.33203093521612
perceived_positive_effects_of_immigration|WVS_G,64.35374149659864,110.85867387935838,120.66197537831482,66.9439750422462,66.62103218822631,103.65198711063374,62.74373758882217,102.63297388015928,105.38006185111126,71.67322155817786,86.11487604207873,61.96132720046443,75.26310089882553,142.47874149659864,97.19107000556895,85.97894879344773,116.91557836107634,93.40786808096757,65.66169659664745,80.67980349430243,62.56775227411981,67.175497016254,81.78963893249608,132.4685701512031,75.92938230245363,59.312282126781064,121.84156672142251,62.19359252080721,73.14430196857504,90.94127634157695,76.91301459564754,64.1025641025641,64.21302030046847,9999.0,79.3490200612823,0.0,51.02040816326531,76.98812953978506,83.3507436652426,58.25629817773709,60.10306029768856,58.26153777948544,61.901800981546046,170.06802721088437,97.23749002748244,61.010418153275296,59.869965685389204,107.85597144716941,103.36514556290442,66.40502354788069,116.5162708855321,67.41385078621613,73.09546335090327,9999.0,101.02382720046444
political_information_sources|WVS_E,13.333333333333334,59.838265716093076,69.6415672150495,15.923566878980893,15.600624024960997,52.631578947368425,11.723329425556859,51.61256571689397,54.35965368784596,20.652813394912542,35.094467878813425,10.940919037199125,24.24269273556022,91.45833333333333,46.17066184230364,34.958540630182426,65.89517019781103,42.387459917702266,14.641288433382138,29.65939533103712,11.547344110854503,16.155088852988694,30.769230769230766,81.44816198793778,24.90897413918833,8.291873963515755,70.82115855815721,11.1731843575419,22.123893805309734,39.920868178311636,25.89260643238223,13.902556681138448,13.192612137203165,9999.0,28.328611898016998,51.02040816326531,0.0,25.967721376519755,32.330335501977295,7.235890014471781,9.08265213442325,7.24112961622013,10.881392818280741,119.04761904761905,46.217081864217135,9.990009990009991,8.849557522123893,56.8355632839041,52.3447373996391,15.384615384615383,65.49586272226679,16.39344262295082,22.075055187637968,9999.0,50.00341903719912
postmaterialist_values|WVS_E,24.57002457002457,78.76937396871959,82.2729267222466,34.24657534246575,36.771149309066395,77.51937984496124,24.93765586034913,66.36523830886276,71.51838137753631,35.40548598688133,52.14302469756376,27.77777777777778,36.38664768232874,102.69502457002457,65.10177009493015,51.32872675037768,43.29004329004329,59.22431865828092,33.333333333333336,48.59050358366363,30.006837522345513,28.169014084507044,56.73695214575052,93.59211693470631,36.39443628326782,27.22298221614227,83.28543015743129,37.14090573406165,28.328611898016998,51.40633032239113,38.036561379150754,26.046511627906977,23.094688221709006,9999.0,54.29633327453675,76.98812953978506,25.967721376519755,0.0,51.26144375460381,19.37984496124031,22.98850574712644,18.726591760299623,29.673590504451038,145.0153404241388,64.4822816807364,33.003300330033,25.839793281653748,71.73586590364869,70.92198581560284,37.0789600054881,78.33346543023963,31.152647975077883,30.487804878048777,9999.0,66.84027777777777
