construct,acceptance_of_state_surveillance|WVS_H,authoritarian_governance_tolerance|WVS_E,autocracy_support|WVS_E,basic_needs_deprivation|WVS_H,child_qualities_autonomy_self_expression|WVS_A,child_qualities_conformity_tradition|WVS_A,child_qualities_prosocial_diligence|WVS_A,civic_dishonesty_tolerance|WVS_F,confidence_in_civil_society_organizations|WVS_E,confidence_in_domestic_institutions|WVS_E,confidence_in_international_organizations|WVS_E,crime_victimization|WVS_H,democratic_system_evaluation|WVS_E,democratic_values_importance|WVS_E,economic_ideology|WVS_E,electoral_integrity|WVS_E,existential_threat_worry|WVS_H,familial_duty_obligations|WVS_D,female_income_threat_to_marriage|WVS_D,freedom_security_tradeoff_perception|WVS_H,gender_role_traditionalism|WVS_D,immigrant_origin_status|WVS_G,importance_of_life_domains|WVS_A,institutional_threat_perception|WVS_H,international_organization_knowledge|WVS_E,job_scarcity_gender_discrimination|WVS_C,job_scarcity_nativist_preference|WVS_C,life_autonomy_morality_permissiveness|WVS_F,multilevel_place_attachment|WVS_G,neighborhood_disorder_and_crime|WVS_H,offline_political_participation|WVS_E,online_political_participation|WVS_E,outgroup_trust|WVS_G,perceived_corruption|WVS_E,perceived_negative_effects_of_immigration|WVS_G,perceived_positive_effects_of_immigration|WVS_G,political_information_sources|WVS_E,postmaterialist_values|WVS_E,precautionary_security_behaviors|WVS_H,religion_versus_secularism_orientation|WVS_F,religious_belief|WVS_F,religious_exclusivism|WVS_F,religious_practice_and_self_identification|WVS_F,science_skepticism|WVS_I,science_technology_optimism|WVS_E,sexual_and_reproductive_morality_permissiveness|WVS_F,social_intolerance_outgroups|WVS_A,societal_change_attitudes|WVS_E,socioeconomic_insecurity_worry|WVS_H,subjective_wellbeing|WVS_A,violence_tolerance|WVS_F,voluntary_association_active_membership|WVS_A,voluntary_association_belonging|WVS_A,voting_participation|WVS_E,work_ethic|WVS_C
acceptance_of_state_surveillance|WVS_H,0.0,74.0020526116783,69.58010756578155,53.821387610717295,48.017161874974946,110.74226723745363,48.30473856209151,64.52687232005329,136.7759803596656,56.71820010055305,107.60859367670514,47.83125371360666,78.65372548036834,99.79383252182305,90.45142424075394,49.980776624375245,54.17961004742609,46.78411091752169,9999.0,56.66055390981333,42.24911655252213,57.49176863727948,69.73113372647227,52.800462908167965,49.40214658884736,9999.0,9999.0,46.68534080298787,9999.0,66.46352234587529,54.23146270002255,40.23260865272595,67.4805650559957,9999.0,52.32610398448836,72.84038113237264,40.35433564574461,85.16934999316244,82.32357150510478,68.968240836634,48.35371975331408,43.31803643443193,58.32076420311715,54.80363236740124,128.25368412150016,41.947579155233306,9999.0,44.860006527986755,43.20605435156519,61.91950464396285,69.44444444444446,9999.0,81.82266888058848,55.001167133520084,32.67973856209151
authoritarian_governance_tolerance|WVS_E,74.0020526116783,0.0,78.22268305327682,62.463963098212574,53.191489361702125,111.41160562055381,56.94731404958678,73.16944780754856,131.19379298183742,65.36077558804831,108.27793205980532,56.47382920110193,73.07153810254017,102.12787313058315,91.49928991681884,57.537829254623574,60.09327938317944,55.426686405016966,9999.0,65.3031293973086,42.918454935622314,66.13434412477474,75.6448030622256,61.44303839566324,54.8885077186964,9999.0,9999.0,55.32791629048314,9999.0,67.7658790866338,54.07571833764953,46.1462779884793,73.39423439174905,9999.0,60.68116170940954,81.4829566198679,46.94395218735884,90.92733841830591,90.96614699260004,74.88191017238735,56.99629524080935,37.735849056603776,64.73363858327484,62.81294465514597,134.1673534572535,41.1522633744856,9999.0,53.50258201548203,51.848629839060465,70.56208013145812,78.08701993193972,9999.0,90.46524436808375,63.64374262101535,41.32231404958678
autocracy_support|WVS_E,69.58010756578155,78.22268305327682,0.0,58.042018052315825,51.02040816326531,113.69509043927648,52.52536900369004,68.74750276165182,140.99661080126413,60.93883054215158,111.82922411830367,52.05188415520519,82.87435592196687,98.71145881270132,94.67205468235247,54.201407065973775,58.40024048902462,51.00474135912022,9999.0,60.88118435141186,46.46974699412066,61.71239907887801,73.9517641680708,57.021093349766495,53.360849056603776,9999.0,9999.0,50.9059712445864,9999.0,70.68415278747382,58.45209314162108,44.45323909432448,71.70119549759423,9999.0,56.54673442608689,77.06101157397117,44.57496608734314,89.38998043476097,86.54420194670331,73.18887127823253,52.57435019491261,47.53866687603046,58.13953488372093,59.02426280899977,132.4743145630987,37.735849056603776,9999.0,49.080636969585285,47.42668479316372,66.14013508556138,73.66507488604299,9999.0,86.04329932218701,59.221797575118615,36.90036900369004
basic_needs_deprivation|WVS_H,53.821387610717295,62.463963098212574,58.042018052315825,0.0,36.479072361509225,68.61760274174964,36.766649048625794,31.446540880503143,125.23789084619987,45.18011058708733,92.73406332229862,36.29316420014094,35.08771929824561,88.25574300835734,36.63003663003663,38.44268711090953,42.641520533960374,35.24602140405597,9999.0,45.12246439634761,30.71102703905641,13.36898395721925,58.193044213006544,40.99329334948444,37.864057075381645,9999.0,9999.0,35.147251289522146,9999.0,54.92543283240957,27.548209366391184,28.694519139260233,29.32551319648094,9999.0,40.78801447102265,61.30229161890692,28.8162461322789,31.347962382445143,40.02888467654023,57.430151323168275,28.653295128939828,31.779946920966218,26.992962158854127,43.26554285393553,103.91603908193105,30.40948964176759,9999.0,33.32191701452104,26.442744041219264,45.662100456621005,28.011204481792713,9999.0,36.90036900369004,12.706480304955527,21.14164904862579
child_qualities_autonomy_self_expression|WVS_A,48.017161874974946,53.191489361702125,51.02040816326531,36.479072361509225,0.0,86.75325662954404,26.97815657114696,47.18455707084522,114.47871333630212,39.37588485134498,76.33587786259541,28.090216640183648,56.35645845700486,80.13269787870291,68.22400854055974,32.638461375167175,26.55734187389308,22.371364653243848,9999.0,39.31823866060526,19.37984496124031,39.411342426417804,42.10886555293925,35.458147658959895,32.05983133963929,9999.0,9999.0,25.580509091384897,9999.0,47.95574795574795,36.88914745081448,12.610340479192939,39.858296882462696,9999.0,27.14522420012317,50.77827941049064,14.285714285714285,67.82703474395437,64.98125625589671,41.34597266310099,31.01140450410601,21.020769411068464,31.197701073988476,29.277007145859606,100.63141594796716,19.157088122605362,9999.0,25.57544757033248,25.125628140703515,44.57718939475478,52.10212919523638,9999.0,61.39082828407099,37.658851884312014,15.337423312883438
child_qualities_conformity_tradition|WVS_A,110.74226723745363,111.41160562055381,113.69509043927648,68.61760274174964,86.75325662954404,0.0,88.51073224230512,86.49861878453038,173.75630857966837,102.10099021382368,133.85262780911452,89.62279231134181,100.49748756281092,142.96219645506642,96.91528545119704,89.24003865173648,87.60683760683762,87.18072579833023,9999.0,84.03361344537815,68.4931506849315,55.24861878453038,103.6414412240974,82.87292817679557,81.46229130685089,9999.0,9999.0,86.03701033405432,9999.0,104.85678704856787,76.39026783315617,74.1429161503511,97.94311593823056,9999.0,88.67779987128132,112.3108550816488,74.45914723797522,99.96556512419477,92.49165807675,102.87854833425914,83.33850642497981,82.55334508222663,55.55555555555556,90.80958281701777,132.47863247863248,81.98658669896888,9999.0,86.77468633392603,69.53433307024466,101.01154761197535,87.09575254249216,9999.0,79.57951902783938,65.1692537051653,78.06252867536213
child_qualities_prosocial_diligence|WVS_A,48.30473856209151,56.94731404958678,52.52536900369004,36.766649048625794,26.97815657114696,88.51073224230512,0.0,47.472133757961785,114.42230451223574,39.66346153846154,88.08674985145575,29.847692252944736,56.300049632938496,79.32423360930856,69.98148415332082,32.92603806228374,28.314817486654164,27.405625739933164,9999.0,39.60581534772182,22.72727272727273,39.038189533239034,43.86634116570034,35.74572434607646,31.25,9999.0,9999.0,27.33798470414598,9999.0,49.197983980592674,34.84320557491289,14.367816091954024,41.61577249522378,9999.0,28.902699812884258,52.53575502325173,15.527950310559007,68.11461143107093,65.26883294301328,43.10344827586207,31.298981191222573,20.964360587002098,32.95517668674956,31.03448275862069,102.38889156072824,18.34862385321101,9999.0,26.954177897574123,24.752475247524753,44.864766081871345,52.38970588235294,9999.0,63.148303896832076,37.94642857142857,15.625
civic_dishonesty_tolerance|WVS_F,64.52687232005329,73.16944780754856,68.74750276165182,31.446540880503143,47.18455707084522,86.49861878453038,47.472133757961785,0.0,135.94337555553585,55.885595296423325,106.77598887257543,46.998648909476934,66.53426017874875,98.96122771769333,68.07657751053978,49.14817182024552,53.347005243296366,45.95150611339197,9999.0,55.82794910568361,41.41651174839241,31.25,68.89852892234254,51.96785810403824,48.56954178471764,9999.0,9999.0,45.852735998858144,9999.0,65.63091754174556,52.391649048625794,39.40000384859623,60.772054076984084,9999.0,51.49349918035864,72.00777632824291,39.5217308416149,62.79450326294828,53.569123531689684,68.13563603250427,47.52111494918436,42.48543163030221,40.59392145565735,53.97102756327152,117.51699837873427,41.114974351103584,9999.0,44.02740172385703,29.15451895043732,61.08689983983313,50.99919440762974,9999.0,55.580900243309,26.246719160104984,31.847133757961785
confidence_in_civil_society_organizations|WVS_E,136.7759803596656,131.19379298183742,140.99661080126413,125.23789084619987,114.47871333630212,173.75630857966837,114.42230451223574,135.94337555553585,0.0,127.35624900997942,170.62263501891988,113.57866827131011,128.79363297117004,160.1246105919003,147.22138478544872,113.25992412325346,115.81537425180932,114.90618250508831,9999.0,128.0770571452959,105.26315789473685,128.57699154428127,131.3668979308555,124.21696614365054,110.61060258732627,9999.0,9999.0,114.83854146930113,9999.0,108.69565217391305,109.7978132062794,101.86837285710918,129.11632926037893,9999.0,116.4032565780394,139.32950355826117,102.66604705598871,146.6494332869358,149.2537313432836,130.60400504101722,119.77022298879665,93.45794392523365,120.4557334519047,118.53503952377585,189.8894483258834,110.18784041118572,9999.0,112.04530452002919,114.29127725856698,133.33600787944542,140.86094767992702,9999.0,150.64886066198721,126.41767036900265,104.09624179757408
confidence_in_domestic_institutions|WVS_E,56.71820010055305,65.36077558804831,60.93883054215158,45.18011058708733,39.37588485134498,102.10099021382368,39.66346153846154,55.885595296423325,127.35624900997942,0.0,98.96731665307519,38.46153846153846,69.23399413068216,91.1525554981931,81.81014721712395,41.33949960074528,45.53833302379612,38.14283389389172,9999.0,48.01927688618336,33.607839528892164,48.85049161364951,61.0898567028423,44.159185884538,40.76086956521739,9999.0,9999.0,38.0440637793579,9999.0,43.10344827586207,45.59018567639258,31.591331629095983,58.83928803236574,9999.0,43.684826960858395,64.19910410874266,31.713058622114648,76.52807296953247,73.68229448147481,60.32696381300403,39.71244272968411,33.898305084745765,49.67948717948718,46.162355343771274,119.6124070978702,32.78688524590164,9999.0,36.21872950435679,34.564777327935225,53.278227620332885,60.80316742081448,9999.0,73.18139185695851,46.35989010989012,24.03846153846154
confidence_in_international_organizations|WVS_E,107.60859367670514,108.27793205980532,111.82922411830367,92.73406332229862,76.33587786259541,133.85262780911452,88.08674985145575,106.77598887257543,170.62263501891988,98.96731665307519,0.0,89.45586266635169,114.91991723697575,142.0429490743452,121.03174603174602,86.10636509098799,89.1104000875106,80.0,9999.0,93.44936476463246,65.35947712418302,79.36507936507937,103.96951573422163,95.0495794606901,91.6512631413695,9999.0,9999.0,82.90333677330582,9999.0,101.72311348781938,83.1214664669894,75.16339869281046,102.41135509608021,9999.0,88.50762527233115,113.33133762410816,76.02045793441756,124.08202570474376,116.60811865729899,103.89903087671851,90.6028363058362,79.58422819103934,92.98905756671425,91.83006535947713,163.18447416158466,81.10750862024601,9999.0,83.64101277317754,85.45517090408732,104.16862119648499,111.21221312304115,9999.0,103.69597960838837,89.28571428571429,74.92885511461364
crime_victimization|WVS_H,47.83125371360666,56.47382920110193,52.05188415520519,36.29316420014094,28.090216640183648,89.62279231134181,29.847692252944736,46.998648909476934,113.57866827131011,38.46153846153846,89.45586266635169,0.0,54.054054054054056,78.99362777411557,71.09354422235751,23.31002331002331,29.42687755569085,28.51768580896985,9999.0,39.13233049923697,24.096385542168672,39.96354522670312,44.97840123473703,35.272239497591606,26.455026455026456,9999.0,9999.0,28.450044773182668,9999.0,45.883386741174554,31.055900621118013,15.479876160990711,42.72783256426047,9999.0,30.014759881920945,53.64781509228842,15.45595054095827,67.64112658258608,64.79534809452842,44.21550834489876,30.825496342737722,20.120724346076457,34.06723675578625,32.14654282765738,103.50095162976493,18.01801801801802,9999.0,27.100271002710027,25.677830940988834,44.39128123338649,51.91622103386809,9999.0,64.26036396586876,37.472943722943725,15.15151515151515
democratic_system_evaluation|WVS_E,78.65372548036834,73.07153810254017,82.87435592196687,35.08771929824561,56.35645845700486,100.49748756281092,56.300049632938496,66.53426017874875,128.79363297117004,69.23399413068216,114.91991723697575,54.054054054054056,0.0,102.00235571260308,71.71775592828223,55.137669243956196,51.81347150259067,56.783927625791065,9999.0,69.95480226599864,49.560440112792726,45.24886877828054,73.24464305155823,66.09471126435328,52.488347708029025,9999.0,9999.0,56.71628659000388,9999.0,32.57328990228013,51.675558326982156,43.74611797781192,64.41323249472654,9999.0,58.28100169874216,81.20724867896392,44.54379217669146,66.43568168069075,39.52569169960474,72.48175016171997,61.647968109499395,35.3356890459364,58.872846979915415,60.41278464447859,125.88754557666475,52.06558553188846,9999.0,53.92304964073193,56.169022379269734,75.21375300014816,63.09892378003832,9999.0,69.57976902158954,47.794199603201136,45.97398691827682
democratic_values_importance|WVS_E,99.79383252182305,102.12787313058315,98.71145881270132,88.25574300835734,80.13269787870291,142.96219645506642,79.32423360930856,98.96122771769333,160.1246105919003,91.1525554981931,142.0429490743452,78.99362777411557,102.00235571260308,0.0,120.43010752688173,84.41513202201529,83.24207870487423,79.632326174008,9999.0,91.09490930745338,76.68347195016217,87.71357767053605,98.79360238392042,86.03826639770156,76.60060975609755,9999.0,9999.0,81.1196962006279,9999.0,96.6966966966967,83.00653594771242,69.2950773101741,96.54303371344385,9999.0,83.82996103110432,107.27473653001267,70.01720107616988,119.60370539080247,114.33968079434892,98.03070949408215,82.78807515095411,66.66666666666667,87.88243790496963,83.964115503224,157.31615277894832,60.975609756097555,9999.0,76.38393024916381,74.20312298361078,96.3538600416029,103.87879984208449,9999.0,112.04447791384506,87.01727642276423,67.11409395973155
economic_ideology|WVS_E,90.45142424075394,91.49928991681884,94.67205468235247,36.63003663003663,68.22400854055974,96.91528545119704,69.98148415332082,68.07657751053978,147.22138478544872,81.81014721712395,121.03174603174602,71.09354422235751,71.71775592828223,120.43010752688173,0.0,73.56542105823486,41.666666666666664,68.65147770934594,9999.0,77.51937984496124,65.41758962999425,41.666666666666664,85.11219313511312,69.29097605893185,67.1119592875318,9999.0,9999.0,68.58383667355876,9999.0,83.79347089024509,62.80831571529245,55.6136680613668,48.543689320388346,9999.0,70.14855178229703,93.7816069926645,62.97154399097012,67.97799901248177,76.65892130657686,84.34930024527485,65.28333175897646,53.763440860215056,55.29064486830154,72.28033472803347,115.74074074074073,63.93313561544334,9999.0,69.95195364455768,55.95238095238095,82.29213708665763,64.64124111182934,9999.0,65.99756690997566,49.336516934992154,57.77168567866242
electoral_integrity|WVS_E,49.980776624375245,57.537829254623574,54.201407065973775,38.44268711090953,32.638461375167175,89.24003865173648,32.92603806228374,49.14817182024552,113.25992412325346,41.33949960074528,86.10636509098799,23.31002331002331,55.137669243956196,84.41513202201529,73.56542105823486,0.0,38.80090954761832,31.40541041771392,9999.0,41.28185341000556,20.74688796680498,42.11306813747171,54.352433226664495,33.557046979865774,34.023446089039595,9999.0,9999.0,31.306640303180096,9999.0,22.573363431151243,36.141849479065556,24.85390815291818,52.101864556187934,9999.0,36.94740348468059,57.461680632564864,24.975635145936845,69.79064949335466,50.0,53.589540336826225,32.97501925350631,19.801980198019802,42.94206370330938,39.42493186759347,112.8749836216924,23.58490566037736,9999.0,29.481306028178984,27.827353851757422,46.54080414415508,54.06574394463668,9999.0,66.44396838078072,39.62246663371231,17.301038062283737
existential_threat_worry|WVS_H,54.17961004742609,60.09327938317944,58.40024048902462,42.641520533960374,26.55734187389308,87.60683760683762,28.314817486654164,53.347005243296366,115.81537425180932,45.53833302379612,89.1104000875106,29.42687755569085,51.81347150259067,83.24207870487423,41.666666666666664,38.80090954761832,0.0,26.984811042679276,9999.0,45.4806868330564,23.75092296332759,44.81646360744593,43.44552646844645,41.62059583141104,25.44529262086514,9999.0,9999.0,26.9171700068921,9999.0,50.984038431737176,25.510204081632654,13.94700139470014,39.21568627450981,9999.0,28.48188511563037,52.11494032599784,22.831050228310502,41.49377593360996,70.96474953617812,42.68263357860819,32.779393108447785,22.357430326575667,32.05128205128205,30.61366806136681,74.07407407407408,22.266468948776676,9999.0,33.68013945122983,30.530749321731648,47.96060683687701,58.26457736768752,9999.0,62.72748919957819,43.82130005676315,21.49987148533458
familial_duty_obligations|WVS_D,46.78411091752169,55.426686405016966,51.00474135912022,35.24602140405597,22.371364653243848,87.18072579833023,27.405625739933164,45.95150611339197,114.90618250508831,38.14283389389172,80.0,28.51768580896985,56.783927625791065,79.632326174008,68.65147770934594,31.40541041771392,26.984811042679276,0.0,9999.0,38.085187703152,22.84173121660659,37.6502002670227,42.53633472172545,34.225096701506644,30.826780382186037,9999.0,9999.0,24.330900243309003,9999.0,47.695279111828896,35.65609649336122,13.037809647979138,40.28576605124889,9999.0,27.57269336890937,51.20574857927684,14.025245441795231,66.59398378650111,63.74820529844345,41.77344183188718,29.778353546652752,21.448238579854664,31.625170242774676,29.704476314645806,101.05888511675334,18.65671641791045,9999.0,23.809523809523807,23.364485981308412,43.344138437301524,50.86907823778313,9999.0,61.81829745285719,36.425800926858756,14.104372355430183
female_income_threat_to_marriage|WVS_D,9999.0,9999.0,9999.0,9999.0,9999.0,9999.0,9999.0,9999.0,9999.0,9999.0,9999.0,9999.0,9999.0,9999.0,9999.0,9999.0,9999.0,9999.0,0.0,9999.0,9999.0,9999.0,9999.0,9999.0,9999.0,9999.0,9999.0,9999.0,9999.0,9999.0,9999.0,9999.0,9999.0,9999.0,9999.0,9999.0,9999.0,9999.0,9999.0,9999.0,9999.0,9999.0,9999.0,9999.0,9999.0,9999.0,9999.0,9999.0,9999.0,9999.0,9999.0,9999.0,9999.0,9999.0,9999.0
freedom_security_tradeoff_perception|WVS_H,56.66055390981333,65.3031293973086,60.88118435141186,45.12246439634761,39.31823866060526,84.03361344537815,39.60581534772182,55.82794910568361,128.0770571452959,48.01927688618336,93.44936476463246,39.13233049923697,69.95480226599864,91.09490930745338,77.51937984496124,41.28185341000556,45.4806868330564,38.085187703152,9999.0,0.0,28.08988764044944,48.79284542290979,61.03221051210258,44.10153969379828,40.70322337447767,9999.0,9999.0,37.98641758861818,9999.0,57.764599131505605,45.53253948565286,31.533685438356265,58.78164184162602,9999.0,43.62718077011868,64.14145791800294,31.65541243137493,66.2251655629139,73.6246482907351,60.26931762226431,39.654796538944396,34.619113220062246,49.621840988747465,46.10470915303156,101.010101010101,33.24865594086362,9999.0,36.16108331361707,34.50713113719551,53.22058142959317,60.745521230074765,9999.0,73.1237456662188,46.3022439191504,23.980815347721823
gender_role_traditionalism|WVS_D,42.24911655252213,42.918454935622314,46.46974699412066,30.71102703905641,19.37984496124031,68.4931506849315,22.72727272727273,41.41651174839241,105.26315789473685,33.607839528892164,65.35947712418302,24.096385542168672,49.560440112792726,76.68347195016217,65.41758962999425,20.74688796680498,23.75092296332759,22.84173121660659,9999.0,28.08988764044944,0.0,34.381408065618594,38.61003861003861,29.69010233650708,26.291786017186475,9999.0,9999.0,17.543859649122805,9999.0,36.36363636363637,17.761989342806395,9.803921568627452,37.051877971897206,9999.0,23.148148148148145,47.97186049992516,10.660980810234543,62.05898942150156,59.2132109334439,38.5395537525355,25.243359181653194,14.22475106685633,28.39128216342299,26.47058823529412,97.82499703740166,15.748031496062993,9999.0,18.281535648994517,20.09569377990431,38.80914407230197,46.334083872783566,9999.0,58.5844093735055,31.890806561859193,9.569377990430622
immigrant_origin_status|WVS_G,57.49176863727948,66.13434412477474,61.71239907887801,13.36898395721925,39.411342426417804,55.24861878453038,39.038189533239034,31.25,128.57699154428127,48.85049161364951,79.36507936507937,39.96354522670312,45.24886877828054,87.71357767053605,41.666666666666664,42.11306813747171,44.81646360744593,37.6502002670227,9999.0,48.79284542290979,34.381408065618594,0.0,60.36798728649211,27.62430939226519,39.53071395293021,9999.0,9999.0,37.01298701298701,9999.0,58.59581385897175,21.14164904862579,30.869462212745795,42.69449715370019,9999.0,44.458395497584824,64.97267264546909,27.357609710550886,44.71694633966439,37.24303929221962,59.523809523809526,28.08988764044944,35.11904761904762,13.623978201634877,45.979583639787386,90.54705512471179,26.7379679144385,9999.0,33.26104635402548,14.285714285714285,45.76292882744495,31.847133757961785,9999.0,24.330900243309003,9.920634920634921,24.81203007518797
importance_of_life_domains|WVS_A,69.73113372647227,75.6448030622256,73.9517641680708,58.193044213006544,42.10886555293925,103.6414412240974,43.86634116570034,68.89852892234254,131.3668979308555,61.0898567028423,103.96951573422163,44.97840123473703,73.24464305155823,98.79360238392042,85.11219313511312,54.352433226664495,43.44552646844645,42.53633472172545,9999.0,61.03221051210258,38.61003861003861,60.36798728649211,0.0,57.172119510457215,53.44299262782285,9999.0,9999.0,42.46869368593828,9999.0,66.53556211078336,48.309178743961354,29.498525073746315,56.74648147701607,9999.0,44.03340879467655,67.66646400504402,38.75968992248062,84.93930240205641,86.69522810739403,58.23415725765436,48.33091678749396,37.90895400562184,48.08588566854185,46.16519174041298,117.51960054252052,37.81799262782285,9999.0,49.231663130276004,46.082273000777825,63.51213051592319,73.8161010467337,9999.0,78.27901287862437,59.372823735809334,37.05139516438076
institutional_threat_perception|WVS_H,52.800462908167965,61.44303839566324,57.021093349766495,40.99329334948444,35.458147658959895,82.87292817679557,35.74572434607646,51.96785810403824,124.21696614365054,44.159185884538,95.0495794606901,35.272239497591606,66.09471126435328,86.03826639770156,69.29097605893185,33.557046979865774,41.62059583141104,34.225096701506644,9999.0,44.10153969379828,29.69010233650708,27.62430939226519,57.172119510457215,0.0,36.843132372832315,9999.0,9999.0,34.126326586972816,9999.0,53.90450812986024,41.67244848400749,27.6735944367109,45.662100456621005,9999.0,39.76708976847331,60.281366916357584,25.188916876574307,72.34125573192958,59.68486391851026,56.409226620618945,35.79470553729903,30.75902221841688,38.02281368821293,42.24461815138619,114.94589061128985,25.06265664160401,9999.0,32.300992311971704,30.647040135550142,49.3604904279478,56.8854302284294,9999.0,51.282051282051285,32.362459546925564,20.120724346076457
international_organization_knowledge|WVS_E,49.40214658884736,54.8885077186964,53.360849056603776,37.864057075381645,32.05983133963929,81.46229130685089,31.25,48.56954178471764,110.61060258732627,40.76086956521739,91.6512631413695,26.455026455026456,52.488347708029025,76.60060975609755,67.1119592875318,34.023446089039595,25.44529262086514,30.826780382186037,9999.0,40.70322337447767,26.291786017186475,39.53071395293021,53.44299262782285,36.843132372832315,0.0,9999.0,9999.0,30.72801026765221,9999.0,35.587188612099645,33.492527943138384,23.94446755407654,51.19242395734629,9999.0,33.222591362126245,56.883050597036984,24.397005110408962,66.9390685544751,66.36624096976912,52.68009973798459,32.396389217978424,17.152658662092627,25.906735751295336,33.333333333333336,99.51936669493921,15.625,9999.0,28.902675992651105,27.24872381622954,45.962174108627195,53.4871139091088,9999.0,63.861614196239216,39.04383659818443,16.722408026755854
job_scarcity_gender_discrimination|WVS_C,9999.0,9999.0,9999.0,9999.0,9999.0,9999.0,9999.0,9999.0,9999.0,9999.0,9999.0,9999.0,9999.0,9999.0,9999.0,9999.0,9999.0,9999.0,9999.0,9999.0,9999.0,9999.0,9999.0,9999.0,9999.0,0.0,9999.0,9999.0,9999.0,9999.0,9999.0,9999.0,9999.0,9999.0,9999.0,9999.0,9999.0,9999.0,9999.0,9999.0,9999.0,9999.0,9999.0,9999.0,9999.0,9999.0,9999.0,9999.0,9999.0,9999.0,9999.0,9999.0,9999.0,9999.0,9999.0
job_scarcity_nativist_preference|WVS_C,9999.0,9999.0,9999.0,9999.0,9999.0,9999.0,9999.0,9999.0,9999.0,9999.0,9999.0,9999.0,9999.0,9999.0,9999.0,9999.0,9999.0,9999.0,9999.0,9999.0,9999.0,9999.0,9999.0,9999.0,9999.0,9999.0,0.0,9999.0,9999.0,9999.0,9999.0,9999.0,9999.0,9999.0,9999.0,9999.0,9999.0,9999.0,9999.0,9999.0,9999.0,9999.0,9999.0,9999.0,9999.0,9999.0,9999.0,9999.0,9999.0,9999.0,9999.0,9999.0,9999.0,9999.0,9999.0
life_autonomy_morality_permissiveness|WVS_F,46.68534080298787,55.32791629048314,50.9059712445864,35.147251289522146,25.580509091384897,86.03701033405432,27.33798470414598,45.852735998858144,114.83854146930113,38.0440637793579,82.90333677330582,28.450044773182668,56.71628659000388,81.1196962006279,68.58383667355876,31.306640303180096,26.9171700068921,24.330900243309003,9999.0,37.98641758861818,17.543859649122805,37.01298701298701,42.46869368593828,34.126326586972816,30.72801026765221,9999.0,9999.0,0.0,9999.0,47.71497749025839,29.761904761904763,12.970168612191959,40.21812501546171,9999.0,27.50505233312219,51.13810754348967,14.04494382022472,66.49521367196729,63.64943518390963,41.70580079610001,29.67958343211893,21.380597544067484,31.557529206987496,29.636835278858626,100.99124408096617,21.289636166268497,9999.0,22.371364653243848,22.72727272727273,43.2453683227677,50.7703081232493,9999.0,61.343887256296014,36.32703081232493,14.005602240896357
multilevel_place_attachment|WVS_G,9999.0,9999.0,9999.0,9999.0,9999.0,9999.0,9999.0,9999.0,9999.0,9999.0,9999.0,9999.0,9999.0,9999.0,9999.0,9999.0,9999.0,9999.0,9999.0,9999.0,9999.0,9999.0,9999.0,9999.0,9999.0,9999.0,9999.0,9999.0,0.0,9999.0,9999.0,9999.0,9999.0,9999.0,9999.0,9999.0,9999.0,9999.0,9999.0,9999.0,9999.0,9999.0,9999.0,9999.0,9999.0,9999.0,9999.0,9999.0,9999.0,9999.0,9999.0,9999.0,9999.0,9999.0,9999.0
neighborhood_disorder_and_crime|WVS_H,66.46352234587529,67.7658790866338,70.68415278747382,54.92543283240957,47.95574795574795,104.85678704856787,49.197983980592674,65.63091754174556,108.69565217391305,43.10344827586207,101.72311348781938,45.883386741174554,32.57328990228013,96.6966966966967,83.79347089024509,22.573363431151243,50.984038431737176,47.695279111828896,9999.0,57.764599131505605,36.36363636363637,58.59581385897175,66.53556211078336,53.90450812986024,35.587188612099645,9999.0,9999.0,47.71497749025839,9999.0,0.0,37.59398496240602,37.03703703703704,64.28499344030679,9999.0,50.881737628725574,60.6060606060606,33.67003367003367,70.92198581560284,72.09898160188487,65.77266922094509,49.457764975006356,30.030030030030026,52.57362535245333,52.292007599270164,125.05811250581125,42.711624990106,9999.0,45.96405174967903,44.31009957325747,63.02354986565513,70.54848966613673,9999.0,82.92671410228076,53.763440860215056,33.78378378378378
offline_political_participation|WVS_E,54.23146270002255,54.07571833764953,58.45209314162108,27.548209366391184,36.88914745081448,76.39026783315617,34.84320557491289,52.391649048625794,109.7978132062794,45.59018567639258,83.1214664669894,31.055900621118013,51.675558326982156,83.00653594771242,62.80831571529245,36.141849479065556,25.510204081632654,35.65609649336122,9999.0,45.53253948565286,17.761989342806395,21.14164904862579,48.309178743961354,41.67244848400749,33.492527943138384,9999.0,9999.0,29.761904761904763,9999.0,37.59398496240602,0.0,24.75029821292128,39.0625,9999.0,29.32551319648094,58.13953488372093,25.54797241180082,58.89617174883632,45.45454545454546,43.66812227074236,37.225705329153605,16.339869281045754,34.765627250260664,41.41696487958795,99.58427815570673,22.123893805309734,9999.0,33.731992103826286,32.07803992740472,50.791490219802384,52.98878280658758,9999.0,45.4725492919348,31.06228396926071,21.551724137931036
online_political_participation|WVS_E,40.23260865272595,46.1462779884793,44.45323909432448,28.694519139260233,12.610340479192939,74.1429161503511,14.367816091954024,39.40000384859623,101.86837285710918,31.591331629095983,75.16339869281046,15.479876160990711,43.74611797781192,69.2950773101741,55.6136680613668,24.85390815291818,13.94700139470014,13.037809647979138,9999.0,31.533685438356265,9.803921568627452,30.869462212745795,29.498525073746315,27.6735944367109,23.94446755407654,9999.0,9999.0,12.970168612191959,9999.0,37.03703703703704,24.75029821292128,0.0,27.247956403269754,9999.0,14.534883720930232,38.167938931297705,15.22746717428755,55.4407773283101,57.196703033647715,28.73563218390805,18.832391713747647,8.410428931875526,18.587360594795538,16.666666666666668,88.02107546877421,8.319467554076539,9999.0,19.73313805652969,16.58374792703151,34.013605442176875,44.317575972987385,9999.0,48.78048780487805,29.874298662063016,7.552870090634442
outgroup_trust|WVS_G,67.4805650559957,73.39423439174905,71.70119549759423,29.32551319648094,39.858296882462696,97.94311593823056,41.61577249522378,60.772054076984084,129.11632926037893,58.83928803236574,102.41135509608021,42.72783256426047,64.41323249472654,96.54303371344385,48.543689320388346,52.101864556187934,39.21568627450981,40.28576605124889,9999.0,58.78164184162602,37.051877971897206,42.69449715370019,56.74648147701607,45.662100456621005,51.19242395734629,9999.0,9999.0,40.21812501546171,9999.0,64.28499344030679,39.0625,27.247956403269754,0.0,9999.0,41.782840124199986,65.41589533456747,42.47542357755731,60.6060606060606,62.1656099464976,55.983588587177806,46.0803481170174,35.65838533514528,45.835316998065295,43.914623069936425,103.09278350515464,35.56742395734629,9999.0,46.98109445979944,39.8406374501992,61.26156184544663,57.33671767827366,9999.0,54.34782608695652,34.84320557491289,34.8008264939042
perceived_corruption|WVS_E,9999.0,9999.0,9999.0,9999.0,9999.0,9999.0,9999.0,9999.0,9999.0,9999.0,9999.0,9999.0,9999.0,9999.0,9999.0,9999.0,9999.0,9999.0,9999.0,9999.0,9999.0,9999.0,9999.0,9999.0,9999.0,9999.0,9999.0,9999.0,9999.0,9999.0,9999.0,9999.0,9999.0,0.0,9999.0,9999.0,9999.0,9999.0,9999.0,9999.0,9999.0,9999.0,9999.0,9999.0,9999.0,9999.0,9999.0,9999.0,9999.0,9999.0,9999.0,9999.0,9999.0,9999.0,9999.0
perceived_negative_effects_of_immigration|WVS_G,52.32610398448836,60.68116170940954,56.54673442608689,40.78801447102265,27.14522420012317,88.67779987128132,28.902699812884258,51.49349918035864,116.4032565780394,43.684826960858395,88.50762527233115,30.014759881920945,58.28100169874216,83.82996103110432,70.14855178229703,36.94740348468059,28.48188511563037,27.57269336890937,9999.0,43.62718077011868,23.148148148148145,44.458395497584824,44.03340879467655,39.76708976847331,33.222591362126245,9999.0,9999.0,27.50505233312219,9999.0,50.881737628725574,29.32551319648094,14.534883720930232,41.782840124199986,9999.0,0.0,52.70282265222794,17.21170395869191,69.97566104924033,69.29019836541013,43.27051590483828,33.36727543467788,22.945312652805757,33.122244315725766,31.2015503875969,102.55595918970445,22.85435127500677,9999.0,31.446540880503143,30.17268121187054,48.54848916310711,56.4110713047498,9999.0,63.31537152580828,41.967793993825424,19.646365422396855
perceived_positive_effects_of_immigration|WVS_G,72.84038113237264,81.4829566198679,77.06101157397117,61.30229161890692,50.77827941049064,112.3108550816488,52.53575502325173,72.00777632824291,139.32950355826117,64.19910410874266,113.33133762410816,53.64781509228842,81.20724867896392,107.27473653001267,93.7816069926645,57.461680632564864,52.11494032599784,51.20574857927684,9999.0,64.14145791800294,47.97186049992516,64.97267264546909,67.66646400504402,60.281366916357584,56.883050597036984,9999.0,9999.0,51.13810754348967,9999.0,60.6060606060606,58.13953488372093,38.167938931297705,65.41589533456747,9999.0,52.70282265222794,0.0,39.21568627450981,92.65025400135207,89.80447551329439,66.90357111520575,55.8346237615037,45.87155963302752,56.75529952609324,54.83460559796437,126.18901440007193,46.487406485374244,9999.0,52.340910536176374,50.68695835975481,69.40040865215246,76.92534845263407,9999.0,86.94842673617575,62.482071141709696,40.16064257028113
political_information_sources|WVS_E,40.35433564574461,46.94395218735884,44.57496608734314,28.8162461322789,14.285714285714285,74.45914723797522,15.527950310559007,39.5217308416149,102.66604705598871,31.713058622114648,76.02045793441756,15.45595054095827,44.54379217669146,70.01720107616988,62.97154399097012,24.975635145936845,22.831050228310502,14.025245441795231,9999.0,31.65541243137493,10.660980810234543,27.357609710550886,38.75968992248062,25.188916876574307,24.397005110408962,9999.0,9999.0,14.04494382022472,9999.0,33.67003367003367,25.54797241180082,15.22746717428755,42.47542357755731,9999.0,17.21170395869191,39.21568627450981,0.0,60.16420851472404,54.13056353268503,43.47826086956522,18.214936247723134,9.208103130755065,18.90359168241966,18.6219739292365,95.82666860549658,9.041591320072332,9999.0,19.85486504954836,13.071895424836601,34.48275862068965,44.22454339991448,9999.0,51.68850995385989,26.808159161100335,7.674597083653108
postmaterialist_values|WVS_E,85.16934999316244,90.92733841830591,89.38998043476097,31.347962382445143,67.82703474395437,99.96556512419477,68.11461143107093,62.79450326294828,146.6494332869358,76.52807296953247,124.08202570474376,67.64112658258608,66.43568168069075,119.60370539080247,67.97799901248177,69.79064949335466,41.49377593360996,66.59398378650111,9999.0,66.2251655629139,62.05898942150156,44.71694633966439,84.93930240205641,72.34125573192958,66.9390685544751,9999.0,9999.0,66.49521367196729,9999.0,70.92198581560284,58.89617174883632,55.4407773283101,60.6060606060606,9999.0,69.97566104924033,92.65025400135207,60.16420851472404,0.0,55.865921787709496,84.17640951221814,60.00125751138497,53.191489361702125,58.340924541299266,72.10744399497676,115.56785000768403,61.75745202421273,9999.0,64.66987939696618,57.7907064236644,77.01006283906615,59.35916686423786,9999.0,68.24833138613518,44.054442687400666,52.489611431070934
precautionary_security_behaviors|WVS_H,82.32357150510478,90.96614699260004,86.54420194670331,40.02888467654023,64.98125625589671,92.49165807675,65.26883294301328,53.569123531689684,149.2537313432836,73.68229448147481,116.60811865729899,64.79534809452842,39.52569169960474,114.33968079434892,76.65892130657686,50.0,70.96474953617812,63.74820529844345,9999.0,73.6246482907351,59.2132109334439,37.24303929221962,86.69522810739403,59.68486391851026,66.36624096976912,9999.0,9999.0,63.64943518390963,9999.0,72.09898160188487,45.45454545454546,57.196703033647715,62.1656099464976,9999.0,69.29019836541013,89.80447551329439,54.13056353268503,55.865921787709496,0.0,85.93233521755576,50.578218325073074,60.282130815353696,41.66960666713707,71.76772674832301,118.59268359021398,53.36407103825137,9999.0,60.03400017615964,41.05866810784843,63.16469827839474,52.07487961910945,9999.0,58.67036675402984,27.3224043715847,49.64383294301327
religion_versus_secularism_orientation|WVS_F,68.968240836634,74.88191017238735,73.18887127823253,57.430151323168275,41.34597266310099,102.87854833425914,43.10344827586207,68.13563603250427,130.60400504101722,60.32696381300403,103.89903087671851,44.21550834489876,72.48175016171997,98.03070949408215,84.34930024527485,53.589540336826225,42.68263357860819,41.77344183188718,9999.0,60.26931762226431,38.5395537525355,59.523809523809526,58.23415725765436,56.409226620618945,52.68009973798459,9999.0,9999.0,41.70580079610001,9999.0,65.77266922094509,43.66812227074236,28.73563218390805,55.983588587177806,9999.0,43.27051590483828,66.90357111520575,43.47826086956522,84.17640951221814,85.93233521755576,0.0,47.56802389765569,37.146061115783574,47.322992778703586,45.40229885057472,116.75670765268227,37.05509973798459,9999.0,48.468770240437735,45.31938011093956,62.74923762608492,73.05320815689544,9999.0,77.5161199887861,58.609930845971064,36.28850227454249
religious_belief|WVS_F,48.35371975331408,56.99629524080935,52.57435019491261,28.653295128939828,31.01140450410601,83.33850642497981,31.298981191222573,47.52111494918436,119.77022298879665,39.71244272968411,90.6028363058362,30.825496342737722,61.647968109499395,82.78807515095411,65.28333175897646,32.97501925350631,32.779393108447785,29.778353546652752,9999.0,39.654796538944396,25.243359181653194,28.08988764044944,48.33091678749396,35.79470553729903,32.396389217978424,9999.0,9999.0,29.67958343211893,9999.0,49.457764975006356,37.225705329153605,18.832391713747647,46.0803481170174,9999.0,33.36727543467788,55.8346237615037,18.214936247723134,60.00125751138497,50.578218325073074,47.56802389765569,0.0,26.312279063562997,37.11852793014279,35.49905838041431,106.85346718252185,24.94182178436437,9999.0,27.85424915711782,19.569471624266146,44.91374727309392,48.00828920101313,9999.0,52.42078788375844,23.255813953488374,15.673981191222571
religious_exclusivism|WVS_F,43.31803643443193,37.735849056603776,47.53866687603046,31.779946920966218,21.020769411068464,82.55334508222663,20.964360587002098,42.48543163030221,93.45794392523365,33.898305084745765,79.58422819103934,20.120724346076457,35.3356890459364,66.66666666666667,53.763440860215056,19.801980198019802,22.357430326575667,21.448238579854664,9999.0,34.619113220062246,14.22475106685633,35.11904761904762,37.90895400562184,30.75902221841688,17.152658662092627,9999.0,9999.0,21.380597544067484,9999.0,30.030030030030026,16.339869281045754,8.410428931875526,35.65838533514528,9999.0,22.945312652805757,45.87155963302752,9.208103130755065,53.191489361702125,60.282130815353696,37.146061115783574,26.312279063562997,0.0,26.997789526671063,25.077095598542193,96.43150440064974,16.729896485952064,9999.0,18.587360594795538,20.833333333333332,39.87806395421177,47.403003754693366,9999.0,57.19091673675358,32.959726443769,10.638297872340425
religious_practice_and_self_identification|WVS_F,58.32076420311715,64.73363858327484,58.13953488372093,26.992962158854127,31.197701073988476,55.55555555555556,32.95517668674956,40.59392145565735,120.4557334519047,49.67948717948718,92.98905756671425,34.06723675578625,58.872846979915415,87.88243790496963,55.29064486830154,42.94206370330938,32.05128205128205,31.625170242774676,9999.0,49.621840988747465,28.39128216342299,13.623978201634877,48.08588566854185,38.02281368821293,25.906735751295336,9999.0,9999.0,31.557529206987496,9999.0,52.57362535245333,34.765627250260664,18.587360594795538,45.835316998065295,9999.0,33.122244315725766,56.75529952609324,18.90359168241966,58.340924541299266,41.66960666713707,47.322992778703586,37.11852793014279,26.997789526671063,0.0,35.254027261462205,76.92307692307692,26.906828148872076,9999.0,37.82129360692089,19.047619047619047,50.189496202362406,39.09967754307712,9999.0,37.95487844494388,14.347202295552368,25.641025641025642
