construct,acceptance_of_state_surveillance|WVS_H,authoritarian_governance_tolerance|WVS_E,autocracy_support|WVS_E,basic_needs_deprivation|WVS_H,child_qualities_autonomy_self_expression|WVS_A,child_qualities_conformity_tradition|WVS_A,child_qualities_prosocial_diligence|WVS_A,civic_dishonesty_tolerance|WVS_F,confidence_in_civil_society_organizations|WVS_E,confidence_in_domestic_institutions|WVS_E,confidence_in_international_organizations|WVS_E,crime_victimization|WVS_H,democratic_system_evaluation|WVS_E,democratic_values_importance|WVS_E,economic_ideology|WVS_E,electoral_integrity|WVS_E,existential_threat_worry|WVS_H,familial_duty_obligations|WVS_D,female_income_threat_to_marriage|WVS_D,freedom_security_tradeoff_perception|WVS_H,gender_role_traditionalism|WVS_D,immigrant_origin_status|WVS_G,importance_of_life_domains|WVS_A,institutional_threat_perception|WVS_H,international_organization_knowledge|WVS_E,job_scarcity_gender_discrimination|WVS_C,job_scarcity_nativist_preference|WVS_C,life_autonomy_morality_permissiveness|WVS_F,multilevel_place_attachment|WVS_G,neighborhood_disorder_and_crime|WVS_H,offline_political_participation|WVS_E,online_political_participation|WVS_E,outgroup_trust|WVS_G,perceived_corruption|WVS_E,perceived_negative_effects_of_immigration|WVS_G,perceived_positive_effects_of_immigration|WVS_G,political_information_sources|WVS_E,postmaterialist_values|WVS_E,precautionary_security_behaviors|WVS_H,religion_versus_secularism_orientation|WVS_F,religious_belief|WVS_F,religious_exclusivism|WVS_F,religious_practice_and_self_identification|WVS_F,science_skepticism|WVS_I,science_technology_optimism|WVS_E,sexual_and_reproductive_morality_permissiveness|WVS_F,social_intolerance_outgroups|WVS_A,societal_change_attitudes|WVS_E,socioeconomic_insecurity_worry|WVS_H,subjective_wellbeing|WVS_A,violence_tolerance|WVS_F,voluntary_association_active_membership|WVS_A,voluntary_association_belonging|WVS_A,voting_participation|WVS_E,work_ethic|WVS_C
acceptance_of_state_surveillance|WVS_H,0.0,80.00378042131209,97.06705220955789,0.0,53.40326027329358,259.69337856067796,905.5022991193204,945.8556504306173,69.03698579769076,74.91910971663889,176.78335948468214,9943.688484742379,3.7097743290839347,324.35599444360395,113.19632595515077,53.68251879138328,9930.725263938777,70.44273502749823,141.4207522508883,9953.243880118966,0.0,48.90915684412434,125.71610416603035,9940.130151951475,117.62616825903362,0.0,221.22069046777423,242.6051362221575,89.00784829651137,9932.067667698513,490.7931867974684,571.8258199417023,561.4109845474377,0.0,445.27396297857547,195.90166844345782,840.8276096199463,162.82150135868224,9955.27152988855,844.4449377335017,115.70875932578062,186.28682508585922,530.2725441819382,240.6509189572399,10.69435738530862,938.908043109383,0.0,55.7115384055319,9947.19099911756,601.4528400469618,14.081891569880582,44.215231299700335,90.8145125124771,51.76910234260651,18.397745571658618
authoritarian_governance_tolerance|WVS_E,80.00378042131209,0.0,9984.676957604379,0.0,5.949505845340628,949.2342868906093,11.212389768530855,0.0,9963.441442138768,9974.122061355234,9927.358011852291,0.0,9981.622965917008,9940.342764272307,9953.30572723527,9984.18313244825,0.0,26.58474330356779,968.2096189589205,6.396988463920298,22.073393789589623,14.288098317697195,298.055866131982,0.0,9968.971216045635,406.2926370061909,0.0,512.9083440841081,1.8056184535374626,0.0,9977.297725737651,9956.581059943264,0.0,0.0,0.0,0.0,9972.520597159397,9977.608868581692,0.0,3.8594157591955707,6.545799125040929,0.0,95.39146220708778,0.0,9963.07718056982,15.142375792649446,0.0,9981.740455315427,0.0,0.0,0.0,13.13634809120719,7.126265196507909,9984.41678789568,31.990240241924447
autocracy_support|WVS_E,97.06705220955789,9984.676957604379,0.0,0.0,10.386515007323787,35.43324423530185,36.590517432608124,0.0,9966.61621251655,9977.296831733016,9930.532782230075,0.0,9984.797736294791,9944.77977343429,9957.742736397253,9987.357902826032,0.0,0.0,17.255948969731026,0.0,87.52565676502614,147.6825689719243,25.36856754424776,0.0,9973.408225207619,20.589894615379002,3.341694063305866,17.024734047578555,0.0,0.0,9980.472496115433,9959.755830321048,0.0,0.0,55.782803895879525,0.0,9975.69536753718,9980.783638959476,0.0,0.0,0.0,0.0,25.581483129533147,0.0,9966.251950947602,0.6511045117378629,0.0,9984.915225693208,0.0,0.0,0.0,142.24868192851505,521.0358806052908,9987.591558273461,37.62151691983118
basic_needs_deprivation|WVS_H,0.0,0.0,0.0,0.0,0.0,0.0,0.0,0.0,0.0,0.0,0.0,0.0,0.0,0.0,0.0,0.0,0.0,0.0,0.0,0.0,0.0,0.0,0.0,0.0,0.0,0.0,0.0,0.0,0.0,0.0,0.0,0.0,0.0,0.0,0.0,0.0,0.0,0.0,0.0,0.0,0.0,0.0,0.0,0.0,0.0,0.0,0.0,0.0,0.0,0.0,0.0,0.0,0.0,0.0,0.0
child_qualities_autonomy_self_expression|WVS_A,53.40326027329358,5.949505845340628,10.386515007323787,0.0,0.0,9941.663369629661,9917.685731938744,3.5754872493978915,30.798525356498857,99.36692984787967,120.55634103898832,0.0,103.00906535698209,20.462233576987657,25.015236357420378,13.936707267836233,71.5977112490736,35.93775000081633,35.28919349254657,76.12296511230255,0.0,140.77016148645365,9956.081355167273,25.74591104553651,51.324861962346205,0.0,5.707648110863815,99.81708954068984,248.24396527648258,21.10620882981594,13.69934110126431,41.976465875879946,20.388337104217,0.0,17.628993431135186,0.0,27.10184537248533,131.50019207553225,60.36405361706568,33.75636725160655,869.1857600174039,0.0,194.89033148462875,9.611933772279677,270.05762380122104,307.782571457557,0.0,93.34186035831328,10.49318559021902,9961.189438774052,0.0,9948.627838619448,9953.677663558849,10.950303734632666,0.0
child_qualities_conformity_tradition|WVS_A,259.69337856067796,949.2342868906093,35.43324423530185,0.0,9941.663369629661,0.0,9882.953189579788,0.0,119.85278708579897,941.8541610192464,150.54993960200903,42.69270525861035,475.67085505470516,915.0936650936651,240.55662805662806,36.9346104889898,239.8020386940055,13.846212707692793,25.03180871302314,36.067219006883725,243.43031376279458,0.0,9918.960379589098,38.32999666333001,25.689329981747278,945.2609291318969,65.57962493576174,73.33861953584875,80.99711629123394,197.39205453491167,945.0298254016633,14.739229024943313,201.73522183946608,0.0,20.930028888587884,134.6519934755229,203.4105915602523,61.620038013147216,527.2666656411477,48.23900630749766,86.28429537753966,933.4259509602272,218.09504137199167,155.33441746481637,53.042375640432496,11.222351779627317,0.0,7.952087143181274,0.0,9943.578367540045,0.0,9928.744391769707,9934.709495065632,52.15635104831781,175.79928059816632
child_qualities_prosocial_diligence|WVS_A,905.5022991193204,11.212389768530855,36.590517432608124,0.0,9917.685731938744,9882.953189579788,0.0,76.08264933567685,113.76093102226177,170.081949645741,140.89667020847986,47.85313186307387,97.47270273586065,108.74178393359978,167.2081968763162,22.769916017389946,49.53298812947938,909.6600023833751,66.9207841338989,137.9277571423434,0.0,0.0,9909.1904950234,326.88421584414766,674.1261528976278,0.0,14.315319623784461,155.86740586740586,906.0466896287792,302.1550649245205,54.95792081396479,60.17721614666543,90.68356695862956,0.0,35.02332577758369,3.0375648064834166,118.21540210287013,903.2984866019297,185.72199730094465,303.10374115856735,901.3846708766212,12.523375352447019,873.0222566979129,9.893308615600176,75.55835863228862,262.3434729277916,0.0,92.48573551471311,238.52135679482558,9902.479258724177,11.058803411065583,9891.267641519884,9894.967483508975,33.81154555902643,51.404655429423215
civic_dishonesty_tolerance|WVS_F,945.8556504306173,0.0,0.0,0.0,3.5754872493978915,0.0,76.08264933567685,0.0,14.597340711609142,0.0,18.7414602016473,0.0,0.0,6.6942723060004,29.34903600554022,0.0,0.0,0.0,2.3113921949121483,0.0,26.48325948629192,0.966224721782929,10.418647395525277,0.0,0.0,232.66104361898917,35.88900602309785,9959.779715138777,0.0,0.0,0.0,0.22367282799928745,0.0,0.0,619.0493946851617,0.0,0.0,0.0,0.0,9980.841049748555,9979.121979466609,9972.029912909673,9950.7595652879,0.0,5.6720461113425955,9981.982113790775,0.0,0.0,0.0,0.0,9987.055503667232,141.59511923216377,28.573852946112247,0.0,15.155552118833533
confidence_in_civil_society_organizations|WVS_E,69.03698579769076,9963.441442138768,9966.61621251655,0.0,30.798525356498857,119.85278708579897,113.76093102226177,14.597340711609142,0.0,9956.061316267405,9909.297266764463,315.35871623933986,9963.562220829179,9935.536194973996,9948.937929994316,9966.122387360421,137.15661260841932,73.6166725317139,1.6158411187496355,0.9068392700479322,0.0,0.0,20.18068698080498,13.00576407548428,9947.89998744621,0.0,8.769900567500933,19.3226012898144,15.123190458311107,110.31333087554773,9959.23698064982,9958.006020472094,114.37827452352174,0.0,15.593698392688793,21.322287092317104,9954.459852071568,9959.548123493863,2.1217640889772014,70.24348794061115,18.87527162397673,51.2808784301044,287.414750732704,191.24550646038662,9945.016435481992,3.86732344865284,0.0,9967.881837945824,0.0,84.78552278820375,289.1484771304681,935.9135041192493,61.92330680052182,9966.356042807849,12.902271145607187
confidence_in_domestic_institutions|WVS_E,74.91910971663889,9974.122061355234,9977.296831733016,0.0,99.36692984787967,941.8541610192464,170.081949645741,0.0,9956.061316267405,0.0,9919.977885980928,0.0,9974.242840045645,9929.952154889348,9942.915117852312,9976.803006576887,0.0,77.04390683522084,156.9079244601066,10.606919868273359,137.58494960310205,75.82499073044124,178.40629358860627,0.0,9958.580606662676,26.151371153535095,17.83865397754824,154.05429531025095,13.943848447727582,7.997857997857999,9969.917599866289,9949.200934071901,10.428426168344025,0.0,53.068732129934716,13.214969238133548,9965.140471288034,9970.22874271033,0.0,26.282616051497953,23.07836784523642,18.269149125041494,197.36276921656957,5.847694304303921,9955.697054698458,40.66821199411845,0.0,9974.360329444064,0.0,12.482948727359144,8.99448293167584,26.248042855713507,26.410282262368796,9977.036662024317,959.0996308589654
confidence_in_international_organizations|WVS_E,176.78335948468214,9927.358011852291,9930.532782230075,0.0,120.55634103898832,150.54993960200903,140.89667020847986,18.7414602016473,9909.297266764463,9919.977885980928,0.0,0.0,9927.478790542704,9883.653303169658,9896.616266132622,9930.038957073944,0.0,176.2529649697232,69.24047656937111,379.1631874538979,752.2056381132976,0.0,353.76242852878363,28.207465880284275,9912.281754942986,921.4642105485119,3.3262613983331875,235.69103062839235,86.27602869842674,40.49974185891355,9923.153550363346,9930.903506669862,0.20626614846821667,0.0,0.0,0.0,9918.376421785093,9923.464693207388,0.1534196962548151,132.60328109735914,245.13152264336992,1.267004384004494,894.1884633033715,0.0,9927.08211116081,315.3638901302453,0.0,9933.367436354964,0.0,27.868759168394973,225.06724652477814,2.805523143613783,3.8709237077013796,9930.272612521374,537.8007791392758
crime_victimization|WVS_H,9943.688484742379,0.0,0.0,0.0,0.0,42.69270525861035,47.85313186307387,0.0,315.35871623933986,0.0,0.0,0.0,0.0,0.0,27.80939037529547,0.0,9973.411302982731,0.933862361247531,150.66328119965448,9973.57461968503,0.0,50.19203821526038,949.3766806464583,9979.236266889451,10.445178259280716,3.4122334185113594,0.0,84.46053881960108,0.25878990980998395,9973.023047704886,0.0,952.3045782403121,0.0,0.0,21.17525648845296,0.0,0.0,0.5685866903419949,9975.651701494107,0.0,4.383012435869809,0.0,14.570823751333215,0.0,2.6946468548894913,0.0,0.0,3.311027172198539,9984.025510571013,0.0,0.0,626.2337508249724,419.16236364316234,0.0,2.562358525626422
democratic_system_evaluation|WVS_E,3.7097743290839347,9981.622965917008,9984.797736294791,0.0,103.00906535698209,475.67085505470516,97.47270273586065,0.0,9963.562220829179,9974.242840045645,9927.478790542704,0.0,0.0,9937.453059451122,9950.416022414085,9984.303911138662,0.0,56.286832673591206,49.63121065746229,0.0,1.4995301146284916,19.16314098861647,36.017357260961006,0.0,9966.08151122445,0.0,4.8770526760645225,68.58467833007545,0.0,0.0,9977.418504428062,9956.701838633677,0.0,0.0,48.88412870216756,0.0,9972.64137584981,9977.729647272105,0.0,9.115941584093868,4.2883590193234475,4.560420408217304,87.34230625697667,0.0,9963.197959260231,11.421997616993306,0.0,9981.861234005837,0.0,0.0,6.2085832152298615,0.0,0.0,9984.53756658609,52.0706208908254
democratic_values_importance|WVS_E,324.35599444360395,9940.342764272307,9944.77977343429,0.0,20.462233576987657,915.0936650936651,108.74178393359978,6.6942723060004,9935.536194973996,9929.952154889348,9883.653303169658,0.0,9937.453059451122,0.0,9922.48736534783,9944.214739357354,34.34863587218159,140.8004778972521,81.31815147244271,217.16792589657865,0.0,27.5361212861213,146.43549469550956,57.637094458799886,9935.035859180736,0.0,10.458827531998267,194.9913714619597,305.3303453965705,68.43067557353271,9933.583244812691,9930.972087941538,36.63885728732146,0.0,21.32932188750138,0.8397649348261353,9930.96457326892,9933.438962115806,341.41779788838613,75.08928709497961,646.8108606762125,1.0264649439907103,904.16273221179,4.91680033807485,9918.907274103934,935.3852807146637,0.0,9940.847905415269,22.26915707222436,69.75486937318999,0.0,922.0581340834506,271.9355452297492,9943.47009336206,25.22847522847522
economic_ideology|WVS_E,113.19632595515077,9953.30572723527,9957.742736397253,0.0,25.015236357420378,240.55662805662806,167.2081968763162,29.34903600554022,9948.937929994316,9942.915117852312,9896.616266132622,27.80939037529547,9950.416022414085,9922.48736534783,0.0,9957.177702320318,245.07874397071078,57.93010752688172,151.7426956164109,145.09957544681197,0.0,658.6309523809524,175.00406490288594,217.47888239116307,9947.998822143698,0.0,39.04479797843382,295.26569335486533,947.9229379891632,612.9251700680272,9946.546207775653,9944.373822961856,141.90951255797674,0.0,113.31349142245804,39.83294672493561,9943.927536231884,9946.40192507877,33.55969038901984,88.05225005794256,945.4881093534611,23.075467873370243,917.125695174753,104.29480968558474,9931.870237066896,424.53871986810293,0.0,9954.249640435586,72.40370067217303,382.36530589667,0.0,49.963625782045696,77.05722335567862,9956.433056325022,14.074395065294965
electoral_integrity|WVS_E,53.68251879138328,9984.18313244825,9987.357902826032,0.0,13.936707267836233,36.9346104889898,22.769916017389946,0.0,9966.122387360421,9976.803006576887,9930.038957073944,0.0,9984.303911138662,9944.214739357354,9957.177702320318,0.0,0.0,1.908439882798671,13.994012456435648,0.0,336.57659811051707,51.69802763542302,17.637620208466927,0.0,9972.843191130682,20.22505272294,10.1289458788927,15.28235253473607,0.0,0.0,9979.978670959305,9959.262005164917,0.0,0.0,63.4106537140745,0.0,9975.20154238105,9980.289813803345,0.0,0.0,0.0,0.0,28.532963744290377,0.0,9965.758125791474,0.0,0.0,9984.42140053708,0.0,0.0,0.0,135.30406252462515,349.53067558818384,9987.097733117333,56.695548660304816
existential_threat_worry|WVS_H,9930.725263938777,0.0,0.0,0.0,71.5977112490736,239.8020386940055,49.53298812947938,0.0,137.15661260841932,0.0,0.0,9973.411302982731,0.0,34.34863587218159,245.07874397071078,0.0,0.0,278.07103926764614,622.4062709100538,9967.140920035483,333.674849958121,0.0,565.7582652095521,9973.111182934712,545.94922386842,65.21318422204659,0.0,944.8827738130192,13.81227713995116,9967.842513952924,0.0,40.349140465826565,3.034453769332231,0.0,0.0,0.0,11.81200376366126,10.38664147677892,9970.17452440033,18.09193312952712,27.17478810997204,0.6063806712029773,935.8626239621427,0.0,0.0,73.46815118842073,0.0,27.413297742749812,9977.781078897766,10.60852826065777,7.4330563250230846,8.183544778380735,0.0,0.0,411.77840849251675
familial_duty_obligations|WVS_D,70.44273502749823,26.58474330356779,0.0,0.0,35.93775000081633,13.846212707692793,909.6600023833751,0.0,73.6166725317139,77.04390683522084,176.2529649697232,0.933862361247531,56.286832673591206,140.8004778972521,57.93010752688172,1.908439882798671,278.07103926764614,0.0,9962.748485715503,11.833579031734963,9974.019479507559,0.0,54.03030457640503,0.3356310714468549,4.764618716516587,82.07885304659499,218.763214241036,24.834101328300818,17.403790983711723,18.70979079753663,41.40416006180101,5.5588664925815365,25.41378380383113,0.0,24.156221537136105,263.38910930941296,27.19899879970133,14.96406186888779,78.01495959962884,7.736773678696984,18.53021590926328,51.75442231926768,40.958884075035485,337.12025057993077,59.61604732640285,2.87183171491035,0.0,2.9098639439299525,0.0,23.136378413710226,0.0,6.47161273656053,0.0,5.893310512610636,31.059755109105645
female_income_threat_to_marriage|WVS_D,141.4207522508883,968.2096189589205,17.255948969731026,0.0,35.28919349254657,25.03180871302314,66.9207841338989,2.3113921949121483,1.6158411187496355,156.9079244601066,69.24047656937111,150.66328119965448,49.63121065746229,81.31815147244271,151.7426956164109,13.994012456435648,622.4062709100538,9962.748485715503,0.0,0.0,9971.597346686758,0.0,7.5646967074905405,10.584040893074175,32.66816426636253,0.0,0.0,0.4985748545467601,17.193334166818374,218.50924370238403,334.3755278403448,0.0,142.87172606894944,0.0,0.0,4.455754407856283,959.2280288917214,14.56755659542359,7.841530054644807,42.246554870654215,13.163905908504958,32.72178616168989,122.71931569301867,30.992519259375555,92.79260409002129,0.0,0.0,0.0,0.0,100.54000097821972,34.8521378215888,44.079777170485606,0.0,16.786320084623522,22.71759680700734
freedom_security_tradeoff_perception|WVS_H,9953.243880118966,6.396988463920298,0.0,0.0,76.12296511230255,36.067219006883725,137.9277571423434,0.0,0.9068392700479322,10.606919868273359,379.1631874538979,9973.57461968503,0.0,217.16792589657865,145.09957544681197,0.0,9967.140920035483,11.833579031734963,0.0,0.0,0.0,0.0,4.803635656072949,9973.1159058795,34.815533470719686,0.0,23.291321429960703,0.0,0.0,9966.752664757638,21.730115244060656,0.0,14.457359567769664,0.0,15.253171598827358,54.75268133987854,44.068714877858355,0.0,9970.305683563749,6.8872926015783165,0.0,233.49601093608828,72.97299599530328,117.43505313243347,27.488812275160086,0.0,0.0,0.0,9977.905149561062,9.816625586199663,3.992408509749044,855.7210099828719,41.95287365008539,0.0,20.483500550783994
gender_role_traditionalism|WVS_D,0.0,22.073393789589623,87.52565676502614,0.0,0.0,243.43031376279458,0.0,26.48325948629192,0.0,137.58494960310205,752.2056381132976,0.0,1.4995301146284916,0.0,0.0,336.57659811051707,333.674849958121,9974.019479507559,9971.597346686758,0.0,0.0,36.52326255818393,2.104431313631977,451.7675024921402,11.238467348418506,0.0,0.0,8.513665389961183,22.65491246538315,54.47106378783398,30.151939674530027,6.940143315300144,57.814380636757846,0.0,0.0,0.0,21.43219366375743,176.99129705944605,0.0,39.3852040983532,35.709665242183455,0.0,201.53962855893803,9.92560084738092,17.082216030550484,52.93761565830306,0.0,1.9250545937767463,326.12777496461484,157.51798113137968,0.0,0.0,96.46209576829372,692.9748092580804,0.0
immigrant_origin_status|WVS_G,48.90915684412434,14.288098317697195,147.6825689719243,0.0,140.77016148645365,0.0,0.0,0.966224721782929,0.0,75.82499073044124,0.0,50.19203821526038,19.16314098861647,27.5361212861213,658.6309523809524,51.69802763542302,0.0,0.0,0.0,0.0,36.52326255818393,0.0,0.0,0.0,0.010726905603227976,11.671443380693944,0.0,0.0,9967.721699756183,51.828328089907046,77.77965389185685,0.0,9967.184684029293,0.0,9942.862282267819,9949.940603514133,963.112415423494,21.96412770600413,98.24851187745091,15.175752723181446,16.53812740188755,0.0,5.951667826126069,0.0,0.0,0.0,0.0,0.0,0.0,69.47890246665983,0.0,0.0,0.0,75.00860615977504,959.5297511018927
importance_of_life_domains|WVS_A,125.71610416603035,298.055866131982,25.36856754424776,0.0,9956.081355167273,9918.960379589098,9909.1904950234,10.418647395525277,20.18068698080498,178.40629358860627,353.76242852878363,949.3766806464583,36.017357260961006,146.43549469550956,175.00406490288594,17.637620208466927,565.7582652095521,54.03030457640503,7.5646967074905405,4.803635656072949,2.104431313631977,0.0,0.0,26.480181789215074,129.17542762795017,0.0,12.84647952358776,26.90765719510754,27.980974190574955,297.51286707456404,949.0238184361394,13.24241090751017,219.58922873395608,0.0,17.52972645022257,29.15119343908914,944.2466898578864,29.980122570504086,16.515281348186228,98.39394718010276,32.166908266737366,67.82231163033282,373.60418592161926,134.24479845915874,935.3825532893882,6.77845502028147,0.0,0.0,0.0,9947.572360574522,150.47171917559183,9927.421499492937,9930.568282187049,17.492573845701216,30.086774121556175
institutional_threat_perception|WVS_H,9940.130151951475,0.0,0.0,0.0,25.74591104553651,38.32999666333001,326.88421584414766,0.0,13.00576407548428,0.0,28.207465880284275,9979.236266889451,0.0,57.637094458799886,217.47888239116307,0.0,9973.111182934712,0.3356310714468549,10.584040893074175,9973.1159058795,451.7675024921402,0.0,26.480181789215074,0.0,25.2350952492165,43.46773477275528,86.83077041805251,15.184620712997031,0.0,9972.722927656867,0.0,33.54139119462462,0.0,0.0,947.5582685904551,10.944769584700467,2.793810242535301,0.0,9975.054938104275,0.0,0.0,17.06567123114504,14.112109945804448,9.912978204723757,3.4758330307622245,0.0,0.0,0.0,9983.566796765484,0.0,0.0,100.93628759928522,961.0585763068033,0.0,68.51540165107457
international_organization_knowledge|WVS_E,117.62616825903362,9968.971216045635,9973.408225207619,0.0,51.324861962346205,25.689329981747278,674.1261528976278,0.0,9947.89998744621,9958.580606662676,9912.281754942986,10.445178259280716,9966.08151122445,9935.035859180736,9947.998822143698,9972.843191130682,545.94922386842,4.764618716516587,32.66816426636253,34.815533470719686,11.238467348418506,0.010726905603227976,129.17542762795017,25.2350952492165,0.0,25.374720852103387,949.929657539009,76.94646897112978,54.49751770861921,137.36258870295373,9962.211696586019,9942.424079938784,54.553023346363844,0.0,65.32901309911509,955.5941875625933,9959.59302504225,9962.067413889135,152.71713123579377,14.154719727823789,50.43931244954058,42.08744329291156,203.06145425538836,956.0258722664418,9947.535725877262,6.932187423614188,0.0,9966.199000622868,0.21944284230903577,104.09325643391816,0.0,0.0,0.0,9972.098545135388,25.158944906450586
job_scarcity_gender_discrimination|WVS_C,0.0,406.2926370061909,20.589894615379002,0.0,0.0,945.2609291318969,0.0,232.66104361898917,0.0,26.151371153535095,921.4642105485119,3.4122334185113594,0.0,0.0,0.0,20.22505272294,65.21318422204659,82.07885304659499,0.0,0.0,0.0,11.671443380693944,0.0,43.46773477275528,25.374720852103387,0.0,9971.763946713414,0.0,0.0,963.4628044766293,81.91183778747023,0.0,966.8061213255532,0.0,0.0,0.0,26.23440140971698,12.240207160366772,0.0,965.7491654207081,0.0,0.0,935.6676809600538,9.828107017406687,0.0,1.2520616766359431,0.0,0.0,8.981272673791548,679.467024444125,0.0,0.0,290.60855639441775,15.620963957668945,9977.27433515063
job_scarcity_nativist_preference|WVS_C,221.22069046777423,0.0,3.341694063305866,0.0,5.707648110863815,65.57962493576174,14.315319623784461,35.88900602309785,8.769900567500933,17.83865397754824,3.3262613983331875,0.0,4.8770526760645225,10.458827531998267,39.04479797843382,10.1289458788927,0.0,218.763214241036,0.0,23.291321429960703,0.0,0.0,12.84647952358776,86.83077041805251,949.929657539009,9971.763946713414,0.0,8.9590822462971,948.8537733844736,25.92949627698598,0.0,0.0,10.353143530713623,0.0,0.0,0.0,15.302816071638972,781.6660938074135,88.118505357239,99.65316654586937,216.68921501904188,0.0,827.1474396609724,0.0,0.0,30.339176936317017,0.0,5.315266361507078,77.2540552731276,41.55922891174929,11.265624332719497,28.271075729740772,2.071251035625515,1.4673399961956264,9963.859981933152
life_autonomy_morality_permissiveness|WVS_F,242.6051362221575,512.9083440841081,17.024734047578555,0.0,99.81708954068984,73.33861953584875,155.86740586740586,9959.779715138777,19.3226012898144,154.05429531025095,235.69103062839235,84.46053881960108,68.58467833007545,194.9913714619597,295.26569335486533,15.28235253473607,944.8827738130192,24.834101328300818,0.4985748545467601,0.0,8.513665389961183,0.0,26.90765719510754,15.184620712997031,76.94646897112978,0.0,8.9590822462971,0.0,24.902468609644956,133.17376381819292,953.1483270396066,4.333783832644883,180.71619433988022,0.0,10.155198758919035,28.70021402974848,383.1538071570057,32.199627363963636,17.612246392734193,9952.264724440287,9950.54565415834,9947.556693738707,9922.183239979631,104.79177348509234,355.59444853844263,9953.405788482505,0.0,0.0,0.0,125.1106622814371,9958.479178358963,123.91204011125868,17.66599203409308,19.791198721444154,59.35541623171203
multilevel_place_attachment|WVS_G,89.00784829651137,1.8056184535374626,0.0,0.0,248.24396527648258,80.99711629123394,906.0466896287792,0.0,15.123190458311107,13.943848447727582,86.27602869842674,0.25878990980998395,0.0,305.3303453965705,947.9229379891632,0.0,13.81227713995116,17.403790983711723,17.193334166818374,0.0,22.65491246538315,9967.721699756183,27.980974190574955,0.0,54.49751770861921,0.0,948.8537733844736,24.902468609644956,0.0,5.151561351398605,10.261109049076609,36.853382307927774,9974.220560030686,0.0,9944.818353488034,9959.274586760155,27.619555792703267,7.809852749462447,0.0,13.651856013858577,10.223116125563799,60.29098118339894,69.96033294316557,28.444768324527836,13.060895777717995,8.234163497321394,0.0,0.0,0.0,8.603654974286968,2.948245292127723,153.69233435530455,954.6605266416454,0.0,233.37772126608797
neighborhood_disorder_and_crime|WVS_H,9932.067667698513,0.0,0.0,0.0,21.10620882981594,197.39205453491167,302.1550649245205,0.0,110.31333087554773,7.997857997857999,40.49974185891355,9973.023047704886,0.0,68.43067557353271,612.9251700680272,0.0,9967.842513952924,18.70979079753663,218.50924370238403,9966.752664757638,54.47106378783398,51.828328089907046,297.51286707456404,9972.722927656867,137.36258870295373,963.4628044766293,25.92949627698598,133.17376381819292,5.151561351398605,0.0,0.0,444.72278994988613,1.0119612206632915,0.0,89.58805772527631,3.4122603065548915,11.874105865522175,8.267063759410483,9969.786269122485,3.3133063184532574,13.657813028182417,18.40181593513411,38.56715218945216,8.63830225741161,9.358445460162493,11.33977433002844,0.0,6.3856514332634795,9977.392823619919,0.0,0.0,56.64191928835376,52.00599304394183,0.0,43.4102295227692
offline_political_participation|WVS_E,490.7931867974684,9977.297725737651,9980.472496115433,0.0,13.69934110126431,945.0298254016633,54.95792081396479,0.0,9959.23698064982,9969.917599866289,9923.153550363346,0.0,9977.418504428062,9933.583244812691,9946.546207775653,9979.978670959305,0.0,41.40416006180101,334.3755278403448,21.730115244060656,30.151939674530027,77.77965389185685,949.0238184361394,0.0,9962.211696586019,81.91183778747023,0.0,953.1483270396066,10.261109049076609,0.0,0.0,9952.376598454319,0.029429917276708295,0.0,0.0,0.0,9968.316135670451,9973.404407092747,0.0,15.025988179996666,25.122170314806638,0.0,81.11447855859304,0.0,9958.872719080875,38.641864932110124,0.0,9977.53599382648,0.0,1.4969595904295332,0.0,6.70523585654955,0.7954243351123012,9980.212326406732,34.673166825473324
online_political_participation|WVS_E,571.8258199417023,9956.581059943264,9959.755830321048,0.0,41.976465875879946,14.739229024943313,60.17721614666543,0.22367282799928745,9958.006020472094,9949.200934071901,9930.903506669862,952.3045782403121,9956.701838633677,9930.972087941538,9944.373822961856,9959.262005164917,40.349140465826565,5.5588664925815365,0.0,0.0,6.940143315300144,0.0,13.24241090751017,33.54139119462462,9942.424079938784,0.0,0.0,4.333783832644883,36.853382307927774,444.72278994988613,9952.376598454319,0.0,479.98752795554924,0.0,0.0,0.0,9947.599469876066,9952.687741298361,53.97771347657452,51.53221154127293,17.99909113596611,11.056299273084761,155.96965092922773,2.5172696405573163,9952.443561755905,0.0,0.0,9963.317730913366,0.0,452.9251405927009,14.56786029063025,0.8924753946609272,0.0,9959.495660612347,40.96537734053417
outgroup_trust|WVS_G,561.4109845474377,0.0,0.0,0.0,20.388337104217,201.73522183946608,90.68356695862956,0.0,114.37827452352174,10.428426168344025,0.20626614846821667,0.0,0.0,36.63885728732146,141.90951255797674,0.0,3.034453769332231,25.41378380383113,142.87172606894944,14.457359567769664,57.814380636757846,9967.184684029293,219.58922873395608,0.0,54.553023346363844,966.8061213255532,10.353143530713623,180.71619433988022,9974.220560030686,1.0119612206632915,0.029429917276708295,479.98752795554924,0.0,0.0,9943.246132925378,9959.569527266442,10.594882255375069,10.800630152784148,3.1510760149736363,11.00115204189433,18.034600173265154,5.522022263975089,87.28046007341928,1.2491414673553223,2.361951935424692,19.313987989892556,0.0,11.089198370155426,0.0,4.611793040400194,0.0,70.33720301098364,53.42678754354338,0.0,66.8271495834696
perceived_corruption|WVS_E,0.0,0.0,0.0,0.0,0.0,0.0,0.0,0.0,0.0,0.0,0.0,0.0,0.0,0.0,0.0,0.0,0.0,0.0,0.0,0.0,0.0,0.0,0.0,0.0,0.0,0.0,0.0,0.0,0.0,0.0,0.0,0.0,0.0,0.0,0.0,0.0,0.0,0.0,0.0,0.0,0.0,0.0,0.0,0.0,0.0,0.0,0.0,0.0,0.0,0.0,0.0,0.0,0.0,0.0,0.0
perceived_negative_effects_of_immigration|WVS_G,445.27396297857547,0.0,55.782803895879525,0.0,17.628993431135186,20.930028888587884,35.02332577758369,619.0493946851617,15.593698392688793,53.068732129934716,0.0,21.17525648845296,48.88412870216756,21.32932188750138,113.31349142245804,63.4106537140745,0.0,24.156221537136105,0.0,15.253171598827358,0.0,9942.862282267819,17.52972645022257,947.5582685904551,65.32901309911509,0.0,0.0,10.155198758919035,9944.818353488034,89.58805772527631,0.0,0.0,9943.246132925378,0.0,0.0,9957.063465953874,67.67106693397373,111.10453604449032,123.62608900400281,496.97382073295466,69.82494391253513,0.0,295.95216533212937,0.0,0.0,0.0,0.0,3.0884545954006697,53.265136642466054,73.96238260605186,262.5703705289295,0.0,0.0,27.825837001944137,15.910905755705954
perceived_positive_effects_of_immigration|WVS_G,195.90166844345782,0.0,0.0,0.0,0.0,134.6519934755229,3.0375648064834166,0.0,21.322287092317104,13.214969238133548,0.0,0.0,0.0,0.8397649348261353,39.83294672493561,0.0,0.0,263.38910930941296,4.455754407856283,54.75268133987854,0.0,9949.940603514133,29.15119343908914,10.944769584700467,955.5941875625933,0.0,0.0,28.70021402974848,9959.274586760155,3.4122603065548915,0.0,0.0,9959.569527266442,0.0,9957.063465953874,0.0,0.0,110.30696645532467,969.0610328638497,31.46755778334726,373.18780376355255,0.0,640.4702969908684,0.0,0.0,129.82092431147612,0.0,37.984291075662995,5.867743523129327,9.850904139365689,0.0,27.086547935393803,0.0,0.0,2.3543930465552236
political_information_sources|WVS_E,840.8276096199463,9972.520597159397,9975.69536753718,0.0,27.10184537248533,203.4105915602523,118.21540210287013,0.0,9954.459852071568,9965.140471288034,9918.376421785093,0.0,9972.64137584981,9930.96457326892,9943.927536231884,9975.20154238105,11.81200376366126,27.19899879970133,959.2280288917214,44.068714877858355,21.43219366375743,963.112415423494,944.2466898578864,2.793810242535301,9959.59302504225,26.23440140971698,15.302816071638972,383.1538071570057,27.619555792703267,11.874105865522175,9968.316135670451,9947.599469876066,10.594882255375069,0.0,67.67106693397373,0.0,0.0,9968.627278514494,34.9367836565914,20.19395439092834,40.1772309051272,8.690267157973096,156.74235295830306,11.980667166873175,9954.09559050262,34.67616121591486,0.0,9972.758865248226,0.0,14.319223263379335,0.0,946.6152999449642,189.76036297960442,9975.43519782848,33.10474996846563
postmaterialist_values|WVS_E,162.82150135868224,9977.608868581692,9980.783638959476,0.0,131.50019207553225,61.620038013147216,903.2984866019297,0.0,9959.548123493863,9970.22874271033,9923.464693207388,0.5685866903419949,9977.729647272105,9933.438962115806,9946.40192507877,9980.289813803345,10.38664147677892,14.96406186888779,14.56755659542359,0.0,176.99129705944605,21.96412770600413,29.980122570504086,0.0,9962.067413889135,12.240207160366772,781.6660938074135,32.199627363963636,7.809852749462447,8.267063759410483,9973.404407092747,9952.687741298361,10.800630152784148,0.0,111.10453604449032,110.30696645532467,9968.627278514494,0.0,0.0,13.431310330002404,12.327425911085058,40.97230430800589,79.57445516790725,32.67717193225681,9959.183861924916,7.713150586927952,0.0,9977.847136670522,0.0,14.60335573519406,0.4981042619054179,949.0896887918499,154.13951373125198,9980.523469250775,962.5864380854243
precautionary_security_behaviors|WVS_H,9955.27152988855,0.0,0.0,0.0,60.36405361706568,527.2666656411477,185.72199730094465,0.0,2.1217640889772014,0.0,0.1534196962548151,9975.651701494107,0.0,341.41779788838613,33.55969038901984,0.0,9970.17452440033,78.01495959962884,7.841530054644807,9970.305683563749,0.0,98.24851187745091,16.515281348186228,9975.054938104275,152.71713123579377,0.0,88.118505357239,17.612246392734193,0.0,9969.786269122485,0.0,53.97771347657452,3.1510760149736363,0.0,123.62608900400281,969.0610328638497,34.9367836565914,0.0,0.0,15.09822944457919,0.0,287.8340355966936,61.26316925516112,19.973914145394644,0.0,0.0,0.0,0.0,9979.724834067327,0.0,35.444878341631785,0.0,7.542840593931167,0.0,10.122669728066672
religion_versus_secularism_orientation|WVS_F,844.4449377335017,3.8594157591955707,0.0,0.0,33.75636725160655,48.23900630749766,303.10374115856735,9980.841049748555,70.24348794061115,26.282616051497953,132.60328109735914,0.0,9.115941584093868,75.08928709497961,88.05225005794256,0.0,18.09193312952712,7.736773678696984,42.246554870654215,6.8872926015783165,39.3852040983532,15.175752723181446,98.39394718010276,0.0,14.154719727823789,965.7491654207081,99.65316654586937,9952.264724440287,13.651856013858577,3.3133063184532574,15.025988179996666,51.53221154127293,11.00115204189433,0.0,496.97382073295466,31.46755778334726,20.19395439092834,13.431310330002404,15.09822944457919,0.0,9971.606988768119,9962.124903004662,9943.24457458941,30.01603112571774,74.93164521718603,9974.467123092283,0.0,5.974795598744453,0.0,13.918846358047801,9979.54051296874,127.46637191991613,55.985584614420254,0.0,36.46576671613601
religious_belief|WVS_F,115.70875932578062,6.545799125040929,0.0,0.0,869.1857600174039,86.28429537753966,901.3846708766212,9979.121979466609,18.87527162397673,23.07836784523642,245.13152264336992,4.383012435869809,4.2883590193234475,646.8108606762125,945.4881093534611,0.0,27.17478810997204,18.53021590926328,13.163905908504958,0.0,35.709665242183455,16.53812740188755,32.166908266737366,0.0,50.43931244954058,0.0,216.68921501904188,9950.54565415834,10.223116125563799,13.657813028182417,25.122170314806638,17.99909113596611,18.034600173265154,0.0,69.82494391253513,373.18780376355255,40.1772309051272,12.327425911085058,0.0,9971.606988768119,0.0,9959.318331102382,9941.525504307463,51.61077563448938,47.55576048532191,9972.748052810337,0.0,0.9717824836750779,0.0,16.091996941943812,9977.821442686794,947.1758730665413,179.49842527867068,0.0,317.8154795029729
religious_exclusivism|WVS_F,186.28682508585922,0.0,0.0,0.0,0.0,933.4259509602272,12.523375352447019,9972.029912909673,51.2808784301044,18.269149125041494,1.267004384004494,0.0,4.560420408217304,1.0264649439907103,23.075467873370243,0.0,0.6063806712029773,51.75442231926768,32.72178616168989,233.49601093608828,0.0,0.0,67.82231163033282,17.06567123114504,42.08744329291156,0.0,0.0,9947.556693738707,60.29098118339894,18.40181593513411,0.0,11.056299273084761,5.522022263975089,0.0,0.0,0.0,8.690267157973096,40.97230430800589,287.8340355966936,9962.124903004662,9959.318331102382,0.0,9930.955916923675,0.0,0.0,9962.178465426548,0.0,311.1913197683207,0.0,14.036352960698466,9971.035989570266,243.42072298031565,70.44024488941467,0.0,4.092320183759007
religious_practice_and_self_identification|WVS_F,530.2725441819382,95.39146220708778,25.581483129533147,0.0,194.89033148462875,218.09504137199167,873.0222566979129,9950.7595652879,287.414750732704,197.36276921656957,894.1884633033715,14.570823751333215,87.34230625697667,904.16273221179,917.125695174753,28.532963744290377,935.8626239621427,40.958884075035485,122.71931569301867,72.97299599530328,201.53962855893803,5.951667826126069,373.60418592161926,14.112109945804448,203.06145425538836,935.6676809600538,827.1474396609724,9922.183239979631,69.96033294316557,38.56715218945216,81.11447855859304,155.96965092922773,87.28046007341928,0.0,295.95216533212937,640.4702969908684,156.74235295830306,79.57445516790725,61.26316925516112,9943.24457458941,9941.525504307463,9930.955916923675,0.0,846.1323739949661,838.9985411118084,9944.38563863163,0.0,24.906784629100756,0.0,56.03626988891003,9949.459028508087,752.1467922211665,423.86328382723525,25.874105018399874,218.02449389569324
science_skepticism|WVS_I,240.6509189572399,0.0,0.0,0.0,9.611933772279677,155.33441746481637,9.893308615600176,0.0,191.24550646038662,5.847694304303921,0.0,0.0,0.0,4.91680033807485,104.29480968558474,0.0,0.0,337.12025057993077,30.992519259375555,117.43505313243347,9.92560084738092,0.0,134.24479845915874,9.912978204723757,956.0258722664418,9.828107017406687,0.0,104.79177348509234,28.444768324527836,8.63830225741161,0.0,2.5172696405573163,1.2491414673553223,0.0,0.0,0.0,11.980667166873175,32.67717193225681,19.973914145394644,30.01603112571774,51.61077563448938,0.0,846.1323739949661,0.0,0.0,968.2640134069309,0.0,257.16356725609273,0.0,7.37142063302619,1.5488699927525182,3.768713186166565,0.0,0.0,35.54489646273113
science_technology_optimism|WVS_E,10.69435738530862,9963.07718056982,9966.251950947602,0.0,270.05762380122104,53.042375640432496,75.55835863228862,5.6720461113425955,9945.016435481992,9955.697054698458,9927.08211116081,2.6946468548894913,9963.197959260231,9918.907274103934,9931.870237066896,9965.758125791474,0.0,59.61604732640285,92.79260409002129,27.488812275160086,17.082216030550484,0.0,935.3825532893882,3.4758330307622245,9947.535725877262,0.0,0.0,355.59444853844263,13.060895777717995,9.358445460162493,9958.872719080875,9952.443561755905,2.361951935424692,0.0,0.0,0.0,9954.09559050262,9959.183861924916,0.0,74.93164521718603,47.55576048532191,0.0,838.9985411118084,0.0,0.0,961.1301805237732,0.0,9963.31544865865,0.0,7.9649505396446685,382.87023706689706,0.0,0.0,9965.991781238901,92.98228630543565
sexual_and_reproductive_morality_permissiveness|WVS_F,938.908043109383,15.142375792649446,0.6511045117378629,0.0,307.782571457557,11.222351779627317,262.3434729277916,9981.982113790775,3.86732344865284,40.66821199411845,315.3638901302453,0.0,11.421997616993306,935.3852807146637,424.53871986810293,0.0,73.46815118842073,2.87183171491035,0.0,0.0,52.93761565830306,0.0,6.77845502028147,0.0,6.932187423614188,1.2520616766359431,30.339176936317017,9953.405788482505,8.234163497321394,11.33977433002844,38.641864932110124,0.0,19.313987989892556,0.0,0.0,129.82092431147612,34.67616121591486,7.713150586927952,0.0,9974.467123092283,9972.748052810337,9962.178465426548,9944.38563863163,968.2640134069309,961.1301805237732,0.0,0.0,0.0,0.0,17.63431056502878,9980.68157701096,31.33682039883699,0.0,1.09176177886836,463.5327566842813
social_intolerance_outgroups|WVS_A,0.0,0.0,0.0,0.0,0.0,0.0,0.0,0.0,0.0,0.0,0.0,0.0,0.0,0.0,0.0,0.0,0.0,0.0,0.0,0.0,0.0,0.0,0.0,0.0,0.0,0.0,0.0,0.0,0.0,0.0,0.0,0.0,0.0,0.0,0.0,0.0,0.0,0.0,0.0,0.0,0.0,0.0,0.0,0.0,0.0,0.0,0.0,0.0,0.0,0.0,0.0,0.0,0.0,0.0,0.0
societal_change_attitudes|WVS_E,55.7115384055319,9981.740455315427,9984.915225693208,0.0,93.34186035831328,7.952087143181274,92.48573551471311,0.0,9967.881837945824,9974.360329444064,9933.367436354964,3.311027172198539,9981.861234005837,9940.847905415269,9954.249640435586,9984.42140053708,27.413297742749812,2.9098639439299525,0.0,0.0,1.9250545937767463,0.0,0.0,0.0,9966.199000622868,0.0,5.315266361507078,0.0,0.0,6.3856514332634795,9977.53599382648,9963.317730913366,11.089198370155426,0.0,3.0884545954006697,37.984291075662995,9972.758865248226,9977.847136670522,0.0,5.974795598744453,0.9717824836750779,311.1913197683207,24.906784629100756,257.16356725609273,9963.31544865865,0.0,0.0,0.0,0.0,7.496300670744596,2.138002313366492,286.5546088589164,7.776050960034716,9984.655055984507,35.21117550408901
