construct,acceptance_of_state_surveillance|WVS_H,authoritarian_governance_tolerance|WVS_E,autocracy_support|WVS_E,basic_needs_deprivation|WVS_H,child_qualities_autonomy_self_expression|WVS_A,child_qualities_conformity_tradition|WVS_A,child_qualities_prosocial_diligence|WVS_A,civic_dishonesty_tolerance|WVS_F,confidence_in_civil_society_organizations|WVS_E,confidence_in_domestic_institutions|WVS_E,confidence_in_international_organizations|WVS_E,crime_victimization|WVS_H,democratic_system_evaluation|WVS_E,democratic_values_importance|WVS_E,economic_ideology|WVS_E,electoral_integrity|WVS_E,existential_threat_worry|WVS_H,familial_duty_obligations|WVS_D,female_income_threat_to_marriage|WVS_D,freedom_security_tradeoff_perception|WVS_H,gender_role_traditionalism|WVS_D,immigrant_origin_status|WVS_G,importance_of_life_domains|WVS_A,institutional_threat_perception|WVS_H,international_organization_knowledge|WVS_E,job_scarcity_gender_discrimination|WVS_C,job_scarcity_nativist_preference|WVS_C,life_autonomy_morality_permissiveness|WVS_F,multilevel_place_attachment|WVS_G,neighborhood_disorder_and_crime|WVS_H,offline_political_participation|WVS_E,online_political_participation|WVS_E,outgroup_trust|WVS_G,perceived_corruption|WVS_E,perceived_negative_effects_of_immigration|WVS_G,perceived_positive_effects_of_immigration|WVS_G,political_information_sources|WVS_E,postmaterialist_values|WVS_E,precautionary_security_behaviors|WVS_H,religion_versus_secularism_orientation|WVS_F,religious_belief|WVS_F,religious_exclusivism|WVS_F,religious_practice_and_self_identification|WVS_F,science_skepticism|WVS_I,science_technology_optimism|WVS_E,sexual_and_reproductive_morality_permissiveness|WVS_F,social_intolerance_outgroups|WVS_A,societal_change_attitudes|WVS_E,socioeconomic_insecurity_worry|WVS_H,subjective_wellbeing|WVS_A,violence_tolerance|WVS_F,voluntary_association_active_membership|WVS_A,voluntary_association_belonging|WVS_A,voting_participation|WVS_E,work_ethic|WVS_C
acceptance_of_state_surveillance|WVS_H,0.0,644.662189911822,558.890853903271,9882.892443226583,145.27923228745234,492.8391369501169,251.6317968814289,136.16071428571428,761.9807687688622,99.31864456827657,371.98661399987714,9856.729730814443,408.7934834548802,176.63610300445242,204.8990234332306,317.28024667869045,9875.003440366972,353.1642142033199,216.36575752084087,9866.418600168232,37.99417494270436,814.8368768328445,718.9764492753624,9883.139150943396,131.03623651531402,16.079014579803882,77.68155150261208,90.48090390002153,277.03195067264573,9879.552685950413,314.05718076083986,664.7633009220239,887.1527777777778,0.0,123.13286163522014,861.9947604790419,551.2555965052285,404.00162548463095,9891.024253731342,119.84563903281521,421.0168764302059,876.5206371721284,90.63288588251788,328.24851778656125,125.64426477766182,54.586621233859404,0.0,16.09709672408721,9908.54454377312,836.7090022794898,792.0760242326771,0.0,873.3313106796116,0.0,250.1652140194972
authoritarian_governance_tolerance|WVS_E,644.662189911822,0.0,9699.212068633122,0.0,33.42984360948432,0.803973928274047,41.78170844837513,929.7468968715289,9903.198365736827,9927.404928404929,9902.66803468093,203.15588393213972,9903.5464339582,9879.72533527079,9854.483870967742,9871.771191169268,151.58730007241536,141.04820151852627,113.23926339900784,140.94932844932845,926.8184527666142,137.42738842298814,20.824111733202628,35.51133902807307,9943.24950447895,90.69091827712516,309.5238095238095,43.73095203205462,145.55000011215566,626.5198209171803,9929.583078124062,9945.84103775013,31.193749020628218,0.0,114.41024191223242,328.4587898557468,9934.897435897436,9851.811150985593,25.746490738926582,181.28896447577264,75.63623898085801,0.0,0.0,0.14806502782454345,9943.394631301651,18.574297750579674,0.0,9941.405602782961,19.951426310210266,23.152643473499083,155.8845302915512,0.0,824.4386794658128,9952.556420681052,66.1120668062702
autocracy_support|WVS_E,558.890853903271,9699.212068633122,0.0,708.6730911786508,82.26723525230989,721.6445368741001,626.087608760876,104.11542100283822,9676.670507630022,9700.877070298124,9677.036558812239,694.1340782122904,9677.018575851393,9692.502824858757,9635.994939147758,9646.139715300576,93.5028248587571,177.94486215538853,293.1285175916676,247.7548036758563,99.1839296924042,711.7959125542975,702.354416271942,326.92280175596244,9727.308026030369,0.0,32.58145363408522,58.580858085808586,201.63083765752413,686.6026307627752,9721.45179063361,9728.38144329897,318.2027225901398,0.0,64.10344136821709,668.044705291404,9708.36957779063,9664.966386554623,286.30949266135235,243.87803998552806,325.75103176888376,711.8876647824213,0.0,716.8020251028372,9716.866773194846,0.0,0.0,9726.67857142857,39.189976689976675,579.6488229781135,616.8566721847458,0.0,699.4062919263225,9726.924944812363,695.3047257003358
basic_needs_deprivation|WVS_H,9882.892443226583,0.0,708.6730911786508,0.0,25.832058824623886,0.0,26.013682928576557,438.20791941705846,206.7770353411804,936.865950950458,366.6745117719139,9940.640584246217,913.0074565037282,731.9960360743111,0.0,59.80364228622511,9920.089770067465,132.82169798979635,52.24165468815334,9926.188128772636,42.16868886795536,118.30220407196603,15.637189182093273,9949.466627577445,0.0,10.408496666750999,68.55404279068401,17.806164611438447,88.13486982501068,9919.695129176995,0.3937939211250665,0.0,34.82210272479014,0.0,444.1721132897603,302.1372037056242,0.0,134.28415917368454,9931.166696957926,86.78988406119925,91.093530183104,10.682746885311431,0.0,2.0520204148522794,13.096617702603439,3.1156986542442553,0.0,46.10472056658608,9955.470002812574,41.726592837624054,444.60521825865555,0.0,242.06776480662916,10.094366303505339,33.93864161190894
child_qualities_autonomy_self_expression|WVS_A,145.27923228745234,33.42984360948432,82.26723525230989,25.832058824623886,0.0,9953.862311850464,9953.816894724354,115.00824231251504,910.8882826063848,73.98373416337488,0.0,0.0,577.9030174944229,0.0,879.689525917385,194.67166038990229,0.0,0.0,20.078211565137664,0.0,0.0,0.0,9944.049003041568,42.74671337641216,0.0,0.0,0.0,0.0,0.0,151.4821630359072,0.0,0.0,25.524115328388035,0.0,176.0056281158402,0.0,0.0,185.20841172289812,0.0,19.708289560901434,30.15980314790869,8.851927280064018,0.0,5.468468633447486,0.0,0.0,0.0,0.0,0.0,9912.845071837637,0.0,0.0,9951.510905301158,105.17387378249433,0.2228105777621323
child_qualities_conformity_tradition|WVS_A,492.8391369501169,0.803973928274047,721.6445368741001,0.0,9953.862311850464,0.0,9945.594603844618,49.82840993203689,27.671650304336765,28.577554126222246,932.840456832347,937.9790809198354,37.090013310288654,226.73725766487917,508.916813384335,318.61027998735074,79.71442605658511,24.341577984338436,16.367350253748732,42.20039079461572,75.03849396565033,13.993175503315214,9948.276290508518,946.8051242510628,0.0,27.32045431149848,102.5908931494038,5.007559141036836,23.665238079382526,133.71422109057534,25.008247094967622,0.0,15.1207145699791,0.0,93.34342961388872,108.03378849669686,0.0,189.12017419945366,0.49714418286067286,5.153033777853281,2.9482947179014687,5.550475082399764,0.0,0.0980404965580064,2.323449907594558,0.0,0.0,17.31400685281715,0.0,9916.479788123781,5.662068955065251,0.0,9943.288614421423,0.0,26.39394474716031
child_qualities_prosocial_diligence|WVS_A,251.6317968814289,41.78170844837513,626.087608760876,26.013682928576557,9953.816894724354,9945.594603844618,0.0,143.5541106787427,895.7833573218188,253.3232533232533,117.82607726231811,20.837615812688696,896.1314255431903,42.07847189714511,24.642289348171687,137.32117104068885,17.64217353476232,66.92605918612111,29.389051889221832,55.425796329919436,0.0,72.21848456816079,9941.942942942944,122.45762753597066,0.0,0.0,0.0,1.572826118255108,40.22561506016453,176.63068956556913,0.0,0.0,918.9495618067047,0.0,940.7245167570575,320.04378144073837,0.0,71.64233150760772,165.29066599738755,301.7286686579715,140.18972144478823,24.09798803093303,0.0,9.605255056060273,0.0,0.0,0.0,0.0,0.0,9910.146440558205,307.4677821537601,0.0,9943.502521215103,14.585856710488706,8.894105674047445
civic_dishonesty_tolerance|WVS_F,136.16071428571428,929.7468968715289,104.11542100283822,438.20791941705846,115.00824231251504,49.82840993203689,143.5541106787427,0.0,107.20533586842939,4.404599266457538,111.48727537553847,912.0452070049183,61.39955793595463,76.18967443302387,9.734250143457288,32.391548048553474,930.3189165574487,80.54294554660348,55.62747027045687,192.00434662897862,34.922593746123155,66.44442265581593,217.73636991028295,63.45462713387242,35.752049831791055,21.229514962569773,54.49767352103969,9947.71794871795,72.19249728565714,191.27841855114582,766.9233815889972,243.96565494055432,566.468253968254,0.0,32.745495448435335,582.9769033361847,261.48505119032836,203.4151408907934,316.7101002921898,9964.827781889959,9948.016563146997,9929.836113362604,9965.376933501566,90.63852813852814,24.32467835633122,9960.843273894923,0.0,1.5923481954622787,14.111276245002834,891.0244784699661,9845.391500423153,0.0,165.74202496532595,0.0,152.42344512947244
confidence_in_civil_society_organizations|WVS_E,761.9807687688622,9903.198365736827,9676.670507630022,206.7770353411804,910.8882826063848,27.671650304336765,895.7833573218188,107.20533586842939,0.0,9904.86336740183,9880.73415082008,286.4966758702167,9881.0048729551,9857.18377426769,9831.659388282356,9849.837307308417,188.17360307522873,168.89857780546038,121.64547802453502,350.7309997694613,904.2768917635146,17.978610925043327,397.27244972000216,198.35302223174725,9920.70794347585,330.9698700945385,811.4577729962344,153.54233220542574,208.64743779153315,477.9278397460135,9907.041517120962,9923.29947674703,159.45053219257306,0.0,88.62192766237968,371.1346201569951,9912.355874894336,9829.269589982494,55.010267255450316,0.0,57.68710048062877,431.6033717015872,0.0,113.09601451423558,9920.853070298554,21.930815277137683,0.0,9918.864041779862,16.376510173036237,421.03150289082004,445.8429692884517,0.0,110.19751371963036,9930.014859677953,803.4076835507962
confidence_in_domestic_institutions|WVS_E,99.31864456827657,9927.404928404929,9700.877070298124,936.865950950458,73.98373416337488,28.577554126222246,253.3232533232533,4.404599266457538,9904.86336740183,0.0,9914.63125897304,744.0365718716512,9905.2114356232,9881.390336935792,9855.865950950458,9883.734415461378,133.33256874596202,16.90376747584986,32.095984235926664,61.23717831464309,87.21361316177457,34.33048532608505,421.4790123881033,19.529281869545315,9944.914506143952,24.716662647697135,20.031370498660223,9.716107988280953,32.916480934485875,913.8991082964676,9931.248079789064,9947.50603941513,829.5901092147411,0.0,1.8246293266198137,895.3411828250962,9936.562437562437,9853.476152650595,360.1532847730498,0.0,4.383387165171484,329.4941448960042,0.0,114.48641029837322,9945.059632966653,0.0,0.0,9943.070604447963,0.0,389.6825100033656,49.131164609614075,0.0,48.59171940832644,9954.221422346054,303.1387217433729
confidence_in_international_organizations|WVS_E,371.98661399987714,9902.66803468093,9677.036558812239,366.6745117719139,0.0,932.840456832347,117.82607726231811,111.48727537553847,9880.73415082008,9914.63125897304,0.0,0.0,9890.981157615464,9882.09475119291,9847.520252817723,9889.051773089128,0.0,27.161571524915928,398.21220254990385,0.0,24.38374709553962,0.0,42.08485814703431,0.0,9930.65586449636,761.3698921455725,45.51971326164875,179.04934293760607,132.54129194525012,0.0,9916.777777777777,9922.769145691133,10.399792652109127,0.0,0.0,3.5661477832931894,9911.825543838439,9843.002945366861,15.379547988243644,0.0,377.4831555018534,11.389349402259384,218.0758490887442,171.7025230907862,9920.322739242656,462.0802011780089,0.0,9918.333710723964,94.03115777299672,319.4910708248215,0.0,0.0,31.424776841225253,9949.111613999878,255.79542130918486
crime_victimization|WVS_H,9856.729730814443,203.15588393213972,694.1340782122904,9940.640584246217,0.0,937.9790809198354,20.837615812688696,912.0452070049183,286.4966758702167,744.0365718716512,0.0,0.0,257.2151144619584,34.45033212595641,166.0959219368499,97.45186092399811,9916.780233765365,95.76573939029237,313.7193917142154,9904.965202982601,13.85672844341532,0.0,642.7108103164442,9937.40350811996,0.0,0.0,0.0,9.24129602851552,106.53543727026802,9893.532416764856,0.0,7.264347883518099,19.61109609129862,0.0,98.77566049894135,27.28857090442122,15.283124671602039,448.3357588845594,9912.60089186176,0.0,908.6808177709638,53.631529041155595,248.69857653365588,72.3233918277598,26.692941435041618,36.08399181952484,0.0,0.0,9929.307290400435,522.2211648267986,214.67717505389317,0.0,11.074968215131989,26.76382172353304,37.04858995907006
democratic_system_evaluation|WVS_E,408.7934834548802,9903.5464339582,9677.018575851393,913.0074565037282,577.9030174944229,37.090013310288654,896.1314255431903,61.39955793595463,9881.0048729551,9905.2114356232,9890.981157615464,257.2151144619584,0.0,9857.531842489061,9832.007456503728,9860.0843141038,661.521932271328,106.08875128998969,105.30602017164692,266.90398381574846,404.6249599848861,34.28151468887914,897.6205179413736,80.85597260800074,9921.056011697221,184.92154191951352,273.0853024970672,116.65635787360563,133.23793025532876,890.0406138497378,9907.389585342333,9923.6475449684,267.01107604747267,0.0,33.85535743577931,538.1493550450332,9912.703943115708,9829.617658203864,114.2781390774764,0.0,41.17531622570935,905.6356504492744,0.0,184.29428516475673,9921.201138519924,8.758844869827286,0.0,9919.212110001234,5.180566850396076,865.8240155566359,376.74659306537865,0.0,71.72570616460425,9930.362927899325,727.9981760145919
democratic_values_importance|WVS_E,176.63610300445242,9879.72533527079,9692.502824858757,731.9960360743111,0.0,226.73725766487917,42.07847189714511,76.18967443302387,9857.18377426769,9881.390336935792,9882.09475119291,34.45033212595641,9857.531842489061,0.0,9829.497764006515,9839.642540159333,0.0,6.241175084213552,75.15606384885149,16.60417867218743,25.409167685945604,21.577807180496436,804.9481502216081,895.4256266147195,9920.810850889126,0.0,0.0,0.0,17.66235023779464,406.4212450952165,9914.954615492366,9921.884268157726,31.633083680780942,0.0,285.0787936995016,83.76975237238324,9893.72233705388,9858.46921141338,13.528242914657483,233.64572053189127,138.15629565203105,217.89048964117836,0.0,101.32775854575974,9906.270940800787,0.0,0.0,9920.18139628733,11.935920814788801,264.06073874596143,159.6240895200018,0.0,78.09430197026475,9920.42776967112,40.32270207424436
economic_ideology|WVS_E,204.8990234332306,9854.483870967742,9635.994939147758,0.0,879.689525917385,508.916813384335,24.642289348171687,9.734250143457288,9831.659388282356,9855.865950950458,9847.520252817723,166.0959219368499,9832.007456503728,9829.497764006515,0.0,9816.62340930606,0.0,0.0,639.5495204081658,0.0,0.0,239.42246370263862,0.0,0.0,9897.27688651218,25.883828036647913,316.0760010854887,878.7117617447437,60.7013509629204,0.0,9865.219475429605,9906.61349584879,0.0,0.0,5.649406435972082,38.52839929688787,9891.087331386456,9816.442535889139,101.11603208407297,5.693003340857246,0.0,0.0,154.98888065233504,0.0,9871.855653847182,122.1566746175317,0.0,9869.86662532849,886.6929937567397,2.636120283179082,0.0,0.0,0.0,9897.408638817846,30.44227996789664
electoral_integrity|WVS_E,317.28024667869045,9871.771191169268,9646.139715300576,59.80364228622511,194.67166038990229,318.61027998735074,137.32117104068885,32.391548048553474,9849.837307308417,9883.734415461378,9889.051773089128,97.45186092399811,9860.0843141038,9839.642540159333,9816.62340930606,0.0,799.4526876051316,130.7237649113144,248.267739990622,773.8492797473555,892.4768025737758,11.04214942802021,115.54102596512696,0.0,9899.759020984699,897.1397153005763,870.9396893377651,891.7422430156868,244.74209153123033,877.8924564386275,9875.945885841364,9891.872302179469,888.5938582313554,0.0,1.3431934063668223,866.286325548226,9880.928700326776,9812.106101855197,397.5261827374503,0.0,84.34854975242833,19.473794871885502,42.73456113263691,203.30567957912336,9889.425895730992,63.59772692282064,0.0,9887.436867212302,73.55098092800054,234.04877276770415,456.08246138755806,0.0,26.403123588314287,9918.214770488214,252.37110527004947
existential_threat_worry|WVS_H,9875.003440366972,151.58730007241536,93.5028248587571,9920.089770067465,0.0,79.71442605658511,17.64217353476232,930.3189165574487,188.17360307522873,133.33256874596202,0.0,9916.780233765365,661.521932271328,0.0,0.0,799.4526876051316,0.0,0.0,514.2738468441701,9911.574022529001,81.23662629868781,0.0,27.786666199111338,9916.852693941208,0.7350933568563249,0.0,0.0,0.0,52.14253389676108,9911.806126317386,0.0,91.00301860959712,0.0,0.0,125.4717720876627,0.0,393.03284639601054,859.4692114133788,9933.670474891294,0.0,641.2402416092085,221.9352040264895,944.3148976780618,694.9501186886508,0.3208414657159864,60.26316578226347,0.0,0.0,9940.797984140092,17.515421070581027,17.132394915277814,0.0,0.0,0.0,48.220919255443405
familial_duty_obligations|WVS_D,353.1642142033199,141.04820151852627,177.94486215538853,132.82169798979635,0.0,24.341577984338436,66.92605918612111,80.54294554660348,168.89857780546038,16.90376747584986,27.161571524915928,95.76573939029237,106.08875128998969,6.241175084213552,0.0,130.7237649113144,0.0,0.0,9931.963398912618,0.9145848492198212,9927.360770098405,338.96970575477917,421.35632805489263,919.4065975363346,32.74834354987144,21.720415096095678,6.450742240215931,0.0,26.78839173689728,89.21502045448497,9.048472378929674,126.95478365334826,214.49416284944502,0.0,318.74976204122623,103.55183182521895,193.85000963948335,854.3534683173842,282.39084888704417,148.8176763653868,11.958438414743583,49.85338827363691,0.0,41.95957918221044,0.0,0.0,0.0,0.0,9.075107122645328,889.559825670155,0.0,0.0,916.8900877066948,4.118345855980948,103.5858379799628
female_income_threat_to_marriage|WVS_D,216.36575752084087,113.23926339900784,293.1285175916676,52.24165468815334,20.078211565137664,16.367350253748732,29.389051889221832,55.62747027045687,121.64547802453502,32.095984235926664,398.21220254990385,313.7193917142154,105.30602017164692,75.15606384885149,639.5495204081658,248.267739990622,514.2738468441701,9931.963398912618,0.0,82.13841979816421,9944.172144445112,89.11441343481938,70.81336343671467,434.17426330294677,32.26399265318257,3.310993000789594,19.679669839414245,10.227058571233613,51.88746965284787,174.490237334354,34.274133955059995,4.1537715383963345,187.18789013732834,0.0,80.81588164267832,912.0298728385925,68.78371894346336,151.51572944082017,192.05936609089383,34.54011878895943,47.828982821226944,75.36744092904465,0.0,16.976555291921287,11.575786142551422,3.017455518543649,0.0,0.27824698556264593,1.7737489596743856,309.36532984592986,205.2085422753076,0.0,923.3664230391622,0.0,39.186549127415276
freedom_security_tradeoff_perception|WVS_H,9866.418600168232,140.94932844932845,247.7548036758563,9926.188128772636,0.0,42.20039079461572,55.425796329919436,192.00434662897862,350.7309997694613,61.23717831464309,0.0,9904.965202982601,266.90398381574846,16.60417867218743,0.0,773.8492797473555,9911.574022529001,0.9145848492198212,82.13841979816421,0.0,394.99610844426985,45.6936376776095,224.3011902102811,9913.79124631383,0.0,20.57506318420586,0.0,0.0,23.238658756663696,9903.221286118645,0.0,117.39964580873672,62.33652946116146,0.0,549.57923958123,41.913360647274075,123.96304675716439,511.4649971394393,9914.692853899576,110.61950235894209,36.0167459482833,26.796925666818467,0.0,48.95342633318583,0.0,0.0,0.0,0.0,9938.996159754224,789.0955969164525,0.0,0.0,139.5474637569163,189.44603919262238,84.28411144139416
gender_role_traditionalism|WVS_D,37.99417494270436,926.8184527666142,99.1839296924042,42.16868886795536,0.0,75.03849396565033,0.0,34.922593746123155,904.2768917635146,87.21361316177457,24.38374709553962,13.85672844341532,404.6249599848861,25.409167685945604,0.0,892.4768025737758,81.23662629868781,9927.360770098405,9944.172144445112,394.99610844426985,0.0,279.7136449887873,0.0,292.6690401718149,8.667977104979983,0.0,0.0,0.0,65.40528412807026,0.0,5.910158698812111,0.0,938.5398098633393,0.0,32.94283278888198,413.3817925646034,8.968662654050348,0.0,107.34571204641296,80.54639660857276,946.0881190420832,71.14341575550898,25.176884458379206,3.9820384647970926,9.40822226340454,0.0,0.0,0.0,0.0,915.2024446142093,60.85436066606471,0.0,6.34485124835642,0.0,0.0
immigrant_origin_status|WVS_G,814.8368768328445,137.42738842298814,711.7959125542975,118.30220407196603,0.0,13.993175503315214,72.21848456816079,66.44442265581593,17.978610925043327,34.33048532608505,0.0,0.0,34.28151468887914,21.577807180496436,239.42246370263862,11.04214942802021,0.0,338.96970575477917,89.11441343481938,45.6936376776095,279.7136449887873,0.0,57.529193574074355,18.598886801273736,0.0,34.788613284224525,2.709980551217882,200.30087929379823,9938.027918414582,27.294416404213123,0.0,80.98528955664688,9948.148745519713,0.0,9961.906607154933,9922.990728220977,472.9006870541815,592.0480133946337,0.0,0.0,41.44281741032164,179.79646540366178,6.844310298926423,137.28005865102642,580.0820929847137,73.69043211304978,0.0,100.15188799543446,27.096067070610648,38.362833181177436,198.89957818150918,0.0,0.0,0.0,140.02243170191022
importance_of_life_domains|WVS_A,718.9764492753624,20.824111733202628,702.354416271942,15.637189182093273,9944.049003041568,9948.276290508518,9941.942942942944,217.73636991028295,397.27244972000216,421.4790123881033,42.08485814703431,642.7108103164442,897.6205179413736,804.9481502216081,0.0,115.54102596512696,27.786666199111338,421.35632805489263,70.81336343671467,224.3011902102811,0.0,57.529193574074355,0.0,937.2511393619573,0.0,2.6056725533490734,190.0479184010593,37.52918279416038,421.2327797475044,3.0909631827647814,41.08527667299272,0.0,13.079507165184921,0.0,265.3844005163172,48.81541265295496,0.0,27.050961556722626,31.004748314148955,30.32849856458777,561.5942028985507,32.25311509083812,10.207488213353315,15.017646919487419,88.98386679997859,27.54591364647662,0.0,107.89347986958444,6.997525825977711,9913.149443561208,93.15443592552026,0.0,9933.734629532317,0.0,46.870985073232276
institutional_threat_perception|WVS_H,9883.139150943396,35.51133902807307,326.92280175596244,9949.466627577445,42.74671337641216,946.8051242510628,122.45762753597066,63.45462713387242,198.35302223174725,19.529281869545315,0.0,9937.40350811996,80.85597260800074,895.4256266147195,0.0,0.0,9916.852693941208,919.4065975363346,434.17426330294677,9913.79124631383,292.6690401718149,18.598886801273736,937.2511393619573,0.0,0.0,428.11327794643864,305.8172071646663,380.38617993945314,919.2830492289465,9919.94183689381,0.0,0.0,515.7772228388211,0.0,15.373864430468203,165.5418061592802,0.0,867.8891883105844,9931.41340467474,3.1835079249293727,369.87284659557014,39.83904257681978,954.4943168345803,121.23382334464128,280.3465709731656,947.9169486478438,0.0,766.8632895809116,9948.933694716516,250.87479436492268,329.3233242052265,0.0,49.976199516284275,0.0,153.37743284236916
international_organization_knowledge|WVS_E,131.03623651531402,9943.24950447895,9727.308026030369,0.0,0.0,0.0,0.0,35.752049831791055,9920.70794347585,9944.914506143952,9930.65586449636,0.0,9921.056011697221,9920.810850889126,9897.27688651218,9899.759020984699,0.7350933568563249,32.74834354987144,32.26399265318257,0.0,8.667977104979983,0.0,0.0,0.0,0.0,0.0,0.0,0.0,20.29513917499461,554.7436843704892,9953.745972738538,9963.350615489151,168.9019157327374,0.0,0.0,14.278542404272486,9952.407013636459,9893.274412584991,417.4057283418954,0.0,107.82651160610584,0.0,0.0,0.0,9960.904209040675,0.0,0.0,9958.915180521984,7.185224672734698,0.0,0.0,0.0,0.0,9970.065998420076,0.0
job_scarcity_gender_discrimination|WVS_C,16.079014579803882,90.69091827712516,0.0,10.408496666750999,0.0,27.32045431149848,0.0,21.229514962569773,330.9698700945385,24.716662647697135,761.3698921455725,0.0,184.92154191951352,0.0,25.883828036647913,897.1397153005763,0.0,21.720415096095678,3.310993000789594,20.57506318420586,0.0,34.788613284224525,2.6056725533490734,428.11327794643864,0.0,0.0,9945.90934065934,0.0,0.0,22.072716232860714,0.0,0.0,220.98050036791759,0.0,49.55317681795252,195.82248306918171,0.0,0.0,37.35991282941961,443.7527267023201,67.03010153632562,15.36360061129831,0.0,0.0,0.0,0.0,0.0,0.0,0.0,689.7886831179736,451.00012166530206,0.0,1.219763428913197,0.0,9944.304725700336
job_scarcity_nativist_preference|WVS_C,77.68155150261208,309.5238095238095,32.58145363408522,68.55404279068401,0.0,102.5908931494038,0.0,54.49767352103969,811.4577729962344,20.031370498660223,45.51971326164875,0.0,273.0853024970672,0.0,316.0760010854887,870.9396893377651,0.0,6.450742240215931,19.679669839414245,0.0,0.0,2.709980551217882,190.0479184010593,305.8172071646663,0.0,9945.90934065934,0.0,0.0,6.32719393282774,910.402604799964,0.0,0.0,29.36224718912638,0.0,208.53833604032653,34.70182218573562,41.592815786364184,72.94944672635475,0.6143300612091025,113.77601765248099,85.84132838671773,36.32079072984576,0.0,6.075581261589576,0.0,0.0,0.0,0.0,0.0,311.76018794614623,82.65511219480047,0.0,8.687902722231811,7.904694130449727,9927.82876073867
life_autonomy_morality_permissiveness|WVS_F,90.48090390002153,43.73095203205462,58.580858085808586,17.806164611438447,0.0,5.007559141036836,1.572826118255108,9947.71794871795,153.54233220542574,9.716107988280953,179.04934293760607,9.24129602851552,116.65635787360563,0.0,878.7117617447437,891.7422430156868,0.0,0.0,10.227058571233613,0.0,0.0,200.30087929379823,37.52918279416038,380.38617993945314,0.0,0.0,0.0,0.0,0.0,315.8205430932704,0.0,0.0,464.12103977893446,0.0,112.85343452111559,162.64723300651445,0.0,52.504233887742245,155.44268370562432,9961.164778226954,9944.353559483994,9954.56843427026,9961.713929838561,0.0,0.0,9957.18027023192,0.0,0.0,0.0,537.274736484189,9864.319865319865,0.0,42.096962404260054,0.0,0.0
multilevel_place_attachment|WVS_G,277.03195067264573,145.55000011215566,201.63083765752413,88.13486982501068,0.0,23.665238079382526,40.22561506016453,72.19249728565714,208.64743779153315,32.916480934485875,132.54129194525012,106.53543727026802,133.23793025532876,17.66235023779464,60.7013509629204,244.74209153123033,52.14253389676108,26.78839173689728,51.88746965284787,23.238658756663696,65.40528412807026,9938.027918414582,421.2327797475044,919.2830492289465,20.29513917499461,0.0,6.32719393282774,0.0,0.0,913.8346366230589,13.969060263218651,30.22701988928557,9919.434728450424,0.0,9933.192590085644,9894.276711151688,106.80773034556756,443.22607091617135,925.306204403989,120.23285286335566,27.983037629167484,59.118042125535226,0.0,28.78226567942371,4.984997959191105,0.0,0.0,0.0,2.90368512032461,798.5271864536758,37.11099162364633,0.0,443.08232887299073,0.0,48.14723435751931
neighborhood_disorder_and_crime|WVS_H,9879.552685950413,626.5198209171803,686.6026307627752,9919.695129176995,151.4821630359072,133.71422109057534,176.63068956556913,191.27841855114582,477.9278397460135,913.8991082964676,0.0,9893.532416764856,890.0406138497378,406.4212450952165,0.0,877.8924564386275,9911.806126317386,89.21502045448497,174.490237334354,9903.221286118645,0.0,27.294416404213123,3.0909631827647814,9919.94183689381,554.7436843704892,22.072716232860714,910.402604799964,315.8205430932704,913.8346366230589,0.0,350.85986671125306,0.0,47.412253851647804,0.0,65.91845356853932,52.643600275608975,77.64161578897506,34.387199135578925,9927.826939681756,15.88255921746265,700.7345421377042,920.1383388774486,141.17183556919485,79.5223263846059,554.8888111931914,182.42572175009894,0.0,927.8997826745004,9945.347229723533,178.7969425058159,4.317306674318388,0.0,910.1339966300249,0.0,175.31155666748887
offline_political_participation|WVS_E,314.05718076083986,9929.583078124062,9721.45179063361,0.3937939211250665,0.0,25.008247094967622,0.0,766.9233815889972,9907.041517120962,9931.248079789064,9916.777777777777,0.0,9907.389585342333,9914.954615492366,9865.219475429605,9875.945885841364,0.0,9.048472378929674,34.274133955059995,0.0,5.910158698812111,0.0,41.08527667299272,0.0,9953.745972738538,0.0,0.0,0.0,13.969060263218651,350.85986671125306,0.0,9950.833233932577,76.52350368911928,0.0,64.64033968331378,2.782490438966434,9938.74058728157,9887.41817718823,10.193453895704522,0.0,84.07181286786324,0.0,0.0,0.0,9947.237782685786,0.0,0.0,9949.13036206218,3.1341829332310596,419.3254939944974,1.8188531940707833,0.0,0.0,9956.399572065187,0.0
online_political_participation|WVS_E,664.7633009220239,9945.84103775013,9728.38144329897,0.0,0.0,0.0,0.0,243.96565494055432,9923.29947674703,9947.50603941513,9922.769145691133,7.264347883518099,9923.6475449684,9921.884268157726,9906.61349584879,9891.872302179469,91.00301860959712,126.95478365334826,4.1537715383963345,117.39964580873672,0.0,80.98528955664688,0.0,0.0,9963.350615489151,0.0,0.0,0.0,30.22701988928557,0.0,9950.833233932577,0.0,0.0,0.0,131.26459967568107,45.356239538717546,9954.998546907638,9894.34782985359,8.741850357662805,67.46150405740312,73.06589712878898,0.0,0.0,0.0,9963.495742311854,0.0,0.0,9961.506713793164,0.0,0.0,863.485641301753,0.0,0.0,9972.657531691255,0.0
outgroup_trust|WVS_G,887.1527777777778,31.193749020628218,318.2027225901398,34.82210272479014,25.524115328388035,15.1207145699791,918.9495618067047,566.468253968254,159.45053219257306,829.5901092147411,10.399792652109127,19.61109609129862,267.01107604747267,31.633083680780942,0.0,888.5938582313554,0.0,214.49416284944502,187.18789013732834,62.33652946116146,938.5398098633393,9948.148745519713,13.079507165184921,515.7772228388211,168.9019157327374,220.98050036791759,29.36224718912638,464.12103977893446,9919.434728450424,47.412253851647804,76.52350368911928,0.0,0.0,0.0,9943.313417190775,9904.39753825682,16.487282837578547,335.35958533523785,0.0,0.0,194.51412114455593,70.54264208731034,9.22767594908214,44.395568589116984,936.4889030205559,159.26390881555875,0.0,43.19552667577803,47.28694419240682,29.044951313858874,290.0242565559094,0.0,36.502809695871235,0.0,910.5180533751962
perceived_corruption|WVS_E,0.0,0.0,0.0,0.0,0.0,0.0,0.0,0.0,0.0,0.0,0.0,0.0,0.0,0.0,0.0,0.0,0.0,0.0,0.0,0.0,0.0,0.0,0.0,0.0,0.0,0.0,0.0,0.0,0.0,0.0,0.0,0.0,0.0,0.0,0.0,0.0,0.0,0.0,0.0,0.0,0.0,0.0,0.0,0.0,0.0,0.0,0.0,0.0,0.0,0.0,0.0,0.0,0.0,0.0,0.0
perceived_negative_effects_of_immigration|WVS_G,123.13286163522014,114.41024191223242,64.10344136821709,444.1721132897603,176.0056281158402,93.34342961388872,940.7245167570575,32.745495448435335,88.62192766237968,1.8246293266198137,0.0,98.77566049894135,33.85535743577931,285.0787936995016,5.649406435972082,1.3431934063668223,125.4717720876627,318.74976204122623,80.81588164267832,549.57923958123,32.94283278888198,9961.906607154933,265.3844005163172,15.373864430468203,0.0,49.55317681795252,208.53833604032653,112.85343452111559,9933.192590085644,65.91845356853932,64.64033968331378,131.26459967568107,9943.313417190775,0.0,0.0,9918.155399892039,27.956465803283876,150.70474855775956,105.43489314434119,2.2299920923455403,94.7188692266625,79.10502839508925,28.39369435722331,538.861842621554,119.73829007950485,30.047914241628547,0.0,21.25043686701212,21.65023813117245,899.7526938703409,404.7922192012306,0.0,45.945409054292355,0.0,934.3169611078755
perceived_positive_effects_of_immigration|WVS_G,861.9947604790419,328.4587898557468,668.044705291404,302.1372037056242,0.0,108.03378849669686,320.04378144073837,582.9769033361847,371.1346201569951,895.3411828250962,3.5661477832931894,27.28857090442122,538.1493550450332,83.76975237238324,38.52839929688787,866.286325548226,0.0,103.55183182521895,912.0298728385925,41.913360647274075,413.3817925646034,9922.990728220977,48.81541265295496,165.5418061592802,14.278542404272486,195.82248306918171,34.70182218573562,162.64723300651445,9894.276711151688,52.643600275608975,2.782490438966434,45.356239538717546,9904.39753825682,0.0,9918.155399892039,0.0,527.8336903176038,459.0110918460258,1.1781051194761147,0.0,912.9458474355637,450.3209532067259,180.3062177901312,387.9011457604272,205.44853278064357,925.7725581834895,0.0,60.85700871828065,230.81960728246457,167.4537627585318,132.90142987300936,0.0,55.27837691937128,0.0,439.35014543871
political_information_sources|WVS_E,551.2555965052285,9934.897435897436,9708.36957779063,0.0,0.0,0.0,0.0,261.48505119032836,9912.355874894336,9936.562437562437,9911.825543838439,15.283124671602039,9912.703943115708,9893.72233705388,9891.087331386456,9880.928700326776,393.03284639601054,193.85000963948335,68.78371894346336,123.96304675716439,8.968662654050348,472.9006870541815,0.0,0.0,9952.407013636459,0.0,41.592815786364184,0.0,106.80773034556756,77.64161578897506,9938.74058728157,9954.998546907638,16.487282837578547,0.0,27.956465803283876,527.8336903176038,0.0,9866.185898749744,24.606302835960165,246.46888259686722,105.0315422188124,0.0,0.0,0.0,9952.552140459162,0.0,0.0,9950.56311194047,4.559854353463898,0.0,155.57234247936339,0.0,10.712176084137042,9961.713929838561,0.0
postmaterialist_values|WVS_E,404.00162548463095,9851.811150985593,9664.966386554623,134.28415917368454,185.20841172289812,189.12017419945366,71.64233150760772,203.4151408907934,9829.269589982494,9853.476152650595,9843.002945366861,448.3357588845594,9829.617658203864,9858.46921141338,9816.442535889139,9812.106101855197,859.4692114133788,854.3534683173842,151.51572944082017,511.4649971394393,0.0,592.0480133946337,27.050961556722626,867.8891883105844,9893.274412584991,0.0,72.94944672635475,52.504233887742245,443.22607091617135,34.387199135578925,9887.41817718823,9894.34782985359,335.35958533523785,0.0,150.70474855775956,459.0110918460258,9866.185898749744,0.0,864.0405850983271,110.801364339193,866.7174183235056,262.46943595242783,116.71391488835705,45.418054163440374,9878.73450249665,42.605916179226114,0.0,9892.644957983193,13.138290955441903,836.5243004418262,254.92169029275306,0.0,187.9533236422347,9892.891331366984,78.66241660278371
precautionary_security_behaviors|WVS_H,9891.024253731342,25.746490738926582,286.30949266135235,9931.166696957926,0.0,0.49714418286067286,165.29066599738755,316.7101002921898,55.010267255450316,360.1532847730498,15.379547988243644,9912.60089186176,114.2781390774764,13.528242914657483,101.11603208407297,397.5261827374503,9933.670474891294,282.39084888704417,192.05936609089383,9914.692853899576,107.34571204641296,0.0,31.004748314148955,9931.41340467474,417.4057283418954,37.35991282941961,0.6143300612091025,155.44268370562432,925.306204403989,9927.826939681756,10.193453895704522,8.741850357662805,0.0,0.0,105.43489314434119,1.1781051194761147,24.606302835960165,864.0405850983271,0.0,0.0,81.86422957675391,128.876523556533,4.583498653052061,58.019232589694234,941.3603789741214,134.37348000721948,0.0,32.829294380664145,9956.818797504462,5.465183721676539,749.4411870549294,0.0,0.0,0.0,284.1944535058262
religion_versus_secularism_orientation|WVS_F,119.84563903281521,181.28896447577264,243.87803998552806,86.78988406119925,19.708289560901434,5.153033777853281,301.7286686579715,9964.827781889959,0.0,0.0,0.0,0.0,0.0,233.64572053189127,5.693003340857246,0.0,0.0,148.8176763653868,34.54011878895943,110.61950235894209,80.54639660857276,0.0,30.32849856458777,3.1835079249293727,0.0,443.7527267023201,113.77601765248099,9961.164778226954,120.23285286335566,15.88255921746265,0.0,67.46150405740312,0.0,0.0,2.2299920923455403,0.0,246.46888259686722,110.801364339193,0.0,0.0,9961.463392656004,9953.761194948018,9978.82376301057,34.75762655509684,50.134145227974265,9974.29010340393,0.0,57.869303413668085,4.93115886486666,58.31746182512559,9858.83832993216,0.0,0.0,0.0,652.4639701516468
religious_belief|WVS_F,421.0168764302059,75.63623898085801,325.75103176888376,91.093530183104,30.15980314790869,2.9482947179014687,140.18972144478823,9948.016563146997,57.68710048062877,4.383387165171484,377.4831555018534,908.6808177709638,41.17531622570935,138.15629565203105,0.0,84.34854975242833,641.2402416092085,11.958438414743583,47.828982821226944,36.0167459482833,946.0881190420832,41.44281741032164,561.5942028985507,369.87284659557014,107.82651160610584,67.03010153632562,85.84132838671773,9944.353559483994,27.983037629167484,700.7345421377042,84.07181286786324,73.06589712878898,194.51412114455593,0.0,94.7188692266625,912.9458474355637,105.0315422188124,866.7174183235056,81.86422957675391,9961.463392656004,0.0,9926.47172412865,9962.01254426761,23.15715352774579,0.0,9957.47888466097,0.0,8.273349243522844,5.950176184186809,258.03045960638195,9843.935844935844,0.0,109.46758282131856,0.0,149.059055895518
religious_exclusivism|WVS_F,876.5206371721284,0.0,711.8876647824213,10.682746885311431,8.851927280064018,5.550475082399764,24.09798803093303,9929.836113362604,431.6033717015872,329.4941448960042,11.389349402259384,53.631529041155595,905.6356504492744,217.89048964117836,0.0,19.473794871885502,221.9352040264895,49.85338827363691,75.36744092904465,26.796925666818467,71.14341575550898,179.79646540366178,32.25311509083812,39.83904257681978,0.0,15.36360061129831,36.32079072984576,9954.56843427026,59.118042125535226,920.1383388774486,0.0,0.0,70.54264208731034,0.0,79.10502839508925,450.3209532067259,0.0,262.46943595242783,128.876523556533,9953.761194948018,9926.47172412865,0.0,9963.45917986104,8.391668827240508,3.2873160008204536,9951.654698670969,0.0,42.504720264136076,9.769065980695437,58.657055029462086,9862.09771104121,0.0,67.03745520980407,75.12756488297182,31.221499712342123
religious_practice_and_self_identification|WVS_F,90.63288588251788,0.0,0.0,0.0,0.0,0.0,0.0,9965.376933501566,0.0,0.0,218.0758490887442,248.69857653365588,0.0,0.0,154.98888065233504,42.73456113263691,944.3148976780618,0.0,0.0,0.0,25.176884458379206,6.844310298926423,10.207488213353315,954.4943168345803,0.0,0.0,0.0,9961.713929838561,0.0,141.17183556919485,0.0,0.0,9.22767594908214,0.0,28.39369435722331,180.3062177901312,0.0,116.71391488835705,4.583498653052061,9978.82376301057,9962.01254426761,9963.45917986104,0.0,0.0,0.0,9974.839255015537,0.0,0.0,0.0,4.647544968400581,9879.014566921587,0.0,78.56008548595302,0.0,0.0
science_skepticism|WVS_I,328.24851778656125,0.14806502782454345,716.8020251028372,2.0520204148522794,5.468468633447486,0.0980404965580064,9.605255056060273,90.63852813852814,113.09601451423558,114.48641029837322,171.7025230907862,72.3233918277598,184.29428516475673,101.32775854575974,0.0,203.30567957912336,694.9501186886508,41.95957918221044,16.976555291921287,48.95342633318583,3.9820384647970926,137.28005865102642,15.017646919487419,121.23382334464128,0.0,0.0,6.075581261589576,0.0,28.78226567942371,79.5223263846059,0.0,0.0,44.395568589116984,0.0,538.861842621554,387.9011457604272,0.0,45.418054163440374,58.019232589694234,34.75762655509684,23.15715352774579,8.391668827240508,0.0,0.0,0.0,0.0,0.0,4.244428030957799,0.0,50.076579488344194,111.11111111111111,0.0,130.6220754197633,0.0,8.924690378445504
science_technology_optimism|WVS_E,125.64426477766182,9943.394631301651,9716.866773194846,13.096617702603439,0.0,2.323449907594558,0.0,24.32467835633122,9920.853070298554,9945.059632966653,9920.322739242656,26.692941435041618,9921.201138519924,9906.270940800787,9871.855653847182,9889.425895730992,0.3208414657159864,0.0,11.575786142551422,0.0,9.40822226340454,580.0820929847137,88.98386679997859,280.3465709731656,9960.904209040675,0.0,0.0,0.0,4.984997959191105,554.8888111931914,9947.237782685786,9963.495742311854,936.4889030205559,0.0,119.73829007950485,205.44853278064357,9952.552140459162,9878.73450249665,941.3603789741214,50.134145227974265,0.0,3.2873160008204536,0.0,0.0,0.0,0.0,0.0,9959.060307344687,0.0,250.49979910698596,0.0,0.0,176.9049139610194,9970.211125242779,4.935575235979655
