construct,acceptance_of_state_surveillance|WVS_H,authoritarian_governance_tolerance|WVS_E,autocracy_support|WVS_E,basic_needs_deprivation|WVS_H,child_qualities_autonomy_self_expression|WVS_A,child_qualities_conformity_tradition|WVS_A,child_qualities_prosocial_diligence|WVS_A,civic_dishonesty_tolerance|WVS_F,confidence_in_civil_society_organizations|WVS_E,confidence_in_domestic_institutions|WVS_E,confidence_in_international_organizations|WVS_E,crime_victimization|WVS_H,democratic_system_evaluation|WVS_E,democratic_values_importance|WVS_E,economic_ideology|WVS_E,electoral_integrity|WVS_E,existential_threat_worry|WVS_H,familial_duty_obligations|WVS_D,female_income_threat_to_marriage|WVS_D,freedom_security_tradeoff_perception|WVS_H,gender_role_traditionalism|WVS_D,immigrant_origin_status|WVS_G,importance_of_life_domains|WVS_A,institutional_threat_perception|WVS_H,international_organization_knowledge|WVS_E,job_scarcity_gender_discrimination|WVS_C,job_scarcity_nativist_preference|WVS_C,life_autonomy_morality_permissiveness|WVS_F,multilevel_place_attachment|WVS_G,neighborhood_disorder_and_crime|WVS_H,offline_political_participation|WVS_E,online_political_participation|WVS_E,outgroup_trust|WVS_G,perceived_corruption|WVS_E,perceived_negative_effects_of_immigration|WVS_G,perceived_positive_effects_of_immigration|WVS_G,political_information_sources|WVS_E,postmaterialist_values|WVS_E,precautionary_security_behaviors|WVS_H,religion_versus_secularism_orientation|WVS_F,religious_belief|WVS_F,religious_exclusivism|WVS_F,religious_practice_and_self_identification|WVS_F,science_skepticism|WVS_I,science_technology_optimism|WVS_E,sexual_and_reproductive_morality_permissiveness|WVS_F,social_intolerance_outgroups|WVS_A,societal_change_attitudes|WVS_E,socioeconomic_insecurity_worry|WVS_H,subjective_wellbeing|WVS_A,violence_tolerance|WVS_F,voluntary_association_active_membership|WVS_A,voluntary_association_belonging|WVS_A,voting_participation|WVS_E,work_ethic|WVS_C
acceptance_of_state_surveillance|WVS_H,0.0,26.2453630100689,13.389798248953177,9965.963062831706,11.74957372544781,92.64370557448271,31.80704551496966,44.325232221834156,145.10822734830458,28.828184861156885,747.6466087838228,9973.336178283547,38.25835997540011,94.71846834484197,85.39168720405395,8.690808410394261,9954.786897626354,39.82051107173203,6.215931359112364,9961.290036181661,0.0,16.369359327308636,22.62121672234032,9960.03305292047,84.58309979048583,0.0,166.81047418967586,1.7676656119495462,350.71159936244715,9966.676009342676,0.0,0.0,22.451461045514947,0.0,9.146709967587931,14.9293894017406,0.0,233.12989866849307,9967.719618899475,18.07376915956104,14.790829542234405,0.0,6.828867966081994,42.46062609371961,229.37886521477853,0.5195595020431405,3.6821667311319075,39.28370334620334,9950.836225516709,81.33471955549051,68.32780096034207,69.3484181856275,694.8428219614661,0.0,8.241057769359657
authoritarian_governance_tolerance|WVS_E,26.2453630100689,0.0,9960.111111111111,49.840593835872355,21.76451193731696,57.902927053841225,24.606666861339512,103.15338812427696,9925.45485665383,9951.732578460036,9912.05120910384,2.4506640067280827,9932.91812865497,9943.440175209405,9898.399108354331,9961.874648120549,38.65683865683867,41.46863626632411,4.162312783002442,93.75777479225755,0.0,5.024847018023088,5.16397454723446,29.232134354845698,9937.40769903762,0.0,182.75668145941634,5.744930546182573,102.02106758069856,22.95173961840628,9969.210860038465,9971.302020024363,26.668028722924163,0.0,28.058727013381514,14.006374981729763,9970.061649218775,9857.435465297593,28.748765693327698,61.87920995547438,1.3300973376692724,0.0,0.0,20.911056389787504,9928.930887825625,0.0,5.972378827428791,9937.715277777777,132.69734770136324,47.71374002921021,28.80037884830297,52.65445149166079,273.8893216116644,0.0,8.911474306230836
autocracy_support|WVS_E,13.389798248953177,9960.111111111111,0.0,4.912856872094835,15.22551004372464,24.758894790834233,7.889690126075962,26.42841983722532,9926.649834796262,9955.075928576456,9913.246187246274,0.0,9938.473684210527,9947.76917953841,9902.728112683337,9967.430203676106,11.106771511395799,42.150897474901114,0.7408145638163575,584.197890232373,0.0,71.34651346097394,25.146198830409354,22.23388790179292,9942.963254593176,0.0,540.8297613055663,4.929469528079117,915.8619024625784,9.395010501511194,9974.465512719644,9976.27639814254,2.6776959567475274,0.0,13.438298237705794,12.693874615333236,9975.215895610914,9860.778815414013,2.7286279084840217,27.986613061511505,9.922316232370036,0.0,5.337278337364079,19.232757506569598,9934.48644338118,0.0,13.531780270347994,9943.270833333334,102.37066414774982,77.90697674418605,62.15123084019207,56.93319397265047,191.99111285725456,0.0,11.350020318156233
basic_needs_deprivation|WVS_H,9965.963062831706,49.840593835872355,4.912856872094835,0.0,61.055570256281726,54.62487310533133,16.40874652899064,11.429003300057392,555.7772319494354,132.78542954054464,505.60887851709356,9975.26256608025,17.225187688032484,169.6599481265473,22.87858676009472,31.060555260346973,9959.414743885556,78.06180270908547,21.58636901719175,9956.866436598288,3.374354199825902,27.68473338252454,347.68723730337905,9956.663464167023,11.797012043075036,4.12379572360317,683.1986029289951,23.914650833645943,96.23562616471405,9963.30642058923,0.0,0.0,12.294894929943325,0.0,16.51549902696692,44.5240690247275,0.0,26.583554473339404,9966.777436527436,16.85285286141052,417.81838656838653,3.604867803348437,249.2054162312783,93.62143279273545,23.63474866856302,19.191675219160544,87.1752290701054,167.94874662738835,9947.993585025259,940.9788294321804,577.7624215124215,565.9788294321804,208.01767676767676,0.0,37.00560509335344
child_qualities_autonomy_self_expression|WVS_A,11.74957372544781,21.76451193731696,15.22551004372464,61.055570256281726,0.0,9952.596065475349,9965.051439269775,144.7169959456653,50.31130688384533,11.068093937949342,165.86756962261433,1.3289307835622068,92.81870714011899,22.830253599484365,127.61292352466914,6.231298112129203,80.13317471774445,25.01879214207981,7.915527216677013,9.939184336498954,0.0,0.0,9967.496538081108,17.435975647093038,330.40851062300163,0.0,50.327299371953416,0.0,55.58907712539647,1.8854468183552449,6.620897330565413,2.0947753041074613,46.09022866151125,0.0,6.858048253872845,14.312356354046152,0.0,869.6940749993877,4.331762519007164,20.871319662417747,0.0,0.0,0.0,24.876656915976227,562.3163147956213,0.0,9972.069921833172,13.214798707506027,68.66088210808263,9945.403514825293,13.504534434766988,9945.403514825293,9922.550714001425,0.0,0.0
child_qualities_conformity_tradition|WVS_A,92.64370557448271,57.902927053841225,24.758894790834233,54.62487310533133,9952.596065475349,0.0,9960.43496563116,791.6156738222031,62.32871617949115,419.09881853250505,0.0,6.450683386772347,33.97001994453575,39.22485078239254,891.0910004221641,45.27285033640092,0.0,949.1090852584689,21.227332575258835,4.700312854921506,30.212184974089737,71.08063963564786,9950.766194060907,0.0,13.808544699280816,259.83551315262946,205.69247810144174,115.69372473291563,739.6918722995316,30.520141807103023,0.2475797964235653,0.0,18.96812861629592,0.0,959.3382807668522,55.678923366775194,0.0,848.6112291795855,49.064370492941904,249.41358501173983,15.258412636351153,7.80293946773137,1.2742432008989226,30.736826797227202,0.0,21.06869079169669,9955.821951395399,698.6011299583431,41.85459306483732,9928.673170805094,286.28434909223085,9928.673170805094,9917.934240362812,0.0,394.2573895990045
child_qualities_prosocial_diligence|WVS_A,31.80704551496966,24.606666861339512,7.889690126075962,16.40874652899064,9965.051439269775,9960.43496563116,0.0,22.01976556534745,386.4724016622292,155.36371613645525,39.00522727762902,9.87981371512124,294.87259870790626,717.8182103024336,141.64161231182862,37.927550907937736,39.68945905289525,51.65454914298534,7.824276873484834,959.016151765627,0.819879412553135,423.13893923989656,9963.221567855333,93.94831446949743,8.184822448509465,8.568376666347834,915.117548865565,23.80789517623768,918.8139127606246,112.51495928597994,0.0,0.0,16.952089797743742,0.0,27.04227334580896,25.39474460738142,0.0,245.68198758939658,31.427151694775716,38.17384695861028,37.9520589549771,1.5493915467936645,23.082404125890207,27.708329623911652,0.0,11.41332508407923,9968.277325189825,941.8257345220003,106.39330019259702,9941.12854459952,72.95975572737976,9941.12854459952,9930.389614157239,0.0,25.406090526655717
civic_dishonesty_tolerance|WVS_F,44.325232221834156,103.15338812427696,26.42841983722532,11.429003300057392,144.7169959456653,791.6156738222031,22.01976556534745,0.0,62.107655307816714,140.89033627718283,84.86219984822318,45.688227533868904,291.71997356561496,533.67011004702,22.344968586494346,99.81878109234398,244.12611962488967,59.42193492070495,32.53542882097681,98.72066948047853,4.524506478934924,46.741672560280826,33.532710828984335,46.569645101161925,53.30805937518369,7.807499991842668,911.9649237232737,9970.150319538898,137.88350984055558,248.0177963285626,0.0,0.0,26.628517525953015,0.0,11.013910774919488,74.27727210153785,13.721619933151118,30.327770935168928,40.962496477296455,9963.598686605052,9960.27002204798,9976.73560937971,9968.424728478549,960.0395754493622,384.4341739730104,9973.815883888275,130.05912627704242,938.673109379709,46.990675050305725,138.97591945722837,9949.75951153747,124.16110464241352,198.50725928521712,0.0,35.89162351521897
confidence_in_civil_society_organizations|WVS_E,145.10822734830458,9925.45485665383,9926.649834796262,555.7772319494354,50.31130688384533,62.32871617949115,386.4724016622292,62.107655307816714,0.0,9920.68823580062,9904.29553944188,6.377194345191867,9902.000387146729,9922.25680906748,9869.102844783358,9931.964369221529,28.913153625532814,475.156622299638,38.15747428401377,381.3342116887095,35.2841729351873,8.624424263203082,2.1228314938920505,1.01149698765974,9903.763999472132,51.11268917840354,893.0366871920901,69.20041956026446,208.61645566602297,8.94961769106871,9936.90129265757,9943.98177740398,217.03486093247432,0.0,929.8302622524658,68.16893915738588,9946.243055965668,9837.985741300537,61.324536372078455,153.38046379849004,0.0,0.0,0.0,37.2534601245153,9904.873657667058,1.9360022867282538,38.557514288014175,9904.07157821229,240.56243851912203,62.20620203303346,59.86126578137451,55.43593958228104,889.4262218484254,0.0,91.84662437479481
confidence_in_domestic_institutions|WVS_E,28.828184861156885,9951.732578460036,9955.075928576456,132.78542954054464,11.068093937949342,419.09881853250505,155.36371613645525,140.89033627718283,9920.68823580062,0.0,9907.284588250632,10.675981598289646,9926.070583435332,9946.372726529054,9901.33165967398,9958.567220997797,943.037835763763,48.57116606174853,25.08055836216755,11.855491277070819,0.0,0.0,18.775732102988755,157.1885107038349,9930.560153817982,0.0,90.11552690438927,5.794139603332468,97.31432402847588,20.020726302559915,9966.02803875178,9967.418546423662,192.85258233310728,0.0,18.659534019431923,31.224634315249503,9967.209618958921,9859.625984521608,26.11205716115044,30.278997459551093,22.846153200463093,0.0,17.894197860242002,88.74442391321068,9922.083342605987,4.756668063119683,4.242462330309991,9935.635944700462,68.75030078781225,82.92383896463215,39.14064466869554,164.72868217054264,912.862990868106,0.0,3.7655566137679344
confidence_in_international_organizations|WVS_E,747.6466087838228,9912.05120910384,9913.246187246274,505.60887851709356,165.86756962261433,0.0,39.00522727762902,84.86219984822318,9904.29553944188,9907.284588250632,0.0,51.23049879147439,9888.59673959674,9908.853161517489,9855.699197233369,9918.56072167154,0.0,322.86408586076016,28.836709249080386,0.0,765.9281444328174,53.5909031818214,25.35894605095487,0.0,9886.351891953102,1.7485981162778756,142.79093437894312,96.10023336636837,892.1825050857309,237.12398432547684,9923.497645107582,9930.578129853991,42.91692766819958,0.0,43.00889318348942,163.53259549665194,9932.839408415679,9824.582093750549,915.6905880890008,1.9898032614880634,3.3876027384862653,80.56812453941352,0.0,30.647138959481524,9897.758648758649,109.20141088966633,98.55775885137443,9890.003482259848,103.33803625215188,161.81625311318143,365.8679376417049,47.29729729729729,198.60321945972666,0.0,65.05011968194866
crime_victimization|WVS_H,9973.336178283547,2.4506640067280827,0.0,9975.26256608025,1.3289307835622068,6.450683386772347,9.87981371512124,45.688227533868904,6.377194345191867,10.675981598289646,51.23049879147439,0.0,0.0,375.3437786482207,28.578573862112464,0.0,9964.086400874896,16.632792627473883,0.0,9968.105822675516,0.0,11.58495513309743,0.0,9968.1530149878,4.214012377689492,0.0,173.62626068353077,0.0,215.284178187404,9974.795971410007,0.0,0.0,2.381356919335172,0.0,4.9013951998479435,2.8174479130476726,0.0,182.07531479197766,9975.839580966805,17.356202878099744,0.0,0.0,0.0,2.708247735518192,0.0,0.0,0.0,1.916813956533126,9957.652012010563,9.611237395815117,18.469048004204907,1.9733307480074842,247.4115559792395,0.0,1.5039503477916796
democratic_system_evaluation|WVS_E,38.25835997540011,9932.91812865497,9938.473684210527,17.225187688032484,92.81870714011899,33.97001994453575,294.87259870790626,291.71997356561496,9902.000387146729,9926.070583435332,9888.59673959674,0.0,0.0,9929.015214083895,9873.839537869062,9940.237221219964,9.443654180496296,427.23861677314676,214.91636827390002,9.883040022266556,145.5476681736913,0.0,415.6641604010025,0.0,9915.770272137035,37.43650205235561,193.9127392673297,76.4049764049764,14.88735279057859,0.0,9947.272530263503,9949.784571852255,0.0,0.0,117.64693303223932,606.0846095171038,9948.340511909119,9844.744146316953,0.0,153.81293610902654,144.51837726475614,0.0,266.231438812084,932.1595355294712,9914.06859153918,77.87116224408612,942.4791486914006,9916.077850877193,0.0,418.78826941669354,37.86751438605975,109.68835326240469,311.8956829633665,0.0,942.663261928406
democratic_values_importance|WVS_E,94.71846834484197,9943.440175209405,9947.76917953841,169.6599481265473,22.830253599484365,39.22485078239254,717.8182103024336,533.67011004702,9922.25680906748,9946.372726529054,9908.853161517489,375.3437786482207,9929.015214083895,0.0,9894.78733551179,9952.022896835606,42.64453942237631,43.01694090945934,102.70197596838287,0.0,1.1632129165188871,0.0,61.90642651778536,90.51614135044423,9922.844698397199,0.0,56.60158355096797,16.560437238677267,22.50332527312642,479.1861310079933,9959.483714589589,9960.64227135887,61.61743280944182,0.0,36.96901102683239,67.96667919057418,9961.458471760798,9868.217304326081,952.9010663322936,41.88231734428554,61.03187902985677,23.820837743416234,45.874428686297804,195.64421819989022,9916.572588413375,27.58987507200088,4.942625428429231,9929.091620538271,8.799052049717105,106.19585365533015,29.031767745858033,930.12343178776,906.086715803315,0.0,6.970134827267508
economic_ideology|WVS_E,85.39168720405395,9898.399108354331,9902.728112683337,22.87858676009472,127.61292352466914,891.0910004221641,141.64161231182862,22.344968586494346,9869.102844783358,9901.33165967398,9855.699197233369,28.578573862112464,9873.839537869062,9894.78733551179,0.0,9906.981829980532,891.2204938438983,314.6425407210523,213.6323886142004,461.7716017613084,12.665540620325714,59.139956274527975,121.8000780891822,896.624131804232,9878.329108251712,0.0,860.736484213767,80.71477268245408,214.13266757006465,100.13696698692772,9914.442647734515,9915.601204503797,56.7861561641583,0.0,29.07653854926869,306.6465425680586,9915.624227941656,9805.685538322214,20.219550039017605,28.70237991131681,341.9408067762873,0.0,188.5310290652003,894.7183716441481,9869.852297039717,107.6001814747602,226.09457131304606,9884.050553683197,62.428902207465555,407.4411361914229,238.04637969924192,879.9394970693893,861.0456489482413,0.0,133.09864525154353
electoral_integrity|WVS_E,8.690808410394261,9961.874648120549,9967.430203676106,31.060555260346973,6.231298112129203,45.27285033640092,37.927550907937736,99.81878109234398,9931.964369221529,9958.567220997797,9918.56072167154,0.0,9940.237221219964,9952.022896835606,9906.981829980532,0.0,21.29200587565586,44.690711459964675,6.715200250665717,83.93353524041191,0.0,11.9338113259738,9.246530206717559,6.125263430996085,9944.726791602614,0.0,167.97204553758263,0.0,222.88163789568168,0.0,9976.229049729081,9978.039935151979,18.010311913554602,0.0,14.543651833366482,17.154950120894178,9976.979432620352,9862.92109964603,0.38197163858992766,28.921786658002347,0.0,0.0,0.0,25.218619097614265,9936.24998039062,0.0,2.6856681569796343,9945.034370342772,297.82538307151117,43.42455906106806,39.24459707554473,27.637993428421446,923.484379596423,0.0,7.720864426475899
existential_threat_worry|WVS_H,9954.786897626354,38.65683865683867,11.106771511395799,9959.414743885556,80.13317471774445,0.0,39.68945905289525,244.12611962488967,28.913153625532814,943.037835763763,0.0,9964.086400874896,9.443654180496296,42.64453942237631,891.2204938438983,21.29200587565586,0.0,449.23857868020303,6.555450901500272,9945.690271392934,17.874367077937883,410.81305886720435,0.8048115955684239,9947.103561368986,9.964970594891867,62.00120566938628,287.40705310825746,64.01788063502657,914.7900182592819,9953.537871204539,0.0,0.0,14.434022983186168,0.0,959.4677741885864,36.846038147732685,0.0,682.0740559346531,9955.601271322084,137.2436131928323,0.0,0.0,0.0,12.216013470495128,0.0,6.964942707462086,83.53372329814597,143.67342741677848,9936.817419819905,45.53487739784347,105.52068253657666,14.134754700792442,276.2065909274031,0.0,192.16241385997023
familial_duty_obligations|WVS_D,39.82051107173203,41.46863626632411,42.150897474901114,78.06180270908547,25.01879214207981,949.1090852584689,51.65454914298534,59.42193492070495,475.156622299638,48.57116606174853,322.86408586076016,16.632792627473883,427.23861677314676,43.01694090945934,314.6425407210523,44.690711459964675,449.23857868020303,0.0,9963.53864417881,23.868186814689636,9967.613283334096,3.458832163002185,29.619569154099125,383.805819403968,244.22818715579626,0.0,130.18831183365833,6.820113635850213,91.6732175731176,90.80130226565679,0.0,0.0,96.0932222894443,0.0,18.63937182172247,30.149609576304115,0.0,853.915143719883,54.748992373595165,31.761309237245875,24.521021178474413,0.0,19.775282771957023,63.22587078075914,923.2513759438007,4.104167119413766,7.335804617692013,217.99444479515182,87.91937717035215,101.83010139720197,29.30555455268251,188.74883238372956,353.84634248019813,0.0,4.6493193701315505
female_income_threat_to_marriage|WVS_D,6.215931359112364,4.162312783002442,0.7408145638163575,21.58636901719175,7.915527216677013,21.227332575258835,7.824276873484834,32.53542882097681,38.15747428401377,25.08055836216755,28.836709249080386,0.0,214.91636827390002,102.70197596838287,213.6323886142004,6.715200250665717,6.555450901500272,9963.53864417881,0.0,83.71892195646319,9982.913348832704,2.079441451617569,0.0,10.098814209541175,3.4834944732358224,0.0,128.9256344742812,0.8065415718099977,51.03453893776475,13.724054865069718,0.0,0.0,13.571585488738226,0.0,9.732874652229494,3.3466168428217813,0.0,866.5413552493948,11.430690753624585,26.281052428814178,0.0,0.0,0.0,2.267468750060509,0.0,0.0,1.7987228382185556,110.73356970708193,205.61805246797985,7.21732157177226,1.1296341712193723,12.639138964962449,71.35010065301714,0.0,0.0
freedom_security_tradeoff_perception|WVS_H,9961.290036181661,93.75777479225755,584.197890232373,9956.866436598288,9.939184336498954,4.700312854921506,959.016151765627,98.72066948047853,381.3342116887095,11.855491277070819,0.0,9968.105822675516,9.883040022266556,0.0,461.7716017613084,83.93353524041191,9945.690271392934,23.868186814689636,83.71892195646319,0.0,0.0,0.0,58.76789622497015,9950.56843264368,38.440075757827515,0.0,19.392790886003553,4.853572610760253,2.961437072819294,9962.299052228273,76.17558317828839,76.2376487194999,48.499869957130976,0.0,9.726488844082752,58.270166270941175,25.569941319569974,781.8401614927668,9962.329777026256,13.241346111423447,91.75885430066032,10.8182090209094,89.39038315951518,949.6626724835965,0.0,14.052310006147607,0.0,140.52033123223333,9960.825949620443,115.28490092532715,23.849118871743315,523.1190920264847,583.1820931639443,0.0,0.0
gender_role_traditionalism|WVS_D,0.0,0.0,0.0,3.374354199825902,0.0,30.212184974089737,0.819879412553135,4.524506478934924,35.2841729351873,0.0,765.9281444328174,0.0,145.5476681736913,1.1632129165188871,12.665540620325714,0.0,17.874367077937883,9967.613283334096,9982.913348832704,0.0,0.0,0.0,0.0,11.57641138147262,3.7100509648863493,0.0,4.600920370044918,0.0,0.0,0.47015058966844236,0.0,0.0,3.534647956693526,0.0,0.0,0.0,0.0,250.49780963759451,0.0,0.0,0.0,0.0,0.0,0.0,30.952081441881653,0.0,0.0,13.790195447758826,34.563613609992316,0.0,0.0,10.12475155702424,58.920366149281804,0.0,0.0
immigrant_origin_status|WVS_G,16.369359327308636,5.024847018023088,71.34651346097394,27.68473338252454,0.0,71.08063963564786,423.13893923989656,46.741672560280826,8.624424263203082,0.0,53.5909031818214,11.58495513309743,0.0,0.0,59.139956274527975,11.9338113259738,410.81305886720435,3.458832163002185,2.079441451617569,0.0,0.0,0.0,0.0,32.07260889870386,51.09195656389038,0.0,0.0,0.0,9932.399588664817,14.213881000785221,38.38068440751619,70.9340292673626,9966.987112795856,0.0,9971.060762224353,9969.442617028963,0.0,0.0,94.78294098660416,60.3074018751393,0.0,0.0,0.0,0.0,0.0,0.0,0.0,20.980473185066458,0.0,0.0,0.0,13.985306347308914,592.7594260927594,0.0,0.0
importance_of_life_domains|WVS_A,22.62121672234032,5.16397454723446,25.146198830409354,347.68723730337905,9967.496538081108,9950.766194060907,9963.221567855333,33.532710828984335,2.1228314938920505,18.775732102988755,25.35894605095487,0.0,415.6641604010025,61.90642651778536,121.8000780891822,9.246530206717559,0.8048115955684239,29.619569154099125,0.0,58.76789622497015,0.0,0.0,0.0,0.0,105.253577173821,0.0,75.6037398641798,0.29571253334371406,0.0,0.0,12.095549349679953,2.851845712872354,93.48532582687739,0.0,124.99864564710981,5.370615229058096,0.0,30.471411586896465,34.304321248883255,548.6489596014085,0.0,0.0,0.0,0.0,35.48644338118022,0.0,9969.50957465899,40.42467948717949,17.515426461918395,9950.82536334701,0.0,9951.171272395992,9920.720842586985,0.0,2.5359829466377803
institutional_threat_perception|WVS_H,9960.03305292047,29.232134354845698,22.23388790179292,9956.663464167023,17.435975647093038,0.0,93.94831446949743,46.569645101161925,1.01149698765974,157.1885107038349,0.0,9968.1530149878,0.0,90.51614135044423,896.624131804232,6.125263430996085,9947.103561368986,383.805819403968,10.098814209541175,9950.56843264368,11.57641138147262,32.07260889870386,0.0,0.0,44.9378447956088,11.709127323662763,913.2371959456439,29.19925328915638,296.15703175964404,9961.49284604693,31.785519260400424,14.062102448572794,21.497946676282552,0.0,960.8600983959798,24.095618546612464,0.0,259.1862500540907,9962.53645560373,91.5630405450064,0.0,0.0,0.0,6.174656875505121,0.0,0.0,26.375543868805707,28.952534902452115,9947.262947272677,16.342395232327085,34.212353685507466,1.0149372502353486,916.3124540660131,0.0,59.6859511016702
international_organization_knowledge|WVS_E,84.58309979048583,9937.40769903762,9942.963254593176,11.797012043075036,330.40851062300163,13.808544699280816,8.184822448509465,53.30805937518369,9903.763999472132,9930.560153817982,9886.351891953102,4.214012377689492,9915.770272137035,9922.844698397199,9878.329108251712,9944.726791602614,9.964970594891867,244.22818715579626,3.4834944732358224,38.440075757827515,3.7100509648863493,51.09195656389038,105.253577173821,44.9378447956088,0.0,46.02308980635878,390.0891390145833,75.43880223452877,443.7248890551368,101.44782249441042,9951.762100646152,9953.57298606905,1.887393639354265,0.0,102.295233573619,50.29049195649091,9952.512483537423,9835.03819312303,48.282248377740046,229.49677516242156,92.16106899451867,0.0,32.315036916247166,61.649105912120696,9911.78303130769,12.710419346554396,502.5242746296057,9920.567421259842,45.596818052458616,421.87023133736193,696.1625493875341,139.261535685188,169.28770078376377,0.0,135.83207759407432
job_scarcity_gender_discrimination|WVS_C,0.0,0.0,0.0,4.12379572360317,0.0,259.83551315262946,8.568376666347834,7.807499991842668,51.11268917840354,0.0,1.7485981162778756,0.0,37.43650205235561,0.0,0.0,0.0,62.00120566938628,0.0,0.0,0.0,0.0,0.0,0.0,11.709127323662763,46.02308980635878,0.0,9934.363349885409,0.0,6.243541770491063,0.0,0.0,0.0,9.515749778783626,0.0,0.0,0.0,0.0,167.0266897081413,0.0,0.0,0.0,0.0,0.0,3.662966181114758,315.3240563721409,0.0,0.0,0.0,37.50319517217224,0.0,0.0,13.92112555240115,844.763423710792,0.0,9979.452783650459
job_scarcity_nativist_preference|WVS_C,166.81047418967586,182.75668145941634,540.8297613055663,683.1986029289951,50.327299371953416,205.69247810144174,915.117548865565,911.9649237232737,893.0366871920901,90.11552690438927,142.79093437894312,173.62626068353077,193.9127392673297,56.60158355096797,860.736484213767,167.97204553758263,287.40705310825746,130.18831183365833,128.9256344742812,19.392790886003553,4.600920370044918,0.0,75.6037398641798,913.2371959456439,390.0891390145833,9934.363349885409,0.0,32.703252600211,123.82609186033025,230.3194902362859,220.19886622569803,166.2676172480094,390.70165315745515,0.0,90.99861949892411,129.73263864689392,40.93400205932177,838.9971824506929,417.8502150342704,116.7413759561722,70.64672656690234,22.9171616799744,63.55722356628495,278.87162085328043,91.43409919104813,39.53715779285935,16.91511281431835,395.0407692402474,50.025099181473095,206.1589526092569,83.46773052655406,899.9033099123712,872.6168235972158,0.0,9928.801656144367
life_autonomy_morality_permissiveness|WVS_F,1.7676656119495462,5.744930546182573,4.929469528079117,23.914650833645943,0.0,115.69372473291563,23.80789517623768,9970.150319538898,69.20041956026446,5.794139603332468,96.10023336636837,0.0,76.4049764049764,16.560437238677267,80.71477268245408,0.0,64.01788063502657,6.820113635850213,0.8065415718099977,4.853572610760253,0.0,0.0,0.29571253334371406,29.19925328915638,75.43880223452877,0.0,32.703252600211,0.0,28.660330814850056,1.5262488164219157,0.0,0.0,22.95765652644446,0.0,1.1917670632560977,5.016570755891372,0.0,461.6244429315681,0.0,9969.052997758192,9970.215475089202,9980.475547641352,9973.715690929195,8.04925029169874,935.7035121741004,9977.59432652614,0.0,17.796835486712375,103.31091645504134,13.727703204598896,9960.039798748629,26.7302499290139,458.11800888652306,0.0,0.0
multilevel_place_attachment|WVS_G,350.71159936244715,102.02106758069856,915.8619024625784,96.23562616471405,55.58907712539647,739.6918722995316,918.8139127606246,137.88350984055558,208.61645566602297,97.31432402847588,892.1825050857309,215.284178187404,14.88735279057859,22.50332527312642,214.13266757006465,222.88163789568168,914.7900182592819,91.6732175731176,51.03453893776475,2.961437072819294,0.0,9932.399588664817,0.0,296.15703175964404,443.7248890551368,6.243541770491063,123.82609186033025,28.660330814850056,0.0,924.9145975193159,452.4291497975708,254.44938820912122,9917.207540862039,0.0,9916.736061735888,9918.920769666101,17.463354942851936,159.20604027772023,316.81922196796336,912.9947021696128,0.0,24.626790880515472,0.0,72.56279377836216,292.76062331090793,0.16418050473778578,0.0,891.294095453688,0.0,47.24200144215557,0.10867151132831054,175.61067009284324,876.3131874922753,0.0,7.22935273050922
neighborhood_disorder_and_crime|WVS_H,9966.676009342676,22.95173961840628,9.395010501511194,9963.30642058923,1.8854468183552449,30.520141807103023,112.51495928597994,248.0177963285626,8.94961769106871,20.020726302559915,237.12398432547684,9974.795971410007,0.0,479.1861310079933,100.13696698692772,0.0,9953.537871204539,90.80130226565679,13.724054865069718,9962.299052228273,0.47015058966844236,14.213881000785221,0.0,9961.49284604693,101.44782249441042,0.0,230.3194902362859,1.5262488164219157,924.9145975193159,0.0,17.683687178254935,7.082394615203011,13.393453178370436,0.0,23.058610373741203,17.845493207812048,0.0,772.8594534356419,9969.179412025935,97.16749975497405,0.0,0.0,0.0,20.82804974226776,55.76863033003384,0.0,2.9579811000576015,0.0,9951.845241563318,26.453372602409857,60.75987002160005,4.9798089452233825,256.2887438215522,0.0,17.38710858207713
offline_political_participation|WVS_E,0.0,9969.210860038465,9974.465512719644,0.0,6.620897330565413,0.2475797964235653,0.0,0.0,9936.90129265757,9966.02803875178,9923.497645107582,0.0,9947.272530263503,9959.483714589589,9914.442647734515,9976.229049729081,0.0,0.0,0.0,76.17558317828839,0.0,38.38068440751619,12.095549349679953,31.785519260400424,9951.762100646152,0.0,220.19886622569803,0.0,452.4291497975708,17.683687178254935,0.0,9985.075244195517,0.0,0.0,0.0,0.0,9984.01474166389,9871.03027327532,0.0,0.0,4.865025075876719,0.0,2.764774222167901,1.708411018453944,9943.285289434158,0.0,2.4464623084877815,9952.06967938631,76.04949922953867,34.67330247195945,16.689278483660814,30.89186930879061,6.27726439753674,0.0,0.0
online_political_participation|WVS_E,0.0,9971.302020024363,9976.27639814254,0.0,2.0947753041074613,0.0,0.0,0.0,9943.98177740398,9967.418546423662,9930.578129853991,0.0,9949.784571852255,9960.64227135887,9915.601204503797,9978.039935151979,0.0,0.0,0.0,76.2376487194999,0.0,70.9340292673626,2.851845712872354,14.062102448572794,9953.57298606905,0.0,166.2676172480094,0.0,254.44938820912122,7.082394615203011,9985.075244195517,0.0,0.0,0.0,0.0,0.0,9985.825627086786,9873.121433261218,0.0,0.0,0.0,0.0,0.0,0.0,9945.096174857053,0.0,0.0,9953.880564809206,15.829709427171721,11.680550027968856,7.452796926481135,6.465426168777206,0.0,0.0,0.0
outgroup_trust|WVS_G,22.451461045514947,26.668028722924163,2.6776959567475274,12.294894929943325,46.09022866151125,18.96812861629592,16.952089797743742,26.628517525953015,217.03486093247432,192.85258233310728,42.91692766819958,2.381356919335172,0.0,61.61743280944182,56.7861561641583,18.010311913554602,14.434022983186168,96.0932222894443,13.571585488738226,48.499869957130976,3.534647956693526,9966.987112795856,93.48532582687739,21.497946676282552,1.887393639354265,9.515749778783626,390.70165315745515,22.95765652644446,9917.207540862039,13.393453178370436,0.0,0.0,0.0,0.0,9970.187282662693,9969.44054662184,0.0,68.79356440875918,4.950816426226261,49.78956794793015,32.78179253306443,0.402586969490649,31.142579355389728,38.921706555662915,0.0,12.205342706894331,73.93411118597629,105.15378885292236,12.036928294010949,286.34975890783016,953.3057647811746,63.47339221312868,158.05596953137933,0.0,50.0639402795076
perceived_corruption|WVS_E,0.0,0.0,0.0,0.0,0.0,0.0,0.0,0.0,0.0,0.0,0.0,0.0,0.0,0.0,0.0,0.0,0.0,0.0,0.0,0.0,0.0,0.0,0.0,0.0,0.0,0.0,0.0,0.0,0.0,0.0,0.0,0.0,0.0,0.0,0.0,0.0,0.0,0.0,0.0,0.0,0.0,0.0,0.0,0.0,0.0,0.0,0.0,0.0,0.0,0.0,0.0,0.0,0.0,0.0,0.0
perceived_negative_effects_of_immigration|WVS_G,9.146709967587931,28.058727013381514,13.438298237705794,16.51549902696692,6.858048253872845,959.3382807668522,27.04227334580896,11.013910774919488,929.8302622524658,18.659534019431923,43.00889318348942,4.9013951998479435,117.64693303223932,36.96901102683239,29.07653854926869,14.543651833366482,959.4677741885864,18.63937182172247,9.732874652229494,9.726488844082752,0.0,9971.060762224353,124.99864564710981,960.8600983959798,102.295233573619,0.0,90.99861949892411,1.1917670632560977,9916.736061735888,23.058610373741203,0.0,0.0,9970.187282662693,0.0,0.0,9967.950233656116,0.0,97.09202003880642,5.72138556457573,0.49783245794668574,53.50412846652979,0.0,42.944436872472856,70.98562561745459,205.3585339017349,3.8830286480513507,3.290047252716768,58.81518231924994,953.6105777225079,200.58572007139355,83.08078687408447,360.84213032780383,455.60871876661344,0.0,0.524060493845159
perceived_positive_effects_of_immigration|WVS_G,14.9293894017406,14.006374981729763,12.693874615333236,44.5240690247275,14.312356354046152,55.678923366775194,25.39474460738142,74.27727210153785,68.16893915738588,31.224634315249503,163.53259549665194,2.8174479130476726,606.0846095171038,67.96667919057418,306.6465425680586,17.154950120894178,36.846038147732685,30.149609576304115,3.3466168428217813,58.270166270941175,0.0,9969.442617028963,5.370615229058096,24.095618546612464,50.29049195649091,0.0,129.73263864689392,5.016570755891372,9918.920769666101,17.845493207812048,0.0,0.0,9969.44054662184,0.0,9967.950233656116,0.0,0.0,862.9157353085322,18.889102764611053,32.93510172653386,0.0,0.0,0.0,13.258832596543925,70.56583715622617,0.0,3.3526595553330694,100.46509197324414,105.83858637327123,32.23720029637755,16.002232869702745,44.517902050763524,206.32397102985337,0.0,2.3395780925901413
political_information_sources|WVS_E,0.0,9970.061649218775,9975.215895610914,0.0,0.0,0.0,0.0,13.721619933151118,9946.243055965668,9967.209618958921,9932.839408415679,0.0,9948.340511909119,9961.458471760798,9915.624227941656,9976.979432620352,0.0,0.0,0.0,25.569941319569974,0.0,0.0,0.0,0.0,9952.512483537423,0.0,40.93400205932177,0.0,17.463354942851936,0.0,9984.01474166389,9985.825627086786,0.0,0.0,0.0,0.0,0.0,9877.187403993856,0.0,4.680401735343889,0.0,0.0,0.0,0.0,9944.035672325426,0.0,0.0,9952.82006227758,116.51783255572428,0.0,0.0,0.0,54.72686165468785,0.0,0.0
postmaterialist_values|WVS_E,233.12989866849307,9857.435465297593,9860.778815414013,26.583554473339404,869.6940749993877,848.6112291795855,245.68198758939658,30.327770935168928,9837.985741300537,9859.625984521608,9824.582093750549,182.07531479197766,9844.744146316953,9868.217304326081,9805.685538322214,9862.92109964603,682.0740559346531,853.915143719883,866.5413552493948,781.8401614927668,250.49780963759451,0.0,30.471411586896465,259.1862500540907,9835.03819312303,167.0266897081413,838.9971824506929,461.6244429315681,159.20604027772023,772.8594534356419,9871.03027327532,9873.121433261218,68.79356440875918,0.0,97.09202003880642,862.9157353085322,9877.187403993856,0.0,67.88090179577847,71.02376339795245,84.08404358614737,113.50350995842574,9.506277674731834,330.6407807818332,9832.301520646433,877.9593301808761,593.1162677631014,9839.989823348695,40.68960044439153,228.36073002925056,127.09688231509864,434.08765813846526,818.5658777056626,0.0,875.7507102528141
precautionary_security_behaviors|WVS_H,9967.719618899475,28.748765693327698,2.7286279084840217,9966.777436527436,4.331762519007164,49.064370492941904,31.427151694775716,40.962496477296455,61.324536372078455,26.11205716115044,915.6905880890008,9975.839580966805,0.0,952.9010663322936,20.219550039017605,0.38197163858992766,9955.601271322084,54.748992373595165,11.430690753624585,9962.329777026256,0.0,94.78294098660416,34.304321248883255,9962.53645560373,48.282248377740046,0.0,417.8502150342704,0.0,316.81922196796336,9969.179412025935,0.0,0.0,4.950816426226261,0.0,5.72138556457573,18.889102764611053,0.0,67.88090179577847,0.0,15.411282972202471,7.469937814875728,0.0,9.270333842659632,44.96402877697841,44.14759956261804,0.0,12.272889250735844,6.789974646788593,9951.875966361302,98.36697238403782,182.85439589787416,26.851820868886293,835.5173355173354,0.0,15.237870118441919
religion_versus_secularism_orientation|WVS_F,18.07376915956104,61.87920995547438,27.986613061511505,16.85285286141052,20.871319662417747,249.41358501173983,38.17384695861028,9963.598686605052,153.38046379849004,30.278997459551093,1.9898032614880634,17.356202878099744,153.81293610902654,41.88231734428554,28.70237991131681,28.921786658002347,137.2436131928323,31.761309237245875,26.281052428814178,13.241346111423447,0.0,60.3074018751393,548.6489596014085,91.5630405450064,229.49677516242156,0.0,116.7413759561722,9969.052997758192,912.9947021696128,97.16749975497405,0.0,0.0,49.78956794793015,0.0,0.49783245794668574,32.93510172653386,4.680401735343889,71.02376339795245,15.411282972202471,0.0,9962.16308982304,9973.749206843755,9965.758143029829,327.4235432837791,122.98074826415137,9970.829481352323,14.242320198308512,102.34576800624737,951.7671272832042,937.1557626558831,9950.280999003342,705.2202861520442,758.5839198123267,0.0,5.808026030368765
religious_belief|WVS_F,14.790829542234405,1.3300973376692724,9.922316232370036,417.81838656838653,0.0,15.258412636351153,37.9520589549771,9960.27002204798,0.0,22.846153200463093,3.3876027384862653,0.0,144.51837726475614,61.03187902985677,341.9408067762873,0.0,0.0,24.521021178474413,0.0,91.75885430066032,0.0,0.0,0.0,0.0,92.16106899451867,0.0,70.64672656690234,9970.215475089202,0.0,0.0,4.865025075876719,0.0,32.78179253306443,0.0,53.50412846652979,0.0,0.0,84.08404358614737,7.469937814875728,9962.16308982304,0.0,9976.684993888523,9971.695894080676,0.0,13.610572996269013,9973.979248899745,0.0,16.65045303192761,24.707646992357212,0.0,9960.491099598516,0.0,510.157216039569,0.0,0.0
religious_exclusivism|WVS_F,0.0,0.0,0.0,3.604867803348437,0.0,7.80293946773137,1.5493915467936645,9976.73560937971,0.0,0.0,80.56812453941352,0.0,0.0,23.820837743416234,0.0,0.0,0.0,0.0,0.0,10.8182090209094,0.0,0.0,0.0,0.0,0.0,0.0,22.9171616799744,9980.475547641352,24.626790880515472,0.0,0.0,0.0,0.402586969490649,0.0,0.0,0.0,0.0,113.50350995842574,0.0,9973.749206843755,9976.684993888523,0.0,9979.776024747314,0.0,0.0,9983.96640412698,0.0,0.0,964.4849690817728,0.0,9965.301858896923,0.0,68.25763912378085,0.0,0.0
religious_practice_and_self_identification|WVS_F,6.828867966081994,0.0,5.337278337364079,249.2054162312783,0.0,1.2742432008989226,23.082404125890207,9968.424728478549,0.0,17.894197860242002,0.0,0.0,266.231438812084,45.874428686297804,188.5310290652003,0.0,0.0,19.775282771957023,0.0,89.39038315951518,0.0,0.0,0.0,0.0,32.315036916247166,0.0,63.55722356628495,9973.715690929195,0.0,0.0,2.764774222167901,0.0,31.142579355389728,0.0,42.944436872472856,0.0,0.0,9.506277674731834,9.270333842659632,9965.758143029829,9971.695894080676,9979.776024747314,0.0,0.0,0.0,9977.070279758535,0.0,11.724202980569714,12.765708459310417,0.0,9964.376537150305,0.0,193.2345230893325,0.0,0.0
science_skepticism|WVS_I,42.46062609371961,20.911056389787504,19.232757506569598,93.62143279273545,24.876656915976227,30.736826797227202,27.708329623911652,960.0395754493622,37.2534601245153,88.74442391321068,30.647138959481524,2.708247735518192,932.1595355294712,195.64421819989022,894.7183716441481,25.218619097614265,12.216013470495128,63.22587078075914,2.267468750060509,949.6626724835965,0.0,0.0,0.0,6.174656875505121,61.649105912120696,3.662966181114758,278.87162085328043,8.04925029169874,72.56279377836216,20.82804974226776,1.708411018453944,0.0,38.921706555662915,0.0,70.98562561745459,13.258832596543925,0.0,330.6407807818332,44.96402877697841,327.4235432837791,0.0,0.0,0.0,0.0,10.816922799298624,0.0,6.410845902609175,186.95668465227817,102.25716054010078,27.63791202979162,9.738913274487253,21.67246062996449,206.40576103759003,0.0,16.889921790447637
science_technology_optimism|WVS_E,229.37886521477853,9928.930887825625,9934.48644338118,23.63474866856302,562.3163147956213,0.0,0.0,384.4341739730104,9904.873657667058,9922.083342605987,9897.758648758649,0.0,9914.06859153918,9916.572588413375,9869.852297039717,9936.24998039062,0.0,923.2513759438007,0.0,0.0,30.952081441881653,0.0,35.48644338118022,0.0,9911.78303130769,315.3240563721409,91.43409919104813,935.7035121741004,292.76062331090793,55.76863033003384,9943.285289434158,9945.096174857053,0.0,0.0,205.3585339017349,70.56583715622617,9944.035672325426,9832.301520646433,44.14759956261804,122.98074826415137,13.610572996269013,0.0,0.0,10.816922799298624,0.0,26.19597125000969,171.05004739693825,9912.090610047846,3.6790308731489603,176.55131486220836,688.2726792229055,31.040478948895682,112.7628415237201,0.0,182.57846012345004
