construct,acceptance_of_state_surveillance|WVS_H,authoritarian_governance_tolerance|WVS_E,autocracy_support|WVS_E,basic_needs_deprivation|WVS_H,child_qualities_autonomy_self_expression|WVS_A,child_qualities_conformity_tradition|WVS_A,child_qualities_prosocial_diligence|WVS_A,civic_dishonesty_tolerance|WVS_F,confidence_in_civil_society_organizations|WVS_E,confidence_in_domestic_institutions|WVS_E,confidence_in_international_organizations|WVS_E,crime_victimization|WVS_H,democratic_system_evaluation|WVS_E,democratic_values_importance|WVS_E,economic_ideology|WVS_E,electoral_integrity|WVS_E,existential_threat_worry|WVS_H,familial_duty_obligations|WVS_D,female_income_threat_to_marriage|WVS_D,freedom_security_tradeoff_perception|WVS_H,gender_role_traditionalism|WVS_D,immigrant_origin_status|WVS_G,importance_of_life_domains|WVS_A,institutional_threat_perception|WVS_H,international_organization_knowledge|WVS_E,job_scarcity_gender_discrimination|WVS_C,job_scarcity_nativist_preference|WVS_C,life_autonomy_morality_permissiveness|WVS_F,multilevel_place_attachment|WVS_G,neighborhood_disorder_and_crime|WVS_H,offline_political_participation|WVS_E,online_political_participation|WVS_E,outgroup_trust|WVS_G,perceived_corruption|WVS_E,perceived_negative_effects_of_immigration|WVS_G,perceived_positive_effects_of_immigration|WVS_G,political_information_sources|WVS_E,postmaterialist_values|WVS_E,precautionary_security_behaviors|WVS_H,religion_versus_secularism_orientation|WVS_F,religious_belief|WVS_F,religious_exclusivism|WVS_F,religious_practice_and_self_identification|WVS_F,science_skepticism|WVS_I,science_technology_optimism|WVS_E,sexual_and_reproductive_morality_permissiveness|WVS_F,social_intolerance_outgroups|WVS_A,societal_change_attitudes|WVS_E,socioeconomic_insecurity_worry|WVS_H,subjective_wellbeing|WVS_A,violence_tolerance|WVS_F,voluntary_association_active_membership|WVS_A,voluntary_association_belonging|WVS_A,voting_participation|WVS_E,work_ethic|WVS_C
acceptance_of_state_surveillance|WVS_H,0.0,20.114311223466153,13.669992288413347,9981.16004746127,91.4514309036781,20.435882308738005,23.421865941012545,11.025053272907346,91.37265613270519,26.817218617194037,297.4685787185787,9947.455077531164,28.530033560865792,30.174438171205843,39.10551360704736,4.169772056279772,9981.709287944528,244.75576284786808,0.0,9975.229887914671,0.0,0.0,13.5529981928287,9979.938515709642,10.591204816424149,23.894768921760555,9.425211363144442,36.595105419834184,9.567363750399505,9965.157364500737,71.62081034619081,7.761668576811086,197.71701883473648,0.0,40.65972902547855,965.1192740350814,77.00046256700932,11.725102126316425,9971.0825180384,6.2811720698254305,3.129620516597093,2.817303588430356,76.31831162961959,95.67757929807973,11.27269469660774,0.3829601540869163,19.563659278973212,68.09598152008009,9984.03959276018,12.87633631369096,0.0,25.230804131396077,8.689999784559369,0.0,48.72995973666592
authoritarian_governance_tolerance|WVS_E,20.114311223466153,0.0,9972.280423280423,9.215209684342483,56.2962962962963,67.88975090304484,56.63139664070073,18.580068240713015,9946.732001664586,9936.065112832479,9909.05761005761,124.23092205700902,9971.54296015358,9967.207256492486,9973.96023630993,9979.62730004389,9.675608660848514,498.5215002369539,39.89079335988251,973.4343038690865,85.67538126361656,0.0,115.0045183943489,20.87797439910116,9978.705733130391,522.1553102115163,13.085351113190626,970.4461458360006,12.151196119412191,963.361780455154,9975.232633708014,9979.985269183506,45.00792335344228,0.0,27.863947794823364,963.072878553812,9972.194777511324,9977.989398320253,110.13200441535155,16.19461812457584,18.86265556752229,20.966461075823126,201.78555386666378,225.23493642896628,9967.95141895142,103.14293166405842,478.56773567481525,9972.557278208442,0.0,10.080752268106917,0.0,79.6329870849884,31.53407174025731,0.0,25.076976127482844
autocracy_support|WVS_E,13.669992288413347,9972.280423280423,0.0,13.427164300816564,51.807607337246424,6.956432883112651,8.049248473708435,6.483400349425452,9949.642054574639,9939.486433775024,9911.967662967663,318.93991676600365,9974.453013063632,9970.117309402538,9976.870289219982,9982.537352953943,2.9444811550731202,137.92421971280203,33.991536938732615,18.011023445806053,0.21547080370609706,0.0,4.5559535210052715,56.24095449892337,9981.615786040444,113.8850838819908,3.20241610058412,96.82555171708293,9.77720579175648,53.99113161082089,9978.516245307877,9982.895322093558,26.562932268525117,0.0,42.1406190121954,175.8343982560325,9976.559450708943,9980.899451230307,24.01045840545993,11.858294223034548,0.0,35.475519785378935,44.55543768737061,33.09004428407413,9970.861471861472,4.064464688912487,7.756600477009265,9975.783085775458,0.0,23.48380110337974,0.0,10.352969937167401,3.305896163039023,0.0,23.011310543785257
basic_needs_deprivation|WVS_H,9981.16004746127,9.215209684342483,13.427164300816564,0.0,2.097112030687324,3.001209287767722,2.1292346447255532,0.4423783402919792,34.24547455486257,59.69556951415858,919.2239430851145,9953.95630852074,5.5178685466168425,19.936392272843825,2.6459181402916876,0.0,9987.907796944259,4.664816925051014,957.975795496107,9981.428396914402,969.669474308932,0.0,19.020256461309327,9986.137024709375,0.7771208616963996,3.416087708390098,0.0,0.8434713213503464,0.0,9973.49556641332,6.323773166831698,0.0,52.27055794690193,0.0,0.8889425958712778,17.829410941789494,2.3908907586598716,0.25343001587548386,9977.281027038132,12.670202622307439,0.9007861431040265,36.07208964443875,5.012295983337939,3.8753948966785323,8.714742765965116,47.87500149212673,106.17357547833056,5.8613945637797045,9990.238101759913,6.09792128580883,0.0,3.506737577038823,0.0,0.0,0.0
child_qualities_autonomy_self_expression|WVS_A,91.4514309036781,56.2962962962963,51.807607337246424,2.097112030687324,0.0,9983.585698420167,9983.939215350041,0.3773701320207987,146.9167150453771,157.74005621280241,98.82800642524487,0.0,33.43331118549427,49.688822710861245,6.844402313634209,3.301325778474009,3.6967726820125346,0.0,12.032578979977991,5.200023076666149,12.68425649829824,0.0,9977.985844965486,0.0,0.0,0.0,0.0,0.0,3.2302979194835935,0.0,2.5701929293175425,0.0,22.262535824720295,0.0,8.144038355742683,6.604212972973528,0.0,4.958678070976411,64.49857420445656,433.18773772639105,7.365117034875762,0.0,1.9024954936653344,1.3380399890900705,392.30247728903225,0.0,9958.240775981241,5.615057944474231,0.0,9978.106309190343,0.0,9983.526005869364,9985.939894537132,0.0,0.0
child_qualities_conformity_tradition|WVS_A,20.435882308738005,67.88975090304484,6.956432883112651,3.001209287767722,9983.585698420167,0.0,9984.680002623198,0.0,16.32541976693843,29.76405441194173,81.68503810972732,60.656422985932494,8.141264680671053,11.223735547169728,13.836067633017091,0.43282811023750867,0.0,6.385560252588547,117.3183935774318,0.0,224.51492811645736,0.0,9978.72663223864,6.405555439976142,0.0,4.598412121727957,0.0,13.786225073784529,1.8771496540476882,23.950850440132598,0.0,0.0,0.0,0.0,13.828394325848713,14.759730844251251,6.275488311561627,1.4309805130098354,23.88603575615545,25.80774815421601,0.0,20.8543677875944,7.683202926502094,0.7761176262032201,31.936264949558897,114.54047607489679,9960.61755444726,3.346906594790436,0.0,9979.609673707002,0.0,9984.26679314252,9986.680681810289,0.0,1.1867151781592824
child_qualities_prosocial_diligence|WVS_A,23.421865941012545,56.63139664070073,8.049248473708435,2.1292346447255532,9983.939215350041,9984.680002623198,0.0,0.0,24.668844182094716,52.35517518003999,38.58605652093705,27.052760814379653,10.760829056920088,7.677007071638471,8.002636960342151,0.0,0.0,1.6467489890498008,45.14864832887175,0.0,968.196250053632,0.0,9979.080149168516,0.7467567135006696,0.0,0.0,0.0,3.458214080751837,0.261363351828674,3.1980180328770125,0.0,0.0,0.0,0.0,11.280808836804066,8.557433959238132,0.3369574218727358,0.44608083029514667,17.13038342799303,29.98846982612055,0.0,1.6764924196919964,1.3182555053711482,0.0,48.672560868561725,328.9177687080421,9961.278850653955,2.499186250272345,0.0,9979.701252054432,0.0,9984.620310072394,9987.034198740164,0.0,0.0
civic_dishonesty_tolerance|WVS_F,11.025053272907346,18.580068240713015,6.483400349425452,0.4423783402919792,0.3773701320207987,0.0,0.0,0.0,32.498193002969636,129.4934809246486,20.481378781439233,12.006679004481569,8.378192375847977,7.419169202252483,4.490565542932149,0.0,0.0,0.0,93.1613268533429,0.0,121.64054072663012,0.0,6.749701947561807,0.0,0.0,0.8035767221789207,0.0,9981.076604471067,0.0,2.5400746596398776,0.0,0.0,2.6457289061332077,0.0,4.368198581339719,4.115101894761246,0.0,0.0,11.099401487603934,9981.166365202873,9988.490185688106,9972.018367465722,9983.643615993818,0.0,31.592916260983102,9973.78608279854,24.44197632171462,0.963286734337558,0.0,14.076932092782044,0.0,0.0,0.0,0.0,0.0
confidence_in_civil_society_organizations|WVS_E,91.37265613270519,9946.732001664586,9949.642054574639,34.24547455486257,146.9167150453771,16.32541976693843,24.668844182094716,32.498193002969636,0.0,9914.738210356667,9886.773936197736,548.021124779796,9948.904591447796,9944.568887786701,9951.355988651783,9956.988931338106,7.526591474566352,237.61336636282297,363.3941678604426,77.3782136443147,526.2723066754792,0.0,21.692402599323877,431.6950391487502,9956.155593712852,110.22755077073646,14.04925060233424,950.1395157212681,44.35259664465996,710.3633531664368,9953.781428824259,9957.456448720863,122.67068784698976,0.0,150.7391358619091,942.7662484390795,9951.824634225322,9955.528931696199,240.76621234585545,70.55991626006956,3.4246565713339336,252.35446561313114,452.7065272440194,109.41275764036958,9945.399922213039,56.5582028050173,77.06371110132699,9951.04826929184,0.0,64.17837819499607,0.0,39.32373090541524,19.05369937934016,0.0,37.2669500647823
confidence_in_domestic_institutions|WVS_E,26.817218617194037,9936.065112832479,9939.486433775024,59.69556951415858,157.74005621280241,29.76405441194173,52.35517518003999,129.4934809246486,9914.738210356667,0.0,9878.309205151902,391.38697647733795,9939.21467271752,9934.630040405033,9941.721064680092,9948.174342378226,0.0,64.21537618904152,37.34987767810807,940.8175888439047,97.44836647914852,8.698109465476186,0.0,18.367085890873497,9947.644267609785,938.3213677293745,37.274155279268285,11.933163178148774,159.7643318741636,14.04680628988929,9944.486394249645,9949.19282147995,601.3071895424837,0.0,274.4375452235516,102.6228498911175,9942.189710253631,9945.894007724508,435.98167645492555,7.43831060147356,0.0,0.0,60.71866209585799,266.10847882996904,9935.764998241348,0.0,19.002462184280375,9941.413345320148,0.0,15.63270148410183,0.0,130.8403786735314,84.37441021710684,0.0,173.60394035768863
confidence_in_international_organizations|WVS_E,297.4685787185787,9909.05761005761,9911.967662967663,919.2239430851145,98.82800642524487,81.68503810972732,38.58605652093705,20.481378781439233,9886.773936197736,9878.309205151902,0.0,172.0015343235402,9911.25039855859,9906.894496179726,9913.75679052116,9920.873208758454,921.3591286762019,68.14603636406936,893.6992013423097,3.137562920171618,0.0,10.342510342510337,578.8174250922033,40.94832262979304,9921.447978850418,24.972996178048405,72.44134895622811,626.8260318763607,42.274560888168054,535.1893131743878,9919.22741038489,9923.020323294371,0.0,0.0,913.1399377312873,42.153351678320774,9916.912276402842,9918.979112713725,18.86428357016591,912.4035969422503,100.6156764583731,43.83099667953937,0.0,24.438917053518068,9907.800724082417,906.5775060300608,349.04149306600783,9913.449071161216,12.043890772687803,79.53428961832321,0.0,13.844765483261511,0.0,0.0,586.1657722122839
crime_victimization|WVS_H,9947.455077531164,124.23092205700902,318.93991676600365,9953.95630852074,0.0,60.656422985932494,27.052760814379653,12.006679004481569,548.021124779796,391.38697647733795,172.0015343235402,0.0,62.77461200442189,568.4963796076958,11.224969181237185,22.768397033165577,9954.597755527442,0.0,22.1607338192564,9949.095729825958,0.0,0.0,122.87509514364417,9955.952339076568,21.621662820055363,0.0,0.0,0.0,21.796216538533095,9954.535473655167,66.13082334915251,0.0,940.827916074261,0.0,29.052776362491443,54.055204560539956,0.0,10.144443223172907,9943.576057108026,191.90791939461093,100.31706699689101,0.23783166225998542,33.83556315452474,12.955071374280493,569.240542066629,0.0,62.976456533750905,30.499759174049757,9958.032994550007,161.23546382643545,0.0,41.56823543988884,18.717318539324417,0.0,0.0
democratic_system_evaluation|WVS_E,28.530033560865792,9971.54296015358,9974.453013063632,5.5178685466168425,33.43331118549427,8.141264680671053,10.760829056920088,8.378192375847977,9948.904591447796,9939.21467271752,9911.25039855859,62.77461200442189,0.0,9969.379846275695,9976.132826093139,9981.7998898271,0.4349175353640149,68.11866227544527,203.0880215256434,41.83205921520963,256.96561810564936,0.0,10.034251034701015,33.5070108089698,9980.8783229136,19.078765646042626,1.6617461926784038,88.2523417184848,12.069513081880345,268.6393493268236,9978.25789118511,9982.157858966715,187.55119061188316,0.0,24.235206065899334,324.38556794278963,9976.301096586176,9980.161988103462,140.95104919975444,16.382722971829836,1.989639139478765,84.81285568482748,215.2782277001105,42.998697125405585,9970.124008734629,40.50070663245286,42.976925154007155,9975.524731652691,0.0,9.955049172193604,0.0,16.396616450926707,6.45231314885357,0.0,6.215795293793871
democratic_values_importance|WVS_E,30.174438171205843,9967.207256492486,9970.117309402538,19.936392272843825,49.688822710861245,11.223735547169728,7.677007071638471,7.419169202252483,9944.568887786701,9934.630040405033,9906.894496179726,568.4963796076958,9969.379846275695,0.0,9971.797122432044,9977.464186166006,6.569033825093655,65.24885462213535,112.43781544266302,20.05167779607985,13.45732233078683,0.0,12.001068382010448,60.013431231551905,9976.542619252506,366.18495458959273,3.8762333845829176,803.364679102966,13.155165077447009,675.4843808629836,9973.673258872623,9977.822155305621,21.35039668323298,0.0,72.67178223680416,92.52820835757382,9971.716464273688,9975.826284442368,31.63994914718974,35.91272050130896,1.7916310616182898,584.9798177861737,33.204417898444476,26.835263411296662,9965.788305073535,29.658496464852426,27.608212168207665,9970.940099340203,0.0,62.76038865258725,0.0,10.151279102795321,1.52124857425029,0.0,38.751048866022956
economic_ideology|WVS_E,39.10551360704736,9973.96023630993,9976.870289219982,2.6459181402916876,6.844402313634209,13.836067633017091,8.002636960342151,4.490565542932149,9951.355988651783,9941.721064680092,9913.75679052116,11.224969181237185,9976.132826093139,9971.797122432044,0.0,9984.21716598345,4.503569838502942,12.104526334087694,100.52194972009866,32.37199589560219,36.187233018778585,0.0,93.01631124420709,0.6539445570226334,9983.29559906995,1.7660073546809762,0.26944877848691107,5.940813848726968,5.594174700492111,1.010175101197035,9980.764283147682,9984.575135123065,556.0706544698792,0.0,11.851683018097798,46.084980625099114,9978.807488548748,9982.579264259812,109.01193506751066,50.835634959275694,8.632336803899287,47.48248122687791,19.059460307601107,12.508071510719347,9972.541284890978,25.023683995627607,956.9877418953395,9978.031123615263,0.0,16.380287814014675,0.0,14.740504250993759,4.929775430987695,0.0,1.4332797349747572
electoral_integrity|WVS_E,4.169772056279772,9979.62730004389,9982.537352953943,0.0,3.301325778474009,0.43282811023750867,0.0,0.0,9956.988931338106,9948.174342378226,9920.873208758454,22.768397033165577,9981.7998898271,9977.464186166006,9984.21716598345,0.0,0.0,8.714828503137934,94.42974010941543,3.611552267706454,20.193394680979306,0.0,2.0893445808051645,1.1387148407635141,9988.962662803911,7.847739594380432,0.0,11.11439182258836,0.0,22.58934506658957,9986.26627643555,9990.242198857026,13.17799109029881,0.0,3.3043047583413383,20.29614109541623,9984.309481836615,9988.246327993773,8.362307470371302,4.249882673211847,0.0,527.9554168931344,4.571219816551416,2.398024012130275,9978.20834862494,51.43404937176683,9.406220791922465,9983.53311690313,0.0,2.163904698236877,0.0,0.42771678417940784,0.0,0.0,0.2993259001713948
existential_threat_worry|WVS_H,9981.709287944528,9.675608660848514,2.9444811550731202,9987.907796944259,3.6967726820125346,0.0,0.0,0.0,7.526591474566352,0.0,921.3591286762019,9954.597755527442,0.4349175353640149,6.569033825093655,4.503569838502942,0.0,0.0,8.407155104065438,105.58385950877674,9981.97763739766,35.57819191637296,0.0,0.0,9986.686265192631,0.0,7.54303596639987,0.0,15.427085295131164,0.0,9974.137013420022,0.5035077373239485,0.0,4.50206069844409,0.0,2.2614356045774464,27.11564230260111,11.807878481758117,0.0,9977.830267521389,5.844596443961361,0.0,389.22257513115795,6.783432849782631,2.0196492678844873,3.747277732517585,24.817784467008224,1.6199700117059948,3.0209304621139808,9990.787342243171,5.145241456667389,0.0,0.0,0.0,0.0,0.0
familial_duty_obligations|WVS_D,244.75576284786808,498.5215002369539,137.92421971280203,4.664816925051014,0.0,6.385560252588547,1.6467489890498008,0.0,237.61336636282297,64.21537618904152,68.14603636406936,0.0,68.11866227544527,65.24885462213535,12.104526334087694,8.714828503137934,8.407155104065438,0.0,9961.30983599068,2.8379849856073385,9966.054890542435,0.0,976.2759028763375,0.0,0.0,0.0,0.0,0.0,4.345685397191076,0.0,0.6497349123288778,0.0,7.942594042024606,0.0,18.081408712700377,4.879383371358188,0.0,7.151263558546521,126.85647215445977,63.77068726933606,8.892939040123169,0.0,0.28510514314583446,0.0,74.9666848597487,0.0,148.8385261997866,6.046743084545188,0.0,689.7619640338088,0.0,4.4918007416673795,0.2555934736264742,0.0,0.0
female_income_threat_to_marriage|WVS_D,0.0,39.89079335988251,33.991536938732615,957.975795496107,12.032578979977991,117.3183935774318,45.14864832887175,93.1613268533429,363.3941678604426,37.34987767810807,893.6992013423097,22.1607338192564,203.0880215256434,112.43781544266302,100.52194972009866,94.42974010941543,105.58385950877674,9961.30983599068,0.0,30.098068141941148,9957.970820989407,27.490784781529975,16.378944053257527,0.0,51.303109458374784,0.0,28.913532331634265,0.0,515.4272787910337,0.0,18.995463416787906,50.980587843009175,84.93600128777533,0.0,176.1997829205635,19.460954351800396,0.0,959.767356532631,37.98835616332765,0.0,56.02961701283383,0.0,25.74836023710624,13.081080573952306,6.781204192328374,0.0,23.892457840957988,47.02981339432592,799.2583253339446,23.110714079950398,0.0,122.46296852597746,102.36666012662448,0.0,3.9529369366659424
freedom_security_tradeoff_perception|WVS_H,9975.229887914671,973.4343038690865,18.011023445806053,9981.428396914402,5.200023076666149,0.0,0.0,0.0,77.3782136443147,940.8175888439047,3.137562920171618,9949.095729825958,41.83205921520963,20.05167779607985,32.37199589560219,3.611552267706454,9981.97763739766,2.8379849856073385,30.098068141941148,0.0,551.9746088799798,0.0,9.34100186868666,9980.206865162774,0.0,7.881138762449218,0.0,6.479466743574708,2.9894292215073435,9968.634987718538,0.0,0.0,0.0,0.0,28.609129695573422,8.970260585497783,0.0,5.094806473347326,9971.350867491532,122.8391142831385,0.0,0.0,1.9670039950916518,0.0,305.3486857834684,73.7009549972899,32.927499135633106,4.322042732087851,9984.307942213312,254.02209454091076,0.0,0.0,0.0,0.0,0.2761176104635368
gender_role_traditionalism|WVS_D,0.0,85.67538126361656,0.21547080370609706,969.669474308932,12.68425649829824,224.51492811645736,968.196250053632,121.64054072663012,526.2723066754792,97.44836647914852,0.0,0.0,256.96561810564936,13.45732233078683,36.187233018778585,20.193394680979306,35.57819191637296,9966.054890542435,9957.970820989407,551.9746088799798,0.0,0.0,0.0,5.590385180344601,56.96726576276729,0.0,62.7710217255663,0.0,55.78146512842426,0.0,336.9080149716307,163.59797238444372,82.53843601764477,0.0,198.69682640081123,63.73981199385465,0.0,969.2944092134995,0.0,0.0,0.0,0.0,143.3892660586113,33.107514889780035,29.678965055932743,0.0,0.0,106.71943195883006,26.896845694799662,40.408471080739986,0.0,121.7433354978578,36.959357547592845,0.0,0.0
immigrant_origin_status|WVS_G,0.0,0.0,0.0,0.0,0.0,0.0,0.0,0.0,0.0,8.698109465476186,10.342510342510337,0.0,0.0,0.0,0.0,0.0,0.0,0.0,27.490784781529975,0.0,0.0,0.0,0.0,0.0,0.0,9.401013090368995,0.0,2.4973835972922167,9990.005554764279,5.058315700076292,0.0,0.0,9976.178110069084,0.0,9984.111392227142,9976.138504804312,0.0,0.0,0.0,0.0,0.0,334.1006036217304,0.0,0.0,0.0,812.4021909233177,1.313336358411675,0.0,0.0,0.0,0.0,0.0,0.0,0.0,0.0
importance_of_life_domains|WVS_A,13.5529981928287,115.0045183943489,4.5559535210052715,19.020256461309327,9977.985844965486,9978.72663223864,9979.080149168516,6.749701947561807,21.692402599323877,0.0,578.8174250922033,122.87509514364417,10.034251034701015,12.001068382010448,93.01631124420709,2.0893445808051645,0.0,976.2759028763375,16.378944053257527,9.34100186868666,0.0,0.0,0.0,93.55630046725773,1.4527346657514677,203.2280863039122,2.7512329803442874,29.161146692237782,15.256695969311881,7.5262128861568485,5.753995732909413,1.2834554505079048,3.5435045018188447,0.0,80.37911598444614,681.428784952594,90.83782008948691,3.9472285783768832,22.610330912229344,7.280247667747936,0.0,17.14134075098424,124.14217300123138,30.449632778222686,15.821789485884278,0.0,9957.18645539823,23.373448327150612,0.0,9973.957388431252,0.0,9978.666939687837,9981.080828355607,0.0,25.591828062732958
institutional_threat_perception|WVS_H,9979.938515709642,20.87797439910116,56.24095449892337,9986.137024709375,0.0,6.405555439976142,0.7467567135006696,0.0,431.6950391487502,18.367085890873497,40.94832262979304,9955.952339076568,33.5070108089698,60.013431231551905,0.6539445570226334,1.1387148407635141,9986.686265192631,0.0,0.0,9980.206865162774,5.590385180344601,0.0,93.55630046725773,0.0,0.4149050320994192,0.0,0.0,0.0,0.0,9975.591418026639,0.5341206215369567,0.0,39.95344111390742,0.0,0.24208770823228676,0.0,0.0,2.4852300541929644,9976.059495286505,480.4889185486987,7.374697059230144,0.0,0.0,0.0,976.723980245107,0.0,20.630568100879763,3.9542738912693203,9989.016570008285,35.59775330127433,0.0,2.8167390329486217,0.0,0.0,0.0
international_organization_knowledge|WVS_E,10.591204816424149,9978.705733130391,9981.615786040444,0.7771208616963996,0.0,0.0,0.0,0.0,9956.155593712852,9947.644267609785,9921.447978850418,21.621662820055363,9980.8783229136,9976.542619252506,9983.29559906995,9988.962662803911,0.0,0.0,51.303109458374784,0.0,56.96726576276729,0.0,1.4527346657514677,0.4149050320994192,0.0,5.623793292112932,0.0,2.413778384450172,0.0,0.8167396492889125,9985.563888208751,9989.320631943525,0.0,0.0,6.218277710857532,1.2153744902396326,9983.607093609817,9987.324761080274,8.120821826582954,17.89401392184095,0.0,0.2083535690531626,0.0,0.0,9977.286781711438,70.67678417596652,10.342728885413152,9982.830728676332,0.0,24.70983885144139,0.0,0.0,0.0,0.0,0.0
job_scarcity_gender_discrimination|WVS_C,23.894768921760555,522.1553102115163,113.8850838819908,3.416087708390098,0.0,4.598412121727957,0.0,0.8035767221789207,110.22755077073646,938.3213677293745,24.972996178048405,0.0,19.078765646042626,366.18495458959273,1.7660073546809762,7.847739594380432,7.54303596639987,0.0,0.0,7.881138762449218,0.0,9.401013090368995,203.2280863039122,0.0,5.623793292112932,0.0,9978.41368525965,0.0,16.163327221954617,0.0,4.437051221036281,0.0,45.384252252932995,0.0,16.704171119824213,8.329095794806726,0.0,4.549192911778913,38.84120378816618,30.228710127846554,24.984715058153242,0.0,8.591552421924469,0.0,522.8754679814647,0.0,37.881399523915746,4.7142912507405015,0.0,969.8702936407855,0.0,7.07430520377137,5.871952743946238,0.0,9975.886127269523
job_scarcity_nativist_preference|WVS_C,9.425211363144442,13.085351113190626,3.20241610058412,0.0,0.0,0.0,0.0,0.0,14.04925060233424,37.274155279268285,72.44134895622811,0.0,1.6617461926784038,3.8762333845829176,0.26944877848691107,0.0,0.0,0.0,28.913532331634265,0.0,62.7710217255663,0.0,2.7512329803442874,0.0,0.0,9978.41368525965,0.0,0.0,0.0,0.0,0.0,0.0,0.0,0.0,0.723102988424003,0.5173510294211638,0.0,0.0,12.212745090991167,11.804510634813358,0.0,0.0,0.0,0.0,11.674823767472379,25.808946781565908,16.288082154883128,0.0,0.0,7.86380470362057,0.0,0.0,0.0,0.0,9988.086697775072
life_autonomy_morality_permissiveness|WVS_F,36.595105419834184,970.4461458360006,96.82555171708293,0.8434713213503464,0.0,13.786225073784529,3.458214080751837,9981.076604471067,950.1395157212681,11.933163178148774,626.8260318763607,0.0,88.2523417184848,803.364679102966,5.940813848726968,11.11439182258836,15.427085295131164,0.0,0.0,6.479466743574708,0.0,2.4973835972922167,29.161146692237782,0.0,2.413778384450172,0.0,0.0,0.0,7.239473073609659,0.0,3.6441957593368066,0.0,34.56454342882374,0.0,7.45439904395645,0.97744588550119,0.0,8.543269492378542,157.2927661771509,9971.725408056353,9981.319478331216,9975.825749755155,9976.47290863693,0.0,39.659454290880525,9974.964659722811,5.276319469875709,4.438960077013846,0.0,561.9519789384724,0.0,3.866022662470879,1.4457195890275827,0.0,0.0
multilevel_place_attachment|WVS_G,9.567363750399505,12.151196119412191,9.77720579175648,0.0,3.2302979194835935,1.8771496540476882,0.261363351828674,0.0,44.35259664465996,159.7643318741636,42.274560888168054,21.796216538533095,12.069513081880345,13.155165077447009,5.594174700492111,0.0,0.0,4.345685397191076,515.4272787910337,2.9894292215073435,55.78146512842426,9990.005554764279,15.256695969311881,0.0,0.0,16.163327221954617,0.0,7.239473073609659,0.0,5.9674122174122175,1.7896243910088732,0.0,9972.086152107247,0.0,9980.999299932597,9973.026412509767,2.501004557520943,0.9991353970054231,9.471564740294632,12.889224404164121,0.5503502108720735,23.98382569375206,2.978098158813612,1.8749286918600987,28.942137565778047,69.10706252811516,48.22157338173339,5.142494497897584,0.0,13.655283552114803,0.0,1.36509634553963,0.0,0.0,0.9814593116590675
neighborhood_disorder_and_crime|WVS_H,9965.157364500737,963.361780455154,53.99113161082089,9973.49556641332,0.0,23.950850440132598,3.1980180328770125,2.5400746596398776,710.3633531664368,14.04680628988929,535.1893131743878,9954.535473655167,268.6393493268236,675.4843808629836,1.010175101197035,22.58934506658957,9974.137013420022,0.0,0.0,9968.634987718538,0.0,5.058315700076292,7.5262128861568485,9975.591418026639,0.8167396492889125,0.0,0.0,0.0,5.9674122174122175,0.0,1.1656838832762801,0.0,63.73380302721537,0.0,7.314911999830699,0.0,0.0,10.771206424590218,9961.2783440776,13.784690416717282,147.34258176103418,0.0,0.0,0.0,27.51884894453142,0.0,2.1726145138402018,3.0638894463397754,9977.446016771488,130.10621957870865,0.0,5.6462596029827665,1.2667805135359949,0.0,0.0
offline_political_participation|WVS_E,71.62081034619081,9975.232633708014,9978.516245307877,6.323773166831698,2.5701929293175425,0.0,0.0,0.0,9953.781428824259,9944.486394249645,9919.22741038489,66.13082334915251,9978.25789118511,9973.673258872623,9980.764283147682,9986.26627643555,0.5035077373239485,0.6497349123288778,18.995463416787906,0.0,336.9080149716307,0.0,5.753995732909413,0.5341206215369567,9985.563888208751,4.437051221036281,0.0,3.6441957593368066,1.7896243910088732,1.1656838832762801,0.0,9986.864743216762,0.0,0.0,20.63326031732321,2.9437737042102157,9981.232928721223,9984.937226192098,17.343290157464388,121.4357634497973,0.0,0.0,0.0,0.0,9974.80821670894,43.64571787751924,15.921846402827065,9980.456563787739,0.0,455.2331227925369,0.0,0.0,0.0,0.0,2.381234273640608
online_political_participation|WVS_E,7.761668576811086,9979.985269183506,9982.895322093558,0.0,0.0,0.0,0.0,0.0,9957.456448720863,9949.19282147995,9923.020323294371,0.0,9982.157858966715,9977.822155305621,9984.575135123065,9990.242198857026,0.0,0.0,50.980587843009175,0.0,163.59797238444372,0.0,1.2834554505079048,0.0,9989.320631943525,0.0,0.0,0.0,0.0,0.0,9986.864743216762,0.0,0.0,0.0,1.1534727847428634,0.0,9984.907948617827,9988.612246088704,5.218288502153726,10.803783540672942,0.0,0.0,0.0,0.0,9978.566317764555,34.130579637717375,9.23930397140876,9984.131583684342,0.0,11.885169718001166,0.0,0.0,0.0,0.0,0.0
outgroup_trust|WVS_G,197.71701883473648,45.00792335344228,26.562932268525117,52.27055794690193,22.262535824720295,0.0,0.0,2.6457289061332077,122.67068784698976,601.3071895424837,0.0,940.827916074261,187.55119061188316,21.35039668323298,556.0706544698792,13.17799109029881,4.50206069844409,7.942594042024606,84.93600128777533,0.0,82.53843601764477,9976.178110069084,3.5435045018188447,39.95344111390742,0.0,45.384252252932995,0.0,34.56454342882374,9972.086152107247,63.73380302721537,0.0,0.0,0.0,0.0,9965.218507562358,9958.44820150936,9.456269300258406,22.769724716445484,40.02001635702966,964.709282138909,0.0,0.0,7.2971842165069205,3.9010647167622245,48.086190465212894,235.81511911844257,21.769802287634022,6.743327266798204,0.0,157.48100045600756,0.0,0.0,0.0,0.0,14.868077855991082
perceived_corruption|WVS_E,0.0,0.0,0.0,0.0,0.0,0.0,0.0,0.0,0.0,0.0,0.0,0.0,0.0,0.0,0.0,0.0,0.0,0.0,0.0,0.0,0.0,0.0,0.0,0.0,0.0,0.0,0.0,0.0,0.0,0.0,0.0,0.0,0.0,0.0,0.0,0.0,0.0,0.0,0.0,0.0,0.0,0.0,0.0,0.0,0.0,0.0,0.0,0.0,0.0,0.0,0.0,0.0,0.0,0.0,0.0
perceived_negative_effects_of_immigration|WVS_G,40.65972902547855,27.863947794823364,42.1406190121954,0.8889425958712778,8.144038355742683,13.828394325848713,11.280808836804066,4.368198581339719,150.7391358619091,274.4375452235516,913.1399377312873,29.052776362491443,24.235206065899334,72.67178223680416,11.851683018097798,3.3043047583413383,2.2614356045774464,18.081408712700377,176.1997829205635,28.609129695573422,198.69682640081123,9984.111392227142,80.37911598444614,0.24208770823228676,6.218277710857532,16.704171119824213,0.723102988424003,7.45439904395645,9980.999299932597,7.314911999830699,20.63326031732321,1.1534727847428634,9965.218507562358,0.0,0.0,9967.13224997263,9.637176639377117,6.108008290282378,79.1032509248828,44.753599625565045,8.108015348431604,58.67841107191566,16.983034614146177,14.243044888206178,36.70098868165485,31.926944681904885,955.3708891054661,20.517719101251636,0.0,26.129776464056924,0.0,13.44300423948961,4.809138096139904,0.0,4.4802867383512535
perceived_positive_effects_of_immigration|WVS_G,965.1192740350814,963.072878553812,175.8343982560325,17.829410941789494,6.604212972973528,14.759730844251251,8.557433959238132,4.115101894761246,942.7662484390795,102.6228498911175,42.153351678320774,54.055204560539956,324.38556794278963,92.52820835757382,46.084980625099114,20.29614109541623,27.11564230260111,4.879383371358188,19.460954351800396,8.970260585497783,63.73981199385465,9976.138504804312,681.428784952594,0.0,1.2153744902396326,8.329095794806726,0.5173510294211638,0.97744588550119,9973.026412509767,0.0,2.9437737042102157,0.0,9958.44820150936,0.0,9967.13224997263,0.0,0.0,25.204097088971388,117.49025361194333,310.1797269810606,22.565258668075323,0.0,5.686829966840364,4.920132919475755,115.30818783891186,5.217081248489883,947.3980016826365,20.46179156582528,0.0,966.3434175386367,0.0,10.419080627362163,2.569647711055172,0.0,9.07353688165923
political_information_sources|WVS_E,77.00046256700932,9972.194777511324,9976.559450708943,2.3908907586598716,0.0,6.275488311561627,0.3369574218727358,0.0,9951.824634225322,9942.189710253631,9916.912276402842,0.0,9976.301096586176,9971.716464273688,9978.807488548748,9984.309481836615,11.807878481758117,0.0,0.0,0.0,0.0,0.0,90.83782008948691,0.0,9983.607093609817,0.0,0.0,0.0,2.501004557520943,0.0,9981.232928721223,9984.907948617827,9.456269300258406,0.0,9.637176639377117,0.0,0.0,9982.980431593163,249.88911891154802,28.450817306017434,14.678187339722333,0.0,0.0,0.0,9972.851422110003,0.0,44.41290920801055,9978.499769188804,0.0,203.6745305976075,0.0,1.3289779517975084,0.0,0.0,0.0
postmaterialist_values|WVS_E,11.725102126316425,9977.989398320253,9980.899451230307,0.25343001587548386,4.958678070976411,1.4309805130098354,0.44608083029514667,0.0,9955.528931696199,9945.894007724508,9918.979112713725,10.144443223172907,9980.161988103462,9975.826284442368,9982.579264259812,9988.246327993773,0.0,7.151263558546521,959.767356532631,5.094806473347326,969.2944092134995,0.0,3.9472285783768832,2.4852300541929644,9987.324761080274,4.549192911778913,0.0,8.543269492378542,0.9991353970054231,10.771206424590218,9984.937226192098,9988.612246088704,22.769724716445484,0.0,6.108008290282378,25.204097088971388,9982.980431593163,0.0,30.53754089006774,10.07101738880164,0.0,99.21539118609994,11.79528550571477,4.1992707139755865,9976.570446901302,528.428626280608,29.691515002320713,9982.204066659679,0.0,7.051936466825094,0.0,1.8305302124930733,0.0,0.0,0.0
precautionary_security_behaviors|WVS_H,9971.0825180384,110.13200441535155,24.01045840545993,9977.281027038132,64.49857420445656,23.88603575615545,17.13038342799303,11.099401487603934,240.76621234585545,435.98167645492555,18.86428357016591,9943.576057108026,140.95104919975444,31.63994914718974,109.01193506751066,8.362307470371302,9977.830267521389,126.85647215445977,37.98835616332765,9971.350867491532,0.0,0.0,22.610330912229344,9976.059495286505,8.120821826582954,38.84120378816618,12.212745090991167,157.2927661771509,9.471564740294632,9961.2783440776,17.343290157464388,5.218288502153726,40.02001635702966,0.0,79.1032509248828,117.49025361194333,249.88911891154802,30.53754089006774,0.0,28.45110269563841,5.454687104406762,103.91663814364726,29.926565357625428,38.25406415397636,146.43941114529352,24.14621615371307,41.25859991366717,57.21960454275139,9980.160572337043,59.05346862599329,0.0,19.06192587026545,8.490042426694014,0.0,101.8237284291741
religion_versus_secularism_orientation|WVS_F,6.2811720698254305,16.19461812457584,11.858294223034548,12.670202622307439,433.18773772639105,25.80774815421601,29.98846982612055,9981.166365202873,70.55991626006956,7.43831060147356,912.4035969422503,191.90791939461093,16.382722971829836,35.91272050130896,50.835634959275694,4.249882673211847,5.844596443961361,63.77068726933606,0.0,122.8391142831385,0.0,0.0,7.280247667747936,480.4889185486987,17.89401392184095,30.228710127846554,11.804510634813358,9971.725408056353,12.889224404164121,13.784690416717282,121.4357634497973,10.803783540672942,964.709282138909,0.0,44.753599625565045,310.1797269810606,28.450817306017434,10.07101738880164,28.45110269563841,0.0,9981.146142452162,9963.488918548699,9975.858813478577,290.08092331360655,4.300706166092205,9965.60002965981,17.491014846777645,109.23659842641459,0.0,9.539975591234004,0.0,29.443108138147533,17.055889094542458,0.0,82.29396801789899
religious_belief|WVS_F,3.129620516597093,18.86265556752229,0.0,0.9007861431040265,7.365117034875762,0.0,0.0,9988.490185688106,3.4246565713339336,0.0,100.6156764583731,100.31706699689101,1.989639139478765,1.7916310616182898,8.632336803899287,0.0,0.0,8.892939040123169,56.02961701283383,0.0,0.0,0.0,0.0,7.374697059230144,0.0,24.984715058153242,0.0,9981.319478331216,0.5503502108720735,147.34258176103418,0.0,0.0,0.0,0.0,8.108015348431604,22.565258668075323,14.678187339722333,0.0,5.454687104406762,9981.146142452162,0.0,9971.847542929852,9983.886489853967,1.4457798316382373,7.734403773424567,9972.683827972322,0.0,2.085374758929742,0.0,7.610168461568794,0.0,0.0,0.0,0.0,0.8364549965496675
religious_exclusivism|WVS_F,2.817303588430356,20.966461075823126,35.475519785378935,36.07208964443875,0.0,20.8543677875944,1.6764924196919964,9972.018367465722,252.35446561313114,0.0,43.83099667953937,0.23783166225998542,84.81285568482748,584.9798177861737,47.48248122687791,527.9554168931344,389.22257513115795,0.0,0.0,0.0,0.0,334.1006036217304,17.14134075098424,0.0,0.2083535690531626,0.0,0.0,9975.825749755155,23.98382569375206,0.0,0.0,0.0,0.0,0.0,58.67841107191566,0.0,0.0,99.21539118609994,103.91663814364726,9963.488918548699,9971.847542929852,0.0,9968.877172725715,0.0,0.0,9972.198572743271,4.823143087270708,4.9911390381500595,18.15150500632907,11.249240854401222,0.0,4.94698635086273,1.2673322132724536,0.0,0.0
religious_practice_and_self_identification|WVS_F,76.31831162961959,201.78555386666378,44.55543768737061,5.012295983337939,1.9024954936653344,7.683202926502094,1.3182555053711482,9983.643615993818,452.7065272440194,60.71866209585799,0.0,33.83556315452474,215.2782277001105,33.204417898444476,19.059460307601107,4.571219816551416,6.783432849782631,0.28510514314583446,25.74836023710624,1.9670039950916518,143.3892660586113,0.0,124.14217300123138,0.0,0.0,8.591552421924469,0.0,9976.47290863693,2.978098158813612,0.0,0.0,0.0,7.2971842165069205,0.0,16.983034614146177,5.686829966840364,0.0,11.79528550571477,29.926565357625428,9975.858813478577,9983.886489853967,9968.877172725715,0.0,0.0,98.73331512870026,9970.512570965126,957.3382804875764,9.86946708554867,0.0,233.73309589823944,0.0,3.6761419546456757,0.0,0.0,2.5302992030826665
science_skepticism|WVS_I,95.67757929807973,225.23493642896628,33.09004428407413,3.8753948966785323,1.3380399890900705,0.7761176262032201,0.0,0.0,109.41275764036958,266.10847882996904,24.438917053518068,12.955071374280493,42.998697125405585,26.835263411296662,12.508071510719347,2.398024012130275,2.0196492678844873,0.0,13.081080573952306,0.0,33.107514889780035,0.0,30.449632778222686,0.0,0.0,0.0,0.0,0.0,1.8749286918600987,0.0,0.0,0.0,3.9010647167622245,0.0,14.243044888206178,4.920132919475755,0.0,4.1992707139755865,38.25406415397636,290.08092331360655,1.4457798316382373,0.0,0.0,0.0,296.7701906863407,6.115874149929873,157.7945108839266,2.7211877983580592,0.0,127.29868066629638,0.0,0.0,0.0,0.0,0.0
science_technology_optimism|WVS_E,11.27269469660774,9967.95141895142,9970.861471861472,8.714742765965116,392.30247728903225,31.936264949558897,48.672560868561725,31.592916260983102,9945.399922213039,9935.764998241348,9907.800724082417,569.240542066629,9970.124008734629,9965.788305073535,9972.541284890978,9978.20834862494,3.747277732517585,74.9666848597487,6.781204192328374,305.3486857834684,29.678965055932743,0.0,15.821789485884278,976.723980245107,9977.286781711438,522.8754679814647,11.674823767472379,39.659454290880525,28.942137565778047,27.51884894453142,9974.80821670894,9978.566317764555,48.086190465212894,0.0,36.70098868165485,115.30818783891186,9972.851422110003,9976.570446901302,146.43941114529352,4.300706166092205,7.734403773424567,0.0,98.73331512870026,296.7701906863407,0.0,0.2882748768173613,47.18552161044222,9972.07505717652,0.0,2.156568623580963,0.0,86.20701523482781,40.842595254723264,0.0,45.48607562626456
sexual_and_reproductive_morality_permissiveness|WVS_F,0.3829601540869163,103.14293166405842,4.064464688912487,47.87500149212673,0.0,114.54047607489679,328.9177687080421,9973.78608279854,56.5582028050173,0.0,906.5775060300608,0.0,40.50070663245286,29.658496464852426,25.023683995627607,51.43404937176683,24.817784467008224,0.0,0.0,73.7009549972899,0.0,812.4021909233177,0.0,0.0,70.67678417596652,0.0,25.808946781565908,9974.964659722811,69.10706252811516,0.0,43.64571787751924,34.130579637717375,235.81511911844257,0.0,31.926944681904885,5.217081248489883,0.0,528.428626280608,24.14621615371307,9965.60002965981,9972.683827972322,9972.198572743271,9970.512570965126,6.115874149929873,0.2882748768173613,0.0,0.0,34.10761727990683,976.3068084166073,23.88223748739786,0.0,249.2536209410347,104.38031290699503,0.0,0.0
social_intolerance_outgroups|WVS_A,19.563659278973212,478.56773567481525,7.756600477009265,106.17357547833056,9958.240775981241,9960.61755444726,9961.278850653955,24.44197632171462,77.06371110132699,19.002462184280375,349.04149306600783,62.976456533750905,42.976925154007155,27.608212168207665,956.9877418953395,9.406220791922465,1.6199700117059948,148.8385261997866,23.892457840957988,32.927499135633106,0.0,1.313336358411675,9957.18645539823,20.630568100879763,10.342728885413152,37.881399523915746,16.288082154883128,5.276319469875709,48.22157338173339,2.1726145138402018,15.921846402827065,9.23930397140876,21.769802287634022,0.0,955.3708891054661,947.3980016826365,44.41290920801055,29.691515002320713,41.25859991366717,17.491014846777645,0.0,4.823143087270708,957.3382804875764,157.7945108839266,47.18552161044222,0.0,0.0,91.81515767053082,3.8146707726996283,9954.061959095177,0.0,9959.226851758303,9963.426108450623,0.0,460.59789030020926
