construct,acceptance_of_state_surveillance|WVS_H,authoritarian_governance_tolerance|WVS_E,autocracy_support|WVS_E,basic_needs_deprivation|WVS_H,child_qualities_autonomy_self_expression|WVS_A,child_qualities_conformity_tradition|WVS_A,child_qualities_prosocial_diligence|WVS_A,civic_dishonesty_tolerance|WVS_F,confidence_in_civil_society_organizations|WVS_E,confidence_in_domestic_institutions|WVS_E,confidence_in_international_organizations|WVS_E,crime_victimization|WVS_H,democratic_system_evaluation|WVS_E,democratic_values_importance|WVS_E,economic_ideology|WVS_E,electoral_integrity|WVS_E,existential_threat_worry|WVS_H,familial_duty_obligations|WVS_D,female_income_threat_to_marriage|WVS_D,freedom_security_tradeoff_perception|WVS_H,gender_role_traditionalism|WVS_D,immigrant_origin_status|WVS_G,importance_of_life_domains|WVS_A,institutional_threat_perception|WVS_H,international_organization_knowledge|WVS_E,job_scarcity_gender_discrimination|WVS_C,job_scarcity_nativist_preference|WVS_C,life_autonomy_morality_permissiveness|WVS_F,multilevel_place_attachment|WVS_G,neighborhood_disorder_and_crime|WVS_H,offline_political_participation|WVS_E,online_political_participation|WVS_E,outgroup_trust|WVS_G,perceived_corruption|WVS_E,perceived_negative_effects_of_immigration|WVS_G,perceived_positive_effects_of_immigration|WVS_G,political_information_sources|WVS_E,postmaterialist_values|WVS_E,precautionary_security_behaviors|WVS_H,religion_versus_secularism_orientation|WVS_F,religious_belief|WVS_F,religious_exclusivism|WVS_F,religious_practice_and_self_identification|WVS_F,science_skepticism|WVS_I,science_technology_optimism|WVS_E,sexual_and_reproductive_morality_permissiveness|WVS_F,social_intolerance_outgroups|WVS_A,societal_change_attitudes|WVS_E,socioeconomic_insecurity_worry|WVS_H,subjective_wellbeing|WVS_A,violence_tolerance|WVS_F,voluntary_association_active_membership|WVS_A,voluntary_association_belonging|WVS_A,voting_participation|WVS_E,work_ethic|WVS_C
acceptance_of_state_surveillance|WVS_H,0.0,9999.0,43.688458212637286,9999.0,33.557046979865774,42.31133429251108,45.48729031594114,28.482570785732538,47.90669788803294,80.70526176926452,48.562892070873104,28.72481147833811,45.020491389578666,57.65343252203445,122.5306590789923,32.87560942881424,44.58145636770201,37.0714873080708,38.83453765943854,46.60900614493832,36.231884057971016,21.09704641350211,33.20358394376845,26.965591014441078,40.70488955075702,32.89473684210526,29.354684728943894,42.66983773045361,39.32760429449996,27.515531650986063,41.063318035249175,32.22051693630522,37.37065154133884,70.48872180451127,40.54529696184834,41.173068413476216,48.84916956373661,53.67033631578224,37.784896367127885,57.993712812593884,42.961655496992655,39.394118084081406,46.20653092231921,47.67646747726349,67.02466244899924,35.241317983516254,9999.0,44.482570785732534,26.357435682308,91.51958162476971,9999.0,42.23052694631524,35.67430588872077,9999.0,40.61682256182999
authoritarian_governance_tolerance|WVS_E,9999.0,0.0,9999.0,9999.0,9999.0,9999.0,9999.0,9999.0,9999.0,9999.0,9999.0,9999.0,9999.0,9999.0,9999.0,9999.0,9999.0,9999.0,9999.0,9999.0,9999.0,9999.0,9999.0,9999.0,9999.0,9999.0,9999.0,9999.0,9999.0,9999.0,9999.0,9999.0,9999.0,9999.0,9999.0,9999.0,9999.0,9999.0,9999.0,9999.0,9999.0,9999.0,9999.0,9999.0,9999.0,9999.0,9999.0,9999.0,9999.0,9999.0,9999.0,9999.0,9999.0,9999.0,9999.0
autocracy_support|WVS_E,43.688458212637286,9999.0,0.0,9999.0,18.484288354898336,29.498525073746315,46.981655701574205,24.525267134645837,35.63694701699096,61.15398979210756,34.8509004661913,30.219176863971185,39.83703389097316,42.58067389706701,117.04231058545864,27.70446651373178,36.03615302703686,30.523634667532455,32.790440000105775,28.248587570621467,22.22222222222222,22.59141179913518,28.759593958900716,28.459956400074148,38.976044175350935,22.675736961451246,27.608375946139212,31.152647975077883,30.301191142521247,29.009897036619137,28.49986231039387,24.878150247481457,24.691358024691358,56.79846460010906,30.207617780455195,31.437656230546004,32.821590260706344,43.359910245445604,32.296547873594214,50.65134612377012,35.61928880816889,18.050541516245488,38.864164233495444,29.069767441860463,50.94527835835075,27.21791280904681,9999.0,33.211828855634714,17.33102253032929,90.86043429503518,9999.0,28.08988764044944,28.08988764044944,9999.0,29.14526916513288
basic_needs_deprivation|WVS_H,9999.0,9999.0,9999.0,0.0,9999.0,9999.0,9999.0,9999.0,9999.0,9999.0,9999.0,9999.0,9999.0,9999.0,9999.0,9999.0,9999.0,9999.0,9999.0,9999.0,9999.0,9999.0,9999.0,9999.0,9999.0,9999.0,9999.0,9999.0,9999.0,9999.0,9999.0,9999.0,9999.0,9999.0,9999.0,9999.0,9999.0,9999.0,9999.0,9999.0,9999.0,9999.0,9999.0,9999.0,9999.0,9999.0,9999.0,9999.0,9999.0,9999.0,9999.0,9999.0,9999.0,9999.0,9999.0
child_qualities_autonomy_self_expression|WVS_A,33.557046979865774,9999.0,18.484288354898336,9999.0,0.0,16.48467924878897,41.771969809121686,10.660980810234543,17.152658662092627,52.337058617505654,16.366612111292962,15.243419414707013,31.02010271637125,24.096385542168672,98.5580222305603,26.237304797773483,18.754801323979905,23.664881980585648,14.306151645207438,20.782351101216214,8.438818565400844,17.38172590668266,27.87732765091895,19.463797711642993,36.989569043937564,7.385524372230429,9.124087591240876,12.820512820512821,22.922787512417834,19.07140974211007,12.919896640826874,6.39386189258312,27.734711455641687,38.314176245210724,11.723329425556859,12.953367875647668,18.01801801801802,24.875621890547265,13.812259518695878,32.16705776887178,17.13500045327055,9.233610341643583,20.379875878597105,21.551724137931036,42.12834718374884,8.73362445414847,9999.0,14.727540500736376,17.85522541455109,87.35861034164358,9999.0,16.40387190259313,24.347183257035546,9999.0,10.660980810234543
child_qualities_conformity_tradition|WVS_A,42.31133429251108,9999.0,29.498525073746315,9999.0,16.48467924878897,0.0,45.604531781447996,15.379024653931925,33.1654027112381,59.39009322700214,30.487804878048777,18.94037487832975,37.959112732829865,40.58106479095765,102.25497769418303,30.955348641470867,22.45175678760264,28.38292582428303,18.410284910282392,24.479306564838947,18.214936247723134,21.21428787900897,33.320825409275315,24.181841555340377,40.822131016263874,14.04494382022472,16.863406408094434,20.540138150354235,26.619742976040566,23.09471852655696,18.281535648994517,10.090817356205854,33.09635046380933,51.63892878263074,18.59421871675007,19.043368833376846,30.959752321981423,39.04494382022472,17.509214982318614,35.864013232494514,20.831955916893286,16.286644951140065,24.07683134221984,25.546767897164123,46.74898106418996,16.025641025641026,9999.0,27.953149661671173,22.345719316990166,91.63682309027658,9999.0,20.100827366215864,28.044138720658278,9999.0,18.48712298173062
child_qualities_prosocial_diligence|WVS_A,45.48729031594114,9999.0,46.981655701574205,9999.0,41.771969809121686,45.604531781447996,0.0,31.775768274669453,51.199895376969856,83.99845925820144,51.856089559810016,32.01800896727503,48.31368887851558,65.86835535129035,125.82385656792923,36.168806917751155,47.87465385663893,40.36468479700771,42.12773514837546,49.90220363387523,44.235367733523915,24.390243902439025,36.49678143270537,30.258788503377993,43.99808703969393,39.227039154664546,32.647882217880806,45.96303521939052,42.620801783436875,30.808729139922978,44.356515524186094,35.51371442524214,40.663849030275756,76.61881760202371,43.838494450785255,44.466265902413134,52.14236705267353,56.963533804719155,41.078093856064804,61.2869103015308,46.254852985929574,42.687315573018324,49.49972841125613,50.96966496620041,70.31785993793615,38.534515472453165,9999.0,47.77576827466945,29.650633171244916,94.81277911370663,9999.0,45.52372443525215,38.967503377657685,9999.0,43.91002005076691
civic_dishonesty_tolerance|WVS_F,28.482570785732538,9999.0,24.525267134645837,9999.0,10.660980810234543,15.379024653931925,31.775768274669453,0.0,21.321961620469086,55.56525672136433,20.080321285140563,7.930214115781126,29.7522233319066,34.75736635240322,94.04808829325977,15.576323987538942,17.649146729122858,13.003901170351106,10.351966873706004,19.676696506359164,14.370859432149322,7.385524372230429,18.622816032887975,8.80281690140845,26.99336750948533,8.912655971479502,7.980845969672786,15.737528091874452,15.723270440251572,8.410428931875526,21.900126957257722,5.288207297726071,18.20746046334738,44.84304932735426,12.062726176115802,13.458950201884251,20.366598778004075,33.9126559714795,9.30232558139535,31.061403174014732,16.029345858413503,12.461808445502255,19.274221283740058,20.74415783868434,38.542091663266696,11.669828229442727,9999.0,16.0,7.194244604316546,77.80805958349804,9999.0,15.298217307736081,21.96278384744909,9999.0,12.51564455569462
confidence_in_civil_society_organizations|WVS_E,47.90669788803294,9999.0,35.63694701699096,9999.0,17.152658662092627,33.1654027112381,51.199895376969856,21.321961620469086,0.0,69.48971727959828,33.519270773385585,28.08988764044944,48.172761378463875,41.249044204261295,115.37004991372885,36.898285608008024,35.90745998607253,34.325862790820196,31.458810307300062,37.93500976330884,21.73913043478261,26.80965147453083,38.916189004797175,30.124778521877538,46.417494611785735,19.120458891013385,22.371364653243848,29.973171482605448,37.04523206072066,29.73239055234461,30.0725553029195,23.546520554675745,39.52942208381647,55.46683490730335,28.875988087649485,30.106026537740295,35.170676680110645,42.02828055263989,30.624287201864433,49.319716430964405,34.28765911536318,26.38626900373621,37.53253454068973,38.704382800023666,59.28100584584147,22.123893805309734,9999.0,31.880199162829,28.516206224785634,97.23218668579844,9999.0,33.55653056468576,41.38691094974949,9999.0,27.813639472327168
confidence_in_domestic_institutions|WVS_E,80.70526176926452,9999.0,61.15398979210756,9999.0,52.337058617505654,59.39009322700214,83.99845925820144,55.56525672136433,69.48971727959828,0.0,63.10344827586207,59.12660694576215,64.88994065058974,76.43344415967434,140.30131826741996,64.72127007035901,58.8235294117647,67.54043822415969,57.98440065681445,51.81347150259067,56.175343700698676,59.60821535576242,65.77639751552795,64.36807362277278,75.99284773197817,53.13353854667451,57.492056638645465,60.72637021778664,66.80597504347297,63.28095059398936,53.552769070010456,50.27704942363825,64.51612903225806,90.65123486271638,57.4712643678161,58.48806366047745,57.87449702032293,77.21268050805293,55.55555555555556,76.05024529992691,61.018187984325685,43.10344827586207,64.26306340965223,63.55334602637332,75.99818511796732,56.658670355354914,9999.0,62.52092400401742,54.34782608695652,121.22844827586206,9999.0,56.07361688805403,58.87631893832264,9999.0,56.24405274366759
confidence_in_international_organizations|WVS_E,48.562892070873104,9999.0,34.8509004661913,9999.0,16.366612111292962,30.487804878048777,51.856089559810016,20.080321285140563,33.519270773385585,63.10344827586207,0.0,28.01053540092169,41.78649237472767,40.462997653461635,114.12840957840032,35.656645272679505,35.12141343527287,33.08422245549167,28.248587570621467,37.14896321250917,23.094688221709006,27.46584565737099,38.64062360536729,28.88313818654901,47.073688794625895,18.148820326678766,22.172949002217294,28.011204481792713,35.80359172539214,28.49075021701609,29.286508752119836,22.760474003876084,38.287781748487944,54.68078835650368,28.08994153684982,28.409090909090907,34.38463012931098,41.24223400184023,29.382646866535914,48.533669880164744,33.501612564563516,20.0,36.74648798989007,37.918336249224,52.89473684210526,19.267822736030826,9999.0,31.09415261202934,27.274565889457108,97.88838086863859,9999.0,27.855153203342617,35.77287066246057,9999.0,26.315789473684212
crime_victimization|WVS_H,28.72481147833811,9999.0,30.219176863971185,9999.0,15.243419414707013,18.94037487832975,32.01800896727503,7.930214115781126,28.08988764044944,59.12660694576215,28.01053540092169,0.0,31.551210040912558,39.33980495687569,101.01371786010107,19.406328080148135,21.210496953520682,20.04008016032064,17.169025076200434,23.238046730756984,17.932209656547144,7.627765064836003,19.734302595102346,13.49630966577497,27.23560820209091,14.104372355430183,10.040160642570282,19.298878316272273,23.653484556032698,14.046250302319958,26.472479464048458,8.849557522123893,23.901370192672733,51.6983573178362,17.352958882668112,17.802108999294887,28.2968128937852,39.104372355430186,16.267955148236652,34.622753398412556,19.590696082811327,16.023158669900077,22.835571508137882,24.305508063082165,45.507721230108,14.184397163120568,9999.0,23.930214115781126,12.888154333641896,78.0503002761036,9999.0,18.8595675321339,22.205024540054666,9999.0,17.245863147648663
democratic_system_evaluation|WVS_E,45.020491389578666,9999.0,39.83703389097316,9999.0,31.02010271637125,37.959112732829865,48.31368887851558,29.7522233319066,48.172761378463875,64.88994065058974,41.78649237472767,31.551210040912558,0.0,55.11648825853993,105.19566046237566,34.07012644785747,23.752969121140143,36.88929460165814,32.154340836012864,26.246719160104984,34.85838779956427,23.923444976076556,35.125253893026404,25.839793281653748,43.531288113331456,31.816582645540105,32.18108329151834,38.31761617077239,36.666851076646935,30.34193021356051,32.23581316887605,27.86829537662401,26.881720430107528,69.33427896158197,36.15430846668169,36.820846853795004,35.1991602873844,55.89572460691852,20.449897750511248,42.72161267256024,34.942651373699654,21.78649237472767,36.2977582893385,35.587188612099645,49.68966383238259,34.24991630834066,9999.0,41.20396810288301,23.696682464454977,94.34598018734415,9999.0,28.169014084507044,26.315789473684212,9999.0,34.92709684253319
democratic_values_importance|WVS_E,57.65343252203445,9999.0,42.58067389706701,9999.0,24.096385542168672,40.58106479095765,65.86835535129035,34.75736635240322,41.249044204261295,76.43344415967434,40.462997653461635,39.33980495687569,55.11648825853993,0.0,122.65440777272897,50.33369033994216,42.85118686614858,47.76126752275432,38.40253718737611,44.87873664338488,28.901734104046245,41.47811144885133,47.81420765027322,43.560183253811665,61.08595458610623,27.3224043715847,33.22047313340955,36.91689836268149,47.0191730545865,43.16779528427874,37.016282182995546,30.490247434751794,51.83109699781036,62.41056178737939,35.81971496772553,37.04975341781634,42.11440356018669,48.97200743271594,37.90864506086455,56.263443311040454,41.231385995439226,33.32999588381226,44.47626142076578,45.64810968009971,66.22473272591752,32.830009996317145,9999.0,38.82392604290505,41.95161095671976,111.45499588381226,9999.0,40.5002574447618,48.443568799204215,9999.0,34.75736635240322
economic_ideology|WVS_E,122.5306590789923,9999.0,117.04231058545864,9999.0,98.5580222305603,102.25497769418303,125.82385656792923,94.04808829325977,115.37004991372885,140.30131826741996,114.12840957840032,101.01371786010107,105.19566046237566,122.65440777272897,0.0,109.62441228079871,104.52509976937397,106.39078435688606,98.42565327273994,106.55264954661027,101.24681247240042,101.43361266549019,112.67090432614775,102.85090519466821,121.0414558027451,97.71663118750521,99.37916755298438,102.61348113212556,108.69308595781189,102.4585172251353,103.23005106676275,92.16416033797718,112.25554875660715,135.31061614991123,100.6675616985214,101.11671181514816,99.49502524873758,122.71663118750521,84.74576271186442,107.01747763391342,99.23851633505282,99.33776148575336,100.59362325069168,107.62011087893545,113.98552879373577,98.54578126969383,9999.0,110.04808829325977,101.24233289757632,171.8561478767578,9999.0,102.17417034798719,109.62138460241168,9999.0,100.56046596350194
electoral_integrity|WVS_E,32.87560942881424,9999.0,27.70446651373178,9999.0,26.237304797773483,30.955348641470867,36.168806917751155,15.576323987538942,36.898285608008024,64.72127007035901,35.656645272679505,19.406328080148135,34.07012644785747,50.33369033994216,109.62441228079871,0.0,33.2254707166618,23.566056120605655,25.928290861244946,35.253020493898106,29.947183419688265,11.778563015312132,21.80201541197392,14.771048744460858,31.386406152567034,24.488979959018444,20.036201330753915,31.313852079413394,23.34361259559445,17.699115044247787,25.079326336343666,20.864531285265013,21.386659842433325,60.4193733148932,27.639050163654744,29.03527418942319,35.94292276554302,44.35185291759226,24.878649568934293,46.63772716155367,31.605669845952445,28.0381324330412,34.850545271279,36.320481826223286,54.11841565080564,25.502037024249688,9999.0,31.57632398753894,10.37344398340249,82.20109822657973,9999.0,30.874541295275023,26.35582249053079,9999.0,28.091968543233563
existential_threat_worry|WVS_H,44.58145636770201,9999.0,36.03615302703686,9999.0,18.754801323979905,22.45175678760264,47.87465385663893,17.649146729122858,35.90745998607253,58.8235294117647,35.12141343527287,21.210496953520682,23.752969121140143,42.85118686614858,104.52509976937397,33.2254707166618,0.0,30.653047899473965,20.680406985473326,26.74942864002988,21.443591565820036,23.484409954199904,35.59094748446624,26.45196363053131,43.09225309145481,17.913410280924825,19.575946646404002,22.810260225545168,28.8898650512315,25.364840601747893,17.094017094017094,12.360939431396787,28.81844380403458,55.50739524333085,20.864340791941004,21.31349090856778,23.58490566037736,42.91341028092482,19.779337057509547,38.13413530768545,23.10207799208422,17.98561151079137,26.346953417410774,27.816889972355057,35.46099290780142,18.74256036311344,9999.0,31.821616122371278,24.6158413921811,91.72088276565889,9999.0,22.370949441406797,29.58579881656805,9999.0,20.757245056921555
familial_duty_obligations|WVS_D,37.0714873080708,9999.0,30.523634667532455,9999.0,23.664881980585648,28.38292582428303,40.36468479700771,13.003901170351106,34.325862790820196,67.54043822415969,33.08422245549167,20.04008016032064,36.88929460165814,47.76126752275432,106.39078435688606,23.566056120605655,30.653047899473965,0.0,23.35586804405711,32.68059767671027,27.37476060250043,15.974440894568689,24.621183565774594,16.949152542372882,34.83763378222481,21.91655714183061,20.98474714002389,28.74142926222556,26.162780749395125,17.6678445229682,27.89849449014434,18.292108468077178,24.205827996234,57.846950497705365,25.06662734646691,26.462851372235356,33.37049994835518,46.91655714183061,21.645021645021647,43.91673656707064,29.03324702876461,25.465709615853363,29.940119760479043,33.748059009035444,50.884787726892995,24.673729399793835,9999.0,29.003901170351106,13.192612137203165,86.39697610583629,9999.0,28.302118478087188,29.426378370969395,9999.0,25.519545726045727
female_income_threat_to_marriage|WVS_D,38.83453765943854,9999.0,32.790440000105775,9999.0,14.306151645207438,18.410284910282392,42.12773514837546,10.351966873706004,31.458810307300062,57.98440065681445,28.248587570621467,17.169025076200434,32.154340836012864,38.40253718737611,98.42565327273994,25.928290861244946,20.680406985473326,23.35586804405711,0.0,22.70795676270963,17.402119688499788,17.737491245936432,28.97478290659398,19.154783775114453,37.345334383191336,13.871938403604577,15.503875968992247,18.76878834822492,24.84839317391125,18.76239580558153,18.281535648994517,8.319467554076539,28.559427337053386,51.4659233660106,16.822868914620756,17.27201903124753,21.598272138228943,38.871938403604574,13.679890560875513,34.0926634303652,19.06060611476397,14.880952380952381,21.978021978021978,23.77541809503481,42.37288135593221,13.774104683195592,9999.0,26.351966873706004,17.54621147802255,88.16002645720403,9999.0,18.32947756408655,26.272788918528963,9999.0,16.715773179601307
freedom_security_tradeoff_perception|WVS_H,46.60900614493832,9999.0,28.248587570621467,9999.0,20.782351101216214,24.479306564838947,49.90220363387523,19.676696506359164,37.93500976330884,51.81347150259067,37.14896321250917,23.238046730756984,26.246719160104984,44.87873664338488,106.55264954661027,35.253020493898106,26.74942864002988,32.68059767671027,22.70795676270963,0.0,23.471141343056345,25.511959731436207,37.61849726170255,28.479513407767612,45.11980286869111,19.94096005816113,21.60349642364031,24.837810002781474,30.917414828467805,27.3923903789842,15.673981191222571,14.388489208633093,26.17801047120419,57.53494502056715,22.891890569177313,23.34104068580409,26.525198938992045,44.94096005816113,21.806886834745853,40.16168508492176,25.129627769320525,18.76172607879925,28.37450319464708,28.08988764044944,37.735849056603776,20.77011014034975,9999.0,33.849165899607584,26.643391169417406,90.30084686286436,9999.0,24.390243902439025,24.93765586034913,9999.0,22.784794834157864
gender_role_traditionalism|WVS_D,36.231884057971016,9999.0,22.22222222222222,9999.0,8.438818565400844,18.214936247723134,44.235367733523915,14.370859432149322,21.73913043478261,56.175343700698676,23.094688221709006,17.932209656547144,34.85838779956427,28.901734104046245,101.24681247240042,29.947183419688265,21.443591565820036,27.37476060250043,17.402119688499788,23.471141343056345,0.0,19.84512383108489,27.027027027027028,22.13600872239416,39.452966968339794,9.22509225092251,11.587485515643106,16.077170418006432,25.611577754257965,22.086553304774355,17.921146953405017,9.08265213442325,32.3507699542384,46.75299481061157,15.527950310559007,14.792899408284025,24.875621890547265,27.3224043715847,16.50104976053601,34.85584801071191,19.82379069511068,13.071895424836601,23.068666120437236,24.53860267538152,45.74081584240736,11.80637544273908,9999.0,17.761989342806395,21.337554095207565,90.26765904235249,9999.0,18.181818181818183,27.035973498875677,9999.0,14.025245441795231
immigrant_origin_status|WVS_G,21.09704641350211,9999.0,22.59141179913518,9999.0,17.38172590668266,21.21428787900897,24.390243902439025,7.385524372230429,26.80965147453083,59.60821535576242,27.46584565737099,7.627765064836003,23.923444976076556,41.47811144885133,101.43361266549019,11.778563015312132,23.484409954199904,15.974440894568689,17.737491245936432,25.511959731436207,19.84512383108489,0.0,12.106537530266342,5.868544600938967,19.607843137254903,14.836795252225519,8.257638315441783,21.572791316951495,18.23055788099785,6.418485237483954,19.96627162174707,11.123470522803116,16.273605127836728,52.228573699584686,19.44825054834623,20.07602199997411,27.752123150234503,32.57328990228013,16.68784995362578,36.89666639909178,21.86460908349055,18.2970716705793,25.109484508817104,26.579421063761387,45.927616035497124,14.144271570014144,9999.0,23.385524372230428,5.260389268805892,70.4225352112676,9999.0,21.133480532813124,14.57725947521866,9999.0,19.519776148327885
importance_of_life_domains|WVS_A,33.20358394376845,9999.0,28.759593958900716,9999.0,27.87732765091895,33.320825409275315,36.49678143270537,18.622816032887975,38.916189004797175,65.77639751552795,38.64062360536729,19.734302595102346,35.125253893026404,47.81420765027322,112.67090432614775,21.80201541197392,35.59094748446624,24.621183565774594,28.97478290659398,37.61849726170255,27.027027027027028,12.106537530266342,0.0,16.286644951140065,31.714380667521247,20.491803278688522,20.364175845708125,33.67932884721784,24.398740040763386,18.525022767750297,26.134453781512605,23.230008053069458,22.441787287602267,58.08578824109454,30.685542209003778,32.081766234772225,37.703507237380435,40.816326530612244,27.925141614283326,49.00320392935812,33.971146613756886,30.403609200845644,37.21602203908344,38.685958594027724,57.16490769615467,26.250809100280485,9999.0,34.400009120134975,11.428571428571429,82.52907274153394,9999.0,33.24001806307947,26.683797005485005,9999.0,31.138460588582596
institutional_threat_perception|WVS_H,26.965591014441078,9999.0,28.459956400074148,9999.0,19.463797711642993,24.181841555340377,30.258788503377993,8.80281690140845,30.124778521877538,64.36807362277278,28.88313818654901,13.49630966577497,25.839793281653748,43.560183253811665,102.85090519466821,14.771048744460858,26.45196363053131,16.949152542372882,19.154783775114453,28.479513407767612,22.13600872239416,5.868544600938967,16.286644951140065,0.0,25.47638773819387,17.71547287288795,10.548523206751055,24.5403449932829,19.607843137254903,12.28702983842292,21.645021645021647,14.091024199134521,16.233766233766232,53.645866228762706,20.86554307752425,22.2617671032927,29.169415679412523,38.4418345032191,18.1051424828038,39.864220075423184,24.832162759821955,21.264625346910705,28.07703818514851,29.546974740092793,47.344908564675144,17.094017094017094,9999.0,24.80281690140845,11.12893386974486,76.29107981220656,9999.0,24.10103420914453,14.85884101040119,9999.0,21.31846145710307
international_organization_knowledge|WVS_E,40.70488955075702,9999.0,38.976044175350935,9999.0,36.989569043937564,40.822131016263874,43.99808703969393,26.99336750948533,46.417494611785735,75.99284773197817,47.073688794625895,27.23560820209091,43.531288113331456,61.08595458610623,121.0414558027451,31.386406152567034,43.09225309145481,34.83763378222481,37.345334383191336,45.11980286869111,39.452966968339794,19.607843137254903,31.714380667521247,25.47638773819387,0.0,34.444638389480424,27.865481452696685,41.1806344542064,34.615190257213605,26.026328374738856,36.350903997962824,30.73131366005802,32.65823750405248,71.83641683683959,39.056093685601134,39.68386513722901,47.35996628748941,52.181133039535034,36.29569309088068,56.50450953634668,41.47245222074545,37.9049148078342,44.71732764607201,46.18726420101629,65.53545917275203,33.752114707269044,9999.0,42.99336750948533,21.645021645021647,90.0303783485225,9999.0,40.74132367006803,34.185102612473564,9999.0,39.12761928558279
job_scarcity_gender_discrimination|WVS_C,32.89473684210526,9999.0,22.675736961451246,9999.0,7.385524372230429,14.04494382022472,39.227039154664546,8.912655971479502,19.120458891013385,53.13353854667451,18.148820326678766,14.104372355430183,31.816582645540105,27.3224043715847,97.71663118750521,24.488979959018444,17.913410280924825,21.91655714183061,13.871938403604577,19.94096005816113,9.22509225092251,14.836795252225519,20.491803278688522,17.71547287288795,34.444638389480424,0.0,12.767478064535254,13.315579227696405,22.08139646936275,17.323084903355028,15.408320493066256,5.5524708495280395,27.120116434826883,37.59398496240602,11.668611435239207,12.239902080783354,17.21170395869191,25.0,12.970868475640799,31.3256667258167,16.29360941021547,10.030090270812437,19.538484835542025,21.00842139048631,42.210634557512144,8.431703204047217,9999.0,13.908205841446453,16.106900575796047,85.25933046349311,9999.0,14.513788098693759,23.505792213980463,9999.0,13.94877647505281
job_scarcity_nativist_preference|WVS_C,29.354684728943894,9999.0,27.608375946139212,9999.0,9.124087591240876,16.863406408094434,32.647882217880806,7.980845969672786,22.371364653243848,57.492056638645465,22.172949002217294,10.040160642570282,32.18108329151834,33.22047313340955,99.37916755298438,20.036201330753915,19.575946646404002,20.98474714002389,15.503875968992247,21.60349642364031,11.587485515643106,8.257638315441783,20.364175845708125,10.548523206751055,27.865481452696685,12.767478064535254,0.0,17.664328009155597,23.20185614849188,11.60092807424594,22.04398423206775,7.215007215007215,21.894608677311577,47.4382638364516,13.262599469496022,16.10305958132045,27.142105609258895,32.57328990228013,14.633404841119974,32.98820309129587,17.956145775694647,14.388608362783398,21.201021201021202,22.670957755965485,43.87317092299132,10.548523206751055,9999.0,19.646365422396855,10.881392818280741,78.68017352670938,9999.0,17.225017225017226,22.834897790660442,9999.0,15.611312840531983
life_autonomy_morality_permissiveness|WVS_F,42.66983773045361,9999.0,31.152647975077883,9999.0,12.820512820512821,20.540138150354235,45.96303521939052,15.737528091874452,29.973171482605448,60.72637021778664,28.011204481792713,19.298878316272273,38.31761617077239,36.91689836268149,102.61348113212556,31.313852079413394,22.810260225545168,28.74142926222556,18.76878834822492,24.837810002781474,16.077170418006432,21.572791316951495,33.67932884721784,24.5403449932829,41.1806344542064,13.315579227696405,17.664328009155597,0.0,26.978246413983094,23.453221964499487,18.484288354898336,10.449320794148381,33.29910316971315,50.90956419010242,18.9527221546926,19.401872271319377,26.17801047120419,37.69613471106008,17.86771842026114,36.222516670437045,21.190459354835813,17.622921941924567,24.435334780162368,25.90527133510665,47.107484502132486,16.83094172586504,9999.0,26.109660574412533,22.704222754932694,91.9953265282191,9999.0,20.45933080415839,28.402642158600806,9999.0,18.845626419673152
multilevel_place_attachment|WVS_G,39.32760429449996,9999.0,30.301191142521247,9999.0,22.922787512417834,26.619742976040566,42.620801783436875,15.723270440251572,37.04523206072066,66.80597504347297,35.80359172539214,23.653484556032698,36.666851076646935,47.0191730545865,108.69308595781189,23.34361259559445,28.8898650512315,26.162780749395125,24.84839317391125,30.917414828467805,25.611577754257965,18.23055788099785,24.398740040763386,19.607843137254903,34.615190257213605,22.08139646936275,23.20185614849188,26.978246413983094,0.0,22.42152466367713,27.676050965133136,16.528925619834713,23.983384471222795,59.67538143176877,25.032326980378933,25.48147709700571,36.08986921825564,47.08139646936275,23.947323245947473,42.30212149612338,27.270064180522144,23.702526767610898,30.5149396058487,31.984876160792982,53.18708932781882,22.91054655155137,9999.0,31.72327044025157,12.970168612191959,86.49958037689784,9999.0,26.538935629844723,29.20393484595819,9999.0,24.925231245359484
neighborhood_disorder_and_crime|WVS_H,27.515531650986063,9999.0,29.009897036619137,9999.0,19.07140974211007,23.09471852655696,30.808729139922978,8.410428931875526,29.73239055234461,63.28095059398936,28.49075021701609,14.046250302319958,30.34193021356051,43.16779528427874,102.4585172251353,17.699115044247787,25.364840601747893,17.6678445229682,18.76239580558153,27.3923903789842,22.086553304774355,6.418485237483954,18.525022767750297,12.28702983842292,26.026328374738856,17.323084903355028,11.60092807424594,23.453221964499487,22.42152466367713,0.0,26.38475685923102,13.003901170351106,22.69209036532068,53.25347825922978,20.473155107991328,21.86937913375978,28.7770277098796,38.99177513976409,17.712754513270873,38.77709704663977,23.74503973103854,20.17750231812729,26.38522427440633,28.459851711309376,46.95252059514222,16.286644951140065,9999.0,24.410428931875526,11.678874506289846,76.84102044875155,9999.0,23.013911180361116,20.995744712702614,9999.0,20.926073487570143
offline_political_participation|WVS_E,41.063318035249175,9999.0,28.49986231039387,9999.0,12.919896640826874,18.281535648994517,44.356515524186094,21.900126957257722,30.0725553029195,53.552769070010456,29.286508752119836,26.472479464048458,32.23581316887605,37.016282182995546,103.23005106676275,25.079326336343666,17.094017094017094,27.89849449014434,18.281535648994517,15.673981191222571,17.921146953405017,19.96627162174707,26.134453781512605,21.645021645021647,36.350903997962824,15.408320493066256,22.04398423206775,18.484288354898336,27.676050965133136,26.38475685923102,0.0,17.622921941924567,14.814814814814813,51.234072886037595,19.801980198019802,19.37984496124031,25.22036953860924,37.79551853137414,18.484288354898336,40.75600327694733,28.364060502611995,10.449320794148381,31.60893592793855,18.726591760299623,43.34405763625364,16.181229773462782,9999.0,27.647437141563252,14.705882352941176,74.6268656716418,9999.0,14.684287812041118,15.220700152207003,9999.0,19.53125
online_political_participation|WVS_E,32.22051693630522,9999.0,24.878150247481457,9999.0,6.39386189258312,10.090817356205854,35.51371442524214,5.288207297726071,23.546520554675745,50.27704942363825,22.760474003876084,8.849557522123893,27.86829537662401,30.490247434751794,92.16416033797718,20.864531285265013,12.360939431396787,18.292108468077178,8.319467554076539,14.388489208633093,9.08265213442325,11.123470522803116,23.230008053069458,14.091024199134521,30.73131366005802,5.5524708495280395,7.215007215007215,10.449320794148381,16.528925619834713,13.003901170351106,17.622921941924567,0.0,23.26811781981515,43.14645581193406,8.503401360544219,8.952551477170994,21.94464989223704,30.55247084952804,7.4183976261127595,25.77319587628866,10.741138560687432,7.173601147776184,13.986013986013987,15.45595054095827,36.6581637079841,6.381620931716656,9999.0,19.46067669097449,12.254901960784313,81.54600573407072,9999.0,10.01001001001001,17.953321364452425,9999.0,8.39630562552477
outgroup_trust|WVS_G,37.37065154133884,9999.0,24.691358024691358,9999.0,27.734711455641687,33.09635046380933,40.663849030275756,18.20746046334738,39.52942208381647,64.51612903225806,38.287781748487944,23.901370192672733,26.881720430107528,51.83109699781036,112.25554875660715,21.386659842433325,28.81844380403458,24.205827996234,28.559427337053386,26.17801047120419,32.3507699542384,16.273605127836728,22.441787287602267,16.233766233766232,32.65823750405248,27.120116434826883,21.894608677311577,33.29910316971315,23.983384471222795,22.69209036532068,14.814814814814813,23.26811781981515,0.0,63.05050979070164,30.270186639463184,31.666410665231634,36.46302271409209,46.22448346466464,27.509786044742732,49.04131369610381,34.00925638050258,21.691973969631235,37.25413180582913,29.069767441860463,44.642857142857146,26.141808899878036,9999.0,34.20746046334738,11.013215859030836,84.54262762373672,9999.0,25.906735751295336,22.779043280182233,9999.0,30.723105019042002
perceived_corruption|WVS_E,70.48872180451127,9999.0,56.79846460010906,9999.0,38.314176245210724,51.63892878263074,76.61881760202371,44.84304932735426,55.46683490730335,90.65123486271638,54.68078835650368,51.6983573178362,69.33427896158197,62.41056178737939,135.31061614991123,60.4193733148932,55.50739524333085,57.846950497705365,51.4659233660106,57.53494502056715,46.75299481061157,52.228573699584686,58.08578824109454,53.645866228762706,71.83641683683959,37.59398496240602,47.4382638364516,50.90956419010242,59.67538143176877,53.25347825922978,51.234072886037595,43.14645581193406,63.05050979070164,0.0,49.262596397645225,49.83388704318937,54.805688921097925,62.59398496240602,50.56485343804682,68.91965168822273,53.88759437262149,47.54778658685431,57.13246979794805,58.60240635289233,79.80461951991816,46.025688166453236,9999.0,51.50219080385247,52.0372939316708,122.65110891085229,9999.0,52.10777306109978,61.09977717638648,9999.0,48.975157055445266
perceived_negative_effects_of_immigration|WVS_G,40.54529696184834,9999.0,30.207617780455195,9999.0,11.723329425556859,18.59421871675007,43.838494450785255,12.062726176115802,28.875988087649485,57.4712643678161,28.08994153684982,17.352958882668112,36.15430846668169,35.81971496772553,100.6675616985214,27.639050163654744,20.864340791941004,25.06662734646691,16.822868914620756,22.891890569177313,15.527950310559007,19.44825054834623,30.685542209003778,20.86554307752425,39.056093685601134,11.668611435239207,13.262599469496022,18.9527221546926,25.032326980378933,20.473155107991328,19.801980198019802,8.503401360544219,30.270186639463184,49.262596397645225,0.0,17.455952837715213,25.906735751295336,36.59895131610412,15.921798986656977,34.27659723683288,19.24453992123165,14.367816091954024,22.489415346558204,23.959351901502487,45.16156506852832,13.21003963011889,9999.0,24.57002457002457,19.256970780432347,89.87078575961382,9999.0,18.51341137055423,26.456722724996645,9999.0,16.89970698606899
perceived_positive_effects_of_immigration|WVS_G,41.173068413476216,9999.0,31.437656230546004,9999.0,12.953367875647668,19.043368833376846,44.466265902413134,13.458950201884251,30.106026537740295,58.48806366047745,28.409090909090907,17.802108999294887,36.820846853795004,37.04975341781634,101.11671181514816,29.03527418942319,21.31349090856778,26.462851372235356,17.27201903124753,23.34104068580409,14.792899408284025,20.07602199997411,32.081766234772225,22.2617671032927,39.68386513722901,12.239902080783354,16.10305958132045,19.401872271319377,25.48147709700571,21.86937913375978,19.37984496124031,8.952551477170994,31.666410665231634,49.83388704318937,17.455952837715213,0.0,22.026431718061673,37.23990208078335,16.370949103283753,34.72574735345965,19.693690037858424,15.384615384615383,22.93856546318498,24.408502018129262,45.6107151851551,13.550135501355014,9999.0,21.978021978021978,20.653194806200798,90.49855721124172,9999.0,18.962561487181006,26.90587284162342,9999.0,17.348857102695764
political_information_sources|WVS_E,48.84916956373661,9999.0,32.821590260706344,9999.0,18.01801801801802,30.959752321981423,52.14236705267353,20.366598778004075,35.170676680110645,57.87449702032293,34.38463012931098,28.2968128937852,35.1991602873844,42.11440356018669,99.49502524873758,35.94292276554302,23.58490566037736,33.37049994835518,21.598272138228943,26.525198938992045,24.875621890547265,27.752123150234503,37.703507237380435,29.169415679412523,47.35996628748941,17.21170395869191,27.142105609258895,26.17801047120419,36.08986921825564,28.7770277098796,25.22036953860924,21.94464989223704,36.46302271409209,54.805688921097925,25.906735751295336,22.026431718061673,0.0,42.21170395869191,14.749262536873157,37.020977458922154,29.239766081871345,14.771048744460858,30.597123075700416,35.220946494972104,43.9890286187445,18.552875695732837,9999.0,31.119909800138362,27.56084338232062,92.89604874446086,9999.0,19.083969465648853,22.88329519450801,9999.0,24.213075060532685
postmaterialist_values|WVS_E,53.67033631578224,9999.0,43.359910245445604,9999.0,24.875621890547265,39.04494382022472,56.963533804719155,33.9126559714795,42.02828055263989,77.21268050805293,41.24223400184023,39.104372355430186,55.89572460691852,48.97200743271594,122.71663118750521,44.35185291759226,42.91341028092482,46.91655714183061,38.871938403604574,44.94096005816113,27.3224043715847,32.57328990228013,40.816326530612244,38.4418345032191,52.181133039535034,25.0,32.57328990228013,37.69613471106008,47.08139646936275,38.99177513976409,37.79551853137414,30.55247084952804,46.22448346466464,62.59398496240602,36.59895131610412,37.23990208078335,42.21170395869191,0.0,37.9708684756408,56.3256667258167,41.29360941021547,34.10923223219085,44.53848483554202,46.008421390486305,67.00396907429611,33.333333333333336,9999.0,38.90820584144645,35.2112676056338,102.99582511354774,9999.0,39.51378809869376,47.15054937749879,9999.0,35.536602700781806
precautionary_security_behaviors|WVS_H,37.784896367127885,9999.0,32.296547873594214,9999.0,13.812259518695878,17.509214982318614,41.078093856064804,9.30232558139535,30.624287201864433,55.55555555555556,29.382646866535914,16.267955148236652,20.449897750511248,37.90864506086455,84.74576271186442,24.878649568934293,19.779337057509547,21.645021645021647,13.679890560875513,21.806886834745853,16.50104976053601,16.68784995362578,27.925141614283326,18.1051424828038,36.29569309088068,12.970868475640799,14.633404841119974,17.86771842026114,23.947323245947473,17.712754513270873,18.484288354898336,7.4183976261127595,27.509786044742732,50.56485343804682,15.921798986656977,16.370949103283753,14.749262536873157,37.9708684756408,0.0,22.271714922048996,14.492753623188404,14.591998773888943,15.847860538827257,22.87434816707103,29.239766081871345,13.800018557829414,9999.0,25.30232558139535,16.496570185711896,87.11038516489339,9999.0,17.42840763612277,24.875621890547265,9999.0,15.814703251637528
religion_versus_secularism_orientation|WVS_F,57.993712812593884,9999.0,50.65134612377012,9999.0,32.16705776887178,35.864013232494514,61.2869103015308,31.061403174014732,49.319716430964405,76.05024529992691,48.533669880164744,34.622753398412556,42.72161267256024,56.263443311040454,107.01747763391342,46.63772716155367,38.13413530768545,43.91673656707064,34.0926634303652,40.16168508492176,34.85584801071191,36.89666639909178,49.00320392935812,39.864220075423184,56.50450953634668,31.3256667258167,32.98820309129587,36.222516670437045,42.30212149612338,38.77709704663977,40.75600327694733,25.77319587628866,49.04131369610381,68.91965168822273,34.27659723683288,34.72574735345965,37.020977458922154,56.3256667258167,22.271714922048996,0.0,36.51433443697609,32.94679702406484,38.119575460876256,41.22914641724693,51.51148100392034,32.154816808005314,9999.0,45.23387256726315,38.02809783707298,107.31920161035939,9999.0,35.783205886298674,43.72651724074109,9999.0,34.16950150181343
