construct,acceptance_of_state_surveillance|WVS_H,authoritarian_governance_tolerance|WVS_E,autocracy_support|WVS_E,basic_needs_deprivation|WVS_H,child_qualities_autonomy_self_expression|WVS_A,child_qualities_conformity_tradition|WVS_A,child_qualities_prosocial_diligence|WVS_A,civic_dishonesty_tolerance|WVS_F,confidence_in_civil_society_organizations|WVS_E,confidence_in_domestic_institutions|WVS_E,confidence_in_international_organizations|WVS_E,crime_victimization|WVS_H,democratic_system_evaluation|WVS_E,democratic_values_importance|WVS_E,economic_ideology|WVS_E,electoral_integrity|WVS_E,existential_threat_worry|WVS_H,familial_duty_obligations|WVS_D,female_income_threat_to_marriage|WVS_D,freedom_security_tradeoff_perception|WVS_H,gender_role_traditionalism|WVS_D,immigrant_origin_status|WVS_G,importance_of_life_domains|WVS_A,institutional_threat_perception|WVS_H,international_organization_knowledge|WVS_E,job_scarcity_gender_discrimination|WVS_C,job_scarcity_nativist_preference|WVS_C,life_autonomy_morality_permissiveness|WVS_F,multilevel_place_attachment|WVS_G,neighborhood_disorder_and_crime|WVS_H,offline_political_participation|WVS_E,online_political_participation|WVS_E,outgroup_trust|WVS_G,perceived_corruption|WVS_E,perceived_negative_effects_of_immigration|WVS_G,perceived_positive_effects_of_immigration|WVS_G,political_information_sources|WVS_E,postmaterialist_values|WVS_E,precautionary_security_behaviors|WVS_H,religion_versus_secularism_orientation|WVS_F,religious_belief|WVS_F,religious_exclusivism|WVS_F,religious_practice_and_self_identification|WVS_F,science_skepticism|WVS_I,science_technology_optimism|WVS_E,sexual_and_reproductive_morality_permissiveness|WVS_F,social_intolerance_outgroups|WVS_A,societal_change_attitudes|WVS_E,socioeconomic_insecurity_worry|WVS_H,subjective_wellbeing|WVS_A,violence_tolerance|WVS_F,voluntary_association_active_membership|WVS_A,voluntary_association_belonging|WVS_A,voting_participation|WVS_E,work_ethic|WVS_C
acceptance_of_state_surveillance|WVS_H,0.0,0.0,2.858817025746461,9975.468528171765,67.34749013886636,32.09576116464382,3.996962638478678,0.0,40.98644645726206,3.646715917360517,0.4287296765908195,9958.634703196347,71.98297271813695,0.0,0.0,2.705885470133886,0.0,31.58052570205615,0.0,9894.509292494216,4.733636872130802,0.0,19.23399712906449,9979.494168933861,0.0,0.0,0.0,0.0,47.878545478785455,9979.933683335907,0.0,0.0,8.586222717441174,0.0,20.10975839161135,65.56000214931677,0.0,61.44050594799265,9972.073856635501,54.62528538199615,15.43420636522687,0.0,25.704527910239538,4.379031656549174,151.91482747141345,0.0,3.854198765535852,0.0,0.0,0.0,959.1274568195354,4.165949771389222,18.9168268561502,0.0,174.7277951406392
authoritarian_governance_tolerance|WVS_E,0.0,0.0,9904.919041815443,0.0,807.8236806150569,398.9033743755455,1.0001522259857722,0.0,9892.347370547659,9913.567501199197,9880.829405961102,25.689831705485005,9907.025885927129,9904.9934318555,9902.141483452364,9918.450896313501,0.0,41.21139674449435,3.644501278772381,87.6220609078456,52.02132156638663,0.0,29.060814837234446,92.8366648489783,9933.745668282356,0.0,0.0,0.0,358.0765231301192,274.2760397870463,0.0,9935.731774774615,24.652870549113274,0.0,357.41134569319865,46.44232566163585,9933.709439548622,9908.955276192235,338.7999012952956,268.43309294440684,38.935450007061846,0.0,505.8507165722523,64.43541030153568,9861.334359620418,0.0,379.0299452188211,9906.422021862089,0.0,10.620370722711343,129.75774872736622,0.0,0.0,9914.350562335487,888.6548516976912
autocracy_support|WVS_E,2.858817025746461,9904.919041815443,0.0,7.353009325694288,103.33697930317533,82.88696265899482,36.429273821748694,0.0,9939.369505202803,9960.589635854341,9927.851540616246,499.99179059707615,9916.571870747754,9921.921512950512,9911.687468272989,9960.478084487168,0.0,123.43637352649503,31.953816965806134,429.5710786229662,7.897189045154839,0.0,58.34782467451469,0.0,9963.88310271965,294.9616441715809,909.7236682643612,0.0,19.43726119116109,0.0,0.0,9968.18726704083,19.38214307557071,0.0,71.37018351651143,920.1676591976922,9970.102901708187,9955.97741084738,41.90900192605223,77.55382783124456,22.84452637935462,224.5985224520849,21.82962914494682,211.24196031503493,9908.356494275562,0.0,0.0,9953.444156517233,0.0,23.852687458357224,60.13112150703688,39.58261287685538,957.7325133180345,9932.086083245827,99.68177253533494
basic_needs_deprivation|WVS_H,9975.468528171765,0.0,7.353009325694288,0.0,81.91125640586941,267.9059595407326,8.439292756648292,0.0,27.4385462294684,0.0,0.0,9962.500491642084,239.63634372191484,0.0,0.0,0.0,0.0,7.400269859431564,0.0,9892.079779667974,0.02080008819237733,0.0,22.166187722077083,9983.359957379598,0.0,0.0,0.0,0.0,20.24540912820594,9983.799471781644,0.0,0.0,8.235465850742976,0.0,54.199508568159914,23.947591853415034,0.0,37.770062509672215,9975.939645081238,24.88748944539956,16.120395122565167,0.48262888659834147,11.534679676272596,40.88219086495394,99.50355964009471,0.0,3.252232743518917,0.0,0.0,3.25757666232748,462.99324526527295,2.2147832476294127,11.249441882582559,195.2453390554516,940.1445139077648
child_qualities_autonomy_self_expression|WVS_A,67.34749013886636,807.8236806150569,103.33697930317533,81.91125640586941,0.0,9862.487611033193,9854.436081242533,0.0,812.1800904422823,311.02282254355987,569.892895086495,46.30915798767586,103.47187699841749,110.64250929595448,807.1065262834447,547.5743840123616,0.0,851.6567917489576,112.55197801436401,813.1080389144905,99.16587022477265,0.0,9836.800999463052,232.45704368811255,0.0,535.1215765176039,191.23557719267438,0.0,430.4686290053719,80.83931300965696,0.0,115.21486499803262,846.8110178229489,0.0,161.37372847710844,636.3706957513866,853.64886000188,828.787996086859,240.42134677436684,830.2296562548074,841.2879205704833,441.18272069761224,169.88817624119628,830.3613170373338,369.40237363268875,0.0,9856.508083314535,137.0444598358361,0.0,9858.686233033668,826.4749469584018,9840.483409880226,9839.602216538395,0.0,826.247952716656
child_qualities_conformity_tradition|WVS_A,32.09576116464382,398.9033743755455,82.88696265899482,267.9059595407326,9862.487611033193,0.0,9941.04995910149,0.0,160.37157656944612,937.6892681965945,431.2669624321834,0.0,21.667314418966185,9.445321678504527,162.08205724334755,39.61853315595154,0.0,158.73180976155803,105.36459094081178,154.8073081253859,164.39675905710465,0.0,9942.193345506188,98.84029199883935,0.0,574.8172598565179,43.07873834465293,0.0,54.902218426297004,165.33617802435538,0.0,0.0,301.2202419509066,0.0,29.477392513451264,140.06027082218122,1.2565881044940994,333.0770431896326,35.282268658214086,325.3690911553569,108.4070929526194,123.79649336171077,196.57102719178357,385.09316770186336,155.72639688808556,0.0,9941.927019034634,97.21045552615185,0.0,9937.22760750772,172.60631115324975,9947.106341727218,9949.716845878136,0.0,908.4448160535117
child_qualities_prosocial_diligence|WVS_A,3.996962638478678,1.0001522259857722,36.429273821748694,8.439292756648292,9854.436081242533,9941.04995910149,0.0,0.0,30.276087791447544,14.281970702422612,33.0796412858075,957.3588924387647,3.3572681224247987,0.0,2.557832967922323,1.2593537926045784,0.0,70.32821654369499,52.071236576159,244.0810376075118,30.603577285883574,0.0,9968.161607859764,7.980262938183923,0.0,55.16099002198397,185.80422039844728,0.0,29.107209132518996,12.102688631836202,0.0,0.0,7.650482341088143,0.0,128.83327013019846,88.02376364307071,0.0,48.450409476124555,21.43473033012154,75.5488840939909,8.76058948945446,8.831158167611662,85.97916105903326,30.93558893836314,911.5437786185929,0.0,9972.800610230175,13.77429800311996,0.0,9962.782644125675,126.34317148568188,9972.012575415361,9973.073466248261,0.0,74.43759826399636
civic_dishonesty_tolerance|WVS_F,0.0,0.0,0.0,0.0,0.0,0.0,0.0,0.0,0.0,0.0,0.0,0.0,0.0,0.0,0.0,0.0,0.0,0.0,0.0,0.0,0.0,0.0,0.0,0.0,0.0,0.0,0.0,0.0,0.0,0.0,0.0,0.0,0.0,0.0,0.0,0.0,0.0,0.0,0.0,0.0,0.0,0.0,0.0,0.0,0.0,0.0,0.0,0.0,0.0,0.0,0.0,0.0,0.0,0.0,0.0
confidence_in_civil_society_organizations|WVS_E,40.98644645726206,9892.347370547659,9939.369505202803,27.4385462294684,812.1800904422823,160.37157656944612,30.276087791447544,0.0,0.0,9948.017964586557,9915.279869348462,61.7346936438654,9904.000199479968,9909.349841682726,9899.115797005205,9947.906413219383,0.0,113.8895056464897,201.23922742673304,387.7596412733097,33.91728244041996,0.0,30.402668147188976,0.0,9951.311431451866,912.0196025334254,313.8186636632428,0.0,22.591533479989387,0.0,0.0,9955.615595773044,15.062658637295435,0.0,885.5772793299479,342.3785966255593,9957.531230440401,9943.405739579595,17.767485328831008,91.36202669332961,19.162991738932426,408.99654815399674,87.59897170204653,371.830462207423,9895.784823007778,0.0,26.198161467762255,9940.872485249447,0.0,75.27461683050814,63.489358642278475,23.288857241824623,14.126359291628688,9918.706972162712,135.81139996884852
confidence_in_domestic_institutions|WVS_E,3.646715917360517,9913.567501199197,9960.589635854341,0.0,311.02282254355987,937.6892681965945,14.281970702422612,0.0,9948.017964586557,0.0,9936.5,42.37040871098843,9925.220330131508,9930.569972334264,9920.335927656743,9969.126543870922,0.0,42.3156679059738,21.029858403157952,100.05528679899021,0.8213968908019922,0.0,20.083275834012426,0.0,9972.531562103404,134.33525032038045,396.1540559478704,0.0,4.528827709287853,0.0,0.0,9976.835726424582,2.7546735689374913,0.0,130.4517574629715,313.43150319683036,9978.751361091941,9964.625870231133,7.340174395039817,28.79592546081024,6.7605004007014955,224.33432586435887,12.044908805198013,187.13038693875563,9917.004953659316,0.0,0.0,9962.092615900987,0.0,14.153254855353119,31.675234381627867,10.875954260329593,45.74605206686735,9941.359228073514,63.09213668099321
confidence_in_international_organizations|WVS_E,0.4287296765908195,9880.829405961102,9927.851540616246,0.0,569.892895086495,431.2669624321834,33.0796412858075,0.0,9915.279869348462,9936.5,0.0,587.0132658538455,9892.482234893412,9897.83187709617,9887.597832418647,9936.388448632826,0.0,112.11812975389017,45.61098715095336,849.9258872130689,18.494847235004727,0.0,66.30054045015343,0.0,9939.793466865309,96.58006931941782,208.53425340871297,0.0,56.59177617634592,0.0,0.0,9944.097631186487,20.521628835892756,0.0,159.77360045767696,350.6234778888049,9946.013265853846,9931.887774993038,65.36469999475338,140.98536645459905,36.6931427489794,110.2445410142486,74.06893468088222,187.15232446069322,9884.26685842122,0.0,9.404417504706814,9929.354520662891,0.0,32.03350876882533,241.01460393226503,24.133530017905358,68.77801259882789,9907.189007576155,331.8033168052168
crime_victimization|WVS_H,9958.634703196347,25.689831705485005,499.99179059707615,9962.500491642084,46.30915798767586,0.0,957.3588924387647,0.0,61.7346936438654,42.37040871098843,587.0132658538455,0.0,14.933697052360372,0.0,66.32635085465276,10.116000200957714,0.0,453.2530120481928,5.7934884928749995,9884.791715060008,962.4400871459695,0.0,53.63931894835223,9966.52613240418,0.0,0.0,0.0,0.0,0.0,9966.965646806226,0.0,0.0,61.37161084529505,0.0,25.36672423383203,156.17995264404107,0.0,1.6639587800144113,9959.10582010582,90.75920000879594,31.394929113204142,0.0,160.3209488923775,80.67920295134672,900.851552846495,0.0,50.827682703691735,268.5198602494552,0.0,50.17779699435294,0.0,395.950491907331,104.78378061643033,0.0,29.578163771712155
democratic_system_evaluation|WVS_E,71.98297271813695,9907.025885927129,9916.571870747754,239.63634372191484,103.47187699841749,21.667314418966185,3.3572681224247987,0.0,9904.000199479968,9925.220330131508,9892.482234893412,14.933697052360372,0.0,9897.611325208558,9913.794312384674,9930.10372524581,0.0,926.2819471957912,75.16610207370415,849.2748898401551,560.469022293568,0.0,1.4624360400753886,29.050642773018602,9945.398497214665,66.51730724062172,46.34997151967961,0.0,19.692506078640974,39.14049819873374,0.0,9947.384603706923,1.0850721555323446,0.0,873.83876285578,256.5078530066438,9945.362268480932,9920.608105124546,0.0,280.0859218767164,0.0,128.03828336060354,364.05086008256694,143.81925036108277,9872.987188552728,0.0,936.1373196056762,9918.074850794397,0.0,134.45268683450809,41.13957494964866,19.902572596607442,0.0,9906.968455688544,39.19656951888972
democratic_values_importance|WVS_E,0.0,9904.9934318555,9921.921512950512,0.0,110.64250929595448,9.445321678504527,0.0,0.0,9909.349841682726,9930.569972334264,9897.83187709617,0.0,9897.611325208558,0.0,9904.276277523888,9930.458420967092,0.0,124.0459822648758,0.0,0.0,47.30834377836446,0.0,60.97075070349679,346.0114103131719,9936.26865380869,0.0,0.0,0.0,218.18086390594658,946.4509247152172,0.0,9949.226721501635,26.813410493416207,0.0,9.354703910996975,93.51480596618958,9950.818611242325,9925.957747327304,355.2577646814775,642.6851217809658,58.50529085854631,0.0,197.88248888514903,2.887475381900572,9878.336830755487,0.0,38.68104100784511,9931.183908045978,0.0,0.0,59.77983333398092,0.0,22.805581224217697,9939.391613238608,902.1497984247114
economic_ideology|WVS_E,0.0,9902.141483452364,9911.687468272989,0.0,807.1065262834447,162.08205724334755,2.557832967922323,0.0,9899.115797005205,9920.335927656743,9887.597832418647,66.32635085465276,9913.794312384674,9904.276277523888,0.0,9925.219322771047,0.0,43.34876423322244,2.9951813704107337,130.10477307967693,39.280271992717104,0.0,19.726181713459624,50.613193812647935,9940.514094739901,0.0,9.60349192970915,0.0,147.45364523983875,100.1513062672035,0.0,9942.50020123216,23.003788589150474,0.0,505.5037151711103,39.408129620906806,9940.477866006167,9915.72370264978,156.17438835890187,188.32893252936555,25.999442967070507,6.992264724223503,479.93940446770637,74.83228378375476,9868.102786077963,0.0,700.4836863616815,9913.190448319634,0.0,18.322329667187503,184.5742232329599,0.0,0.0,9913.633408003874,895.4232781552369
electoral_integrity|WVS_E,2.705885470133886,9918.450896313501,9960.478084487168,0.0,547.5743840123616,39.61853315595154,1.2593537926045784,0.0,9947.906413219383,9969.126543870922,9936.388448632826,10.116000200957714,9930.10372524581,9930.458420967092,9925.219322771047,0.0,0.0,30.48147425522952,48.47562625997029,176.67007814281408,7.103455847833658,0.0,0.8289862229770293,0.0,9972.42001073623,290.2710389606477,162.41592751133385,0.0,0.0,0.0,0.0,9976.724175057409,0.0,0.0,906.6858586143129,77.95829855755572,9978.639809724767,9964.51431886396,0.0,25.18612321907395,0.0,174.00756646275198,20.795463074323642,89.16235840476011,9916.893402292142,0.0,9.034328378995482,9961.981064533813,0.0,12.872830573887157,17.959329621368525,0.0,0.0,9939.815551447078,25.801098134332463
existential_threat_worry|WVS_H,0.0,0.0,0.0,0.0,0.0,0.0,0.0,0.0,0.0,0.0,0.0,0.0,0.0,0.0,0.0,0.0,0.0,0.0,0.0,0.0,0.0,0.0,0.0,0.0,0.0,0.0,0.0,0.0,0.0,0.0,0.0,0.0,0.0,0.0,0.0,0.0,0.0,0.0,0.0,0.0,0.0,0.0,0.0,0.0,0.0,0.0,0.0,0.0,0.0,0.0,0.0,0.0,0.0,0.0,0.0
familial_duty_obligations|WVS_D,31.58052570205615,41.21139674449435,123.43637352649503,7.400269859431564,851.6567917489576,158.73180976155803,70.32821654369499,0.0,113.8895056464897,42.3156679059738,112.11812975389017,453.2530120481928,926.2819471957912,124.0459822648758,43.34876423322244,30.48147425522952,0.0,0.0,9958.469780964348,882.8323000740827,9968.026432527495,0.0,75.1829292871433,15.264741160192887,0.0,0.0,12.880067912542785,0.0,66.54336928697869,10.653075220243597,0.0,0.0,62.297578868330596,0.0,925.0539806366232,68.7748783724016,0.0,225.32908507010865,145.2635940587748,83.0827534487995,79.9182898452604,159.87643527423208,49.78218335997278,368.5071881477529,621.7236125137354,0.0,53.72834328498196,41.811274755405236,0.0,72.03631429690012,352.74576567138115,14.924039913959653,24.5821246497933,0.0,299.00799780317845
female_income_threat_to_marriage|WVS_D,0.0,3.644501278772381,31.953816965806134,0.0,112.55197801436401,105.36459094081178,52.071236576159,0.0,201.23922742673304,21.029858403157952,45.61098715095336,5.7934884928749995,75.16610207370415,0.0,2.9951813704107337,48.47562625997029,0.0,9958.469780964348,0.0,120.55796170395016,9967.656856062125,0.0,127.63666794016967,9.585195227146638,13.615338370004139,0.0,0.0,0.0,168.1345771353335,9.518104768318334,0.0,0.0,45.10775960641171,0.0,86.74281769568043,38.021011112375305,0.0,668.9749526201821,966.3225890219755,62.51387722582041,112.11669904997603,17.52832696615637,18.635860436370535,101.10789084607026,150.9707607870406,0.0,14.779698828778589,5.347473366022385,0.0,13.070628129946726,64.73573976780825,7.067191810373934,69.16579680585633,29.257603696146788,89.55837354808261
freedom_security_tradeoff_perception|WVS_H,9894.509292494216,87.6220609078456,429.5710786229662,9892.079779667974,813.1080389144905,154.8073081253859,244.0810376075118,0.0,387.7596412733097,100.05528679899021,849.9258872130689,9884.791715060008,849.2748898401551,0.0,130.10477307967693,176.67007814281408,0.0,882.8323000740827,120.55796170395016,0.0,204.51937517185948,0.0,887.064760820396,9896.10542043007,98.72340676328189,23.06766011891321,0.0,0.0,14.953886368524863,9896.544934832116,0.0,117.53434091037907,890.950898871185,0.0,199.00522780215613,373.9797920483771,0.0,31.897911290356106,9888.68510813171,296.1600842788174,345.097136473281,28.16805246472765,142.2288606754626,181.1037645539749,599.6616101031542,0.0,53.97799506461284,875.5185031140549,0.0,173.56232110330473,2.320986796757694,224.08050457090212,139.43553241043625,0.0,354.40975507200676
gender_role_traditionalism|WVS_D,4.733636872130802,52.02132156638663,7.897189045154839,0.02080008819237733,99.16587022477265,164.39675905710465,30.603577285883574,0.0,33.91728244041996,0.8213968908019922,18.494847235004727,962.4400871459695,560.469022293568,47.30834377836446,39.280271992717104,7.103455847833658,0.0,9968.026432527495,9967.656856062125,204.51937517185948,0.0,0.0,32.782702797618434,0.0,0.3562764281188393,1.0746580694021048,34.110499092214326,0.0,13.152221606282332,0.0,0.0,0.0,14.182068361634926,0.0,94.72423127361043,125.31243514432926,0.0,18.385610490873646,25.384191080172442,22.505731883745383,22.407914837860382,176.12898818063812,6.734958940841295,162.77242604358818,45.25964341400582,0.0,0.0,0.0,0.0,16.482886451926696,67.6740555917167,12.029022989227272,82.01264358725335,50.28249553494634,282.65228873748146
immigrant_origin_status|WVS_G,0.0,0.0,0.0,0.0,0.0,0.0,0.0,0.0,0.0,0.0,0.0,0.0,0.0,0.0,0.0,0.0,0.0,0.0,0.0,0.0,0.0,0.0,0.0,0.0,0.0,0.0,0.0,0.0,0.0,0.0,0.0,0.0,0.0,0.0,0.0,0.0,0.0,0.0,0.0,0.0,0.0,0.0,0.0,0.0,0.0,0.0,0.0,0.0,0.0,0.0,0.0,0.0,0.0,0.0,0.0
importance_of_life_domains|WVS_A,19.23399712906449,29.060814837234446,58.34782467451469,22.166187722077083,9836.800999463052,9942.193345506188,9968.161607859764,0.0,30.402668147188976,20.083275834012426,66.30054045015343,53.63931894835223,1.4624360400753886,60.97075070349679,19.726181713459624,0.8289862229770293,0.0,75.1829292871433,127.63666794016967,887.064760820396,32.782702797618434,0.0,0.0,5.817466004548063,0.0,294.78336869705316,831.8638151082556,0.0,19.90642566777221,7.437748063005753,0.0,0.0,14.384509800138684,0.0,911.1981883507184,116.43196186375162,0.0,44.76136101623716,17.007575542415275,70.62304560421003,11.631837479975161,73.00064163952244,98.63706973557669,89.32444479927614,911.6703589743344,0.0,9972.927190585917,28.700467259169727,0.0,9962.909224481416,52.216321655789706,9970.986689339517,9971.178634165912,48.420664688637565,67.135412180205
institutional_threat_perception|WVS_H,9979.494168933861,92.8366648489783,0.0,9983.359957379598,232.45704368811255,98.84029199883935,7.980262938183923,0.0,0.0,0.0,0.0,9966.52613240418,29.050642773018602,346.0114103131719,50.613193812647935,0.0,0.0,15.264741160192887,9.585195227146638,9896.10542043007,0.0,0.0,5.817466004548063,0.0,0.0,270.2618163251614,22.903655717111846,0.0,0.0,9987.825112543742,0.0,0.0,1.4249345482606266,0.0,165.14128698478373,206.25806624752676,0.0,0.0,9979.965285843335,5.137856492160132,2.973508688076855,214.77100200504455,0.4632679581391699,169.23940769296246,10.206593805248431,0.0,0.0,0.0,0.0,11.263316926911664,0.0,7.602796519525828,19.17724858359925,40.11430350502245,10.268021839812732
international_organization_knowledge|WVS_E,0.0,9933.745668282356,9963.88310271965,0.0,0.0,0.0,0.0,0.0,9951.311431451866,9972.531562103404,9939.793466865309,0.0,9945.398497214665,9936.26865380869,9940.514094739901,9972.42001073623,0.0,0.0,13.615338370004139,98.72340676328189,0.3562764281188393,0.0,0.0,0.0,0.0,17.52229886136716,329.621216533675,0.0,0.0,0.0,0.0,9980.129193289893,0.0,0.0,76.43051768541869,0.0,9982.04482795725,9967.919337096442,0.0,7.244671829225091,0.0,30.5975243116213,19.76047686680203,25.41674142853151,9920.298420524625,0.0,17.230851402983106,9965.386082766296,0.0,6.280173847058208,13.807249779511913,0.0,0.0,9945.625784288675,22.337984498683426
job_scarcity_gender_discrimination|WVS_C,0.0,0.0,294.9616441715809,0.0,535.1215765176039,574.8172598565179,55.16099002198397,0.0,912.0196025334254,134.33525032038045,96.58006931941782,0.0,66.51730724062172,0.0,0.0,290.2710389606477,0.0,0.0,0.0,23.06766011891321,1.0746580694021048,0.0,294.78336869705316,270.2618163251614,17.52229886136716,0.0,9917.190249072602,0.0,100.80300570902673,402.66614011137096,0.0,11.652776401157396,219.30442738276275,0.0,294.2330511195552,7.2902658466964,0.0,82.47366202415604,83.11800172265288,200.33943861622092,941.1274326616265,0.0,75.28324388789504,128.16634413423733,881.0065916061849,0.0,246.2937262480707,32.8756274985285,0.0,22.53117139898046,0.0,0.0,12.475051260178219,0.8265120682617635,9901.969792718173
job_scarcity_nativist_preference|WVS_C,0.0,0.0,909.7236682643612,0.0,191.23557719267438,43.07873834465293,185.80422039844728,0.0,313.8186636632428,396.1540559478704,208.53425340871297,0.0,46.34997151967961,0.0,9.60349192970915,162.41592751133385,0.0,12.880067912542785,0.0,0.0,34.110499092214326,0.0,831.8638151082556,22.903655717111846,329.621216533675,9917.190249072602,0.0,0.0,5.945398922333624,12.61815939414646,0.0,336.67504523211056,926.6590440681356,0.0,66.67618881341795,30.51258024611616,938.6207665561739,7.217846566386513,2.912633173621913,915.2015628091013,118.56751943246944,0.0,509.7620435798039,71.777866848562,866.1389860693355,0.0,454.71160715460246,58.338926347976454,0.0,10.120970842471863,0.0,1.6432863593314408,83.95045023947432,454.70787801641836,9887.598122155188
life_autonomy_morality_permissiveness|WVS_F,0.0,0.0,0.0,0.0,0.0,0.0,0.0,0.0,0.0,0.0,0.0,0.0,0.0,0.0,0.0,0.0,0.0,0.0,0.0,0.0,0.0,0.0,0.0,0.0,0.0,0.0,0.0,0.0,0.0,0.0,0.0,0.0,0.0,0.0,0.0,0.0,0.0,0.0,0.0,0.0,0.0,0.0,0.0,0.0,0.0,0.0,0.0,0.0,0.0,0.0,0.0,0.0,0.0,0.0,0.0
multilevel_place_attachment|WVS_G,47.878545478785455,358.0765231301192,19.43726119116109,20.24540912820594,430.4686290053719,54.902218426297004,29.107209132518996,0.0,22.591533479989387,4.528827709287853,56.59177617634592,0.0,19.692506078640974,218.18086390594658,147.45364523983875,0.0,0.0,66.54336928697869,168.1345771353335,14.953886368524863,13.152221606282332,0.0,19.90642566777221,0.0,0.0,100.80300570902673,5.945398922333624,0.0,0.0,0.0,0.0,0.0,9975.622752397807,0.0,9914.630523775391,9935.715056921485,0.0,6.653633917237293,6.126192427562287,37.10771718193763,9.446126816574207,188.11561714557436,22.251879111624614,924.7590550085245,181.207005524885,0.0,7.345033256965934,25.248574271948833,0.0,61.79950383132132,5.270210965173504,24.26591471634336,30.052440882112627,57.28709832858504,31.997364329208324
neighborhood_disorder_and_crime|WVS_H,9979.933683335907,274.2760397870463,0.0,9983.799471781644,80.83931300965696,165.33617802435538,12.102688631836202,0.0,0.0,0.0,0.0,9966.965646806226,39.14049819873374,946.4509247152172,100.1513062672035,0.0,0.0,10.653075220243597,9.518104768318334,9896.544934832116,0.0,0.0,7.437748063005753,9987.825112543742,0.0,402.66614011137096,12.61815939414646,0.0,0.0,0.0,0.0,0.0,0.8524091666730875,0.0,215.7960094212624,852.7879800533071,0.0,0.0,9980.40480024538,1.1532294862996295,0.3545566816410606,149.17926383954895,0.0,302.1114394198081,0.0,0.0,0.0,0.0,0.0,4.7845352712516025,0.0,6.390308327315239,84.354708587895,1.4701556518243635,4.163565252421769
offline_political_participation|WVS_E,0.0,0.0,0.0,0.0,0.0,0.0,0.0,0.0,0.0,0.0,0.0,0.0,0.0,0.0,0.0,0.0,0.0,0.0,0.0,0.0,0.0,0.0,0.0,0.0,0.0,0.0,0.0,0.0,0.0,0.0,0.0,0.0,0.0,0.0,0.0,0.0,0.0,0.0,0.0,0.0,0.0,0.0,0.0,0.0,0.0,0.0,0.0,0.0,0.0,0.0,0.0,0.0,0.0,0.0,0.0
online_political_participation|WVS_E,0.0,9935.731774774615,9968.18726704083,0.0,115.21486499803262,0.0,0.0,0.0,9955.615595773044,9976.835726424582,9944.097631186487,0.0,9947.384603706923,9949.226721501635,9942.50020123216,9976.724175057409,0.0,0.0,0.0,117.53434091037907,0.0,0.0,0.0,0.0,9980.129193289893,11.652776401157396,336.67504523211056,0.0,0.0,0.0,0.0,0.0,0.0,0.0,325.45415914885615,0.0,9986.348992278428,9972.22350141762,0.0,0.0,0.0,0.0,0.2975585973684609,0.0,9924.602584845803,0.0,0.0,9969.690247087474,0.0,0.0,0.7992121459853507,0.0,0.0,9958.58385198162,0.0
outgroup_trust|WVS_G,8.586222717441174,24.652870549113274,19.38214307557071,8.235465850742976,846.8110178229489,301.2202419509066,7.650482341088143,0.0,15.062658637295435,2.7546735689374913,20.521628835892756,61.37161084529505,1.0850721555323446,26.813410493416207,23.003788589150474,0.0,0.0,62.297578868330596,45.10775960641171,890.950898871185,14.182068361634926,0.0,14.384509800138684,1.4249345482606266,0.0,219.30442738276275,926.6590440681356,0.0,9975.622752397807,0.8524091666730875,0.0,0.0,0.0,0.0,9919.208206710615,9936.891386921261,0.0,15.808992544309099,12.9787032157462,46.58628687964321,8.357076642656445,41.33276347188091,41.36679562921223,43.582443831829764,285.9268673954937,0.0,8.024808999243863,5.6892043118382745,0.0,19.07741381425592,32.80681051164893,9.095418752433467,10.178463263825165,0.0,34.987917841320986
perceived_corruption|WVS_E,0.0,0.0,0.0,0.0,0.0,0.0,0.0,0.0,0.0,0.0,0.0,0.0,0.0,0.0,0.0,0.0,0.0,0.0,0.0,0.0,0.0,0.0,0.0,0.0,0.0,0.0,0.0,0.0,0.0,0.0,0.0,0.0,0.0,0.0,0.0,0.0,0.0,0.0,0.0,0.0,0.0,0.0,0.0,0.0,0.0,0.0,0.0,0.0,0.0,0.0,0.0,0.0,0.0,0.0,0.0
perceived_negative_effects_of_immigration|WVS_G,20.10975839161135,357.41134569319865,71.37018351651143,54.199508568159914,161.37372847710844,29.477392513451264,128.83327013019846,0.0,885.5772793299479,130.4517574629715,159.77360045767696,25.36672423383203,873.83876285578,9.354703910996975,505.5037151711103,906.6858586143129,0.0,925.0539806366232,86.74281769568043,199.00522780215613,94.72423127361043,0.0,911.1981883507184,165.14128698478373,76.43051768541869,294.2330511195552,66.67618881341795,0.0,9914.630523775391,215.7960094212624,0.0,325.45415914885615,9919.208206710615,0.0,0.0,9875.43455130572,170.94848791393588,902.1851849745246,580.4852023286991,903.626845142473,208.8027565169724,73.40343899704251,195.6663175098143,147.6609449493897,410.1198239582628,0.0,10.270351567279903,37.2814755633285,0.0,46.71978555769749,899.8721358460674,503.11589288553824,126.76536287286967,0.0,524.6451416043216
perceived_positive_effects_of_immigration|WVS_G,65.56000214931677,46.44232566163585,920.1676591976922,23.947591853415034,636.3706957513866,140.06027082218122,88.02376364307071,0.0,342.3785966255593,313.43150319683036,350.6234778888049,156.17995264404107,256.5078530066438,93.51480596618958,39.408129620906806,77.95829855755572,0.0,68.7748783724016,38.021011112375305,373.9797920483771,125.31243514432926,0.0,116.43196186375162,206.25806624752676,0.0,7.2902658466964,30.51258024611616,0.0,9935.715056921485,852.7879800533071,0.0,0.0,9936.891386921261,0.0,9875.43455130572,0.0,0.0,590.8705602411504,462.69764148456153,375.87763201385155,151.00749610048655,120.75264888564124,927.6573641214525,260.3751527711355,709.9163103359999,0.0,259.4167657481389,224.70094227463946,0.0,150.31931918457695,176.24097892396713,15.984127446129364,5.315112118278307,34.02103426194019,458.4590246354952
political_information_sources|WVS_E,0.0,9933.709439548622,9970.102901708187,0.0,853.64886000188,1.2565881044940994,0.0,0.0,9957.531230440401,9978.751361091941,9946.013265853846,0.0,9945.362268480932,9950.818611242325,9940.477866006167,9978.639809724767,0.0,0.0,0.0,0.0,0.0,0.0,0.0,0.0,9982.04482795725,0.0,938.6207665561739,0.0,0.0,0.0,0.0,9986.348992278428,0.0,0.0,170.94848791393588,0.0,0.0,9974.13913608498,0.0,0.0,0.0,23.157738426699332,0.0,18.116501788386003,9926.518219513162,0.0,0.0,9971.605881754831,0.0,0.0,0.0,0.0,0.0,9960.17574172231,0.0
postmaterialist_values|WVS_E,61.44050594799265,9908.955276192235,9955.97741084738,37.770062509672215,828.787996086859,333.0770431896326,48.450409476124555,0.0,9943.405739579595,9964.625870231133,9931.887774993038,1.6639587800144113,9920.608105124546,9925.957747327304,9915.72370264978,9964.51431886396,0.0,225.32908507010865,668.9749526201821,31.897911290356106,18.385610490873646,0.0,44.76136101623716,0.0,9967.919337096442,82.47366202415604,7.217846566386513,0.0,6.653633917237293,0.0,0.0,9972.22350141762,15.808992544309099,0.0,902.1851849745246,590.8705602411504,9974.13913608498,0.0,8.640594820082555,61.61004222801624,17.42300539675157,248.18509895986378,31.772269700748012,912.2478916615236,9912.392728652354,0.0,5.585843291395747,9957.480390894025,0.0,76.84744061741698,11.889092947928802,69.3566646867287,165.85038034788738,9935.31487780729,42.79363716422742
precautionary_security_behaviors|WVS_H,9972.073856635501,338.7999012952956,41.90900192605223,9975.939645081238,240.42134677436684,35.282268658214086,21.43473033012154,0.0,17.767485328831008,7.340174395039817,65.36469999475338,9959.10582010582,0.0,355.2577646814775,156.17438835890187,0.0,0.0,145.2635940587748,966.3225890219755,9888.68510813171,25.384191080172442,0.0,17.007575542415275,9979.965285843335,0.0,83.11800172265288,2.912633173621913,0.0,6.126192427562287,9980.40480024538,0.0,0.0,12.9787032157462,0.0,580.4852023286991,462.69764148456153,0.0,8.640594820082555,0.0,48.09904573727859,7.306284183195245,464.0982017086511,48.418627158784645,359.2084587935692,390.4811824761246,0.0,13.31224377958409,34.00523419896008,0.0,76.41968168283957,6.327545691625332,25.62744481409758,14.432536090733812,947.9482284947969,25.04383502270555
religion_versus_secularism_orientation|WVS_F,54.62528538199615,268.43309294440684,77.55382783124456,24.88748944539956,830.2296562548074,325.3690911553569,75.5488840939909,0.0,91.36202669332961,28.79592546081024,140.98536645459905,90.75920000879594,280.0859218767164,642.6851217809658,188.32893252936555,25.18612321907395,0.0,83.0827534487995,62.51387722582041,296.1600842788174,22.505731883745383,0.0,70.62304560421003,5.137856492160132,7.244671829225091,200.33943861622092,915.2015628091013,0.0,37.10771718193763,1.1532294862996295,0.0,0.0,46.58628687964321,0.0,903.626845142473,375.87763201385155,0.0,61.61004222801624,48.09904573727859,0.0,9963.21985682153,9920.228304405875,9958.48677915891,622.1574565545388,338.88162446174124,0.0,21.604466162202158,52.27946151291356,0.0,87.91682864159137,9948.406883209449,46.382559246026986,80.75076612766975,107.24806339896641,309.91412958626074
religious_belief|WVS_F,15.43420636522687,38.935450007061846,22.84452637935462,16.120395122565167,841.2879205704833,108.4070929526194,8.76058948945446,0.0,19.162991738932426,6.7605004007014955,36.6931427489794,31.394929113204142,0.0,58.50529085854631,25.999442967070507,0.0,0.0,79.9182898452604,112.11669904997603,345.097136473281,22.407914837860382,0.0,11.631837479975161,2.973508688076855,0.0,941.1274326616265,118.56751943246944,0.0,9.446126816574207,0.3545566816410606,0.0,0.0,8.357076642656445,0.0,208.8027565169724,151.00749610048655,0.0,17.42300539675157,7.306284183195245,9963.21985682153,0.0,9938.642098877768,9969.545043474585,87.57585932136288,441.473069555449,0.0,12.13633391556981,14.008383183649784,0.0,25.875677752588814,9959.465147525125,12.51064748398575,9.819998216197199,2.0062916526155163,28.469937705606498
religious_exclusivism|WVS_F,0.0,0.0,224.5985224520849,0.48262888659834147,441.18272069761224,123.79649336171077,8.831158167611662,0.0,408.99654815399674,224.33432586435887,110.2445410142486,0.0,128.03828336060354,0.0,6.992264724223503,174.00756646275198,0.0,159.87643527423208,17.52832696615637,28.16805246472765,176.12898818063812,0.0,73.00064163952244,214.77100200504455,30.5975243116213,0.0,0.0,0.0,188.11561714557436,149.17926383954895,0.0,0.0,41.33276347188091,0.0,73.40343899704251,120.75264888564124,23.157738426699332,248.18509895986378,464.0982017086511,9920.228304405875,9938.642098877768,0.0,9924.940543063882,31.695840391492567,787.0744463176652,0.0,260.81732597222856,31.76685164233909,0.0,5.255232944020136,9920.231282737801,4.38143685751583,6.715672342367945,0.0,904.3040293040293
religious_practice_and_self_identification|WVS_F,25.704527910239538,505.8507165722523,21.82962914494682,11.534679676272596,169.88817624119628,196.57102719178357,85.97916105903326,0.0,87.59897170204653,12.044908805198013,74.06893468088222,160.3209488923775,364.05086008256694,197.88248888514903,479.93940446770637,20.795463074323642,0.0,49.78218335997278,18.635860436370535,142.2288606754626,6.734958940841295,0.0,98.63706973557669,0.4632679581391699,19.76047686680203,75.28324388789504,509.7620435798039,0.0,22.251879111624614,0.0,0.0,0.2975585973684609,41.36679562921223,0.0,195.6663175098143,927.6573641214525,0.0,31.772269700748012,48.418627158784645,9958.48677915891,9969.545043474585,9924.940543063882,0.0,912.5839809268324,75.01914049830825,0.0,2.2668328472953334,19.42254076539357,0.0,47.40883063809024,9955.976563428707,45.928502709140446,969.4288939571959,97.92787847444693,301.99430199430196
science_skepticism|WVS_I,4.379031656549174,64.43541030153568,211.24196031503493,40.88219086495394,830.3613170373338,385.09316770186336,30.93558893836314,0.0,371.830462207423,187.13038693875563,187.15232446069322,80.67920295134672,143.81925036108277,2.887475381900572,74.83228378375476,89.16235840476011,0.0,368.5071881477529,101.10789084607026,181.1037645539749,162.77242604358818,0.0,89.32444479927614,169.23940769296246,25.41674142853151,128.16634413423733,71.777866848562,0.0,924.7590550085245,302.1114394198081,0.0,0.0,43.582443831829764,0.0,147.6609449493897,260.3751527711355,18.116501788386003,912.2478916615236,359.2084587935692,622.1574565545388,87.57585932136288,31.695840391492567,912.5839809268324,0.0,864.6269750897062,0.0,157.43825820877203,71.00495991202125,0.0,36.6230227602378,574.541387267417,36.39885557831771,21.90925916261692,0.0,724.2808005003127
science_technology_optimism|WVS_E,151.91482747141345,9861.334359620418,9908.356494275562,99.50355964009471,369.40237363268875,155.72639688808556,911.5437786185929,0.0,9895.784823007778,9917.004953659316,9884.26685842122,900.851552846495,9872.987188552728,9878.336830755487,9868.102786077963,9916.893402292142,0.0,621.7236125137354,150.9707607870406,599.6616101031542,45.25964341400582,0.0,911.6703589743344,10.206593805248431,9920.298420524625,881.0065916061849,866.1389860693355,0.0,181.207005524885,0.0,0.0,9924.602584845803,285.9268673954937,0.0,410.1198239582628,709.9163103359999,9926.518219513162,9912.392728652354,390.4811824761246,338.88162446174124,441.473069555449,787.0744463176652,75.01914049830825,864.6269750897062,0.0,0.0,5.209917612110289,9909.859474322207,0.0,277.6456749037749,231.6002027528714,915.3527693915071,75.43815370365397,9887.693961235473,877.5256617688807
sexual_and_reproductive_morality_permissiveness|WVS_F,0.0,0.0,0.0,0.0,0.0,0.0,0.0,0.0,0.0,0.0,0.0,0.0,0.0,0.0,0.0,0.0,0.0,0.0,0.0,0.0,0.0,0.0,0.0,0.0,0.0,0.0,0.0,0.0,0.0,0.0,0.0,0.0,0.0,0.0,0.0,0.0,0.0,0.0,0.0,0.0,0.0,0.0,0.0,0.0,0.0,0.0,0.0,0.0,0.0,0.0,0.0,0.0,0.0,0.0,0.0
social_intolerance_outgroups|WVS_A,3.854198765535852,379.0299452188211,0.0,3.252232743518917,9856.508083314535,9941.927019034634,9972.800610230175,0.0,26.198161467762255,0.0,9.404417504706814,50.827682703691735,936.1373196056762,38.68104100784511,700.4836863616815,9.034328378995482,0.0,53.72834328498196,14.779698828778589,53.97799506461284,0.0,0.0,9972.927190585917,0.0,17.230851402983106,246.2937262480707,454.71160715460246,0.0,7.345033256965934,0.0,0.0,0.0,8.024808999243863,0.0,10.270351567279903,259.4167657481389,0.0,5.585843291395747,13.31224377958409,21.604466162202158,12.13633391556981,260.81732597222856,2.2668328472953334,157.43825820877203,5.209917612110289,0.0,0.0,0.0,0.0,9968.532136144988,10.15857227914276,9976.60960100309,9975.297962175957,0.0,17.233157323008058
societal_change_attitudes|WVS_E,0.0,9906.422021862089,9953.444156517233,0.0,137.0444598358361,97.21045552615185,13.77429800311996,0.0,9940.872485249447,9962.092615900987,9929.354520662891,268.5198602494552,9918.074850794397,9931.183908045978,9913.190448319634,9961.981064533813,0.0,41.811274755405236,5.347473366022385,875.5185031140549,0.0,0.0,28.700467259169727,0.0,9965.386082766296,32.8756274985285,58.338926347976454,0.0,25.248574271948833,0.0,0.0,9969.690247087474,5.6892043118382745,0.0,37.2814755633285,224.70094227463946,9971.605881754831,9957.480390894025,34.00523419896008,52.27946151291356,14.008383183649784,31.76685164233909,19.42254076539357,71.00495991202125,9909.859474322207,0.0,0.0,0.0,0.0,5.554456136776551,105.62237134840251,10.440431633177013,52.69343728991234,9940.541038525964,149.88605128327782
socioeconomic_insecurity_worry|WVS_H,0.0,0.0,0.0,0.0,0.0,0.0,0.0,0.0,0.0,0.0,0.0,0.0,0.0,0.0,0.0,0.0,0.0,0.0,0.0,0.0,0.0,0.0,0.0,0.0,0.0,0.0,0.0,0.0,0.0,0.0,0.0,0.0,0.0,0.0,0.0,0.0,0.0,0.0,0.0,0.0,0.0,0.0,0.0,0.0,0.0,0.0,0.0,0.0,0.0,0.0,0.0,0.0,0.0,0.0,0.0
subjective_wellbeing|WVS_A,0.0,10.620370722711343,23.852687458357224,3.25757666232748,9858.686233033668,9937.22760750772,9962.782644125675,0.0,75.27461683050814,14.153254855353119,32.03350876882533,50.17779699435294,134.45268683450809,0.0,18.322329667187503,12.872830573887157,0.0,72.03631429690012,13.070628129946726,173.56232110330473,16.482886451926696,0.0,9962.909224481416,11.263316926911664,6.280173847058208,22.53117139898046,10.120970842471863,0.0,61.79950383132132,4.7845352712516025,0.0,0.0,19.07741381425592,0.0,46.71978555769749,150.31931918457695,0.0,76.84744061741698,76.41968168283957,87.91682864159137,25.875677752588814,5.255232944020136,47.40883063809024,36.6230227602378,277.6456749037749,0.0,9968.532136144988,5.554456136776551,0.0,0.0,785.916505310098,9966.591634898588,9965.279996071456,0.0,179.03978172856893
violence_tolerance|WVS_F,959.1274568195354,129.75774872736622,60.13112150703688,462.99324526527295,826.4749469584018,172.60631115324975,126.34317148568188,0.0,63.489358642278475,31.675234381627867,241.01460393226503,0.0,41.13957494964866,59.77983333398092,184.5742232329599,17.959329621368525,0.0,352.74576567138115,64.73573976780825,2.320986796757694,67.6740555917167,0.0,52.216321655789706,0.0,13.807249779511913,0.0,0.0,0.0,5.270210965173504,0.0,0.0,0.7992121459853507,32.80681051164893,0.0,899.8721358460674,176.24097892396713,0.0,11.889092947928802,6.327545691625332,9948.406883209449,9959.465147525125,9920.231282737801,9955.976563428707,574.541387267417,231.6002027528714,0.0,10.15857227914276,105.62237134840251,0.0,785.916505310098,0.0,585.6606368348672,376.01566467440136,112.5732572502605,24.636819179625093
voluntary_association_active_membership|WVS_A,4.165949771389222,0.0,39.58261287685538,2.2147832476294127,9840.483409880226,9947.106341727218,9972.012575415361,0.0,23.288857241824623,10.875954260329593,24.133530017905358,395.950491907331,19.902572596607442,0.0,0.0,0.0,0.0,14.924039913959653,7.067191810373934,224.08050457090212,12.029022989227272,0.0,9970.986689339517,7.602796519525828,0.0,0.0,1.6432863593314408,0.0,24.26591471634336,6.390308327315239,0.0,0.0,9.095418752433467,0.0,503.11589288553824,15.984127446129364,0.0,69.3566646867287,25.62744481409758,46.382559246026986,12.51064748398575,4.38143685751583,45.928502709140446,36.39885557831771,915.3527693915071,0.0,9976.60960100309,10.440431633177013,0.0,9966.591634898588,585.6606368348672,0.0,9975.02960172151,949.0102916006557,251.90743236738228
