construct,acceptance_of_state_surveillance|WVS_H,authoritarian_governance_tolerance|WVS_E,autocracy_support|WVS_E,basic_needs_deprivation|WVS_H,child_qualities_autonomy_self_expression|WVS_A,child_qualities_conformity_tradition|WVS_A,child_qualities_prosocial_diligence|WVS_A,civic_dishonesty_tolerance|WVS_F,confidence_in_civil_society_organizations|WVS_E,confidence_in_domestic_institutions|WVS_E,confidence_in_international_organizations|WVS_E,crime_victimization|WVS_H,democratic_system_evaluation|WVS_E,democratic_values_importance|WVS_E,economic_ideology|WVS_E,electoral_integrity|WVS_E,existential_threat_worry|WVS_H,familial_duty_obligations|WVS_D,female_income_threat_to_marriage|WVS_D,freedom_security_tradeoff_perception|WVS_H,gender_role_traditionalism|WVS_D,immigrant_origin_status|WVS_G,importance_of_life_domains|WVS_A,institutional_threat_perception|WVS_H,international_organization_knowledge|WVS_E,job_scarcity_gender_discrimination|WVS_C,job_scarcity_nativist_preference|WVS_C,life_autonomy_morality_permissiveness|WVS_F,multilevel_place_attachment|WVS_G,neighborhood_disorder_and_crime|WVS_H,offline_political_participation|WVS_E,online_political_participation|WVS_E,outgroup_trust|WVS_G,perceived_corruption|WVS_E,perceived_negative_effects_of_immigration|WVS_G,perceived_positive_effects_of_immigration|WVS_G,political_information_sources|WVS_E,postmaterialist_values|WVS_E,precautionary_security_behaviors|WVS_H,religion_versus_secularism_orientation|WVS_F,religious_belief|WVS_F,religious_exclusivism|WVS_F,religious_practice_and_self_identification|WVS_F,science_skepticism|WVS_I,science_technology_optimism|WVS_E,sexual_and_reproductive_morality_permissiveness|WVS_F,social_intolerance_outgroups|WVS_A,societal_change_attitudes|WVS_E,socioeconomic_insecurity_worry|WVS_H,subjective_wellbeing|WVS_A,violence_tolerance|WVS_F,voluntary_association_active_membership|WVS_A,voluntary_association_belonging|WVS_A,voting_participation|WVS_E,work_ethic|WVS_C
acceptance_of_state_surveillance|WVS_H,0.0,59.523809523809526,42.595728428799,23.531471828235073,132.65250986113364,54.111135387080324,29.67307103155499,9999.0,55.1673996965841,33.9472690450455,66.68536428314073,40.36529680365297,66.90591617075194,34.48275862068965,60.24096385542168,34.058820412219056,9999.0,33.778951422126866,32.57328990228013,104.49070750578288,24.59187632435014,9999.0,29.54649067581356,19.50583106613845,28.248587570621467,46.51162790697675,54.054054054054056,9999.0,25.114155251141554,19.06631666409312,9999.0,15.290519877675841,25.66035262502458,9999.0,59.25532097346802,64.31012772081309,13.698630136986303,38.55949405200735,26.92614336449953,37.117833884058896,26.05956956838309,44.44444444444444,30.792647231003397,76.2661296337734,86.18041062382466,9999.0,23.923579012241927,33.333333333333336,9999.0,32.67973856209151,40.87254318046456,25.864080258640804,26.745273600470803,25.125628140703515,63.36744295459892
authoritarian_governance_tolerance|WVS_E,59.523809523809526,0.0,94.08095818455618,62.11180124223603,192.17631938494316,101.09662562445448,77.74000525432919,9999.0,106.65262945234129,85.43249880080269,118.17059403889792,91.9572271180444,91.9741140728718,94.00656814449917,96.85851654763572,80.54910368649873,9999.0,85.3708817365183,85.64121300694191,162.3779390921544,76.18380663874157,9999.0,79.6348373366786,71.09776138052987,65.25433171764443,89.28571428571429,108.69565217391305,9999.0,76.70608556553299,70.55154641985031,9999.0,63.268225225385635,76.35723046098772,9999.0,118.77913049727755,112.28783306852289,65.29056045137773,90.04472380776454,77.86676537137103,88.70976419845033,76.00707872857035,101.010101010101,82.38457754539482,124.24383498148319,137.66564037958187,9999.0,75.51550932663335,92.57797813791198,9999.0,85.53347543113482,92.464473494856,56.497175141242934,51.81347150259067,84.64943766451304,111.34514830230871
autocracy_support|WVS_E,42.595728428799,94.08095818455618,0.0,38.72993998306147,174.44079847460245,70.95919118715902,44.87153918638138,9999.0,59.63049479719686,38.410364145658264,71.14845938375349,55.56376495847937,82.42812925224663,77.07848704948864,87.31253172701057,38.52191551283182,9999.0,48.97741957695326,49.346996042323944,125.98447693258939,36.15567439096851,9999.0,44.74495883063995,27.77777777777778,35.11689728034899,75.40872619878945,90.27633173563879,9999.0,38.3662070169314,23.52941176470588,9999.0,30.812732959170557,40.85882077985097,9999.0,101.04360958693685,79.83234080230781,28.897098291812696,43.022589152620114,42.124611519325924,52.3163020388853,41.25803772320948,78.43178057821817,42.68649988731124,91.78834271526812,90.64350572443743,9999.0,31.948881789137378,45.55584348276756,9999.0,49.140013271569785,47.39576021339323,41.0625484134672,42.267486681965515,66.91391675417235,78.88965603609364
basic_needs_deprivation|WVS_H,23.531471828235073,62.11180124223603,38.72993998306147,0.0,156.1839816893687,54.67468562055768,25.80728258581746,9999.0,51.30161125084656,28.49002849002849,62.5,36.49950835791544,63.39395930838822,44.642857142857146,56.497175141242934,29.940119760479043,9999.0,29.913162976389334,23.52941176470588,106.92022033202547,20.726087878612603,9999.0,25.68070223007603,15.64004262040092,18.832391713747647,37.174721189591075,51.54639175257732,9999.0,21.24836680540402,15.200528218355586,9999.0,11.778563015312132,21.79456417928705,9999.0,82.7867928017031,60.79817085844938,9.83284169124877,34.693705606269816,23.060354918762,33.25204543832137,22.193781122645557,59.397610634359744,26.926858785265864,72.75417277140969,82.31462217808713,9999.0,20.057790566504394,30.959752321981423,9999.0,30.075756671005855,37.00675473472703,21.998291812903272,23.233316738107092,48.657099968938596,59.85548609223521
child_qualities_autonomy_self_expression|WVS_A,132.65250986113364,192.17631938494316,174.44079847460245,156.1839816893687,0.0,136.51238896680692,144.56391875746715,9999.0,187.81990955771772,165.16765364691634,199.33787414427437,142.370087295343,199.55842603188557,167.1352684818233,192.89347371655532,166.7113302733527,9999.0,148.34320825104237,165.22579976341376,186.89196108550948,157.24438618548376,9999.0,162.19900053694718,152.1583409272721,147.05882352941177,179.16413776811038,179.13479317769594,9999.0,157.76666511227518,151.71882652522675,9999.0,147.94302973880946,153.18898217705112,9999.0,141.65657455319462,196.96263758194672,146.35113999811995,171.21200391314096,159.57865322563316,169.77034374519252,158.71207942951673,147.05257342003486,163.44515709213704,169.63868296266614,218.8329204849583,9999.0,142.49191668546507,165.98584319446695,9999.0,140.31376696633174,173.5250530415982,158.51659011977443,159.39778346160443,107.52688172043011,173.752047283344
child_qualities_conformity_tradition|WVS_A,54.111135387080324,101.09662562445448,70.95919118715902,54.67468562055768,136.51238896680692,0.0,57.95004089850878,9999.0,83.53086245494411,62.31073180340552,95.04882704150074,57.14285714285714,89.44379669214493,88.59389400776998,94.32819916690885,62.42228317057908,9999.0,68.54091751116923,70.07400555041627,108.35058661145618,57.82546316511758,9999.0,56.80665449381213,48.21853153057241,35.842293906810035,91.84940681014876,93.90756302521008,9999.0,56.20889268481411,47.42977942245314,9999.0,43.47826086956522,55.9226151919506,9999.0,63.11520007914132,92.49786871270247,52.79746594955996,66.92295681036737,56.46085060784096,74.6309088446431,55.527333276888776,68.51119894598155,66.5868675450585,91.09730848861284,114.54387338218469,9999.0,57.07298096536538,69.45621114051481,9999.0,61.77239249227844,71.29612787114048,51.89365827278114,49.2831541218638,28.98550724637681,91.5551839464883
child_qualities_prosocial_diligence|WVS_A,29.67307103155499,77.74000525432919,44.87153918638138,25.80728258581746,144.56391875746715,57.95004089850878,0.0,9999.0,57.44321045416648,36.223079802627886,68.96117504072312,42.64110756123536,66.08717632201964,63.69426751592357,70.97157879678356,36.33463116980144,9999.0,36.05476217970925,36.424338645079935,113.06181953534538,26.867687081932523,9999.0,30.83839214023652,21.78164182372084,22.779043280182233,62.486068801545436,77.35367433839478,9999.0,27.38996600872394,21.342127421675507,9999.0,14.471780028943561,27.560785264545657,9999.0,71.16672986980154,63.491387872080814,15.974440894568689,40.835304809589736,29.07032017492896,39.39364464164129,27.210633532128277,62.090827647991176,33.068457988585784,75.44738978504111,88.45622138140705,9999.0,26.199389769824315,43.36855913973718,9999.0,36.217355874325776,43.14835393804695,26.98742458463818,25.92653375173852,37.03703703703704,62.54870310586664
civic_dishonesty_tolerance|WVS_F,9999.0,9999.0,9999.0,9999.0,9999.0,9999.0,9999.0,0.0,9999.0,9999.0,9999.0,9999.0,9999.0,9999.0,9999.0,9999.0,9999.0,9999.0,9999.0,9999.0,9999.0,9999.0,9999.0,9999.0,9999.0,9999.0,9999.0,9999.0,9999.0,9999.0,9999.0,9999.0,9999.0,9999.0,9999.0,9999.0,9999.0,9999.0,9999.0,9999.0,9999.0,9999.0,9999.0,9999.0,9999.0,9999.0,9999.0,9999.0,9999.0,9999.0,9999.0,9999.0,9999.0,9999.0,9999.0
confidence_in_civil_society_organizations|WVS_E,55.1673996965841,106.65262945234129,59.63049479719686,51.30161125084656,187.81990955771772,83.53086245494411,57.44321045416648,9999.0,0.0,50.982035413443356,83.7201306515386,68.13543622626446,94.99980052003174,89.65015831727375,99.88420299479566,51.09358678061692,9999.0,61.54909084473836,61.91866731010904,138.55614820037448,48.7273456587536,9999.0,57.31663009842505,40.65040650406504,47.688568548134086,87.98039746657454,102.84800300342388,9999.0,50.9378782847165,36.101083032490976,9999.0,43.38440422695565,53.43049204763607,9999.0,114.42272067005212,92.4040120700929,41.468769559597796,55.594260420405206,54.69628278711102,64.88797330667039,53.82970899099458,91.00345184600326,55.258171155096335,104.36001398305321,103.21517699222252,9999.0,45.74428457540322,58.12751475055265,9999.0,61.71168453935488,59.96743148117832,53.6342196812523,54.839157949750614,80.29302783728761,91.46132730387873
confidence_in_domestic_institutions|WVS_E,33.9472690450455,85.43249880080269,38.410364145658264,28.49002849002849,165.16765364691634,62.31073180340552,36.223079802627886,9999.0,50.982035413443356,0.0,62.49999999999999,46.91530557472586,73.77966986849314,68.43002766573515,78.66407234325706,29.87345612907832,9999.0,40.32896019319976,40.69853665857045,117.33601754883588,27.507215007215006,9999.0,36.096499446886455,17.482517482517483,26.46843789659549,65.66474967961956,80.03642024260581,9999.0,29.7177476331779,14.880952380952381,9999.0,22.164273575417056,32.210361396097476,9999.0,91.77046475925071,71.18388141855431,20.2486389080592,34.37412976886661,33.47615213557243,43.66784265513179,32.609578339455986,69.78332119446466,34.038040503557745,83.13988333151461,81.99504634068393,9999.0,22.675736961451246,36.90738409901405,9999.0,40.49155388781628,38.747300829639734,32.4140890297137,33.61902729821202,57.64077192648621,70.24119665234014
confidence_in_international_organizations|WVS_E,66.68536428314073,118.17059403889792,71.14845938375349,62.5,199.33787414427437,95.04882704150074,68.96117504072312,9999.0,83.7201306515386,62.49999999999999,0.0,79.6534008128211,106.51776510658837,101.16812290383038,111.40216758135229,62.61155136717355,9999.0,73.06705543129499,73.43663189666569,150.07411278693112,60.245310245310236,9999.0,68.8345946849817,52.083333333333336,59.206533134690716,99.49836205313119,114.04639175257732,9999.0,62.455842871273134,47.61904761904761,9999.0,54.90236881351229,64.94845663419271,9999.0,125.94068525660876,103.92197665664955,52.98673414615443,67.11222500696184,66.21424737366766,76.40593789322703,65.34767357755122,102.5214164325599,66.77613574165298,115.87797856960984,114.73314157877917,9999.0,57.26224916195986,69.6454793371093,9999.0,73.22964912591152,71.48539606773497,65.15218426780893,66.35712253630724,91.81099242384425,102.97929189043538
crime_victimization|WVS_H,40.36529680365297,91.9572271180444,55.56376495847937,36.49950835791544,142.370087295343,57.14285714285714,42.64110756123536,9999.0,68.13543622626446,46.91530557472586,79.6534008128211,0.0,80.30439818573485,47.84688995215311,85.18880066049877,47.026856941899425,9999.0,46.74698795180723,47.11656441717791,114.20828493999227,37.5599128540305,9999.0,42.51452720549393,32.47386759581882,38.314176245210724,45.04504504504504,36.76470588235294,9999.0,37.87878787878788,32.034353193773484,9999.0,33.78378378378378,38.62838915470495,9999.0,68.9728984076774,81.91528545119705,26.666666666666668,51.527530581687714,39.8941798941799,50.085870413739265,39.02760609806346,61.34969325153375,43.76068376068376,94.75939353988133,99.14844715350503,9999.0,36.89161554192229,54.06078491183516,9999.0,46.90958164642375,41.1522633744856,38.83211678832117,40.14375561545373,34.84320557491289,77.94871794871796
democratic_system_evaluation|WVS_E,66.90591617075194,91.9741140728718,82.42812925224663,63.39395930838822,199.55842603188557,89.44379669214493,66.08717632201964,9999.0,94.99980052003174,73.77966986849314,106.51776510658837,80.30439818573485,0.0,101.38867479144159,85.20568761532617,68.89627475418918,9999.0,73.71805280420875,74.08762926957944,150.72511015984486,64.53097770643203,9999.0,67.98200840436905,59.444932448220335,53.60150278533489,100.14935942604494,114.94035106096554,9999.0,65.05325663322344,58.898717487540765,9999.0,51.61539629307609,64.70440152867818,9999.0,126.16123714421995,100.63500413621334,53.63773151906819,78.391894875455,65.35947712418302,77.05693526614078,58.8235294117647,99.23444391212371,70.73174861308527,112.59100604917364,126.01281144727231,9999.0,63.86268039432381,80.92514920560244,9999.0,73.88064649882527,80.81164456254645,64.13104084877071,40.16064257028113,92.03154431145545,99.69231936999917
democratic_values_importance|WVS_E,34.48275862068965,94.00656814449917,77.07848704948864,44.642857142857146,167.1352684818233,88.59389400776998,63.69426751592357,9999.0,89.65015831727375,68.43002766573515,101.16812290383038,47.84688995215311,101.38867479144159,0.0,94.72372247611133,68.54157903290871,9999.0,68.26171004281652,56.81818181818181,126.58227848101265,59.07463494503979,9999.0,64.02924929650321,53.98858968682811,62.73134619131112,69.44444444444444,63.69426751592357,9999.0,59.596913871831205,53.549075284782774,9999.0,49.77327849836549,60.14311124571423,9999.0,93.73807959415767,98.79288634150274,48.181388757675954,73.042252672697,61.40890198518918,71.60059250474855,60.54232818907274,62.5,65.27540585169305,110.74888825446305,120.66316924451431,9999.0,58.40633763293158,67.816091954023,9999.0,57.4712643678161,75.35530180115421,59.523809523809526,61.228032221160454,59.60838676139316,97.85020157528857
economic_ideology|WVS_E,60.24096385542168,96.85851654763572,87.31253172701057,56.497175141242934,192.89347371655532,94.32819916690885,70.97157879678356,9999.0,99.88420299479566,78.66407234325706,111.40216758135229,85.18880066049877,85.20568761532617,94.72372247611133,0.0,73.7806772289531,9999.0,78.60245527897267,78.97203174434335,155.6095126346088,69.41538018119594,9999.0,72.86641087913296,64.32933492298426,58.485905260098804,83.33333333333333,108.04356689382026,9999.0,69.93765910798736,63.78311996230468,9999.0,56.499798767840005,69.5888040034421,9999.0,119.4962848288897,105.51940661097726,58.52213399383211,83.27629735021891,71.0983389138254,81.9413377409047,69.23865227102472,104.11884638688761,75.6161510878492,117.47540852393756,130.89721392203623,9999.0,68.74708286908773,85.80955168036635,9999.0,78.76504897358919,85.69604703731036,50.0,45.04504504504504,85.3665919961252,104.57672184476309
electoral_integrity|WVS_E,34.058820412219056,80.54910368649873,38.52191551283182,29.940119760479043,166.7113302733527,62.42228317057908,36.33463116980144,9999.0,51.09358678061692,29.87345612907832,62.61155136717355,47.026856941899425,68.89627475418918,68.54157903290871,73.7806772289531,0.0,9999.0,40.44051156037332,40.810088025744,117.44756891600944,27.618766374388564,9999.0,36.20805081406001,17.123287671232877,26.579989263769043,66.8718181822095,81.48651151305637,9999.0,28.81844380403458,14.992503748125937,9999.0,22.275824942590614,30.8641975308642,9999.0,93.31414138568708,71.29543278572787,20.360190275232753,34.48568113604017,30.3030303030303,43.779394022305354,29.239766081871345,69.89487256163822,34.1495918707313,83.25143469868817,82.10659770785749,9999.0,24.635705291038185,37.018935466187614,9999.0,40.60310525498984,38.85885219681329,31.645569620253163,28.73563218390805,59.184448552922575,70.3527480195137
existential_threat_worry|WVS_H,9999.0,9999.0,9999.0,9999.0,9999.0,9999.0,9999.0,9999.0,9999.0,9999.0,9999.0,9999.0,9999.0,9999.0,9999.0,9999.0,0.0,9999.0,9999.0,9999.0,9999.0,9999.0,9999.0,9999.0,9999.0,9999.0,9999.0,9999.0,9999.0,9999.0,9999.0,9999.0,9999.0,9999.0,9999.0,9999.0,9999.0,9999.0,9999.0,9999.0,9999.0,9999.0,9999.0,9999.0,9999.0,9999.0,9999.0,9999.0,9999.0,9999.0,9999.0,9999.0,9999.0,9999.0,9999.0
familial_duty_obligations|WVS_D,33.778951422126866,85.3708817365183,48.97741957695326,29.913162976389334,148.34320825104237,68.54091751116923,36.05476217970925,9999.0,61.54909084473836,40.32896019319976,73.06705543129499,46.74698795180723,73.71805280420875,68.26171004281652,78.60245527897267,40.44051156037332,9999.0,0.0,40.53021903565181,117.16769992591725,30.9735674725044,9999.0,35.92818182396782,25.887522214292712,33.557046979865774,60.24096385542168,81.45955472896665,9999.0,31.495846399295814,25.44800781224738,9999.0,25.06265664160401,32.04204377317884,9999.0,74.94601936337675,74.08226448474126,20.080321285140563,44.94118520016161,33.30783451265379,43.49952503221316,32.44126071653735,72.68170426065163,37.17433837915766,86.03826639770156,92.56210177197892,9999.0,30.305270160396187,47.474439530309056,9999.0,40.323236264897645,47.25423432861882,32.245771406795065,33.55741023392763,40.816326530612244,71.36237256719184
female_income_threat_to_marriage|WVS_D,32.57328990228013,85.64121300694191,49.346996042323944,23.52941176470588,165.22579976341376,70.07400555041627,36.424338645079935,9999.0,61.91866731010904,40.69853665857045,73.43663189666569,47.11656441717791,74.08762926957944,56.81818181818181,78.97203174434335,40.810088025744,9999.0,40.53021903565181,0.0,117.53727639128795,31.343143937875084,9999.0,36.2977582893385,26.257098679663397,37.40506979326117,37.3134328358209,45.45454545454546,9999.0,31.8654228646665,25.817584277618064,9999.0,26.595744680851062,32.411620238549524,9999.0,91.82861087574815,75.61535252398832,20.449897750511248,45.3107616655323,33.677410978024476,43.86910149758384,32.810837181908035,74.21479229989868,37.543914844528345,87.57135443694861,92.93167823734962,9999.0,30.67484662576687,47.84401599567974,9999.0,40.69281273026833,47.623810793989506,32.61534787216575,33.92698669929831,57.69891804298365,71.73194903256254
freedom_security_tradeoff_perception|WVS_H,104.49070750578288,162.3779390921544,125.98447693258939,106.92022033202547,186.89196108550948,108.35058661145618,113.06181953534538,9999.0,138.55614820037448,117.33601754883588,150.07411278693112,114.20828493999227,150.72511015984486,126.58227848101265,155.6095126346088,117.44756891600944,9999.0,117.16769992591725,117.53727639128795,0.0,107.98062482814052,9999.0,112.93523917960395,102.89457956992884,114.04255068352661,143.59900654775345,129.87012987012986,9999.0,108.50290375493194,102.4550651678835,9999.0,109.73838636234818,109.04910112881497,9999.0,113.49477219784387,152.33599742530708,97.08737864077669,121.94824255579773,110.31489186828992,120.50658238784929,109.44831807217348,118.89077106468412,114.18139573479378,141.4768806073154,169.56915912761505,9999.0,107.31232751603231,124.48149688594518,9999.0,112.151964610981,124.26129168425496,109.2528287624312,110.56446758956375,79.36507936507937,145.59024492799327
gender_role_traditionalism|WVS_D,24.59187632435014,76.18380663874157,36.15567439096851,20.726087878612603,157.24438618548376,57.82546316511758,26.867687081932523,9999.0,48.7273456587536,27.507215007215006,60.245310245310236,37.5599128540305,64.53097770643203,59.07463494503979,69.41538018119594,27.618766374388564,9999.0,30.9735674725044,31.343143937875084,107.98062482814052,0.0,9999.0,26.74110672619109,14.880952380952381,24.213748141905732,57.404874094340585,72.27247963118992,9999.0,22.308771301519087,12.626262626262625,9999.0,14.347202295552368,22.854968675402112,9999.0,83.84719729781816,63.366810138689615,10.893246187363834,32.11944001417685,24.120759414877064,34.31244993443643,23.254185618760623,61.966249914599985,27.987263281380926,75.32281205164992,79.74035658599418,9999.0,20.66115702479339,34.48275862068965,9999.0,31.136161167120918,36.49261107494998,23.058696309018337,24.370335136150896,49.71750446505366,62.17529746941512
immigrant_origin_status|WVS_G,9999.0,9999.0,9999.0,9999.0,9999.0,9999.0,9999.0,9999.0,9999.0,9999.0,9999.0,9999.0,9999.0,9999.0,9999.0,9999.0,9999.0,9999.0,9999.0,9999.0,9999.0,0.0,9999.0,9999.0,9999.0,9999.0,9999.0,9999.0,9999.0,9999.0,9999.0,9999.0,9999.0,9999.0,9999.0,9999.0,9999.0,9999.0,9999.0,9999.0,9999.0,9999.0,9999.0,9999.0,9999.0,9999.0,9999.0,9999.0,9999.0,9999.0,9999.0,9999.0,9999.0,9999.0,9999.0
importance_of_life_domains|WVS_A,29.54649067581356,79.6348373366786,44.74495883063995,25.68070223007603,162.19900053694718,56.80665449381213,30.83839214023652,9999.0,57.31663009842505,36.096499446886455,68.8345946849817,42.51452720549393,67.98200840436905,64.02924929650321,72.86641087913296,36.20805081406001,9999.0,35.92818182396782,36.2977582893385,112.93523917960395,26.74110672619109,9999.0,0.0,21.655061467979408,20.964360587002098,62.359488445804004,77.22709398265336,9999.0,27.263385652982507,21.215547065934075,9999.0,16.366612111292962,27.809583026865536,9999.0,88.80181164928158,65.38621995443022,15.847860538827257,40.708724453848305,29.075373766340483,39.267064285899856,28.208799970224042,63.98565973034057,32.94187763284435,77.34222186739052,88.32964102566562,9999.0,26.072809414082883,43.24197878399575,9999.0,36.090775518584344,43.02177358230552,28.013310660481757,27.82136583408792,54.67211881651708,64.44353518821605
institutional_threat_perception|WVS_H,19.50583106613845,71.09776138052987,27.77777777777778,15.64004262040092,152.1583409272721,48.21853153057241,21.78164182372084,9999.0,40.65040650406504,17.482517482517483,52.083333333333336,32.47386759581882,59.444932448220335,53.98858968682811,64.32933492298426,17.123287671232877,9999.0,25.887522214292712,26.257098679663397,102.89457956992884,14.880952380952381,9999.0,21.655061467979408,0.0,12.376237623762377,52.3188288361289,67.18643437297824,9999.0,16.722408026755854,11.174887456258965,9999.0,7.880220646178092,17.76892341719043,9999.0,78.76115203960647,56.89982848931534,5.807200929152149,22.675736961451246,19.034714156665377,29.226404676224746,18.168140360548936,55.49926826522571,22.901218023169243,68.85583040227564,78.2889814159905,9999.0,11.961722488038278,26.17801047120419,9999.0,26.050115908909234,28.011204481792713,17.97265105080665,19.28428987793921,44.63145920684197,55.95714372310117
international_organization_knowledge|WVS_E,28.248587570621467,65.25433171764443,35.11689728034899,18.832391713747647,147.05882352941177,35.842293906810035,22.779043280182233,9999.0,47.688568548134086,26.46843789659549,59.206533134690716,38.314176245210724,53.60150278533489,62.73134619131112,58.485905260098804,26.579989263769043,9999.0,33.557046979865774,37.40506979326117,114.04255068352661,24.213748141905732,9999.0,20.964360587002098,12.376237623762377,0.0,56.00711290333872,70.37878346632496,9999.0,20.366598778004075,11.587485515643106,9999.0,18.870806710107782,20.080321285140563,9999.0,87.50390854408948,62.11180124223603,16.955172042749922,31.080662903557336,20.618556701030926,40.37437578982252,19.68503937007874,66.48985432915539,30.74457363824847,79.84641646620534,78.70157947537466,9999.0,21.230687058555354,33.61391723370478,9999.0,37.19808702250701,35.45383396433046,16.051364365971107,13.440860215053764,53.37421571132498,66.94772978703087
job_scarcity_gender_discrimination|WVS_C,46.51162790697675,89.28571428571429,75.40872619878945,37.174721189591075,179.16413776811038,91.84940681014876,62.486068801545436,9999.0,87.98039746657454,65.66474967961956,99.49836205313119,45.04504504504504,100.14935942604494,69.44444444444444,83.33333333333333,66.8718181822095,9999.0,60.24096385542168,37.3134328358209,143.59900654775345,57.404874094340585,9999.0,62.359488445804004,52.3188288361289,56.00711290333872,0.0,81.80975092739799,9999.0,57.927153021132,51.87931443408357,9999.0,48.953284204903206,58.473350395015025,9999.0,105.76694888044477,97.97289204804045,46.51162790697675,71.3724918219978,59.73914113448998,69.93083165404934,58.872567338373536,90.90909090909092,63.605645000993846,109.92889396100077,118.99340839381512,9999.0,56.736576782232376,68.1344735115725,9999.0,66.75454288673383,64.93506493506493,46.08294930875576,59.98871685576381,71.63725604768027,97.03020728182628
job_scarcity_nativist_preference|WVS_C,54.054054054054056,108.69565217391305,90.27633173563879,51.54639175257732,179.13479317769594,93.90756302521008,77.35367433839478,9999.0,102.84800300342388,80.03642024260581,114.04639175257732,36.76470588235294,114.94035106096554,63.69426751592357,108.04356689382026,81.48651151305637,9999.0,81.45955472896665,45.45454545454546,129.87012987012986,72.27247963118992,9999.0,77.22709398265336,67.18643437297824,70.37878346632496,81.80975092739799,0.0,9999.0,72.79475855798134,66.74691997093291,9999.0,63.32495476788945,73.34095593186437,9999.0,105.73760429003033,112.3445626110267,61.379233443826095,86.24009735884714,74.60674667133932,84.7984371908987,73.74017287522288,82.64462809917356,78.47325053784319,124.300564523987,133.86101393066446,9999.0,71.60418231908172,82.50614407455875,9999.0,81.62214842358318,62.5,73.5446835654806,74.77970849068441,71.60791145726583,111.40187784481253
life_autonomy_morality_permissiveness|WVS_F,9999.0,9999.0,9999.0,9999.0,9999.0,9999.0,9999.0,9999.0,9999.0,9999.0,9999.0,9999.0,9999.0,9999.0,9999.0,9999.0,9999.0,9999.0,9999.0,9999.0,9999.0,9999.0,9999.0,9999.0,9999.0,9999.0,9999.0,0.0,9999.0,9999.0,9999.0,9999.0,9999.0,9999.0,9999.0,9999.0,9999.0,9999.0,9999.0,9999.0,9999.0,9999.0,9999.0,9999.0,9999.0,9999.0,9999.0,9999.0,9999.0,9999.0,9999.0,9999.0,9999.0,9999.0,9999.0
multilevel_place_attachment|WVS_G,25.114155251141554,76.70608556553299,38.3662070169314,21.24836680540402,157.76666511227518,56.20889268481411,27.38996600872394,9999.0,50.9378782847165,29.7177476331779,62.455842871273134,37.87878787878788,65.05325663322344,59.596913871831205,69.93765910798736,28.81844380403458,9999.0,31.495846399295814,31.8654228646665,108.50290375493194,22.308771301519087,9999.0,27.263385652982507,16.722408026755854,20.366598778004075,57.927153021132,72.79475855798134,9999.0,0.0,14.836795252225519,9999.0,14.265335235378032,23.377247602193528,9999.0,84.36947622460957,63.28494307851528,11.415525114155251,34.32997264013975,24.64303834166848,34.834728861227845,23.776464545552038,61.884382854425645,28.509542208172345,75.24094499147559,81.95088921195706,9999.0,21.640473989410875,36.863226970287194,9999.0,31.658440093912336,38.58943815763351,23.580975235809753,24.892614062942314,50.23978339184507,62.34225831230111
neighborhood_disorder_and_crime|WVS_H,19.06631666409312,70.55154641985031,23.52941176470588,15.200528218355586,151.71882652522675,47.42977942245314,21.342127421675507,9999.0,36.101083032490976,14.880952380952381,47.61904761904761,32.034353193773484,58.898717487540765,53.549075284782774,63.78311996230468,14.992503748125937,9999.0,25.44800781224738,25.817584277618064,102.4550651678835,12.626262626262625,9999.0,21.215547065934075,11.174887456258965,11.587485515643106,51.87931443408357,66.74691997093291,9999.0,14.836795252225519,0.0,9999.0,7.283321194464675,17.329409015145096,9999.0,78.32163763756114,56.30292903760193,5.367686527106817,19.49317738791423,18.595199754620044,28.786890274179413,17.728625958503603,54.90236881351229,19.157088122605362,68.25893095056223,67.11409395973155,9999.0,9.643201542912246,22.026431718061673,9999.0,25.6106015068639,23.86634844868735,17.533136648761317,18.738074917259635,44.19194480479664,55.36024427138776
offline_political_participation|WVS_E,9999.0,9999.0,9999.0,9999.0,9999.0,9999.0,9999.0,9999.0,9999.0,9999.0,9999.0,9999.0,9999.0,9999.0,9999.0,9999.0,9999.0,9999.0,9999.0,9999.0,9999.0,9999.0,9999.0,9999.0,9999.0,9999.0,9999.0,9999.0,9999.0,9999.0,0.0,9999.0,9999.0,9999.0,9999.0,9999.0,9999.0,9999.0,9999.0,9999.0,9999.0,9999.0,9999.0,9999.0,9999.0,9999.0,9999.0,9999.0,9999.0,9999.0,9999.0,9999.0,9999.0,9999.0,9999.0
online_political_participation|WVS_E,15.290519877675841,63.268225225385635,30.812732959170557,11.778563015312132,147.94302973880946,43.47826086956522,14.471780028943561,9999.0,43.38440422695565,22.164273575417056,54.90236881351229,33.78378378378378,51.61539629307609,49.77327849836549,56.499798767840005,22.275824942590614,9999.0,25.06265664160401,26.595744680851062,109.73838636234818,14.347202295552368,9999.0,16.366612111292962,7.880220646178092,18.870806710107782,48.953284204903206,63.32495476788945,9999.0,14.265335235378032,7.283321194464675,9999.0,0.0,13.089005235602095,9999.0,74.54584085114386,49.01960784313725,12.651007721571492,26.776498582378906,14.5985401459854,31.152647975077883,12.738853503184714,47.61904761904761,26.44040931707004,60.975609756097555,74.39741515419622,9999.0,14.144271570014144,29.30975291252635,9999.0,22.88329519450801,31.149669643152027,12.51564455569462,11.45475372279496,40.41614801837936,48.07692307692308
outgroup_trust|WVS_G,25.66035262502458,76.35723046098772,40.85882077985097,21.79456417928705,153.18898217705112,55.9226151919506,27.560785264545657,9999.0,53.43049204763607,32.210361396097476,64.94845663419271,38.62838915470495,64.70440152867818,60.14311124571423,69.5888040034421,30.8641975308642,9999.0,32.04204377317884,32.411620238549524,109.04910112881497,22.854968675402112,9999.0,27.809583026865536,17.76892341719043,20.080321285140563,58.473350395015025,73.34095593186437,9999.0,23.377247602193528,17.329409015145096,9999.0,13.089005235602095,0.0,9999.0,79.79179328938551,62.108613078739346,11.961722488038278,36.822586403059326,25.189235715551504,35.38092623511088,24.322661919435063,60.70805285464971,29.055739582055374,74.06461499169964,84.44350297487664,9999.0,22.186671363293904,39.35584073320677,9999.0,32.204637467795365,39.13563553151654,24.127172609692778,24.543758958397056,45.662100456621005,61.165928312525175
perceived_corruption|WVS_E,9999.0,9999.0,9999.0,9999.0,9999.0,9999.0,9999.0,9999.0,9999.0,9999.0,9999.0,9999.0,9999.0,9999.0,9999.0,9999.0,9999.0,9999.0,9999.0,9999.0,9999.0,9999.0,9999.0,9999.0,9999.0,9999.0,9999.0,9999.0,9999.0,9999.0,9999.0,9999.0,9999.0,0.0,9999.0,9999.0,9999.0,9999.0,9999.0,9999.0,9999.0,9999.0,9999.0,9999.0,9999.0,9999.0,9999.0,9999.0,9999.0,9999.0,9999.0,9999.0,9999.0,9999.0,9999.0
perceived_negative_effects_of_immigration|WVS_G,59.25532097346802,118.77913049727755,101.04360958693685,82.7867928017031,141.65657455319462,63.11520007914132,71.16672986980154,9999.0,114.42272067005212,91.77046475925071,125.94068525660876,68.9728984076774,126.16123714421995,93.73807959415767,119.4962848288897,93.31414138568708,9999.0,74.94601936337675,91.82861087574815,113.49477219784387,83.84719729781816,9999.0,88.80181164928158,78.76115203960647,87.50390854408948,105.76694888044477,105.73760429003033,9999.0,84.36947622460957,78.32163763756114,9999.0,74.54584085114386,79.79179328938551,9999.0,0.0,123.56544869428112,72.95395111045433,97.81481502547537,86.18146433796755,96.37315485752693,85.31489054185111,73.65538453236925,90.04796820447142,96.24149407500053,145.4357315972927,9999.0,69.09472779779946,92.58865430680136,9999.0,66.91657807866613,100.12786415393259,85.11940123210883,86.00059457393883,34.129692832764505,100.3548583956784
perceived_positive_effects_of_immigration|WVS_G,64.31012772081309,112.28783306852289,79.83234080230781,60.79817085844938,196.96263758194672,92.49786871270247,63.491387872080814,9999.0,92.4040120700929,71.18388141855431,103.92197665664955,81.91528545119705,100.63500413621334,98.79288634150274,105.51940661097726,71.29543278572787,9999.0,74.08226448474126,75.61535252398832,152.33599742530708,63.366810138689615,9999.0,65.38621995443022,56.89982848931534,62.11180124223603,97.97289204804045,112.3445626110267,9999.0,63.28494307851528,56.30292903760193,9999.0,49.01960784313725,62.108613078739346,9999.0,123.56544869428112,0.0,55.24861878453038,75.79610642551616,63.61814798912265,78.66782253160298,61.758461346321965,96.63865546218486,72.34263587854747,109.9952175992348,123.41702299733348,9999.0,63.16387941315139,78.3293607556636,9999.0,71.90290303764526,80.16927748628927,61.53525239883187,60.47436156593221,89.43575586151661,97.09653092006033
political_information_sources|WVS_E,13.698630136986303,65.29056045137773,28.897098291812696,9.83284169124877,146.35113999811995,52.79746594955996,15.974440894568689,9999.0,41.468769559597796,20.2486389080592,52.98673414615443,26.666666666666668,53.63773151906819,48.181388757675954,58.52213399383211,20.360190275232753,9999.0,20.080321285140563,20.449897750511248,97.08737864077669,10.893246187363834,9999.0,15.847860538827257,5.807200929152149,16.955172042749922,46.51162790697675,61.379233443826095,9999.0,11.415525114155251,5.367686527106817,9999.0,12.651007721571492,11.961722488038278,9999.0,72.95395111045433,55.24861878453038,0.0,24.860863915021046,13.227513227513228,23.419203747072597,12.360939431396787,58.143074581430746,17.094017094017094,73.62661747766904,72.48178048683836,9999.0,10.224948875255624,27.39411824516849,9999.0,20.242914979757085,27.17391304347826,12.165450121654501,13.477088948787062,38.82425827768982,51.282051282051285
postmaterialist_values|WVS_E,38.55949405200735,90.04472380776454,43.022589152620114,34.693705606269816,171.21200391314096,66.92295681036737,40.835304809589736,9999.0,55.594260420405206,34.37412976886661,67.11222500696184,51.527530581687714,78.391894875455,73.042252672697,83.27629735021891,34.48568113604017,9999.0,44.94118520016161,45.3107616655323,121.94824255579773,32.11944001417685,9999.0,40.708724453848305,22.675736961451246,31.080662903557336,71.3724918219978,86.24009735884714,9999.0,34.32997264013975,19.49317738791423,9999.0,26.776498582378906,36.822586403059326,9999.0,97.81481502547537,75.79610642551616,24.860863915021046,0.0,38.08837714253427,48.28006766209364,37.22180334641783,74.39554620142653,38.65026551051959,87.75210833847646,86.60727134764578,9999.0,29.136378930826474,41.5196091059759,9999.0,45.10377889477813,43.35952583660158,37.026314036675544,38.23125230517387,63.685122192710864,74.85342165930199
precautionary_security_behaviors|WVS_H,26.92614336449953,77.86676537137103,42.124611519325924,23.060354918762,159.57865322563316,56.46085060784096,29.07032017492896,9999.0,54.69628278711102,33.47615213557243,66.21424737366766,39.8941798941799,65.35947712418302,61.40890198518918,71.0983389138254,30.3030303030303,9999.0,33.30783451265379,33.677410978024476,110.31489186828992,24.120759414877064,9999.0,29.075373766340483,19.034714156665377,20.618556701030926,59.73914113448998,74.60674667133932,9999.0,24.64303834166848,18.595199754620044,9999.0,14.5985401459854,25.189235715551504,9999.0,86.18146433796755,63.61814798912265,13.227513227513228,38.08837714253427,0.0,36.64671697458583,25.588452658910015,62.21758776503302,30.32153032153032,75.57414990208295,85.70929371435159,9999.0,23.452462102768852,40.62163147268171,9999.0,33.47042820727032,40.40142627099149,25.39296334916773,26.053293868780358,52.05177150520305,62.675463222908476
religion_versus_secularism_orientation|WVS_F,37.117833884058896,88.70976419845033,52.3163020388853,33.25204543832137,169.77034374519252,74.6309088446431,39.39364464164129,9999.0,64.88797330667039,43.66784265513179,76.40593789322703,50.085870413739265,77.05693526614078,71.60059250474855,81.9413377409047,43.779394022305354,9999.0,43.49952503221316,43.86910149758384,120.50658238784929,34.31244993443643,9999.0,39.267064285899856,29.226404676224746,40.37437578982252,69.93083165404934,84.7984371908987,9999.0,34.834728861227845,28.786890274179413,9999.0,31.152647975077883,35.38092623511088,9999.0,96.37315485752693,78.66782253160298,23.419203747072597,48.28006766209364,36.64671697458583,0.0,35.78014317846939,78.7716955941255,40.51322084108969,92.12825773117544,95.90098423391096,9999.0,33.64415262232822,50.813321992241086,9999.0,43.66211872682968,50.59311679055086,35.5846538687271,36.89629269585966,62.24346202476242,74.70125502912389
religious_belief|WVS_F,26.05956956838309,76.00707872857035,41.25803772320948,22.193781122645557,158.71207942951673,55.527333276888776,27.210633532128277,9999.0,53.82970899099458,32.609578339455986,65.34767357755122,39.02760609806346,58.8235294117647,60.54232818907274,69.23865227102472,29.239766081871345,9999.0,32.44126071653735,32.810837181908035,109.44831807217348,23.254185618760623,9999.0,28.208799970224042,18.168140360548936,19.68503937007874,58.872567338373536,73.74017287522288,9999.0,23.776464545552038,17.728625958503603,9999.0,12.738853503184714,24.322661919435063,9999.0,85.31489054185111,61.758461346321965,12.360939431396787,37.22180334641783,25.588452658910015,35.78014317846939,0.0,60.35790112223233,29.45495652541388,73.71446325928227,84.84271991823515,9999.0,22.58588830665241,39.75505767656527,9999.0,32.603854411153876,39.53485247487505,24.52638955305129,24.193607225979676,51.18519770908661,60.815776580107794
religious_exclusivism|WVS_F,44.44444444444444,101.010101010101,78.43178057821817,59.397610634359744,147.05257342003486,68.51119894598155,62.090827647991176,9999.0,91.00345184600326,69.78332119446466,102.5214164325599,61.34969325153375,99.23444391212371,62.5,104.11884638688761,69.89487256163822,9999.0,72.68170426065163,74.21479229989868,118.89077106468412,61.966249914599985,9999.0,63.98565973034057,55.49926826522571,66.48985432915539,90.90909090909092,82.64462809917356,9999.0,61.884382854425645,54.90236881351229,9999.0,47.61904761904761,60.70805285464971,9999.0,73.65538453236925,96.63865546218486,58.143074581430746,74.39554620142653,62.21758776503302,78.7716955941255,60.35790112223233,0.0,74.05945693611766,101.63749294184078,122.01646277324383,9999.0,61.76331918906176,76.92880053157396,9999.0,70.50234281355563,78.76871726219964,60.134692174742234,59.073801341842575,39.52569169960474,95.69597069597069
religious_practice_and_self_identification|WVS_F,30.792647231003397,82.38457754539482,42.68649988731124,26.926858785265864,163.44515709213704,66.5868675450585,33.068457988585784,9999.0,55.258171155096335,34.038040503557745,66.77613574165298,43.76068376068376,70.73174861308527,65.27540585169305,75.6161510878492,34.1495918707313,9999.0,37.17433837915766,37.543914844528345,114.18139573479378,27.987263281380926,9999.0,32.94187763284435,22.901218023169243,30.74457363824847,63.605645000993846,78.47325053784319,9999.0,28.509542208172345,19.157088122605362,9999.0,26.44040931707004,29.055739582055374,9999.0,90.04796820447142,72.34263587854747,17.094017094017094,38.65026551051959,30.32153032153032,40.51322084108969,29.45495652541388,74.05945693611766,0.0,87.41601907316759,86.2711820823369,9999.0,27.318965969272718,41.18351984066703,9999.0,37.33693207377418,43.02343657129271,29.259467215671595,30.571106042804153,55.91827537170691,68.37606837606837
