construct,acceptance_of_state_surveillance|WVS_H,authoritarian_governance_tolerance|WVS_E,autocracy_support|WVS_E,basic_needs_deprivation|WVS_H,child_qualities_autonomy_self_expression|WVS_A,child_qualities_conformity_tradition|WVS_A,child_qualities_prosocial_diligence|WVS_A,civic_dishonesty_tolerance|WVS_F,confidence_in_civil_society_organizations|WVS_E,confidence_in_domestic_institutions|WVS_E,confidence_in_international_organizations|WVS_E,crime_victimization|WVS_H,democratic_system_evaluation|WVS_E,democratic_values_importance|WVS_E,economic_ideology|WVS_E,electoral_integrity|WVS_E,existential_threat_worry|WVS_H,familial_duty_obligations|WVS_D,female_income_threat_to_marriage|WVS_D,freedom_security_tradeoff_perception|WVS_H,gender_role_traditionalism|WVS_D,immigrant_origin_status|WVS_G,importance_of_life_domains|WVS_A,institutional_threat_perception|WVS_H,international_organization_knowledge|WVS_E,job_scarcity_gender_discrimination|WVS_C,job_scarcity_nativist_preference|WVS_C,life_autonomy_morality_permissiveness|WVS_F,multilevel_place_attachment|WVS_G,neighborhood_disorder_and_crime|WVS_H,offline_political_participation|WVS_E,online_political_participation|WVS_E,outgroup_trust|WVS_G,perceived_corruption|WVS_E,perceived_negative_effects_of_immigration|WVS_G,perceived_positive_effects_of_immigration|WVS_G,political_information_sources|WVS_E,postmaterialist_values|WVS_E,precautionary_security_behaviors|WVS_H,religion_versus_secularism_orientation|WVS_F,religious_belief|WVS_F,religious_exclusivism|WVS_F,religious_practice_and_self_identification|WVS_F,science_skepticism|WVS_I,science_technology_optimism|WVS_E,sexual_and_reproductive_morality_permissiveness|WVS_F,social_intolerance_outgroups|WVS_A,societal_change_attitudes|WVS_E,socioeconomic_insecurity_worry|WVS_H,subjective_wellbeing|WVS_A,violence_tolerance|WVS_F,voluntary_association_active_membership|WVS_A,voluntary_association_belonging|WVS_A,voting_participation|WVS_E,work_ethic|WVS_C
acceptance_of_state_surveillance|WVS_H,0.0,274.37110911175284,15.129293646824213,0.0,9.3737495129124,7.426636835922601,954.5284632361601,0.0,61.83126486891913,23.098110507695345,53.90664421501425,0.0,119.51762296067488,610.4300187484573,6.194441776582579,0.0,9959.653122237634,10.708966240784335,0.0,9966.92583729652,4.685832596248243,0.0,22.81570493865376,9971.710233497446,0.0,0.0,1.3894370267230123,13.254083568625695,9.58439856533586,9970.02349970868,77.56107756107757,0.0,4.221418715683576,0.0,5.253306502978184,18.974053593823154,18.477719842545525,10.916656168710873,0.0,0.0,0.8543805847669361,53.10730517542197,25.703369780676518,20.822403441113572,195.22701856354632,0.0,0.0,0.0,9972.884004203828,124.26989390415049,0.0,139.3526686130417,209.18099454861346,0.0,8.13716344619673
authoritarian_governance_tolerance|WVS_E,274.37110911175284,0.0,9978.51533255856,0.0,33.17962424491635,2.397221591408382,0.0,0.0,9961.110998764183,9968.038426700357,9972.166368515205,0.0,9975.850966893982,9961.566372170377,9966.816126662037,9977.24491830642,0.0,22.593990403682263,11.613243492336164,10.297999561298788,563.4397828475676,47.01699254900249,159.8044597198111,0.0,0.0,34.632382349887266,2.0228631313296184,30.123166615950304,0.0,0.0,9980.63113822652,9980.054854280477,0.0,0.0,0.0,0.0,9966.841312529794,9967.264495290028,0.0,0.0,0.0,0.0,4.370574831199697,0.0,9967.149646107178,11.598857064188053,0.0,9973.031458178511,0.0,0.0,0.0,0.0,0.0,9981.166768819954,67.73900346462666
autocracy_support|WVS_E,15.129293646824213,9978.51533255856,0.0,0.0,596.9305286564247,76.96140449050927,0.0,0.0,9960.84877823882,9972.488757065608,9971.904147989842,0.0,9975.588746368618,9961.304151645012,9973.897936665564,9981.69524867167,0.0,0.25514713744954065,50.13690267195064,0.0,21.729441563875387,0.0,17.24094303044643,0.0,0.0,0.01456541456309779,71.80982096748647,969.6763235036689,0.0,0.0,9980.368917701157,9979.792633755113,0.0,0.0,49.27061566065716,0.0,9965.795505788286,9973.434863447072,0.0,0.0,0.0,0.0,0.0,0.0,9966.887425581815,48.9173747600714,0.0,9978.780721361805,0.0,0.0,0.0,0.0,0.0,9983.66140085292,10.611935923794384
basic_needs_deprivation|WVS_H,0.0,0.0,0.0,0.0,0.0,0.0,0.0,0.0,0.0,0.0,0.0,0.0,0.0,0.0,0.0,0.0,0.0,0.0,0.0,0.0,0.0,0.0,0.0,0.0,0.0,0.0,0.0,0.0,0.0,0.0,0.0,0.0,0.0,0.0,0.0,0.0,0.0,0.0,0.0,0.0,0.0,0.0,0.0,0.0,0.0,0.0,0.0,0.0,0.0,0.0,0.0,0.0,0.0,0.0,0.0
child_qualities_autonomy_self_expression|WVS_A,9.3737495129124,33.17962424491635,596.9305286564247,0.0,0.0,9977.457626371484,9962.211871430423,0.5945271317439627,0.0,36.24989642886735,0.0,0.0,736.8695765642331,16.25341978915678,7.887693852606137,11.862127001840157,229.8549772548842,119.47131834198986,0.0,4.922771216998406,0.0,0.0,9974.55564072754,15.965141418712257,0.0,0.0,0.0,0.0,30.028556047396417,17.336433560742805,0.0,0.0,973.1362711020594,0.0,0.0,0.0,1.3986439068992773,8.490430108992648,0.0,0.0,21.24884983252949,4.588409670587854,32.271830410989,1.2037442668563436,78.26455058137455,0.0,0.0,0.0,21.02963962613085,9957.083425847331,0.0,9967.154246594717,9979.284684920236,40.47920274879611,0.0
child_qualities_conformity_tradition|WVS_A,7.426636835922601,2.397221591408382,76.96140449050927,0.0,9977.457626371484,0.0,9962.43228343847,0.0,7.636370511379816,131.15487372913114,0.0,0.0,7.508816388876983,32.547771921776025,7.642614169205263,35.48834111897837,22.473050081643883,48.526191527516204,0.0,12.50285748675347,0.0,0.0,9969.908045320868,31.822279675967778,0.0,0.0,0.0,3.02812748266982,23.579179155712588,30.16121211344445,0.0,0.0,215.68660723712986,0.0,0.0,0.0,0.0,20.69127123987704,0.0,0.0,17.688116437857136,2.416477181026398,191.1813983887668,0.0,3.2041080169037457,0.0,0.0,0.0,21.379714112490724,9953.609074297266,0.0,9967.374658602763,9979.505096928282,428.723748149075,6.22076287563285
child_qualities_prosocial_diligence|WVS_A,954.5284632361601,0.0,0.0,0.0,9962.211871430423,9962.43228343847,0.0,36.686370742087796,17.49574536142962,15.013187521866733,0.0,0.0,0.0,20.75758486551223,243.67820931287375,0.0,18.53283302336895,26.045880766138573,54.02237910097635,963.1529053934097,14.472436802057864,293.0214934996768,9951.382513657294,16.170625460458325,0.0,46.69527613149152,8.876447968058592,34.430063876207385,34.95960140563401,36.28394693599887,0.0,0.0,4.6113237997249925,0.0,9.191921026753228,0.0,22.820791794218223,87.3709802502267,0.0,0.0,29.078092488970427,4.354247114156365,20.911742438684307,0.0,10.161769797719877,27.895078071930598,0.0,38.034678219642444,7.90727601585235,9958.18214343728,0.0,9967.317847078672,9970.7441113745,0.0,97.45581718872238
civic_dishonesty_tolerance|WVS_F,0.0,0.0,0.0,0.0,0.5945271317439627,0.0,36.686370742087796,0.0,48.139704501482726,0.0,102.00660512758422,0.0,0.0,65.60015716985214,0.0,0.0,62.74207908637531,0.0,0.0,0.0,2.8437610058707214,0.0,0.4911137688564047,0.0,0.0,0.0,0.0,9979.158503797169,0.0,0.0,28.951513008155622,0.0,0.0,0.0,0.6998682803187428,22.41295821308477,3.7084530211138755,0.0,0.0,0.0,9980.754051179378,9976.047475484918,9976.092046517373,22.695034288472854,171.98988271955747,9984.412638026988,0.0,0.0,0.0,7.921431182030851,0.0,5.388619272249816,14.38118706738354,0.0,0.0
confidence_in_civil_society_organizations|WVS_E,61.83126486891913,9961.110998764183,9960.84877823882,0.0,0.0,7.636370511379816,17.49574536142962,48.139704501482726,0.0,9948.392712550607,9954.499814195466,0.0,9958.184412574243,9943.899817850637,9953.811270600745,9959.869037083312,350.0909925981972,121.38242234474623,5.814785101712097,28.67529183318657,0.0,0.0,24.68632362306873,64.98924329813323,0.0,0.0,0.0,8.411486319117017,337.9424147580572,83.60437902033827,9962.96458390678,9963.242704497852,47.53457257701739,0.0,0.0,0.0,9950.335777604503,9952.78230522543,0.0,0.0,155.42281060524522,10.470741634374008,10.220623668782054,0.0,9949.483091787439,0.0,0.0,9961.873637164907,958.0981658446447,48.382905507651955,0.0,6.543431844079386,0.0,9963.500214500214,7.096608216319424
confidence_in_domestic_institutions|WVS_E,23.098110507695345,9968.038426700357,9972.488757065608,0.0,36.24989642886735,131.15487372913114,15.013187521866733,0.0,9948.392712550607,0.0,9956.504396096956,0.0,9966.544355176165,9945.904399752126,9966.554805016105,9973.476458649804,1.454674449729886,12.714608840864216,7.227962260807622,11.656754281476672,12.528324059130924,5.3749130289195115,33.12923996780499,0.0,0.0,0.0,88.04873715122967,66.88159731637992,0.0,0.0,9964.96916580827,9970.284940057902,0.0,0.0,468.0054860713734,9.68242451155703,9955.261113979235,9966.091731797615,0.0,0.0,0.0,28.956142667639554,2.0230824822354165,22.012805941657057,9951.48767368893,7.286119600184751,0.0,9971.437589712348,0.0,11.919058523217643,0.0,0.0,0.0,9975.023258901549,9.971489410624365
confidence_in_international_organizations|WVS_E,53.90664421501425,9972.166368515205,9971.904147989842,0.0,0.0,0.0,0.0,102.00660512758422,9954.499814195466,9956.504396096956,0.0,0.0,9969.239782325265,9954.95518760166,9959.052421328533,9967.593304161202,3.699553838580833,120.62454079560281,0.0,70.85687545095978,0.0,9.630425781492455,42.949042328354615,82.75817490637326,0.0,2.9122480878747723,0.0,0.7025595099993325,83.43001894131358,188.37046875003438,9974.019953657802,9973.44366971176,15.31508852686973,0.0,0.0,0.0,9960.374919299184,9955.234437847155,0.0,0.0,92.39707609272827,0.0,25.91188293110396,0.0,9960.538461538461,0.0,0.0,9968.534749716537,29.394499451088326,22.839176159574777,0.0,0.0,0.0,9974.555584251237,25.018789504117358
crime_victimization|WVS_H,0.0,0.0,0.0,0.0,0.0,0.0,0.0,0.0,0.0,0.0,0.0,0.0,0.0,0.0,0.0,0.0,0.0,0.0,0.0,0.0,0.0,0.0,0.0,0.0,0.0,0.0,0.0,0.0,0.0,0.0,0.0,0.0,0.0,0.0,0.0,0.0,0.0,0.0,0.0,0.0,0.0,0.0,0.0,0.0,0.0,0.0,0.0,0.0,0.0,0.0,0.0,0.0,0.0,0.0,0.0
democratic_system_evaluation|WVS_E,119.51762296067488,9975.850966893982,9975.588746368618,0.0,736.8695765642331,7.508816388876983,0.0,0.0,9958.184412574243,9966.544355176165,9969.239782325265,0.0,0.0,9958.639785980436,9965.322055137845,9975.750846782228,0.0,54.48346323482144,31.552791636411904,0.711693347116352,6.061686323763524,23.505760590942916,20.96238050299459,0.0,0.0,0.0,20.418987971791346,250.64994166761932,0.0,0.0,9977.70455203658,9977.128268090537,0.0,0.0,5.53547625203943,0.0,9963.63322899226,9965.770423765836,0.0,0.0,0.7870358826023001,0.0,46.38116528575269,0.0,9964.223059917238,28.31283177677209,0.0,9969.219036328786,0.0,0.0,0.0,0.0,0.0,9978.240182630014,3.3807933430620096
democratic_values_importance|WVS_E,610.4300187484573,9961.566372170377,9961.304151645012,0.0,16.25341978915678,32.547771921776025,20.75758486551223,65.60015716985214,9943.899817850637,9945.904399752126,9954.95518760166,0.0,9958.639785980436,0.0,9942.453392408486,9956.993307816374,28.06574584935153,31.29438572061523,30.890340554146533,948.642374203308,13.85922960408368,955.9303171482849,163.77067390545784,26.660094270356666,0.0,27.924706220925117,10.12781584625953,37.60758296885847,54.79250455896668,55.54825018298331,9963.419957312974,9962.843673366931,3.5606910276397343,0.0,12.301635252454929,0.0,9948.846545400105,9941.990319189996,0.0,0.0,68.53448027840341,9.1309670690843,28.315137398978287,3.6568747572853937,9949.938465193633,16.005612640642838,0.0,9948.950322901142,15.050714392080735,39.01123488868781,0.0,6.1633368309787215,0.0,9963.955587906408,81.49629101954885
economic_ideology|WVS_E,6.194441776582579,9966.816126662037,9973.897936665564,0.0,7.887693852606137,7.642614169205263,243.67820931287375,0.0,9953.811270600745,9966.554805016105,9959.052421328533,0.0,9965.322055137845,9942.453392408486,0.0,9976.681887551827,97.42191593339483,8.150029972879782,0.0,1.7603431682386095,1.0984798678625012,0.0,17.180276650420623,0.0,0.0,0.0,0.0,13.11648189712917,3.264656098193111,0.401240413922725,9966.83383880158,9975.703498108038,2.0104148624932456,0.0,6.981091101376201,31.38585136745333,9962.99567040645,9969.297160699638,0.0,0.0,0.0,61.09560636131772,22.71312733185944,23.404482961536406,9948.489739519306,0.0,0.0,9974.731569128538,0.0,62.38049550951624,0.0,54.30605422337198,405.55840547572325,9977.497804502078,1.8181811198673685
electoral_integrity|WVS_E,0.0,9977.24491830642,9981.69524867167,0.0,11.862127001840157,35.48834111897837,0.0,0.0,9959.869037083312,9973.476458649804,9967.593304161202,0.0,9975.750846782228,9956.993307816374,9976.681887551827,0.0,0.0,0.0,1.9661156964566118,0.0,0.0,0.0,1.2707806304774358,0.0,0.0,0.0,14.080475368714993,15.811105369683524,0.0,0.0,9976.058073872517,9981.761264590605,0.0,0.0,47.974961289009286,12.15799362371716,9966.737438511938,9976.218814333337,0.0,0.0,0.0,3.0737404686513656,0.0,9.008642642107233,9962.576581753176,0.0,0.0,9981.56467224807,0.0,0.0,0.0,0.0,0.0,9984.419458135779,0.0
existential_threat_worry|WVS_H,9959.653122237634,0.0,0.0,0.0,229.8549772548842,22.473050081643883,18.53283302336895,62.74207908637531,350.0909925981972,1.454674449729886,3.699553838580833,0.0,0.0,28.06574584935153,97.42191593339483,0.0,0.0,471.92957591219033,23.742557811166247,9968.277564394883,7.576482848739023,46.98804255112756,28.929707870035138,9976.850840017487,0.0,9.29714967469566,63.26641149154875,964.3858631991197,25.17901506023777,9975.183440374558,0.0,0.0,8.183225823662728,0.0,33.78882162793498,0.0,9.163496364311065,17.10144521044731,0.0,0.0,64.31723182443643,0.0,191.7873592945639,0.0,0.0,63.7319178967197,0.0,150.78954911448574,9978.188729442412,53.80237765999244,0.0,11.895689600744724,1.1245843294633637,0.0,8.343085809878218
familial_duty_obligations|WVS_D,10.708966240784335,22.593990403682263,0.25514713744954065,0.0,119.47131834198986,48.526191527516204,26.045880766138573,0.0,121.38242234474623,12.714608840864216,120.62454079560281,0.0,54.48346323482144,31.29438572061523,8.150029972879782,0.0,471.92957591219033,0.0,9977.493891084163,16.09258921746682,9972.28752794354,0.0,349.9519080139434,0.0,0.0,120.5593335845843,562.4721756371243,682.2490961316647,0.0,0.0,6.7924861819901,26.24029151906658,0.0,0.0,144.52586709217195,69.73672506710001,80.98618203095278,13.705528346730684,0.0,0.0,0.0,55.30970804254672,0.0,969.0377597519239,250.99530671624086,8.173235776822125,0.0,10.016661493224586,0.0,10.897871482332697,0.0,6.0547233272346155,1.292527053651174,0.0,230.9030893517798
female_income_threat_to_marriage|WVS_D,0.0,11.613243492336164,50.13690267195064,0.0,0.0,0.0,54.02237910097635,0.0,5.814785101712097,7.227962260807622,0.0,0.0,31.552791636411904,30.890340554146533,0.0,1.9661156964566118,23.742557811166247,9977.493891084163,0.0,0.6400560703983729,9984.892773230033,0.0,3.54983581062681,1.8087120378900643,0.0,0.0,0.0,0.0,0.0,3.9491855767468564,0.0,0.0,8.8851026600428,0.0,0.0,0.0,0.0,0.986767435853384,0.0,0.0,0.0,0.0,3.623353459565216,0.0,3.4897049373190754,0.0,0.0,0.0,0.0,380.1893915858337,0.0,124.1735800757105,3.7850362740540078,5.358424716327239,0.0
freedom_security_tradeoff_perception|WVS_H,9966.92583729652,10.297999561298788,0.0,0.0,4.922771216998406,12.50285748675347,963.1529053934097,0.0,28.67529183318657,11.656754281476672,70.85687545095978,0.0,0.711693347116352,948.642374203308,1.7603431682386095,0.0,9968.277564394883,16.09258921746682,0.6400560703983729,0.0,0.0,0.0,6.021561998058051,9976.510773571415,0.0,0.0,0.0,9.45782739261,4.159171559611753,9974.849706008892,556.9834771515444,2.1804225662868504,3.0274281089391764,0.0,5.445292741949331,38.05286016239364,28.20115387927322,0.6036640747878828,0.0,0.0,8.165443840074161,238.56323119736362,131.59557150076765,37.247230357939756,105.7407996552617,0.0,0.0,0.0,9976.814377962748,106.25995349481414,0.0,76.70518094572992,745.195547805662,0.0,0.0
gender_role_traditionalism|WVS_D,4.685832596248243,563.4397828475676,21.729441563875387,0.0,0.0,0.0,14.472436802057864,2.8437610058707214,0.0,12.528324059130924,0.0,0.0,6.061686323763524,13.85922960408368,1.0984798678625012,0.0,7.576482848739023,9972.28752794354,9984.892773230033,0.0,0.0,0.0,0.0,0.8092733445562317,0.0,0.0,0.0,0.0,20.438527266070896,4.253948345239085,0.0,0.0,976.2062120468931,0.0,0.0,0.0,2.8601582967610106,2.170783659123991,0.0,0.0,16.55001771381829,8.353370358871622,0.0,4.297538030103222,112.9722461483148,0.0,0.0,0.0,11.392579423235553,43.79799489133826,0.0,13.207525369178995,0.0,7.3440782026892535,0.0
immigrant_origin_status|WVS_G,0.0,47.01699254900249,0.0,0.0,0.0,0.0,293.0214934996768,0.0,0.0,5.3749130289195115,9.630425781492455,0.0,23.505760590942916,955.9303171482849,0.0,0.0,46.98804255112756,0.0,0.0,0.0,0.0,0.0,0.0,0.0,0.0,0.0,0.0,0.0,9978.801544884336,0.0,44.39597023866688,0.0,9983.161882362107,0.0,9980.216957799414,9981.691491548332,0.06914564807397028,0.0,0.0,0.0,0.0,49.450171577238905,12.262521052057128,0.20252687955389703,71.66109934639115,0.0,0.0,0.0,0.0,30.93171743806973,0.0,34.47126596720942,538.808277075425,0.0,0.0
importance_of_life_domains|WVS_A,22.81570493865376,159.8044597198111,17.24094303044643,0.0,9974.55564072754,9969.908045320868,9951.382513657294,0.4911137688564047,24.68632362306873,33.12923996780499,42.949042328354615,0.0,20.96238050299459,163.77067390545784,17.180276650420623,1.2707806304774358,28.929707870035138,349.9519080139434,3.54983581062681,6.021561998058051,0.0,0.0,0.0,1.9659249129941507,0.0,0.0,0.0,9.015721289068921,23.209419676577546,3.1361498414750386,34.9460984609455,2.0950222187434235,32.620329091349035,0.0,6.579665165789571,15.902070585463196,34.62339828080354,12.518832642626869,0.0,0.0,29.59513309895656,65.86869232158779,118.18107611578895,27.391363407513772,262.83871135055585,0.0,0.0,0.8874387087860498,6.562189132461473,9951.632418901556,0.0,9960.768122542948,9967.87085605482,4.865276349922205,0.0
institutional_threat_perception|WVS_H,9971.710233497446,0.0,0.0,0.0,15.965141418712257,31.822279675967778,16.170625460458325,0.0,64.98924329813323,0.0,82.75817490637326,0.0,0.0,26.660094270356666,0.0,0.0,9976.850840017487,0.0,1.8087120378900643,9976.510773571415,0.8092733445562317,0.0,1.9659249129941507,0.0,0.0,0.0,16.63730202807515,26.233297625527044,0.0,9981.85272419608,0.0,20.411346241610104,0.0,0.0,31.32375388299964,78.6288744962235,78.66225058628305,0.0,0.0,0.0,1.1804012150974899,15.941117075379939,10.364113726628123,58.292357190554235,6.65857288552133,0.8395660439648012,0.0,0.0,9984.858013263934,14.348967616207641,0.0,4.978138350354762,4.340034395516724,0.0,0.0
international_organization_knowledge|WVS_E,0.0,0.0,0.0,0.0,0.0,0.0,0.0,0.0,0.0,0.0,0.0,0.0,0.0,0.0,0.0,0.0,0.0,0.0,0.0,0.0,0.0,0.0,0.0,0.0,0.0,0.0,0.0,0.0,0.0,0.0,0.0,0.0,0.0,0.0,0.0,0.0,0.0,0.0,0.0,0.0,0.0,0.0,0.0,0.0,0.0,0.0,0.0,0.0,0.0,0.0,0.0,0.0,0.0,0.0,0.0
job_scarcity_gender_discrimination|WVS_C,0.0,34.632382349887266,0.01456541456309779,0.0,0.0,0.0,46.69527613149152,0.0,0.0,0.0,2.9122480878747723,0.0,0.0,27.924706220925117,0.0,0.0,9.29714967469566,120.5593335845843,0.0,0.0,0.0,0.0,0.0,0.0,0.0,0.0,9983.882453655415,0.0,0.0,0.0,0.0,0.0,13.980909647847334,0.0,0.0,0.0,0.0,0.0,0.0,0.0,0.0,1.608454638626668,86.78096537989408,3.583197356158415,221.69665086993035,0.0,0.0,0.0,0.0,967.5801020106737,0.0,194.10710999989178,0.8833855803206347,0.0,9980.392996815595
job_scarcity_nativist_preference|WVS_C,1.3894370267230123,2.0228631313296184,71.80982096748647,0.0,0.0,0.0,8.876447968058592,0.0,0.0,88.04873715122967,0.0,0.0,20.418987971791346,10.12781584625953,0.0,14.080475368714993,63.26641149154875,562.4721756371243,0.0,0.0,0.0,0.0,0.0,16.63730202807515,0.0,9983.882453655415,0.0,0.0,29.085156807965923,18.08105314414098,0.0,0.0,530.2019472896827,0.0,0.0,0.0,0.0,4.9206467544773815,0.0,0.0,13.715775598042335,0.0,45.06333163839548,0.0,11.313930142382027,0.0,0.0,0.0,26.01047534813292,38.99021571872369,0.0,6.441342478476763,0.0,979.223161990786,9977.054107034104
life_autonomy_morality_permissiveness|WVS_F,13.254083568625695,30.123166615950304,969.6763235036689,0.0,0.0,3.02812748266982,34.430063876207385,9979.158503797169,8.411486319117017,66.88159731637992,0.7025595099993325,0.0,250.64994166761932,37.60758296885847,13.11648189712917,15.811105369683524,964.3858631991197,682.2490961316647,0.0,9.45782739261,0.0,0.0,9.015721289068921,26.233297625527044,0.0,0.0,0.0,0.0,52.63636670688259,22.393086076032212,0.0,0.0,293.4627111105938,0.0,0.0,0.0,2.109638088628458,17.56748628749809,0.0,0.0,9971.911695371018,9974.96140087798,9959.087555328164,3.321046617834906,66.07249872488914,9980.441766743807,0.0,0.0,35.89139510666551,105.08295203785859,0.0,33.410594843362304,0.3448302545565838,68.70578894639678,0.0
multilevel_place_attachment|WVS_G,9.58439856533586,0.0,0.0,0.0,30.028556047396417,23.579179155712588,34.95960140563401,0.0,337.9424147580572,0.0,83.43001894131358,0.0,0.0,54.79250455896668,3.264656098193111,0.0,25.17901506023777,0.0,0.0,4.159171559611753,20.438527266070896,9978.801544884336,23.209419676577546,0.0,0.0,0.0,29.085156807965923,52.63636670688259,0.0,1.0644995640554775,8.058437210642396,32.711792447684,9980.920738294391,0.0,9968.726642016498,9973.185527209076,140.5690675353597,2.505841554780801,0.0,0.0,0.6650354273136152,76.10436202640358,4.247715497320218,179.85911091350772,44.11144019753219,0.0,0.0,0.9325997128233716,0.0,19.824891265280176,0.0,7.799025552331706,6.680255490782859,0.0,13.438799799555781
neighborhood_disorder_and_crime|WVS_H,9970.02349970868,0.0,0.0,0.0,17.336433560742805,30.16121211344445,36.28394693599887,0.0,83.60437902033827,0.0,188.37046875003438,0.0,0.0,55.54825018298331,0.401240413922725,0.0,9975.183440374558,0.0,3.9491855767468564,9974.849706008892,4.253948345239085,0.0,3.1361498414750386,9981.85272419608,0.0,0.0,18.08105314414098,22.393086076032212,1.0644995640554775,0.0,7.080548706658689,24.884817887555947,0.0,0.0,29.567579891531764,132.2013738431936,88.3648193873961,0.0,0.0,0.0,2.4308820614312445,33.21311137184496,16.060797184544665,120.35044774370377,23.243325362021423,2.6344427055068635,0.0,0.20739366144366755,9983.190613621005,26.4884618982454,0.0,15.67627431670951,8.251365214466489,0.0,2.2513293024775898
offline_political_participation|WVS_E,77.56107756107757,9980.63113822652,9980.368917701157,0.0,0.0,0.0,0.0,28.951513008155622,9962.96458390678,9964.96916580827,9974.019953657802,0.0,9977.70455203658,9963.419957312974,9966.83383880158,9976.058073872517,0.0,6.7924861819901,0.0,556.9834771515444,0.0,44.39597023866688,34.9460984609455,0.0,0.0,0.0,0.0,0.0,8.058437210642396,7.080548706658689,0.0,9981.908439423074,0.0,0.0,0.0,0.0,9968.634230503796,9963.90095738632,0.0,0.0,11.118256060452588,0.0,2.2229831570855296,0.0,9969.003231249775,0.0,0.0,9976.316167189585,0.0,0.0,0.0,0.0,0.0,9983.02035396255,19.168208960000868
online_political_participation|WVS_E,0.0,9980.054854280477,9979.792633755113,0.0,0.0,0.0,0.0,0.0,9963.242704497852,9970.284940057902,9973.44366971176,0.0,9977.128268090537,9962.843673366931,9975.703498108038,9981.761264590605,0.0,26.24029151906658,0.0,2.1804225662868504,0.0,0.0,2.0950222187434235,20.411346241610104,0.0,0.0,0.0,0.0,32.711792447684,24.884817887555947,9981.908439423074,0.0,191.52508729450554,0.0,0.0,0.0,9974.47766732766,9974.674532732723,0.0,0.0,9.366320163821097,0.0,353.8996242795023,0.0,9970.404900824296,0.0,0.0,9984.122031402403,29.88136787329123,13.921515677075924,0.0,0.0,0.0,9982.444070016509,0.0
outgroup_trust|WVS_G,4.221418715683576,0.0,0.0,0.0,973.1362711020594,215.68660723712986,4.6113237997249925,0.0,47.53457257701739,0.0,15.31508852686973,0.0,0.0,3.5606910276397343,2.0104148624932456,0.0,8.183225823662728,0.0,8.8851026600428,3.0274281089391764,976.2062120468931,9983.161882362107,32.620329091349035,0.0,0.0,13.980909647847334,530.2019472896827,293.4627111105938,9980.920738294391,0.0,0.0,191.52508729450554,0.0,0.0,9972.163037679167,9977.45263421855,321.9048590237278,0.0,0.0,0.0,0.0,3.1195156229350474,0.0,15.017062976900618,7.8707283970876105,4.707628750550349,0.0,8.458991279967773,0.0,1.05853456332596,0.0,0.0,0.0,0.0,49.34175355040797
perceived_corruption|WVS_E,0.0,0.0,0.0,0.0,0.0,0.0,0.0,0.0,0.0,0.0,0.0,0.0,0.0,0.0,0.0,0.0,0.0,0.0,0.0,0.0,0.0,0.0,0.0,0.0,0.0,0.0,0.0,0.0,0.0,0.0,0.0,0.0,0.0,0.0,0.0,0.0,0.0,0.0,0.0,0.0,0.0,0.0,0.0,0.0,0.0,0.0,0.0,0.0,0.0,0.0,0.0,0.0,0.0,0.0,0.0
perceived_negative_effects_of_immigration|WVS_G,5.253306502978184,0.0,49.27061566065716,0.0,0.0,0.0,9.191921026753228,0.6998682803187428,0.0,468.0054860713734,0.0,0.0,5.53547625203943,12.301635252454929,6.981091101376201,47.974961289009286,33.78882162793498,144.52586709217195,0.0,5.445292741949331,0.0,9980.216957799414,6.579665165789571,31.32375388299964,0.0,0.0,0.0,0.0,9968.726642016498,29.567579891531764,0.0,0.0,9972.163037679167,0.0,0.0,9982.176272083776,0.0,19.124050708812128,0.0,0.0,36.53558412601136,0.623438883644404,84.17007520643068,0.0,3.608918102389673,0.0,0.0,0.0,29.51560993443846,48.91099742719503,0.0,8.75362474384789,0.0,88.95908895908896,0.0
perceived_positive_effects_of_immigration|WVS_G,18.974053593823154,0.0,0.0,0.0,0.0,0.0,0.0,22.41295821308477,0.0,9.68242451155703,0.0,0.0,0.0,0.0,31.38585136745333,12.15799362371716,0.0,69.73672506710001,0.0,38.05286016239364,0.0,9981.691491548332,15.902070585463196,78.6288744962235,0.0,0.0,0.0,0.0,9973.185527209076,132.2013738431936,0.0,0.0,9977.45263421855,0.0,9982.176272083776,0.0,0.0,201.78710739390834,0.0,0.0,196.21729742520372,0.0,20.094491860773793,0.0,0.0,0.0,0.0,0.0,23.599520053905223,5.725142411453689,0.0,0.0,0.0,0.0,6.89416748511146
political_information_sources|WVS_E,18.477719842545525,9966.841312529794,9965.795505788286,0.0,1.3986439068992773,0.0,22.820791794218223,3.7084530211138755,9950.335777604503,9955.261113979235,9960.374919299184,0.0,9963.63322899226,9948.846545400105,9962.99567040645,9966.737438511938,9.163496364311065,80.98618203095278,0.0,28.20115387927322,2.8601582967610106,0.06914564807397028,34.62339828080354,78.66225058628305,0.0,0.0,0.0,2.109638088628458,140.5690675353597,88.3648193873961,9968.634230503796,9974.47766732766,321.9048590237278,0.0,0.0,0.0,0.0,9959.650706654056,0.0,0.0,68.61541918103221,0.0,481.60290117097543,0.0,9957.376285310856,0.0,0.0,9972.477998794455,103.58918304824822,121.57675949390085,0.0,16.727250460083447,0.0,9968.446942049683,21.62451237658364
postmaterialist_values|WVS_E,10.916656168710873,9967.264495290028,9973.434863447072,0.0,8.490430108992648,20.69127123987704,87.3709802502267,0.0,9952.78230522543,9966.091731797615,9955.234437847155,0.0,9965.770423765836,9941.990319189996,9969.297160699638,9976.218814333337,17.10144521044731,13.705528346730684,0.986767435853384,0.6036640747878828,2.170783659123991,0.0,12.518832642626869,0.0,0.0,0.0,4.9206467544773815,17.56748628749809,2.505841554780801,0.0,9963.90095738632,9974.674532732723,0.0,0.0,19.124050708812128,201.78710739390834,9959.650706654056,0.0,0.0,0.0,0.15218046194954127,381.49521241457404,48.96561199707702,300.8909829491732,9947.573593126797,0.0,0.0,9974.17994539588,0.0,52.09037826586783,0.0,26.05805689888647,29.83653308538941,9977.034731283587,0.0
precautionary_security_behaviors|WVS_H,0.0,0.0,0.0,0.0,0.0,0.0,0.0,0.0,0.0,0.0,0.0,0.0,0.0,0.0,0.0,0.0,0.0,0.0,0.0,0.0,0.0,0.0,0.0,0.0,0.0,0.0,0.0,0.0,0.0,0.0,0.0,0.0,0.0,0.0,0.0,0.0,0.0,0.0,0.0,0.0,0.0,0.0,0.0,0.0,0.0,0.0,0.0,0.0,0.0,0.0,0.0,0.0,0.0,0.0,0.0
religion_versus_secularism_orientation|WVS_F,0.0,0.0,0.0,0.0,0.0,0.0,0.0,0.0,0.0,0.0,0.0,0.0,0.0,0.0,0.0,0.0,0.0,0.0,0.0,0.0,0.0,0.0,0.0,0.0,0.0,0.0,0.0,0.0,0.0,0.0,0.0,0.0,0.0,0.0,0.0,0.0,0.0,0.0,0.0,0.0,0.0,0.0,0.0,0.0,0.0,0.0,0.0,0.0,0.0,0.0,0.0,0.0,0.0,0.0,0.0
religious_belief|WVS_F,0.8543805847669361,0.0,0.0,0.0,21.24884983252949,17.688116437857136,29.078092488970427,9980.754051179378,155.42281060524522,0.0,92.39707609272827,0.0,0.7870358826023001,68.53448027840341,0.0,0.0,64.31723182443643,0.0,0.0,8.165443840074161,16.55001771381829,0.0,29.59513309895656,1.1804012150974899,0.0,0.0,13.715775598042335,9971.911695371018,0.6650354273136152,2.4308820614312445,11.118256060452588,9.366320163821097,0.0,0.0,36.53558412601136,196.21729742520372,68.61541918103221,0.15218046194954127,0.0,0.0,0.0,9969.650752125572,9971.610722610723,971.3353255740799,57.21444116584781,9976.855224747022,0.0,0.0,0.0,18.352387977134427,0.0,7.699571981064167,13.59409447644742,0.0,18.41159444512069
religious_exclusivism|WVS_F,53.10730517542197,0.0,0.0,0.0,4.588409670587854,2.416477181026398,4.354247114156365,9976.047475484918,10.470741634374008,28.956142667639554,0.0,0.0,0.0,9.1309670690843,61.09560636131772,3.0737404686513656,0.0,55.30970804254672,0.0,238.56323119736362,8.353370358871622,49.450171577238905,65.86869232158779,15.941117075379939,0.0,1.608454638626668,0.0,9974.96140087798,76.10436202640358,33.21311137184496,0.0,0.0,3.1195156229350474,0.0,0.623438883644404,0.0,0.0,381.49521241457404,0.0,0.0,9969.650752125572,0.0,9964.988747463567,0.0,0.0,9981.714862982988,0.0,0.0,20.861208611919388,23.842214072215448,0.0,0.3368394330103257,0.0,0.0,25.147431361543898
religious_practice_and_self_identification|WVS_F,25.703369780676518,4.370574831199697,0.0,0.0,32.271830410989,191.1813983887668,20.911742438684307,9976.092046517373,10.220623668782054,2.0230824822354165,25.91188293110396,0.0,46.38116528575269,28.315137398978287,22.71312733185944,0.0,191.7873592945639,0.0,3.623353459565216,131.59557150076765,0.0,12.262521052057128,118.18107611578895,10.364113726628123,0.0,86.78096537989408,45.06333163839548,9959.087555328164,4.247715497320218,16.060797184544665,2.2229831570855296,353.8996242795023,0.0,0.0,84.17007520643068,20.094491860773793,481.60290117097543,48.96561199707702,0.0,0.0,9971.610722610723,9964.988747463567,0.0,92.08063433178276,956.3790314908191,9965.923406033251,0.0,49.999576271853705,0.0,11.767306392052845,0.0,3.129117259552043,0.0,0.0,28.064895230087615
science_skepticism|WVS_I,20.822403441113572,0.0,0.0,0.0,1.2037442668563436,0.0,0.0,22.695034288472854,0.0,22.012805941657057,0.0,0.0,0.0,3.6568747572853937,23.404482961536406,9.008642642107233,0.0,969.0377597519239,0.0,37.247230357939756,4.297538030103222,0.20252687955389703,27.391363407513772,58.292357190554235,0.0,3.583197356158415,0.0,3.321046617834906,179.85911091350772,120.35044774370377,0.0,0.0,15.017062976900618,0.0,0.0,0.0,0.0,300.8909829491732,0.0,0.0,971.3353255740799,0.0,92.08063433178276,0.0,0.0,0.0,0.0,0.0,38.79691328214648,15.046565225855474,0.0,0.0,0.0,0.0,16.241603584699813
science_technology_optimism|WVS_E,195.22701856354632,9967.149646107178,9966.887425581815,0.0,78.26455058137455,3.2041080169037457,10.161769797719877,171.98988271955747,9949.483091787439,9951.48767368893,9960.538461538461,0.0,9964.223059917238,9949.938465193633,9948.489739519306,9962.576581753176,0.0,250.99530671624086,3.4897049373190754,105.7407996552617,112.9722461483148,71.66109934639115,262.83871135055585,6.65857288552133,0.0,221.69665086993035,11.313930142382027,66.07249872488914,44.11144019753219,23.243325362021423,9969.003231249775,9970.404900824296,7.8707283970876105,0.0,3.608918102389673,0.0,9957.376285310856,9947.573593126797,0.0,0.0,57.21444116584781,0.0,956.3790314908191,0.0,0.0,2.498605770956196,0.0,9963.565709809256,11.085169995151624,30.25488618398046,0.0,0.0,0.0,9969.53886184321,94.76745376431441
sexual_and_reproductive_morality_permissiveness|WVS_F,0.0,11.598857064188053,48.9173747600714,0.0,0.0,0.0,27.895078071930598,9984.412638026988,0.0,7.286119600184751,0.0,0.0,28.31283177677209,16.005612640642838,0.0,0.0,63.7319178967197,8.173235776822125,0.0,0.0,0.0,0.0,0.0,0.8395660439648012,0.0,0.0,0.0,9980.441766743807,0.0,2.6344427055068635,0.0,0.0,4.707628750550349,0.0,0.0,0.0,0.0,0.0,0.0,0.0,9976.855224747022,9981.714862982988,9965.923406033251,0.0,2.498605770956196,0.0,0.0,0.0,0.0,362.6650713996625,0.0,46.67056345487623,0.0,4.68817749367431,0.0
social_intolerance_outgroups|WVS_A,0.0,0.0,0.0,0.0,0.0,0.0,0.0,0.0,0.0,0.0,0.0,0.0,0.0,0.0,0.0,0.0,0.0,0.0,0.0,0.0,0.0,0.0,0.0,0.0,0.0,0.0,0.0,0.0,0.0,0.0,0.0,0.0,0.0,0.0,0.0,0.0,0.0,0.0,0.0,0.0,0.0,0.0,0.0,0.0,0.0,0.0,0.0,0.0,0.0,0.0,0.0,0.0,0.0,0.0,0.0
societal_change_attitudes|WVS_E,0.0,9973.031458178511,9978.780721361805,0.0,0.0,0.0,38.034678219642444,0.0,9961.873637164907,9971.437589712348,9968.534749716537,0.0,9969.219036328786,9948.950322901142,9974.731569128538,9981.56467224807,150.78954911448574,10.016661493224586,0.0,0.0,0.0,0.0,0.8874387087860498,0.0,0.0,0.0,0.0,0.0,0.9325997128233716,0.20739366144366755,9976.316167189585,9984.122031402403,8.458991279967773,0.0,0.0,0.0,9972.477998794455,9974.17994539588,0.0,0.0,0.0,0.0,49.999576271853705,0.0,9963.565709809256,0.0,0.0,0.0,0.0,677.3823278248063,0.0,117.159853412368,0.0,9982.380589198321,0.0
socioeconomic_insecurity_worry|WVS_H,9972.884004203828,0.0,0.0,0.0,21.02963962613085,21.379714112490724,7.90727601585235,0.0,958.0981658446447,0.0,29.394499451088326,0.0,0.0,15.050714392080735,0.0,0.0,9978.188729442412,0.0,0.0,9976.814377962748,11.392579423235553,0.0,6.562189132461473,9984.858013263934,0.0,0.0,26.01047534813292,35.89139510666551,0.0,9983.190613621005,0.0,29.88136787329123,0.0,0.0,29.51560993443846,23.599520053905223,103.58918304824822,0.0,0.0,0.0,0.0,20.861208611919388,0.0,38.79691328214648,11.085169995151624,0.0,0.0,0.0,0.0,4.178173216065208,0.0,0.24327363264280777,0.16165790813678171,0.0,5.25017019817318
subjective_wellbeing|WVS_A,124.26989390415049,0.0,0.0,0.0,9957.083425847331,9953.609074297266,9958.18214343728,7.921431182030851,48.382905507651955,11.919058523217643,22.839176159574777,0.0,0.0,39.01123488868781,62.38049550951624,0.0,53.80237765999244,10.897871482332697,380.1893915858337,106.25995349481414,43.79799489133826,30.93171743806973,9951.632418901556,14.348967616207641,0.0,967.5801020106737,38.99021571872369,105.08295203785859,19.824891265280176,26.4884618982454,0.0,13.921515677075924,1.05853456332596,0.0,48.91099742719503,5.725142411453689,121.57675949390085,52.09037826586783,0.0,0.0,18.352387977134427,23.842214072215448,11.767306392052845,15.046565225855474,30.25488618398046,362.6650713996625,0.0,677.3823278248063,4.178173216065208,0.0,0.0,9967.567752322933,9970.994016618763,0.0,264.5868239169803
violence_tolerance|WVS_F,0.0,0.0,0.0,0.0,0.0,0.0,0.0,0.0,0.0,0.0,0.0,0.0,0.0,0.0,0.0,0.0,0.0,0.0,0.0,0.0,0.0,0.0,0.0,0.0,0.0,0.0,0.0,0.0,0.0,0.0,0.0,0.0,0.0,0.0,0.0,0.0,0.0,0.0,0.0,0.0,0.0,0.0,0.0,0.0,0.0,0.0,0.0,0.0,0.0,0.0,0.0,0.0,0.0,0.0,0.0
voluntary_association_active_membership|WVS_A,139.3526686130417,0.0,0.0,0.0,9967.154246594717,9967.374658602763,9967.317847078672,5.388619272249816,6.543431844079386,0.0,0.0,0.0,0.0,6.1633368309787215,54.30605422337198,0.0,11.895689600744724,6.0547233272346155,124.1735800757105,76.70518094572992,13.207525369178995,34.47126596720942,9960.768122542948,4.978138350354762,0.0,194.10710999989178,6.441342478476763,33.410594843362304,7.799025552331706,15.67627431670951,0.0,0.0,0.0,0.0,8.75362474384789,0.0,16.727250460083447,26.05805689888647,0.0,0.0,7.699571981064167,0.3368394330103257,3.129117259552043,0.0,0.0,46.67056345487623,0.0,117.159853412368,0.24327363264280777,9967.567752322933,0.0,0.0,9980.129720260154,0.0,125.48754815998859
voluntary_association_belonging|WVS_A,209.18099454861346,0.0,0.0,0.0,9979.284684920236,9979.505096928282,9970.7441113745,14.38118706738354,0.0,0.0,0.0,0.0,0.0,0.0,405.55840547572325,0.0,1.1245843294633637,1.292527053651174,3.7850362740540078,745.195547805662,0.0,538.808277075425,9967.87085605482,4.340034395516724,0.0,0.8833855803206347,0.0,0.3448302545565838,6.680255490782859,8.251365214466489,0.0,0.0,0.0,0.0,0.0,0.0,0.0,29.83653308538941,0.0,0.0,13.59409447644742,0.0,0.0,0.0,0.0,0.0,0.0,0.0,0.16165790813678171,9970.994016618763,0.0,9980.129720260154,0.0,0.0,10.313596886035043
voting_participation|WVS_E,0.0,9981.166768819954,9983.66140085292,0.0,40.47920274879611,428.723748149075,0.0,0.0,9963.500214500214,9975.023258901549,9974.555584251237,0.0,9978.240182630014,9963.955587906408,9977.497804502078,9984.419458135779,0.0,0.0,5.358424716327239,0.0,7.3440782026892535,0.0,4.865276349922205,0.0,0.0,0.0,979.223161990786,68.70578894639678,0.0,0.0,9983.02035396255,9982.444070016509,0.0,0.0,88.95908895908896,0.0,9968.446942049683,9977.034731283587,0.0,0.0,0.0,0.0,0.0,0.0,9969.53886184321,4.68817749367431,0.0,9982.380589198321,0.0,0.0,0.0,0.0,0.0,0.0,0.9422281476380405
work_ethic|WVS_C,8.13716344619673,67.73900346462666,10.611935923794384,0.0,0.0,6.22076287563285,97.45581718872238,0.0,7.096608216319424,9.971489410624365,25.018789504117358,0.0,3.3807933430620096,81.49629101954885,1.8181811198673685,0.0,8.343085809878218,230.9030893517798,0.0,0.0,0.0,0.0,0.0,0.0,0.0,9980.392996815595,9977.054107034104,0.0,13.438799799555781,2.2513293024775898,19.168208960000868,0.0,49.34175355040797,0.0,0.0,6.89416748511146,21.62451237658364,0.0,0.0,0.0,18.41159444512069,25.147431361543898,28.064895230087615,16.241603584699813,94.76745376431441,0.0,0.0,0.0,5.25017019817318,264.5868239169803,0.0,125.48754815998859,10.313596886035043,0.9422281476380405,0.0
