construct,acceptance_of_state_surveillance|WVS_H,authoritarian_governance_tolerance|WVS_E,autocracy_support|WVS_E,basic_needs_deprivation|WVS_H,child_qualities_autonomy_self_expression|WVS_A,child_qualities_conformity_tradition|WVS_A,child_qualities_prosocial_diligence|WVS_A,civic_dishonesty_tolerance|WVS_F,confidence_in_civil_society_organizations|WVS_E,confidence_in_domestic_institutions|WVS_E,confidence_in_international_organizations|WVS_E,crime_victimization|WVS_H,democratic_system_evaluation|WVS_E,democratic_values_importance|WVS_E,economic_ideology|WVS_E,electoral_integrity|WVS_E,existential_threat_worry|WVS_H,familial_duty_obligations|WVS_D,female_income_threat_to_marriage|WVS_D,freedom_security_tradeoff_perception|WVS_H,gender_role_traditionalism|WVS_D,immigrant_origin_status|WVS_G,importance_of_life_domains|WVS_A,institutional_threat_perception|WVS_H,international_organization_knowledge|WVS_E,job_scarcity_gender_discrimination|WVS_C,job_scarcity_nativist_preference|WVS_C,life_autonomy_morality_permissiveness|WVS_F,multilevel_place_attachment|WVS_G,neighborhood_disorder_and_crime|WVS_H,offline_political_participation|WVS_E,online_political_participation|WVS_E,outgroup_trust|WVS_G,perceived_corruption|WVS_E,perceived_negative_effects_of_immigration|WVS_G,perceived_positive_effects_of_immigration|WVS_G,political_information_sources|WVS_E,postmaterialist_values|WVS_E,precautionary_security_behaviors|WVS_H,religion_versus_secularism_orientation|WVS_F,religious_belief|WVS_F,religious_exclusivism|WVS_F,religious_practice_and_self_identification|WVS_F,science_skepticism|WVS_I,science_technology_optimism|WVS_E,sexual_and_reproductive_morality_permissiveness|WVS_F,social_intolerance_outgroups|WVS_A,societal_change_attitudes|WVS_E,socioeconomic_insecurity_worry|WVS_H,subjective_wellbeing|WVS_A,violence_tolerance|WVS_F,voluntary_association_active_membership|WVS_A,voluntary_association_belonging|WVS_A,voting_participation|WVS_E,work_ethic|WVS_C
acceptance_of_state_surveillance|WVS_H,0.0,104.50495831851765,16.75440919258294,9922.071276517654,46.9266670445742,0.0,350.1899389023571,0.0,42.735587338620334,0.0,6.348834105090205,9915.603101957793,19.27204349551674,0.0,0.0,0.0,9904.9934318555,458.6547802731584,910.8333532609562,9898.552803577571,0.0,122.69761705851934,39.509225107061,9934.658722277392,245.20855296948068,0.0,197.74924708481834,20.84402841341445,97.85238959467634,9927.282244071717,240.08792472985746,247.23986690865095,78.15501984377408,0.0,14.661097948011033,42.69293924466339,9.259296273495536,0.0,9863.01247965274,203.2701765246804,0.0,17.10454296661193,0.0,675.5262130349611,862.938596491228,1.6753449716244688,0.0,172.3590892123927,9879.302731046875,15.564753229226923,0.0,25.429946007723373,22.37274702541869,0.0,0.0
authoritarian_governance_tolerance|WVS_E,104.50495831851765,0.0,9838.97983997984,874.5082886175701,126.13166524094669,69.05529271292498,204.2395576727691,0.0,9885.92827111734,9874.124875124875,9907.869760479041,216.18877773335547,9909.621235405295,9873.8213112854,9873.8213112854,9897.222796311968,19.56484496444898,555.5043758636573,50.61444378925921,187.84103145612687,502.7139091275217,870.1792842885657,43.557988917270364,317.45917383667233,9776.734067663258,889.2536035393179,167.78256017854295,0.0,160.409169346037,789.6868600461414,9859.058820890074,9872.45013071772,846.6618165538082,0.0,149.5816600817866,655.8935700028514,9846.877061411158,9889.544238370325,786.1608200341632,81.74997492479034,32.413268624232515,511.05230016158157,0.0,48.14692770723593,9818.976771196283,0.0,82.38649072860477,9851.873775765007,147.4969489883059,64.204009563291,0.0,18.2090053303005,56.260909040868555,9916.798331907614,427.4824860911177
autocracy_support|WVS_E,16.75440919258294,9838.97983997984,0.0,0.0,456.24771647789555,90.04884004884006,890.971239981141,0.0,9853.964854964855,9853.964854964855,9878.235063284143,276.78239634761377,9907.62905671823,9911.77535945126,9853.66129112538,9901.308251544893,389.7389477556671,116.23623390724369,55.72863001228481,875.1167133520074,0.0,19.179894179894177,575.6519348752358,8.312495264075181,9733.471313418682,0.0,827.7561863671643,186.24844690774418,31.25137754708456,126.06837606837607,9857.508977361436,9877.463369029407,637.7645136637943,0.0,129.31034482758622,125.89818536110096,9894.706172708455,9886.844611528822,836.6662526394236,86.57251629139176,0.0,0.0,121.98125836680055,136.89165263203353,9834.592369477912,65.27492267524688,24.436090225563916,9896.922998986829,832.8903154905117,38.00366300366301,22.509618895161054,875.7802170771454,269.0935833792977,9917.104825822946,43.02657392545032
basic_needs_deprivation|WVS_H,9922.071276517654,874.5082886175701,0.0,0.0,885.6952276999575,137.64617530307908,408.65404532085006,34.92941082243151,438.4525327921554,132.89697723659987,103.24561692843696,9908.849817071938,75.56559340122139,0.0,18.81977671451355,89.4825823083307,9896.186147186147,34.281358087532496,0.0,9894.314591700135,0.0,0.0,415.6141323349506,9923.825662482566,357.68090227293266,0.0,866.3613172541744,930.7359307359308,0.0,9920.528959185864,0.0,0.0,886.2165497727341,0.0,172.0558068088993,46.657046657046635,0.0,7.568233195061779,9848.513851565935,4.04628170417962,0.0,0.0,912.6066350710901,0.0,233.05535301980802,522.6238222561752,31.76692869156703,21.98878304994213,9870.495446377521,19.972182629086404,120.69784396828422,76.76767676767676,16.33813121719922,0.0,21.026839582619758
child_qualities_autonomy_self_expression|WVS_A,46.9266670445742,126.13166524094669,456.24771647789555,885.6952276999575,0.0,9903.438405797102,9908.006160830091,0.0,76.54335912314639,151.22265122265122,19.7594501718213,83.22322057787176,41.87493171637715,316.5020675257939,713.9821504462388,21.69736096300352,866.0714285714286,129.1927549194991,31.83327688718296,862.1767547598749,72.83537718320326,881.2399355877617,9898.839743589744,102.53623188405797,406.25,74.10954700245503,237.0323129251701,0.0,882.491789819376,123.46433478890505,95.12845435042522,73.55472921303625,112.12970036499448,0.0,59.69846858931366,663.6904761904763,398.29646580218656,109.13770164463966,299.3053458169737,33.26982483535883,0.0,608.1349206349207,0.0,49.90518655186551,819.2239858906526,0.0,9903.998211731045,361.1735165851725,242.16644204851755,9917.154761904761,0.0,9919.742753623188,9913.80408388521,23.63445378151259,538.0231232698256
child_qualities_conformity_tradition|WVS_A,0.0,69.05529271292498,90.04884004884006,137.64617530307908,9903.438405797102,0.0,9916.61123329386,0.0,42.79157056934835,37.23601501379281,2.7997556713893204,73.94453745296622,12.493299526773924,40.67523735113764,52.85284918426761,0.0,250.2256826901377,142.08297171050322,102.7307081549378,346.4509346862287,19.93104934281405,244.30199430199428,9909.304047305126,18.271246573133368,289.8550724637681,9.348290598290603,476.7298223637281,0.0,101.8108791029203,93.04871373836892,261.07618415685073,609.0506715506716,112.59523849451904,0.0,24.515911058555233,179.94918499428513,114.4753591562102,11.914637518502246,271.5936713443437,163.08701851124817,0.0,102.67878514324013,0.0,98.19279869817333,838.8100572566592,0.0,9921.17723796671,200.42605148988127,348.174111914883,9928.79242979243,0.0,9928.347826086956,9922.409156348978,0.0,86.27036716924354
child_qualities_prosocial_diligence|WVS_A,350.1899389023571,204.2395576727691,890.971239981141,408.65404532085006,9908.006160830091,9916.61123329386,0.0,1.867354178447755,140.45614433660572,547.7561608300907,28.849395153523133,32.224925079976785,12.23613038000039,922.7942184800197,40.09011877039134,102.02689173798981,54.68285255941407,21.014543107825006,10.027847624628649,25.980642803302686,41.487078699226885,904.1987532086542,9912.012571086501,155.25695426685525,703.5137365876665,73.97900881637459,115.28450550129261,0.0,240.49220352303004,30.144082642355727,53.44234767790371,39.995000624921886,32.25674550552252,0.0,51.127438725775406,843.5299703539004,35.784564371930145,741.7912485493891,100.76110790265707,0.0,0.0,45.91092273485269,0.0,30.57210388313834,154.62079465794275,0.0,9917.171039227802,71.87628424509697,110.96236984922635,9930.327589401519,0.0,9932.915581119945,9926.976911381968,127.44731087501442,894.3152742240516
civic_dishonesty_tolerance|WVS_F,0.0,0.0,0.0,34.92941082243151,0.0,0.0,1.867354178447755,0.0,0.0,0.0,0.0,0.0,0.0,0.0,0.0,0.0,0.0,49.64421103963093,0.0,4.512344805382369,0.0,82.76675919593409,0.0,0.0,0.0,0.0,54.71786224542397,9954.158049497672,19.995840310590125,22.130674188417643,76.1697428913842,925.626626489522,21.953399910423926,0.0,0.0,22.880281603465903,26.241921144375524,0.0,159.12119299453616,9891.340895402529,9957.760710818455,9948.386043725666,9935.687631027253,0.0,43.69625208573996,9957.810646900269,0.0,186.47778959936284,32.903866509126274,0.0,9955.440717447007,0.0,0.0,0.0,27.47550026436994
confidence_in_civil_society_organizations|WVS_E,42.735587338620334,9885.92827111734,9853.964854964855,438.4525327921554,76.54335912314639,42.79157056934835,140.45614433660572,0.0,0.0,9889.10989010989,9914.558510638299,212.79688273132112,9916.309985564552,9888.806326270415,9888.806326270415,9912.207811296983,25.371687136393007,895.5264593562466,26.805601653170072,10.869971852664577,892.6989241125367,878.5679729075955,16.3786463849042,314.3282467927018,9779.14184397163,904.2386185243329,235.9241568968013,0.0,227.91115845767766,887.2847011144884,9865.747571049329,9879.138880876975,567.6362809987786,0.0,117.25145817861224,664.2822586218813,9859.185755088209,9904.52925335534,801.1458350191782,46.4219183613572,46.67279873054218,894.4409887806114,0.0,21.019252745718944,9820.42857142857,0.0,50.45890439148867,9860.262464384037,206.4960740385819,75.77676460655185,0.0,0.9354106029496876,8.934023094936151,9925.187020526642,852.0485176084717
confidence_in_domestic_institutions|WVS_E,0.0,9874.124875124875,9853.964854964855,132.89697723659987,151.22265122265122,37.23601501379281,547.7561608300907,0.0,9889.10989010989,0.0,9913.380098429177,308.27098078867544,9906.601761534346,9888.806326270415,9888.806326270415,9912.207811296983,38.192199956905824,874.8341175051273,554.304207119741,42.04793028322439,71.27035268396526,354.75844909807176,66.00278115828554,38.506650548570306,9768.616348563717,30.820897005345472,851.9727891156463,0.0,83.08357225078109,704.1107041107041,9856.290261716822,9869.681571544466,835.464961364242,0.0,88.53051710194569,201.31929565891826,9859.185755088209,9904.52925335534,801.1458350191782,837.3958404574746,0.0,39.36852501249548,8.324854563211375,227.92721720320654,9799.071951857666,0.0,28.083689245189177,9863.854215918045,857.1069182389938,58.41526894158473,0.0,49.81414111106943,82.8100470957614,9925.187020526642,137.76280332275735
confidence_in_international_organizations|WVS_E,6.348834105090205,9907.869760479041,9878.235063284143,103.24561692843696,19.7594501718213,2.7997556713893204,28.849395153523133,0.0,9914.558510638299,9913.380098429177,0.0,91.72989751675209,9938.251474926254,9913.076534589703,9913.076534589703,9936.478019616272,49.64189545568108,287.83831908831905,0.0,0.0,196.74103237095363,69.50484789355028,0.0,130.26512177865652,9801.083333333334,231.53912987392394,317.38945578231295,0.0,907.3537805700691,909.2261904761905,9907.80385558187,9921.195165409516,81.65310149216918,0.0,31.69175308259814,521.8858002745026,9883.455963407498,9928.79946167463,212.4246339362618,0.0,0.0,111.01888940759181,0.0,0.0,9842.915343915343,0.0,15.905583299012036,9890.221642947725,183.6346960167715,53.930623973727435,0.0,0.0,0.0,9949.457228845931,332.85830263456535
crime_victimization|WVS_H,9915.603101957793,216.18877773335547,276.78239634761377,9908.849817071938,83.22322057787176,73.94453745296622,32.224925079976785,0.0,212.79688273132112,308.27098078867544,91.72989751675209,0.0,19.227942257372163,112.66923551412677,537.3439738080622,95.34106414292279,9870.643133997784,25.500510077162772,70.37964388938127,9885.331344131855,46.60236965595914,127.61674718196458,175.68171928637042,9917.357487922705,786.8217054263566,36.37052647145815,135.4611612086695,0.0,476.2987893633797,9914.060784626003,873.4274325040545,415.5066107297228,93.05865423566897,0.0,58.055166800663045,398.5507246376811,896.135265700483,133.41493268053853,9830.236926639773,61.10498109659483,0.0,899.4209117755629,0.0,154.68324118457133,833.2359212477406,0.0,49.93643529112637,81.55142287012524,9889.595290332018,14.308383873601258,0.0,38.674009611342754,102.19397112974815,19.662518742833612,562.1777126418064
democratic_system_evaluation|WVS_E,19.27204349551674,9909.621235405295,9907.62905671823,75.56559340122139,41.87493171637715,12.493299526773924,12.23613038000039,0.0,9916.309985564552,9906.601761534346,9938.251474926254,19.227942257372163,0.0,9939.452035217108,9906.29819769487,9929.699682721439,415.333194188379,8.5722770696851,64.72129386034078,66.72781534736338,19.249112990458883,43.807789457937034,54.00349921775165,17.46416100787843,9802.834808259588,11.397815736987702,74.88805714534823,0.0,54.33032942224662,18.479351351132024,9889.440535337286,9904.652866242039,68.62421330232102,0.0,17.0110620439756,129.7274843383954,9911.597310686482,9922.021124779796,204.84182876862963,37.97087750627219,0.0,88.84780771224165,0.0,94.8914285032088,9848.69796623374,0.0,3.987132759395436,9924.599674752677,83.04698965647546,0.0,0.0,17.954427554417222,67.25902201492659,9947.180046354824,224.47309096113935
democratic_values_importance|WVS_E,0.0,9873.8213112854,9911.77535945126,0.0,316.5020675257939,40.67523735113764,922.7942184800197,0.0,9888.806326270415,9888.806326270415,9913.076534589703,112.66923551412677,9939.452035217108,0.0,9889.780141843972,9933.131230043771,896.068796068796,10.647864888391965,0.0,58.454843366037764,0.0,0.0,896.2076918950813,0.0,9768.312784724241,0.0,526.2458315327096,236.4537783477994,0.0,22.62565408416306,9903.81522956327,9925.000267630136,203.38702596220685,0.0,63.88315565376209,10.662340330567986,9927.32282717161,9918.6675900277,323.8283616480347,0.0,0.0,0.0,29.463069248511502,0.0,9867.209023941068,68.45144617293204,2.5709268010066637,9928.745977485707,452.9485881070376,4.350451026351308,14.64044339880337,167.03194479296153,18.87758342048957,9948.927804321826,0.0
economic_ideology|WVS_E,0.0,9873.8213112854,9853.66129112538,18.81977671451355,713.9821504462388,52.85284918426761,40.09011877039134,0.0,9888.806326270415,9888.806326270415,9913.076534589703,537.3439738080622,9906.29819769487,9889.780141843972,0.0,9911.904247457507,0.0,114.84124115603396,213.98215044623885,0.0,892.3953602730612,105.53713634084738,45.46142323836486,40.21515914370252,9768.312784724241,112.26838801819072,835.5348172313854,46.96825424255353,0.0,224.02491254674442,9879.701754385966,9900.88679245283,81.56964599075843,0.0,284.14532060940905,108.42313922685028,9886.671232876712,9904.225689515864,123.42291634099303,49.85823406480773,273.8824624042942,0.0,125.34145126711351,882.6395799732336,9840.72482552343,111.89536144907251,30.754987818327166,9859.958900544561,840.668946354733,167.42344599279753,21.674026373319748,173.7795831195472,903.9350546848574,9924.883456687168,441.1212001579155
electoral_integrity|WVS_E,0.0,9897.222796311968,9901.308251544893,89.4825823083307,21.69736096300352,0.0,102.02689173798981,0.0,9912.207811296983,9912.207811296983,9936.478019616272,95.34106414292279,9929.699682721439,9933.131230043771,9911.904247457507,0.0,132.71869257257043,838.3496802573312,98.82834933368302,15.520202992138323,2.1929347629093243,300.1511493877906,13.067120846883512,0.0,9791.71426975081,0.0,721.0583348383601,0.0,150.08393246226447,195.47229470893592,9891.076033436391,9904.467343264037,62.3034081289851,0.0,8.724823478706085,62.38017980897445,9905.276505513146,9927.627174542433,101.77108115252446,323.5447784129325,0.0,87.03043539143341,0.0,59.6969138082257,9843.286941580756,0.0,0.0,9918.27886957934,892.8591306283743,10.117109353750593,0.0,0.0,0.0,9948.284941713737,0.0
existential_threat_worry|WVS_H,9904.9934318555,19.56484496444898,389.7389477556671,9896.186147186147,866.0714285714286,250.2256826901377,54.68285255941407,0.0,25.371687136393007,38.192199956905824,49.64189545568108,9870.643133997784,415.333194188379,896.068796068796,0.0,132.71869257257043,0.0,60.970132411894554,794.8832114487453,9854.7254226992,0.0,263.2275132275132,27.180630258189353,9897.103309120259,98.03942812841592,0.0,144.2451980792317,2.9977397234034413,0.0,9880.47478919291,150.21622684161383,0.0,0.0,0.0,875.5411255411256,470.23809523809524,79.61125870128124,0.0,9825.049453709029,827.4708113333829,33.04735455857882,1.3227513227513157,17.982965543941134,151.52466317134213,0.0,43.1547619047619,337.9453663360218,0.5516343335849285,9854.261680143756,433.121946279841,228.2848324514991,276.95628001791425,654.8850309354511,0.0,15.238816051824202
familial_duty_obligations|WVS_D,458.6547802731584,555.5043758636573,116.23623390724369,34.281358087532496,129.1927549194991,142.08297171050322,21.014543107825006,49.64421103963093,895.5264593562466,874.8341175051273,287.83831908831905,25.500510077162772,8.5722770696851,10.647864888391965,114.84124115603396,838.3496802573312,60.970132411894554,0.0,9915.355489171023,0.0,9945.059188730198,0.0,900.6410256410256,50.37244653182839,615.3846153846155,9.237196619744864,62.50891965177681,0.0,87.80533370697303,0.24111791212767741,0.0,0.0,99.56589670761562,0.0,72.01178020003134,192.06439125714013,87.30975103339236,171.20538756060785,373.2886049551383,201.68720224248824,0.0,52.79753926521634,0.0,346.60018840991086,848.9718100894218,0.0,57.33899079947426,0.0,98.59082440375093,4.470311657450466,0.0,830.6349447653795,165.60536593649175,13.548496129407525,411.24693481682095
female_income_threat_to_marriage|WVS_D,910.8333532609562,50.61444378925921,55.72863001228481,0.0,31.83327688718296,102.7307081549378,10.027847624628649,0.0,26.805601653170072,554.304207119741,0.0,70.37964388938127,64.72129386034078,0.0,213.98215044623885,98.82834933368302,794.8832114487453,9915.355489171023,0.0,305.4052946479797,9917.25703990391,20.344444646725776,6.517139115281793,78.38182701694171,75.30991401959145,0.0,62.26081178642846,0.0,84.81597767312054,908.1137309292649,0.0,0.0,96.34927417294601,0.0,102.50736546374455,304.62347118900516,0.0,915.005961505706,396.9036044321815,0.0,832.035656319311,0.0,0.0,0.0,847.2823472823472,0.0,247.29973067874243,118.48679383427842,45.58952911460335,208.14590596143995,0.0,0.0,0.0,945.3161118816458,7.476763269975123
freedom_security_tradeoff_perception|WVS_H,9898.552803577571,187.84103145612687,875.1167133520074,9894.314591700135,862.1767547598749,346.4509346862287,25.980642803302686,4.512344805382369,10.869971852664577,42.04793028322439,0.0,9885.331344131855,66.72781534736338,58.454843366037764,0.0,15.520202992138323,9854.7254226992,0.0,305.4052946479797,0.0,38.27300150829562,2.948109700609237,0.0,9900.307189542484,95.37518003827233,40.73620188816267,44.77342517209627,172.00941796283288,522.0239934095356,9897.010486245781,0.0,0.0,233.06844720302183,0.0,552.0461057986413,825.9448707019039,879.0849673202614,104.23116615067079,9813.186628259551,565.5491752090537,0.0,908.3124952640752,8.499073421554058,53.79412386387655,292.37609905799513,75.76359901941295,899.5528035775714,0.0,9826.68533207322,22.110524138921704,887.5778001978817,72.87591926146143,14.89764133862559,500.5044523402202,278.4607475949181
gender_role_traditionalism|WVS_D,0.0,502.7139091275217,0.0,0.0,72.83537718320326,19.93104934281405,41.487078699226885,0.0,892.6989241125367,71.27035268396526,196.74103237095363,46.60236965595914,19.249112990458883,0.0,892.3953602730612,2.1929347629093243,0.0,9945.059188730198,9917.25703990391,38.27300150829562,0.0,14.303395450936435,732.4336230705367,0.0,206.98799126201575,0.0,51.09765970863762,596.9537546718755,913.1576657033727,4.5024420024420095,219.24591067901486,916.1324786324786,0.0,0.0,19.461484978726347,26.186826458565577,0.0,101.43949617633827,0.0,20.39731482091082,0.0,11.207835003015731,0.0,0.66441251384596,0.0,48.882214143438404,0.0,0.0,37.71327031346658,16.095016095016092,0.0,148.12992125984252,153.97237452021642,1.3061590242798289,0.0
immigrant_origin_status|WVS_G,122.69761705851934,870.1792842885657,19.179894179894177,0.0,881.2399355877617,244.30199430199428,904.1987532086542,82.76675919593409,878.5679729075955,354.75844909807176,69.50484789355028,127.61674718196458,43.807789457937034,0.0,105.53713634084738,300.1511493877906,263.2275132275132,0.0,20.344444646725776,2.948109700609237,14.303395450936435,0.0,473.20463264990923,21.380471380471377,479.40231811199556,0.0,165.06261595547312,77.92207792207795,9922.366652180212,15.112882759941584,0.0,0.0,9880.761257660539,0.0,9903.442619959862,9856.142857142857,0.0,27.654403237347935,608.6667213577986,121.50855871840551,0.0,0.0,265.0793650793651,16.56289947304046,76.45730706075534,56.64180229053646,59.46105482799331,11.150512214342001,321.711896593972,6.876337521498812,86.41975308641976,93.06094256415706,10.064027780349704,0.0,314.1905950894715
importance_of_life_domains|WVS_A,39.509225107061,43.557988917270364,575.6519348752358,415.6141323349506,9898.839743589744,9909.304047305126,9912.012571086501,0.0,16.3786463849042,66.00278115828554,0.0,175.68171928637042,54.00349921775165,896.2076918950813,45.46142323836486,13.067120846883512,27.180630258189353,900.6410256410256,6.517139115281793,0.0,732.4336230705367,473.20463264990923,0.0,248.89053195759828,98.01818805765271,577.306650815666,217.22919937205648,0.0,324.26754657109984,892.3992673992674,12.707207756643442,43.98360589191293,420.2660085013026,0.0,93.65396539858406,670.6836242465479,301.36972940852826,24.290169541804673,813.7908603024882,24.9495786973161,53.07416435520878,900.842354405278,0.0,11.176554073233035,244.4275582573455,0.0,9913.003127159012,200.99716334203754,166.8077729398484,9921.161172161172,0.0,9923.749163879598,9917.81049414162,5.5810868812367715,858.4498832331383
institutional_threat_perception|WVS_H,9934.658722277392,317.45917383667233,8.312495264075181,9923.825662482566,102.53623188405797,18.271246573133368,155.25695426685525,0.0,314.3282467927018,38.506650548570306,130.26512177865652,9917.357487922705,17.46416100787843,0.0,40.21515914370252,0.0,9897.103309120259,50.37244653182839,78.38182701694171,9900.307189542484,0.0,21.380471380471377,248.89053195759828,0.0,777.168038579862,0.0,283.94514585495216,68.63939403990483,103.2029156512246,9929.03663003663,111.97218082463982,58.0128205128205,56.01454320414635,0.0,37.88751063366766,51.06826868899145,0.0,21.561969439728358,9864.460675614342,95.09666899604005,0.0,4.621244378351008,0.0,184.1196067832349,186.96743761412048,13.430690072639223,0.0,26.15429150383558,9871.412608311633,14.382109118951234,0.0,103.6621274235107,328.4569752071445,0.0,0.0
international_organization_knowledge|WVS_E,245.20855296948068,9776.734067663258,9733.471313418682,357.68090227293266,406.25,289.8550724637681,703.5137365876665,0.0,9779.14184397163,9768.616348563717,9801.083333333334,786.8217054263566,9802.834808259588,9768.312784724241,9768.312784724241,9791.71426975081,98.03942812841592,615.3846153846155,75.30991401959145,95.37518003827233,206.98799126201575,479.40231811199556,98.01818805765271,777.168038579862,0.0,183.74507697815972,682.4411093860808,0.0,769.6322031694668,773.8095238095239,9752.272393744364,9765.66370357201,739.8753894080996,0.0,555.6157457565909,717.4975562072336,9744.159404228363,9785.626344086022,680.6522934730051,195.48253419221157,790.3642867920851,780.9896196992971,95.41545238334504,46.43296432964331,9718.662058371736,0.0,457.0815450643777,9746.811095302723,609.9312095104522,805.9227921734532,0.0,20.322986891085463,38.315988647114494,9811.73565144533,448.4702257969005
job_scarcity_gender_discrimination|WVS_C,0.0,889.2536035393179,0.0,0.0,74.10954700245503,9.348290598290603,73.97900881637459,0.0,904.2386185243329,30.820897005345472,231.53912987392394,36.37052647145815,11.397815736987702,0.0,112.26838801819072,0.0,0.0,9.237196619744864,0.0,40.73620188816267,0.0,0.0,577.306650815666,0.0,183.74507697815972,0.0,9874.867576760435,940.2421902421902,140.50407228818023,2.506027400095192,0.0,109.15578132559264,0.0,0.0,10.300882068123443,0.0,0.0,28.046525627794963,0.0,0.0,0.0,0.0,0.0,0.0,0.0,16.358555760729672,0.0,0.0,32.5168573989329,9.811170159530818,0.0,325.27777777777777,920.7843137254902,0.0,9938.269272210795
job_scarcity_nativist_preference|WVS_C,197.74924708481834,167.78256017854295,827.7561863671643,866.3613172541744,237.0323129251701,476.7298223637281,115.28450550129261,54.71786224542397,235.9241568968013,851.9727891156463,317.38945578231295,135.4611612086695,74.88805714534823,526.2458315327096,835.5348172313854,721.0583348383601,144.2451980792317,62.50891965177681,62.26081178642846,44.77342517209627,51.09765970863762,165.06261595547312,217.22919937205648,283.94514585495216,682.4411093860808,9874.867576760435,0.0,0.0,136.81818253862588,184.94897959183672,154.94215255698063,29.237585583831702,838.5148451904126,0.0,411.3402217818187,814.4132653061224,163.67089484611552,168.27147525676938,397.7747932552793,29.175617410911514,91.36162854403507,877.9053287981859,17.135477379357525,117.29464233417843,72.00316023845434,0.0,798.145243270933,753.8177134925211,44.94251473702924,51.46461569702508,1.239072286968181,127.02109829439021,523.8602063341893,70.94168312486283,9830.100220610075
life_autonomy_morality_permissiveness|WVS_F,20.84402841341445,0.0,186.24844690774418,930.7359307359308,0.0,0.0,0.0,9954.158049497672,0.0,0.0,0.0,0.0,0.0,236.4537783477994,46.96825424255353,0.0,2.9977397234034413,0.0,0.0,172.00941796283288,596.9537546718755,77.92207792207795,0.0,68.63939403990483,0.0,940.2421902421902,0.0,0.0,19.418100971350896,0.0,178.073044684478,923.3928065703767,26.77098685897647,0.0,0.0,156.56565656565658,75.94125223273707,0.0,837.1494067370356,9901.227402227401,9950.65460937273,9941.279942279942,9933.1251298027,0.0,0.0,9950.704545454546,0.0,186.87919566114624,0.0,0.0,9948.334616001282,0.0,0.0,0.0,13.121892915360704
multilevel_place_attachment|WVS_G,97.85238959467634,160.409169346037,31.25137754708456,0.0,882.491789819376,101.8108791029203,240.49220352303004,19.995840310590125,227.91115845767766,83.08357225078109,907.3537805700691,476.2987893633797,54.33032942224662,0.0,0.0,150.08393246226447,0.0,87.80533370697303,84.81597767312054,522.0239934095356,913.1576657033727,9922.366652180212,324.26754657109984,103.2029156512246,769.6322031694668,140.50407228818023,136.81818253862588,19.418100971350896,0.0,192.012797499681,0.0,0.0,9861.582741027729,0.0,9890.961486789072,9860.658456486042,0.0,0.0,95.9562801668065,139.0396523139886,29.763282308989304,0.0,257.2796934865901,167.79127305443092,0.0,30.728969306555513,78.31327761847577,276.587380196917,157.3963271059888,31.922170228017308,79.26401722885834,467.3659673659673,44.18983799593485,0.0,332.8908663354497
neighborhood_disorder_and_crime|WVS_H,9927.282244071717,789.6868600461414,126.06837606837607,9920.528959185864,123.46433478890505,93.04871373836892,30.144082642355727,22.130674188417643,887.2847011144884,704.1107041107041,909.2261904761905,9914.060784626003,18.479351351132024,22.62565408416306,224.02491254674442,195.47229470893592,9880.47478919291,0.24111791212767741,908.1137309292649,9897.010486245781,4.5024420024420095,15.112882759941584,892.3992673992674,9929.03663003663,773.8095238095239,2.506027400095192,184.94897959183672,0.0,192.012797499681,0.0,37.652750255209284,0.0,91.4275173267979,0.0,72.83903835627973,239.28969581143497,140.37254734929152,213.768687452898,9841.916068753697,298.5566213721553,0.0,136.52529424341503,0.0,617.8615357582148,433.1503574793124,0.0,61.61557740505111,16.05486711869689,9876.583108715184,18.542063996609457,0.0,270.4451345755694,907.3636076947336,19.73875619703449,163.6004444993209
offline_political_participation|WVS_E,240.08792472985746,9859.058820890074,9857.508977361436,0.0,95.12845435042522,261.07618415685073,53.44234767790371,76.1697428913842,9865.747571049329,9856.290261716822,9907.80385558187,873.4274325040545,9889.440535337286,9903.81522956327,9879.701754385966,9891.076033436391,150.21622684161383,0.0,0.0,0.0,219.24591067901486,0.0,12.707207756643442,111.97218082463982,9752.272393744364,0.0,154.94215255698063,178.073044684478,0.0,37.652750255209284,0.0,9918.494596212622,65.43926720787141,0.0,539.6573702701862,153.71762740183792,9900.706320596011,9879.701754385966,72.02398738807432,0.0,0.0,0.0,0.0,0.0,9811.233285917497,81.22938299167646,882.9450675870003,9874.479595395884,482.04597865002506,31.40532983525364,26.500687917710152,0.0,0.0,9914.6223893066,695.1863449376804
online_political_participation|WVS_E,247.23986690865095,9872.45013071772,9877.463369029407,0.0,73.55472921303625,609.0506715506716,39.995000624921886,925.626626489522,9879.138880876975,9869.681571544466,9921.195165409516,415.5066107297228,9904.652866242039,9925.000267630136,9900.88679245283,9904.467343264037,0.0,0.0,0.0,0.0,916.1324786324786,0.0,43.98360589191293,58.0128205128205,9765.66370357201,109.15578132559264,29.237585583831702,923.3928065703767,0.0,0.0,9918.494596212622,0.0,0.0,0.0,304.90558292282435,26.75451732055504,9921.891358662875,9900.88679245283,0.0,0.0,0.0,0.0,0.0,0.0,9843.90540670316,933.3303702386772,224.9929258630447,9893.946808510638,49.00871704909957,0.0,97.02397260728719,0.0,0.0,9935.807427373466,103.54244694132335
outgroup_trust|WVS_G,78.15501984377408,846.6618165538082,637.7645136637943,886.2165497727341,112.12970036499448,112.59523849451904,32.25674550552252,21.953399910423926,567.6362809987786,835.464961364242,81.65310149216918,93.05865423566897,68.62421330232102,203.38702596220685,81.56964599075843,62.3034081289851,0.0,99.56589670761562,96.34927417294601,233.06844720302183,0.0,9880.761257660539,420.2660085013026,56.01454320414635,739.8753894080996,0.0,838.5148451904126,26.77098685897647,9861.582741027729,91.4275173267979,65.43926720787141,0.0,0.0,0.0,9877.796470212992,9818.361901782922,400.9621130294307,875.4259750094661,50.91959264325885,122.28272447614421,0.0,101.21288483028619,0.0,206.99824645305273,9.013417115191487,0.0,81.6490799416078,89.58599512053405,843.64897431376,96.66345785685606,0.0,44.84583688547883,20.424836601307177,493.9214834212378,42.63422236793966
perceived_corruption|WVS_E,0.0,0.0,0.0,0.0,0.0,0.0,0.0,0.0,0.0,0.0,0.0,0.0,0.0,0.0,0.0,0.0,0.0,0.0,0.0,0.0,0.0,0.0,0.0,0.0,0.0,0.0,0.0,0.0,0.0,0.0,0.0,0.0,0.0,0.0,0.0,0.0,0.0,0.0,0.0,0.0,0.0,0.0,0.0,0.0,0.0,0.0,0.0,0.0,0.0,0.0,0.0,0.0,0.0,0.0,0.0
perceived_negative_effects_of_immigration|WVS_G,14.661097948011033,149.5816600817866,129.31034482758622,172.0558068088993,59.69846858931366,24.515911058555233,51.127438725775406,0.0,117.25145817861224,88.53051710194569,31.69175308259814,58.055166800663045,17.0110620439756,63.88315565376209,284.14532060940905,8.724823478706085,875.5411255411256,72.01178020003134,102.50736546374455,552.0461057986413,19.461484978726347,9903.442619959862,93.65396539858406,37.88751063366766,555.6157457565909,10.300882068123443,411.3402217818187,0.0,9890.961486789072,72.83903835627973,539.6573702701862,304.90558292282435,9877.796470212992,0.0,0.0,9841.043264082244,329.96596939625425,41.26513466765505,187.42787878274905,126.85688981326885,0.0,429.6346927925875,0.0,128.91723163560673,832.2840162478595,0.0,14.661097948011033,116.51905810012927,344.7040159769365,17.629361072092934,0.0,24.88763113910902,40.42098812187467,0.0,127.11728051014245
perceived_positive_effects_of_immigration|WVS_G,42.69293924466339,655.8935700028514,125.89818536110096,46.657046657046635,663.6904761904763,179.94918499428513,843.5299703539004,22.880281603465903,664.2822586218813,201.31929565891826,521.8858002745026,398.5507246376811,129.7274843383954,10.662340330567986,108.42313922685028,62.38017980897445,470.23809523809524,192.06439125714013,304.62347118900516,825.9448707019039,26.186826458565577,9856.142857142857,670.6836242465479,51.06826868899145,717.4975562072336,0.0,814.4132653061224,156.56565656565658,9860.658456486042,239.28969581143497,153.71762740183792,26.75451732055504,9818.361901782922,0.0,9841.043264082244,0.0,24.42803755355027,68.59051075622037,773.4504263713886,374.21074665863364,0.0,20.074696545284795,138.0952380952381,512.2067738534528,772.8494478177889,114.99861572535991,84.83977627390996,248.75115633672524,819.5473944294699,79.42520442520444,68.74979202023229,855.2665631469979,849.3278934090192,0.0,179.95215875208464
political_information_sources|WVS_E,9.259296273495536,9846.877061411158,9894.706172708455,0.0,398.29646580218656,114.4753591562102,35.784564371930145,26.241921144375524,9859.185755088209,9859.185755088209,9883.455963407498,896.135265700483,9911.597310686482,9927.32282717161,9886.671232876712,9905.276505513146,79.61125870128124,87.30975103339236,0.0,879.0849673202614,0.0,0.0,301.36972940852826,0.0,9744.159404228363,0.0,163.67089484611552,75.94125223273707,0.0,140.37254734929152,9900.706320596011,9921.891358662875,400.9621130294307,0.0,329.96596939625425,24.42803755355027,0.0,9890.812865497075,852.854353058722,0.0,0.0,0.0,82.61380323054331,0.0,9850.78046989721,50.61444378925921,39.42596676902724,9906.403447243489,138.9818662299336,45.17704517704517,910.4925911093312,15.729660650345593,0.0,9921.591867797348,1.2090339013105904
postmaterialist_values|WVS_E,0.0,9889.544238370325,9886.844611528822,7.568233195061779,109.13770164463966,11.914637518502246,741.7912485493891,0.0,9904.52925335534,9904.52925335534,9928.79946167463,133.41493268053853,9922.021124779796,9918.6675900277,9904.225689515864,9927.627174542433,0.0,171.20538756060785,915.005961505706,104.23116615067079,101.43949617633827,27.654403237347935,24.290169541804673,21.561969439728358,9785.626344086022,28.046525627794963,168.27147525676938,0.0,0.0,213.768687452898,9879.701754385966,9900.88679245283,875.4259750094661,0.0,41.26513466765505,68.59051075622037,9890.812865497075,0.0,541.2002407220801,852.8152037029249,0.0,0.0,14.80899815117833,327.1347187156082,9830.220623842757,0.0,1.761282260110974,9903.81522956327,156.0751356947009,0.0,0.0,46.82654317847411,264.4855679766796,9940.606383772094,391.1886457717327
precautionary_security_behaviors|WVS_H,9863.01247965274,786.1608200341632,836.6662526394236,9848.513851565935,299.3053458169737,271.5936713443437,100.76110790265707,159.12119299453616,801.1458350191782,801.1458350191782,212.4246339362618,9830.236926639773,204.84182876862963,323.8283616480347,123.42291634099303,101.77108115252446,9825.049453709029,373.2886049551383,396.9036044321815,9813.186628259551,0.0,608.6667213577986,813.7908603024882,9864.460675614342,680.6522934730051,0.0,397.7747932552793,837.1494067370356,95.9562801668065,9841.916068753697,72.02398738807432,0.0,50.91959264325885,0.0,187.42787878274905,773.4504263713886,852.854353058722,541.2002407220801,0.0,689.016386501249,0.028033094577608608,193.65787962481886,0.0,822.7453204764606,9.295600082627573,53.5679615864415,166.3037682189833,126.14130495223478,9776.908922378627,268.74024457787345,26.891267531527944,134.71299372462164,40.583675330597345,772.2143418019706,34.784796590712546
religion_versus_secularism_orientation|WVS_F,203.2701765246804,81.74997492479034,86.57251629139176,4.04628170417962,33.26982483535883,163.08701851124817,0.0,9891.340895402529,46.4219183613572,837.3958404574746,0.0,61.10498109659483,37.97087750627219,0.0,49.85823406480773,323.5447784129325,827.4708113333829,201.68720224248824,0.0,565.5491752090537,20.39731482091082,121.50855871840551,24.9495786973161,95.09666899604005,195.48253419221157,0.0,29.175617410911514,9901.227402227401,139.0396523139886,298.5566213721553,0.0,0.0,122.28272447614421,0.0,126.85688981326885,374.21074665863364,0.0,852.8152037029249,689.016386501249,0.0,9858.356494275562,9879.057883898258,9892.524554541504,0.0,783.1797831797832,9902.534976350511,574.9022357006023,737.0904296470638,16.080491080732088,111.86830968384368,9893.623454477332,0.0,0.0,506.21354777908175,0.0
religious_belief|WVS_F,0.0,32.413268624232515,0.0,0.0,0.0,0.0,0.0,9957.760710818455,46.67279873054218,0.0,0.0,0.0,0.0,0.0,273.8824624042942,0.0,33.04735455857882,0.0,832.035656319311,0.0,0.0,0.0,53.07416435520878,0.0,790.3642867920851,0.0,91.36162854403507,9950.65460937273,29.763282308989304,0.0,0.0,0.0,0.0,0.0,0.0,0.0,0.0,0.0,0.028033094577608608,9858.356494275562,0.0,9944.882603600725,9941.638888888889,918.4068377716376,81.54509999170195,9954.307206775327,0.0,0.0,96.49575766738253,0.0,9951.937277322064,0.0,44.145843506065745,0.0,0.0
religious_exclusivism|WVS_F,17.10454296661193,511.05230016158157,0.0,0.0,608.1349206349207,102.67878514324013,45.91092273485269,9948.386043725666,894.4409887806114,39.36852501249548,111.01888940759181,899.4209117755629,88.84780771224165,0.0,0.0,87.03043539143341,1.3227513227513157,52.79753926521634,0.0,908.3124952640752,11.207835003015731,0.0,900.842354405278,4.621244378351008,780.9896196992971,0.0,877.9053287981859,9941.279942279942,0.0,136.52529424341503,0.0,0.0,101.21288483028619,0.0,429.6346927925875,20.074696545284795,0.0,0.0,193.65787962481886,9879.057883898258,9944.882603600725,0.0,9922.809523809523,0.0,0.0,9944.932539682539,32.98135174467798,78.81798409391664,883.0394579215334,31.671313224711284,9942.562610229277,46.555703788408195,0.7858858238415962,0.0,66.63094562509937
religious_practice_and_self_identification|WVS_F,0.0,0.0,121.98125836680055,912.6066350710901,0.0,0.0,0.0,9935.687631027253,0.0,8.324854563211375,0.0,0.0,0.0,29.463069248511502,125.34145126711351,0.0,17.982965543941134,0.0,0.0,8.499073421554058,0.0,265.0793650793651,0.0,0.0,95.41545238334504,0.0,17.135477379357525,9933.1251298027,257.2796934865901,0.0,0.0,0.0,0.0,0.0,0.0,138.0952380952381,82.61380323054331,14.80899815117833,0.0,9892.524554541504,9941.638888888889,9922.809523809523,0.0,0.0,10.60136614847761,9937.1038647343,0.0,0.0,14.099671862182106,0.0,9932.430644019816,0.0,0.0,0.0,41.93073426797258
science_skepticism|WVS_I,675.5262130349611,48.14692770723593,136.89165263203353,0.0,49.90518655186551,98.19279869817333,30.57210388313834,0.0,21.019252745718944,227.92721720320654,0.0,154.68324118457133,94.8914285032088,0.0,882.6395799732336,59.6969138082257,151.52466317134213,346.60018840991086,0.0,53.79412386387655,0.66441251384596,16.56289947304046,11.176554073233035,184.1196067832349,46.43296432964331,0.0,117.29464233417843,0.0,167.79127305443092,617.8615357582148,0.0,0.0,206.99824645305273,0.0,128.91723163560673,512.2067738534528,0.0,327.1347187156082,822.7453204764606,0.0,918.4068377716376,0.0,0.0,0.0,747.3082473082472,0.0,183.33907079752973,45.34517170600466,72.62034233875195,255.9183713956955,0.0,0.0,0.0,263.3588475861717,54.53475479843098
science_technology_optimism|WVS_E,862.938596491228,9818.976771196283,9834.592369477912,233.05535301980802,819.2239858906526,838.8100572566592,154.62079465794275,43.69625208573996,9820.42857142857,9799.071951857666,9842.915343915343,833.2359212477406,9848.69796623374,9867.209023941068,9840.72482552343,9843.286941580756,0.0,848.9718100894218,847.2823472823472,292.37609905799513,0.0,76.45730706075534,244.4275582573455,186.96743761412048,9718.662058371736,0.0,72.00316023845434,0.0,0.0,433.1503574793124,9811.233285917497,9843.90540670316,9.013417115191487,0.0,832.2840162478595,772.8494478177889,9850.78046989721,9830.220623842757,9.295600082627573,783.1797831797832,81.54509999170195,0.0,10.60136614847761,747.3082473082472,0.0,1.0184435587661085,852.7298850574713,9846.289644012944,62.743018734535156,270.73923918584114,851.892213195958,849.799732977303,73.79875026933851,9861.049549549549,0.0
sexual_and_reproductive_morality_permissiveness|WVS_F,1.6753449716244688,0.0,65.27492267524688,522.6238222561752,0.0,0.0,0.0,9957.810646900269,0.0,0.0,0.0,0.0,0.0,68.45144617293204,111.89536144907251,0.0,43.1547619047619,0.0,0.0,75.76359901941295,48.882214143438404,56.64180229053646,0.0,13.430690072639223,0.0,16.358555760729672,0.0,9950.704545454546,30.728969306555513,0.0,81.22938299167646,933.3303702386772,0.0,0.0,0.0,114.99861572535991,50.61444378925921,0.0,53.5679615864415,9902.534976350511,9954.307206775327,9944.932539682539,9937.1038647343,0.0,1.0184435587661085,0.0,0.0,26.390378922329504,0.0,0.0,9951.98721340388,0.0,0.0,0.0,162.2853262312708
