construct,acceptance_of_state_surveillance|WVS_H,authoritarian_governance_tolerance|WVS_E,autocracy_support|WVS_E,basic_needs_deprivation|WVS_H,child_qualities_autonomy_self_expression|WVS_A,child_qualities_conformity_tradition|WVS_A,child_qualities_prosocial_diligence|WVS_A,civic_dishonesty_tolerance|WVS_F,confidence_in_civil_society_organizations|WVS_E,confidence_in_domestic_institutions|WVS_E,confidence_in_international_organizations|WVS_E,crime_victimization|WVS_H,democratic_system_evaluation|WVS_E,democratic_values_importance|WVS_E,economic_ideology|WVS_E,electoral_integrity|WVS_E,existential_threat_worry|WVS_H,familial_duty_obligations|WVS_D,female_income_threat_to_marriage|WVS_D,freedom_security_tradeoff_perception|WVS_H,gender_role_traditionalism|WVS_D,immigrant_origin_status|WVS_G,importance_of_life_domains|WVS_A,institutional_threat_perception|WVS_H,international_organization_knowledge|WVS_E,job_scarcity_gender_discrimination|WVS_C,job_scarcity_nativist_preference|WVS_C,life_autonomy_morality_permissiveness|WVS_F,multilevel_place_attachment|WVS_G,neighborhood_disorder_and_crime|WVS_H,offline_political_participation|WVS_E,online_political_participation|WVS_E,outgroup_trust|WVS_G,perceived_corruption|WVS_E,perceived_negative_effects_of_immigration|WVS_G,perceived_positive_effects_of_immigration|WVS_G,political_information_sources|WVS_E,postmaterialist_values|WVS_E,precautionary_security_behaviors|WVS_H,religion_versus_secularism_orientation|WVS_F,religious_belief|WVS_F,religious_exclusivism|WVS_F,religious_practice_and_self_identification|WVS_F,science_skepticism|WVS_I,science_technology_optimism|WVS_E,sexual_and_reproductive_morality_permissiveness|WVS_F,social_intolerance_outgroups|WVS_A,societal_change_attitudes|WVS_E,socioeconomic_insecurity_worry|WVS_H,subjective_wellbeing|WVS_A,violence_tolerance|WVS_F,voluntary_association_active_membership|WVS_A,voluntary_association_belonging|WVS_A,voting_participation|WVS_E,work_ethic|WVS_C
acceptance_of_state_surveillance|WVS_H,0.0,103.82837501481569,93.13570069752694,76.92872348234602,98.00086918730986,69.44444444444444,84.59266979329512,33.898305084745765,88.8433600298007,84.74576271186442,64.57315171051263,83.39689804220697,66.9348530562074,56.17977528089888,80.0,42.5531914893617,94.00656814449917,67.66100920052574,89.16664673904378,100.44719642242862,43.859649122807014,81.38401559454189,82.44199440513411,64.3412777226084,209.33690157597383,32.89473684210526,124.83139807647197,60.45678459471563,77.58620689655172,71.71775592828223,117.0549324129997,97.58771929824562,107.03016534141108,9999.0,84.34880304208798,129.7208538587849,76.9476002782286,67.11409395973155,135.9875203472599,141.55740968221616,35.08771929824561,66.2287903667214,54.94505494505494,93.70455619580827,137.06140350877195,56.80418719211822,55.865921787709496,77.64091078760731,119.6972689531245,62.56024677077308,42.37288135593221,68.02799791751028,74.714631615358,34.48275862068965,67.11409395973155
authoritarian_governance_tolerance|WVS_E,103.82837501481569,0.0,160.02016002016,125.49171138242994,111.96357285429141,103.3585003905233,98.79074535753395,69.93006993006993,113.07172888266021,124.87512487512487,91.13023952095809,106.39186742793484,89.37876459470439,125.17868871460031,125.17868871460031,101.77720368803172,141.72547761619617,111.16229080300937,92.24269906788365,169.3018256867303,122.28609087247831,129.82071571143427,107.95716259788117,117.32343485897988,222.2659323367427,110.74639646068218,126.33508688028057,60.975609756097555,125.30511636824872,119.40404904476762,139.94117910992676,126.54986928228081,153.33818344619175,9999.0,106.82859632846981,177.43976333048187,152.12293858884175,109.45576162967467,213.83917996583682,156.34526317044777,104.5730327456305,113.9476998384184,111.11111111111111,96.78060852464813,180.02322880371662,59.880239520958085,102.79869445658039,147.1262242349922,122.77332128196437,89.64214428286284,79.36507936507937,87.05415256443635,92.99282230241504,82.20166809238665,160.75280802652938
autocracy_support|WVS_E,93.13570069752694,160.02016002016,0.0,101.010101010101,131.98757763975155,102.25885225885226,109.02876001885903,90.09009009009009,145.03514503514504,145.03514503514504,120.76493671585696,107.83298826777087,91.3709432817713,87.22464054874027,145.33870887462047,97.69174845510723,136.57684171801708,92.09709942608966,136.5790622954075,124.88328664799255,77.51937984496124,105.82010582010582,138.63377941047844,91.68750473592482,265.52868658131814,60.24096385542168,172.2438136328357,107.86920015107935,124.99862245291544,96.15384615384616,141.4910226385636,121.53663097059322,131.466255566975,9999.0,108.7848932676519,168.21946169772258,104.29382729154503,112.15538847117796,163.33374736057633,183.6977539788785,59.523809523809526,90.09009009009009,100.24096385542168,140.88612514574424,164.40763052208837,104.21660274848195,94.61152882205513,102.07700101317123,167.10968450948823,86.99633699633699,105.69550930996715,124.21978292285459,130.90641662070232,81.89517417705338,115.70358480470841
basic_needs_deprivation|WVS_H,76.92872348234602,125.49171138242994,101.010101010101,0.0,114.30477230004244,84.57604691914315,91.34595467914991,62.157967818345185,117.10302276340013,117.10302276340013,92.83281444411205,90.15018292806177,73.6881379420622,48.543689320388346,114.51355661881979,80.00894311539813,102.81385281385282,74.41429408638055,72.46376811594203,104.68540829986613,59.880239520958085,64.51612903225806,110.70165713873354,75.17433751743374,230.55439184471442,47.39336492890995,133.6386827458256,69.26406926406926,80.0,78.47104081413704,64.1025641025641,44.44444444444444,113.78345022726589,9999.0,91.10208792794279,138.52813852813853,54.054054054054056,94.47258313146884,150.4861484340646,132.9400196656834,41.84100418410041,47.84688995215311,87.39336492890996,91.74311926605505,151.56003159557662,65.61147186147187,76.92872348234602,84.39419567346212,128.50455362247814,69.31353165662789,67.98140131473465,89.8989898989899,78.00149142431022,43.29004329004329,98.0207794649993
child_qualities_autonomy_self_expression|WVS_A,98.00086918730986,111.96357285429141,131.98757763975155,114.30477230004244,0.0,95.56159420289856,90.99383916990921,64.1025641025641,105.27482269503545,119.04761904761904,83.33333333333334,98.59496124031008,81.58185840707965,100.16459914087278,119.35118288709448,95.94969786052589,133.92857142857144,103.36538461538461,84.44579288025889,137.82324524012506,93.8312894834634,118.76006441223832,100.16025641025641,105.79710144927537,218.75,89.82487922705315,120.11054421768708,61.7283950617284,117.50821018062399,109.09380474597866,132.14427292230204,118.75296309465607,125.96553773024362,9999.0,99.03169014084507,169.64285714285714,128.0193236714976,103.62825580216884,176.88513037350245,148.548356982823,72.46376811594203,106.15079365079366,60.6060606060606,88.98370233702337,180.77601410934744,52.083333333333336,95.00178826895565,115.01695960530373,114.97641509433961,81.8452380952381,59.523809523809526,79.2572463768116,85.1959161147903,74.40476190476191,128.64354339684093
child_qualities_conformity_tradition|WVS_A,69.44444444444444,103.3585003905233,102.25885225885226,84.57604691914315,95.56159420289856,0.0,82.3887667061411,41.1522633744856,96.09731831954053,96.09731831954053,71.82711000025247,89.98988877654196,72.97678594331154,70.43587375997348,96.40088215901598,66.2251655629139,106.91717445271948,75.30833263732286,75.84072041649078,108.09451985922576,64.1025641025641,89.03133903133903,89.69595269487394,76.06837606837607,210.14492753623188,60.09615384615384,111.50547175391897,58.47953216374269,90.49681320477202,79.36507936507937,123.53920045853391,105.23504273504273,114.67748877820821,9999.0,90.42661767707696,142.63146016700517,98.2905982905983,80.67795507409033,163.18893735130848,139.94328451905488,42.73504273504273,79.13939667494171,52.35602094240838,80.37862987325525,161.1899427433408,43.47826086956522,77.82276203328834,85.28823422440443,106.3713426305715,70.2075702075702,45.24886877828054,70.65217391304348,76.59084365102217,47.39336492890995,98.91481801594162
child_qualities_prosocial_diligence|WVS_A,84.59266979329512,98.79074535753395,109.02876001885903,91.34595467914991,90.99383916990921,82.3887667061411,0.0,80.09985893630633,92.10199519827799,118.91050583657588,70.16050583657588,85.42213374355262,68.40903091032219,77.20578151998025,135.3484777208367,83.15829344719535,120.75574393181398,82.07824039732964,71.27296538350143,114.86442761923252,70.87247186257088,95.80124679134579,86.98742891349895,82.83828382838284,205.57717250324254,66.86606160616061,106.93771672092961,51.54639175257732,104.33538268386653,86.13498712508613,118.97144542554457,98.893888263967,104.7295558643405,9999.0,85.85886264408761,156.47002964609968,105.06050605060506,91.54208478394429,155.64914850759934,117.6470588235294,49.504950495049506,92.9779661540362,39.37007874015748,75.81087484026591,167.95985050334755,38.91050583657587,81.82896077219819,92.05814198441121,101.80358759758215,68.67241059848064,51.81347150259067,66.08441888005413,72.02308861803283,61.23193440800445,105.68472577594838
civic_dishonesty_tolerance|WVS_F,33.898305084745765,69.93006993006993,90.09009009009009,62.157967818345185,64.1025641025641,41.1522633744856,80.09985893630633,0.0,54.94505494505494,54.94505494505494,30.674846625766875,74.07407407407408,37.45318352059925,55.24861878453038,55.24861878453038,31.847133757961785,73.52941176470588,73.81257908382587,64.1025641025641,106.59876630572874,52.35602094240838,66.4869721473495,48.543689320388346,47.39336492890995,175.43859649122805,40.816326530612244,109.2165639840842,44.84195050232786,61.97137280416396,77.86932581158236,87.76468333812397,74.37337351047802,113.1817352247112,9999.0,60.6060606060606,114.10601976639711,84.86918996673559,39.52569169960474,143.9091100357669,107.65910459747039,41.239289181545736,50.61395627433363,63.31236897274633,62.11180124223603,144.98299319727892,41.18935309973046,37.45318352059925,83.79248067090744,104.08243486073674,40.48582995951417,43.559282552993245,34.129692832764505,40.816326530612244,18.867924528301888,93.00642744647342
confidence_in_civil_society_organizations|WVS_E,88.8433600298007,113.07172888266021,145.03514503514504,117.10302276340013,105.27482269503545,96.09731831954053,92.10199519827799,54.94505494505494,0.0,109.89010989010988,84.44148936170212,99.70311726867888,82.69001443544843,110.19367372958533,110.19367372958533,86.79218870301673,128.47446670976083,104.47354064375341,85.55394890862769,161.5438212507837,107.30107588746333,121.43202709240444,101.2684124386252,102.3384198739649,219.8581560283688,95.76138147566718,121.21870024605587,59.523809523809526,116.91642774921891,112.71529888551166,133.2524289506708,119.86111912302485,146.6494332869358,9999.0,100.13984616921385,169.05107471145206,139.81424491179052,94.47074664465968,198.85416498082182,149.6565130111918,96.18434412660068,105.55901121938858,90.90909090909092,90.09185836539217,178.57142857142858,53.191489361702125,92.39823846565419,138.73753561596237,116.08457112270841,82.95339412360688,64.1025641025641,80.36540240518039,86.30407214315908,73.81297947335683,147.95148239152837
confidence_in_domestic_institutions|WVS_E,84.74576271186442,124.87512487512487,145.03514503514504,117.10302276340013,119.04761904761904,96.09731831954053,118.91050583657588,54.94505494505494,109.89010989010988,0.0,85.61990157082181,126.51162790697674,92.39823846565419,110.19367372958533,110.19367372958533,86.79218870301673,128.47446670976083,125.1658824948727,112.36245954692556,157.9520697167756,107.30107588746333,121.43202709240444,103.48874426544329,102.3384198739649,230.383651436283,95.76138147566718,148.02721088435374,91.74311926605505,116.91642774921891,129.22262922262922,142.70973828317892,129.31842845553297,164.53503863575804,9999.0,115.55111555111554,169.05107471145206,139.81424491179052,94.47074664465968,198.85416498082182,162.60415954252534,92.59259259259258,105.55901121938858,118.25742391780128,116.90036900369003,199.92804814233386,80.0,92.39823846565419,135.14578408195428,142.89308176100627,95.43088490456911,84.03361344537815,89.07474777781945,95.76138147566718,73.81297947335683,147.95148239152837
confidence_in_international_organizations|WVS_E,64.57315171051263,91.13023952095809,120.76493671585696,92.83281444411205,83.33333333333334,71.82711000025247,70.16050583657588,30.674846625766875,84.44148936170212,85.61990157082181,0.0,77.76162790697674,60.748525073746315,85.92346541029725,85.92346541029725,62.52198038372866,104.20425839047276,82.53205128205128,55.865921787709496,94.33962264150944,81.03674540682414,97.16181877311638,71.42857142857143,78.06821155467682,197.91666666666666,71.49117315637912,99.27721088435375,37.03703703703704,92.64621942993082,90.77380952380952,91.19614441813121,77.80483459048524,107.02614379084969,9999.0,78.19835680751174,144.780866392164,115.54403659250247,70.20053832537161,157.9457364341085,105.26315789473685,66.2251655629139,81.2888029001005,41.666666666666664,61.7283950617284,156.0846560846561,31.25,68.12803014636611,108.7783570522756,94.14308176100629,61.01190476190476,36.36363636363637,41.1522633744856,44.24778761061947,49.54277115406876,121.68715191088918
crime_victimization|WVS_H,83.39689804220697,106.39186742793484,107.83298826777087,90.15018292806177,98.59496124031008,89.98988877654196,85.42213374355262,74.07407407407408,99.70311726867888,126.51162790697674,77.76162790697674,0.0,76.01015298072306,76.0100097688921,129.32269285860446,86.47711767525905,128.35686600221484,80.88246864624148,78.87408745390232,113.66865586814437,69.67670011148272,94.60547504025764,94.58855098389984,81.6425120772947,213.1782945736434,65.67028985507247,114.5388387913305,57.80346820809249,111.93650475426739,84.93921537399798,126.57256749594544,110.80917874396135,119.70730321113953,9999.0,93.45998471448848,157.00483091787441,103.86473429951691,99.14320685434518,168.7630733602271,142.9766515564664,48.309178743961354,100.57908822443707,54.34782608695652,83.41199691066679,166.76407875225942,46.51162790697675,83.39689804220697,90.86237023332305,109.40470966798304,75.78170621648883,61.34969325153375,73.685540950455,79.62421068843369,68.83305647840533,104.48895402486023
democratic_system_evaluation|WVS_E,66.9348530562074,89.37876459470439,91.3709432817713,73.6881379420622,81.58185840707965,72.97678594331154,68.40903091032219,37.45318352059925,82.69001443544843,92.39823846565419,60.748525073746315,76.01015298072306,0.0,59.547964782892535,92.70180230512963,69.30031727856104,110.98259528530514,64.42042366024191,61.86098462067188,97.2066108821448,53.21465512548315,78.14343005425808,77.57544815066939,65.18046709129513,196.16519174041298,49.2082448690729,97.52573595810006,36.496350364963504,94.92340192103697,68.47717038799841,109.559464662715,94.34713375796179,103.78957980112726,9999.0,76.44688188125805,140.54278593187485,87.40268931351734,76.97887522020399,152.30102837422754,125.96354872323599,31.847133757961785,83.56598539120664,40.65040650406504,66.39889407743635,150.30203376625985,29.498525073746315,66.9348530562074,74.40032524732348,92.3916068347526,53.763440860215056,35.714285714285715,56.67243811722457,62.611107855203265,51.81995364517489,88.02690903886067
democratic_values_importance|WVS_E,56.17977528089888,125.17868871460031,87.22464054874027,48.543689320388346,100.16459914087278,70.43587375997348,77.20578151998025,55.24861878453038,110.19367372958533,110.19367372958533,85.92346541029725,76.0100097688921,59.547964782892535,0.0,109.21985815602838,65.86876995622845,103.93120393120392,60.27412092721087,71.42857142857143,93.06030814911377,36.36363636363637,56.17977528089888,103.79230810491873,49.504950495049506,230.68721527575843,27.62430939226519,140.42083513395693,76.04622165220057,86.20689655172414,64.33086765496738,95.18477043673013,73.99973236986484,99.64327706809622,9999.0,76.96191476877311,136.39648319884378,71.67717282838854,80.33240997229917,130.71709289741983,121.95121951219511,27.700831024930746,42.5531914893617,67.62430939226519,88.49557522123894,131.79097605893185,72.39362424960316,62.78855032317635,70.25402251429244,135.28670601060946,55.17335849745822,73.07885484681066,89.37831161729488,96.06494531514262,50.072195678174594,66.66666666666667
economic_ideology|WVS_E,80.0,125.17868871460031,145.33870887462047,114.51355661881979,119.35118288709448,96.40088215901598,135.3484777208367,55.24861878453038,110.19367372958533,110.19367372958533,85.92346541029725,129.32269285860446,92.70180230512963,109.21985815602838,0.0,87.09575254249216,73.52941176470588,129.06119786835626,119.35118288709448,92.59259259259258,107.60463972693876,121.73559093187987,103.79230810491873,102.64198371344034,230.68721527575843,96.06494531514262,164.46518276861457,100.09056928685824,95.23809523809523,133.11794459611275,119.2982456140351,98.11320754716982,168.43035400924157,9999.0,115.85467939059097,169.3546385509275,112.32876712328768,94.77431048413513,199.15772882029728,162.90772338200077,96.48790796607611,66.66666666666667,118.5609877572767,117.3604200267664,158.2751744765703,96.43797188426083,92.70180230512963,139.0410994554378,159.3310536452671,95.73444874404456,98.80790133752362,89.37831161729488,96.06494531514262,74.11654331283226,147.11409395973155
electoral_integrity|WVS_E,42.5531914893617,101.77720368803172,97.69174845510723,80.00894311539813,95.94969786052589,66.2251655629139,83.15829344719535,31.847133757961785,86.79218870301673,86.79218870301673,62.52198038372866,86.47711767525905,69.30031727856104,65.86876995622845,87.09575254249216,0.0,105.37654552266767,70.74122883357784,76.61024715754503,103.52741605548073,59.535460298819075,84.464235227594,80.39082307835014,61.7283950617284,207.28573024918984,51.54639175257732,112.27499849497322,54.34782608695652,93.81850656212575,74.79797556133434,107.9239665636093,94.53265673596333,110.11038497446319,9999.0,87.42902267514008,145.9531535243589,93.72349448685327,71.37282545756653,154.63917525773195,131.000676132522,38.167938931297705,82.46109003229542,46.948356807511736,81.1481566143095,155.713058419244,44.24778761061947,57.80346820809249,80.7211304206594,107.14086937162575,65.64046640382517,37.59398496240602,57.4712643678161,60.975609756097555,50.71505828626367,83.33333333333333
existential_threat_worry|WVS_H,94.00656814449917,141.72547761619617,136.57684171801708,102.81385281385282,133.92857142857144,106.91717445271948,120.75574393181398,73.52941176470588,128.47446670976083,128.47446670976083,104.20425839047276,128.35686600221484,110.98259528530514,103.93120393120392,73.52941176470588,105.37654552266767,0.0,114.4684640793335,114.20769764216365,144.27457730079982,67.56756756756756,107.14285714285714,122.07310108509424,101.89669087974173,246.78815807848065,76.33587786259541,149.87244897959184,85.4978354978355,82.64462809917356,118.52521080708999,143.9014202172097,84.03361344537815,142.85714285714286,9999.0,124.45887445887445,154.76190476190476,120.38874129871876,84.03361344537815,173.95054629097183,172.52918866661707,81.89517417705338,91.26984126984127,103.96825396825398,118.74560709892813,84.74576271186442,81.8452380952381,96.83724235963042,124.44836566641507,144.73831985624437,93.1938431938432,84.21516754850089,107.65910459747039,114.34573829531813,59.523809523809526,108.2179740716326
familial_duty_obligations|WVS_D,67.66100920052574,111.16229080300937,92.09709942608966,74.41429408638055,103.36538461538461,75.30833263732286,82.07824039732964,73.81257908382587,104.47354064375341,125.1658824948727,82.53205128205128,80.88246864624148,64.42042366024191,60.27412092721087,129.06119786835626,70.74122883357784,114.4684640793335,0.0,83.64451082897685,58.13953488372093,53.9408112698015,69.44444444444444,99.35897435897436,65.90662323561347,217.94871794871796,49.93440101339124,119.30926216640503,66.66666666666667,97.37985147821213,69.20332653231677,83.33333333333333,54.6448087431694,104.51573594544561,9999.0,81.8343736461225,141.26894207619318,88.1288454578357,85.20486884964856,153.02718451854588,143.14038396440833,32.57328990228013,86.09134962367254,56.81818181818181,88.18242028574133,151.0281899105782,51.282051282051285,67.66100920052574,72.99270072992701,114.17513304305757,60.0458173748076,72.99270072992701,78.45596432552955,84.39463406350824,54.94465455552398,88.75306518317902
female_income_threat_to_marriage|WVS_D,89.16664673904378,92.24269906788365,136.5790622954075,72.46376811594203,84.44579288025889,75.84072041649078,71.27296538350143,64.1025641025641,85.55394890862769,112.36245954692556,55.865921787709496,78.87408745390232,61.86098462067188,71.42857142857143,119.35118288709448,76.61024715754503,114.20769764216365,83.64451082897685,0.0,111.26137201868698,81.74296009608969,84.91871324801107,80.43938262384864,97.05676947428634,194.9603562506788,81.96721311475409,99.02951079421669,33.67003367003367,93.75545089830804,91.8862690707351,64.51612903225806,51.02040816326531,107.73235848011522,9999.0,79.31081635443729,149.92198335644935,59.880239520958085,84.99403849429399,158.65195112337406,64.1025641025641,77.05525277159798,65.78947368421052,42.37288135593221,50.0,152.71765271765273,32.362459546925564,75.28091448254787,119.60844426095969,95.25554130793185,62.12436430883032,47.16981132075472,47.84688995215311,48.309178743961354,54.68388811835413,122.39336660015474
freedom_security_tradeoff_perception|WVS_H,100.44719642242862,169.3018256867303,124.88328664799255,104.68540829986613,137.82324524012506,108.09451985922576,114.86442761923252,106.59876630572874,161.5438212507837,157.9520697167756,94.33962264150944,113.66865586814437,97.2066108821448,93.06030814911377,92.59259259259258,103.52741605548073,144.27457730079982,58.13953488372093,111.26137201868698,0.0,86.72699849170438,94.13926894016745,147.05882352941177,98.69281045751634,274.995190332098,82.72058823529413,177.44879705012596,113.70486775145284,102.97600659046441,101.98951375421964,90.90909090909092,60.24096385542168,137.3019231673485,9999.0,114.6205608680254,174.05512929809606,120.91503267973857,117.99105607155144,185.81337174044876,148.73653907666062,65.35947712418302,91.68750473592482,114.95771670190274,112.87254280279011,183.81437713248107,109.42158616577221,100.44719642242862,84.74576271186442,172.3146679267785,92.83200459671049,112.42219980211821,105.69550930996715,93.79801083528746,87.73084177742686,121.5392524050819
gender_role_traditionalism|WVS_D,43.859649122807014,122.28609087247831,77.51937984496124,59.880239520958085,93.8312894834634,64.1025641025641,70.87247186257088,52.35602094240838,107.30107588746333,107.30107588746333,81.03674540682414,69.67670011148272,53.21465512548315,36.36363636363637,107.60463972693876,59.535460298819075,67.56756756756756,53.9408112698015,81.74296009608969,86.72699849170438,0.0,67.66381766381765,100.89971026279673,38.91050583657587,227.79461743363643,20.080321285140563,134.08752547654754,69.71291199479118,86.84233429662729,57.99755799755799,103.33473448227545,83.86752136752136,86.20689655172414,9999.0,70.62860511136374,130.06317354143442,56.17977528089888,73.99910031488979,106.38297872340425,143.53711140859735,21.367521367521366,68.15724436206364,39.37007874015748,100.34568849625504,97.08737864077669,66.06031459219379,54.6448087431694,57.14285714285714,128.95339635320008,48.84004884004884,51.02040816326531,74.09230096237971,78.58576501466729,43.738886020765214,40.65040650406504
immigrant_origin_status|WVS_G,81.38401559454189,129.82071571143427,105.82010582010582,64.51612903225806,118.76006441223832,89.03133903133903,95.80124679134579,66.4869721473495,121.43202709240444,121.43202709240444,97.16181877311638,94.60547504025764,78.14343005425808,56.17977528089888,121.73559093187987,84.464235227594,107.14285714285714,69.44444444444444,84.91871324801107,94.13926894016745,67.66381766381765,0.0,115.03066146773784,79.62962962962962,234.88339617371875,57.4712643678161,137.96768707482994,73.59307359307358,76.6333478197885,82.92633292633292,57.4712643678161,33.898305084745765,118.23874233946177,9999.0,95.55738004013867,142.85714285714283,71.42857142857143,98.92787524366472,160.56404787297075,122.39388030598471,46.29629629629629,55.24861878453038,92.06349206349205,86.52988403211418,161.63793103448276,69.94047619047619,81.38401559454189,88.849487785658,132.83355795148248,73.76882376882376,72.31040564373897,79.35285053929123,67.45535206461153,47.61904761904761,102.47607157719517
importance_of_life_domains|WVS_A,82.44199440513411,107.95716259788117,138.63377941047844,110.70165713873354,100.16025641025641,89.69595269487394,86.98742891349895,48.543689320388346,101.2684124386252,103.48874426544329,71.42857142857143,94.58855098389984,77.57544815066939,103.79230810491873,103.79230810491873,80.39082307835014,122.07310108509424,99.35897435897436,80.43938262384864,147.05882352941177,100.89971026279673,115.03066146773784,0.0,95.9370542492983,214.4818119423473,89.36001585100058,116.10413396127683,53.191489361702125,110.51506212455232,107.60073260073261,128.13786266589176,114.7465528382458,135.28954705425295,9999.0,95.02527988443481,162.64970908678546,133.41287928712393,88.06938101999309,186.20913969751177,144.54194672641273,89.78297850193408,99.15764559472198,69.93006993006993,84.97729208061313,172.23910840932118,48.07692307692308,85.99687284098759,132.33616999129578,110.97000483792937,77.83882783882784,59.1715976331361,75.25083612040135,81.18950585838003,67.41161384869024,141.55011676686178
institutional_threat_perception|WVS_H,64.3412777226084,117.32343485897988,91.68750473592482,75.17433751743374,105.79710144927537,76.06837606837607,82.83828382838284,47.39336492890995,102.3384198739649,102.3384198739649,78.06821155467682,81.6425120772947,65.18046709129513,49.504950495049506,102.64198371344034,61.7283950617284,101.89669087974173,65.90662323561347,97.05676947428634,98.69281045751634,38.91050583657587,79.62962962962962,95.9370542492983,0.0,222.83196142013801,31.446540880503143,132.72152081171453,68.34690732995819,85.47632963179427,69.96336996336996,115.30054644808743,95.83333333333334,105.2757793764988,9999.0,82.5944170771757,137.61097659402742,72.46376811594203,85.96491228070175,134.53932438565778,154.90333100395995,33.333333333333336,74.11891310196395,62.11180124223603,101.59467893105082,135.61320754716982,64.69430992736078,67.56756756756756,75.88652482269504,127.58739168836706,60.8058608058608,60.6060606060606,81.52305776167447,88.20969145952219,42.37288135593221,69.93006993006993
international_organization_knowledge|WVS_E,209.33690157597383,222.2659323367427,265.52868658131814,230.55439184471442,218.75,210.14492753623188,205.57717250324254,175.43859649122805,219.8581560283688,230.383651436283,197.91666666666666,213.1782945736434,196.16519174041298,230.68721527575843,230.68721527575843,207.28573024918984,246.78815807848065,217.94871794871796,194.9603562506788,274.995190332098,227.79461743363643,234.88339617371875,214.4818119423473,222.83196142013801,0.0,216.25492302184028,226.64979970482818,161.29032258064515,230.3677968305332,226.19047619047618,246.72760625563535,233.3362964279894,260.1246105919003,9999.0,213.6150234741784,282.50244379276637,254.8405957716369,213.3736559139785,319.3477065269949,259.06292035324293,209.635713207915,219.01038030070288,227.16519277794526,203.5670356703567,280.3379416282642,166.66666666666666,209.58512160228898,252.18890469727668,223.40212382288118,194.07720782654678,204.08163265306123,192.44297055572304,199.7792494481236,187.26434855467113,265.81548848881386
job_scarcity_gender_discrimination|WVS_C,32.89473684210526,110.74639646068218,60.24096385542168,47.39336492890995,89.82487922705315,60.09615384615384,66.86606160616061,40.816326530612244,95.76138147566718,95.76138147566718,71.49117315637912,65.67028985507247,49.2082448690729,27.62430939226519,96.06494531514262,51.54639175257732,76.33587786259541,49.93440101339124,81.96721311475409,82.72058823529413,20.080321285140563,57.4712643678161,89.36001585100058,31.446540880503143,216.25492302184028,0.0,124.1324232395661,59.75780975780975,76.88723205964585,53.99114774114774,95.23809523809523,79.52346395742623,81.30081300813008,9999.0,66.62219485495348,123.4567901234568,44.052863436123346,69.99269005847954,103.09278350515464,123.4567901234568,17.36111111111111,48.07692307692308,40.0,80.64516129032258,104.16666666666667,56.10521235521236,43.10344827586207,48.543689320388346,118.99829411621863,44.83363858363858,45.45454545454546,74.72222222222223,79.2156862745098,33.78378378378378,60.7307277892056
job_scarcity_nativist_preference|WVS_C,124.83139807647197,126.33508688028057,172.2438136328357,133.6386827458256,120.11054421768708,111.50547175391897,106.93771672092961,109.2165639840842,121.21870024605587,148.02721088435374,99.27721088435375,114.5388387913305,97.52573595810006,140.42083513395693,164.46518276861457,112.27499849497322,149.87244897959184,119.30926216640503,99.02951079421669,177.44879705012596,134.08752547654754,137.96768707482994,116.10413396127683,132.72152081171453,226.64979970482818,124.1324232395661,0.0,65.35947712418302,133.45208773164438,127.55102040816328,148.08815047332243,134.69684064567647,161.4851548095874,9999.0,114.97556769186548,185.58673469387753,158.9097503151748,117.44281045751634,227.22520674472074,163.1320748967808,112.72000410902616,122.09467120181407,129.92334615005424,104.9275798880438,184.40709617180207,68.02721088435375,110.94566581997606,155.27319559838787,127.47127836641904,97.78911564625851,115.03999748047367,95.20112392783201,101.1397936658107,90.34863945578232,168.89977938992504
life_autonomy_morality_permissiveness|WVS_F,60.45678459471563,60.975609756097555,107.86920015107935,69.26406926406926,61.7283950617284,58.47953216374269,51.54639175257732,44.84195050232786,59.523809523809526,91.74311926605505,37.03703703703704,57.80346820809249,36.496350364963504,76.04622165220057,100.09056928685824,54.34782608695652,85.4978354978355,66.66666666666667,33.67003367003367,113.70486775145284,69.71291199479118,73.59307359307358,53.191489361702125,68.34690732995819,161.29032258064515,59.75780975780975,65.35947712418302,0.0,69.07747424988804,81.30081300813008,92.19722558579227,76.60719342962335,120.2878366704353,9999.0,64.51612903225806,121.2121212121212,93.55027319099176,52.083333333333336,162.8505932629644,97.77259777259778,48.34539062726982,57.720057720057724,65.87487019730011,42.73504273504273,119.04761904761905,48.29545454545455,52.35602094240838,90.89858211663153,62.11180124223603,32.78688524590164,50.66538399871733,31.152647975077883,45.24886877828054,25.974025974025974,104.5251659081687
multilevel_place_attachment|WVS_G,77.58620689655172,125.30511636824872,124.99862245291544,80.0,117.50821018062399,90.49681320477202,104.33538268386653,61.97137280416396,116.91642774921891,116.91642774921891,92.64621942993082,111.93650475426739,94.92340192103697,86.20689655172414,95.23809523809523,93.81850656212575,82.64462809917356,97.37985147821213,93.75545089830804,102.97600659046441,86.84233429662729,76.6333478197885,110.51506212455232,85.47632963179427,230.3677968305332,76.88723205964585,133.45208773164438,69.07747424988804,0.0,102.10484955914254,79.36507936507937,42.73504273504273,137.41725897227138,9999.0,108.038513210927,138.3415435139573,79.36507936507937,85.47008547008546,174.31399010346377,131.23061795628166,65.47481292910592,56.81818181818181,87.54789272030652,95.36662168241116,112.35955056179776,65.42487684729065,80.41688111168297,108.02800441846762,128.31795860829692,76.77348194589574,67.79480630055343,88.18958818958819,76.29208971490851,43.10344827586207,121.65458821000479
neighborhood_disorder_and_crime|WVS_H,71.71775592828223,119.40404904476762,96.15384615384616,78.47104081413704,109.09380474597866,79.36507936507937,86.13498712508613,77.86932581158236,112.71529888551166,129.22262922262922,90.77380952380952,84.93921537399798,68.47717038799841,64.33086765496738,133.11794459611275,74.79797556133434,118.52521080708999,69.20332653231677,91.8862690707351,101.98951375421964,57.99755799755799,82.92633292633292,107.60073260073261,69.96336996336996,226.19047619047618,53.99114774114774,127.55102040816328,81.30081300813008,102.10484955914254,0.0,118.59724974479072,99.00990099009901,108.5724826732021,9999.0,85.891120373879,145.32568880394967,92.18559218559218,89.26161557740505,157.08393124630237,155.98883317329918,36.63003663003663,90.74743302931222,57.14285714285714,96.42417852749956,155.08493663833468,59.523809523809526,71.71775592828223,79.18322811939834,122.41689128481582,64.1025641025641,69.93006993006993,86.69772256728778,92.63639230526647,59.00140128328047,92.80981191093551
offline_political_participation|WVS_E,117.0549324129997,139.94117910992676,141.4910226385636,64.1025641025641,132.14427292230204,123.53920045853391,118.97144542554457,87.76468333812397,133.2524289506708,142.70973828317892,91.19614441813121,126.57256749594544,109.559464662715,95.18477043673013,119.2982456140351,107.9239665636093,143.9014202172097,83.33333333333333,64.51612903225806,90.90909090909092,103.33473448227545,57.4712643678161,128.13786266589176,115.30054644808743,246.72760625563535,95.23809523809523,148.08815047332243,92.19722558579227,79.36507936507937,118.59724974479072,0.0,80.5054037873775,147.3266902389371,9999.0,127.00929639648044,179.6157059314954,98.29367940398943,119.2982456140351,198.24628288219594,126.58227848101265,81.96721311475409,52.631578947368425,81.96721311475409,68.02721088435375,187.76671408250354,80.0609395889687,117.0549324129997,124.52040460411578,142.95402134997497,109.43974058728156,85.85886264408761,61.34969325153375,46.948356807511736,84.37761069340017,138.14698839565295
online_political_participation|WVS_E,97.58771929824562,126.54986928228081,121.53663097059322,44.44444444444444,118.75296309465607,105.23504273504273,98.893888263967,74.37337351047802,119.86111912302485,129.31842845553297,77.80483459048524,110.80917874396135,94.34713375796179,73.99973236986484,98.11320754716982,94.53265673596333,84.03361344537815,54.6448087431694,51.02040816326531,60.24096385542168,83.86752136752136,33.898305084745765,114.7465528382458,95.83333333333334,233.3362964279894,79.52346395742623,134.69684064567647,76.60719342962335,42.73504273504273,99.00990099009901,80.5054037873775,0.0,113.63636363636363,9999.0,111.76108374384236,158.43066786463012,77.10864133712414,98.11320754716982,131.57894736842104,88.49557522123894,62.5,31.446540880503143,59.523809523809526,52.631578947368425,155.0945932968405,66.66962976132272,97.58771929824562,105.0531914893617,129.562711522329,72.99270072992701,72.46755281644164,45.45454545454546,33.557046979865774,63.19257262653489,118.67977528089888
outgroup_trust|WVS_G,107.03016534141108,153.33818344619175,131.466255566975,113.78345022726589,125.96553773024362,114.67748877820821,104.7295558643405,113.1817352247112,146.6494332869358,164.53503863575804,107.02614379084969,119.70730321113953,103.78957980112726,99.64327706809622,168.43035400924157,110.11038497446319,142.85714285714286,104.51573594544561,107.73235848011522,137.3019231673485,86.20689655172414,118.23874233946177,135.28954705425295,105.2757793764988,260.1246105919003,81.30081300813008,161.4851548095874,120.2878366704353,137.41725897227138,108.5724826732021,147.3266902389371,113.63636363636363,0.0,9999.0,121.20352978700785,180.63809821707852,125.35367644425342,124.5740249905339,181.63854689162486,171.83492258267933,71.94244604316548,126.05984244244107,65.35947712418302,126.33508688028057,183.29427519250083,93.45794392523365,107.03016534141108,114.49563753252718,156.35102568623995,99.41497351569295,95.23809523809523,100.08169934640523,104.57516339869282,94.31381069640932,126.85730305578917
perceived_corruption|WVS_E,9999.0,9999.0,9999.0,9999.0,9999.0,9999.0,9999.0,9999.0,9999.0,9999.0,9999.0,9999.0,9999.0,9999.0,9999.0,9999.0,9999.0,9999.0,9999.0,9999.0,9999.0,9999.0,9999.0,9999.0,9999.0,9999.0,9999.0,9999.0,9999.0,9999.0,9999.0,9999.0,9999.0,0.0,9999.0,9999.0,9999.0,9999.0,9999.0,9999.0,9999.0,9999.0,9999.0,9999.0,9999.0,9999.0,9999.0,9999.0,9999.0,9999.0,9999.0,9999.0,9999.0,9999.0,9999.0
perceived_negative_effects_of_immigration|WVS_G,84.34880304208798,106.82859632846981,108.7848932676519,91.10208792794279,99.03169014084507,90.42661767707696,85.85886264408761,60.6060606060606,100.13984616921385,115.55111555111554,78.19835680751174,93.45998471448848,76.44688188125805,76.96191476877311,115.85467939059097,87.42902267514008,124.45887445887445,81.8343736461225,79.31081635443729,114.6205608680254,70.62860511136374,95.55738004013867,95.02527988443481,82.5944170771757,213.6150234741784,66.62219485495348,114.97556769186548,64.51612903225806,108.038513210927,85.891120373879,127.00929639648044,111.76108374384236,121.20352978700785,9999.0,0.0,157.95673591775542,104.81663929939793,99.57993575488015,169.71497836010812,143.4133804570014,49.26108374384237,96.68109668109668,60.975609756097555,83.84872581120177,167.71598375214043,46.948356807511736,84.34880304208798,91.81427523320407,109.84143856851802,76.7102615694165,55.55555555555556,74.12226985099,80.0609395889687,64.93506493506493,105.44085902474126
perceived_positive_effects_of_immigration|WVS_G,129.7208538587849,177.43976333048187,168.21946169772258,138.52813852813853,169.64285714285714,142.63146016700517,156.47002964609968,114.10601976639711,169.05107471145206,169.05107471145206,144.780866392164,157.00483091787441,140.54278593187485,136.39648319884378,169.3546385509275,145.9531535243589,154.76190476190476,141.26894207619318,149.92198335644935,174.05512929809606,130.06317354143442,142.85714285714283,162.64970908678546,137.61097659402742,282.50244379276637,123.4567901234568,185.58673469387753,121.2121212121212,138.3415435139573,145.32568880394967,179.6157059314954,158.43066786463012,180.63809821707852,9999.0,157.95673591775542,0.0,164.2512077294686,153.63171146600186,226.54957362861143,214.02454745901346,108.69565217391305,126.98412698412697,139.68253968253967,154.45989281321386,227.1505521822111,117.5595238095238,132.55152807391613,151.24884366327476,180.45260557053007,128.9081289081289,119.92945326278658,144.73343685300205,150.67210659098075,95.23809523809523,164.87542745481193
political_information_sources|WVS_E,76.9476002782286,152.12293858884175,104.29382729154503,54.054054054054056,128.0193236714976,98.2905982905983,105.06050605060506,84.86918996673559,139.81424491179052,139.81424491179052,115.54403659250247,103.86473429951691,87.40268931351734,71.67717282838854,112.32876712328768,93.72349448685327,120.38874129871876,88.1288454578357,59.880239520958085,120.91503267973857,56.17977528089888,71.42857142857143,133.41287928712393,72.46376811594203,254.8405957716369,44.052863436123346,158.9097503151748,93.55027319099176,79.36507936507937,92.18559218559218,98.29367940398943,77.10864133712414,125.35367644425342,9999.0,104.81663929939793,164.2512077294686,0.0,108.18713450292398,147.145646941278,87.71929824561403,55.55555555555556,45.662100456621005,84.05286343612335,78.125,148.21953010279003,92.24269906788365,87.15631171198541,92.5965527565117,155.13578082888995,83.02808302808303,89.50740889066881,107.7271294731112,74.6268656716418,77.40813220265275,96.83018178496391
postmaterialist_values|WVS_E,67.11409395973155,109.45576162967467,112.15538847117796,94.47258313146884,103.62825580216884,80.67795507409033,91.54208478394429,39.52569169960474,94.47074664465968,94.47074664465968,70.20053832537161,99.14320685434518,76.97887522020399,80.33240997229917,94.77431048413513,71.37282545756653,84.03361344537815,85.20486884964856,84.99403849429399,117.99105607155144,73.99910031488979,98.92787524366472,88.06938101999309,85.96491228070175,213.3736559139785,69.99269005847954,117.44281045751634,52.083333333333336,85.47008547008546,89.26161557740505,119.2982456140351,98.11320754716982,124.5740249905339,9999.0,99.57993575488015,153.63171146600186,108.18713450292398,0.0,173.0854735636342,147.18479629707514,52.631578947368425,66.66666666666667,102.83806067235108,89.53194795105847,168.77937615724255,52.631578947368425,76.97887522020399,95.18477043673013,114.19513457556937,71.94244604316548,57.4712643678161,73.65538453236925,80.34201823021698,58.393616227906634,108.8113542282673
