construct,acceptance_of_state_surveillance|WVS_H,authoritarian_governance_tolerance|WVS_E,autocracy_support|WVS_E,basic_needs_deprivation|WVS_H,child_qualities_autonomy_self_expression|WVS_A,child_qualities_conformity_tradition|WVS_A,child_qualities_prosocial_diligence|WVS_A,civic_dishonesty_tolerance|WVS_F,confidence_in_civil_society_organizations|WVS_E,confidence_in_domestic_institutions|WVS_E,confidence_in_international_organizations|WVS_E,crime_victimization|WVS_H,democratic_system_evaluation|WVS_E,democratic_values_importance|WVS_E,economic_ideology|WVS_E,electoral_integrity|WVS_E,existential_threat_worry|WVS_H,familial_duty_obligations|WVS_D,female_income_threat_to_marriage|WVS_D,freedom_security_tradeoff_perception|WVS_H,gender_role_traditionalism|WVS_D,immigrant_origin_status|WVS_G,importance_of_life_domains|WVS_A,institutional_threat_perception|WVS_H,international_organization_knowledge|WVS_E,job_scarcity_gender_discrimination|WVS_C,job_scarcity_nativist_preference|WVS_C,life_autonomy_morality_permissiveness|WVS_F,multilevel_place_attachment|WVS_G,neighborhood_disorder_and_crime|WVS_H,offline_political_participation|WVS_E,online_political_participation|WVS_E,outgroup_trust|WVS_G,perceived_corruption|WVS_E,perceived_negative_effects_of_immigration|WVS_G,perceived_positive_effects_of_immigration|WVS_G,political_information_sources|WVS_E,postmaterialist_values|WVS_E,precautionary_security_behaviors|WVS_H,religion_versus_secularism_orientation|WVS_F,religious_belief|WVS_F,religious_exclusivism|WVS_F,religious_practice_and_self_identification|WVS_F,science_skepticism|WVS_I,science_technology_optimism|WVS_E,sexual_and_reproductive_morality_permissiveness|WVS_F,social_intolerance_outgroups|WVS_A,societal_change_attitudes|WVS_E,socioeconomic_insecurity_worry|WVS_H,subjective_wellbeing|WVS_A,violence_tolerance|WVS_F,voluntary_association_active_membership|WVS_A,voluntary_association_belonging|WVS_A,voting_participation|WVS_E,work_ethic|WVS_C
acceptance_of_state_surveillance|WVS_H,0.0,116.35700614634821,57.444388270980795,0.0,3.8077447840935505,70.0745338769696,56.116620386345836,0.6518372838549986,174.22279176936297,8.39679785638144,64.87738423768359,9977.581764939405,22.01925649997768,36.90461338795436,135.1850751000674,0.0,9967.297101449276,10.850970648829712,2.116471413412633,9964.807043245843,1.6624102916427006,0.0,233.00132815969613,9977.519074674452,26.28247832106389,0.0,353.12343828085955,8.147668146905787,21.779726383306944,9974.18151855506,7.10275749095625,0.0,279.54227236732123,0.0,611.2938627532022,674.1507424694086,15.598714412873981,0.21446824809938647,9959.671624971828,106.96174181680911,26.54880931676228,18.952879046903142,47.48539133876845,105.48900075122472,16.612974668291073,0.0,0.0,0.0,9965.571773636992,10.796069603598053,17.6535781640387,23.867245791928212,30.162601107893977,0.5320193818753296,9.388363947569545
authoritarian_governance_tolerance|WVS_E,116.35700614634821,0.0,9877.23283254442,0.0,425.1518758535286,91.58967450923757,54.88788883350783,328.41968049864386,9892.680962242774,9923.408757132882,9851.16618489031,173.48069165714622,9916.729398701167,9908.387682789773,9888.608280538512,9931.710737735002,0.0,420.3651131928648,515.3341566803604,8.231588186290864,11.303848958229281,91.48242420654887,79.38982408212586,314.13477185889656,9898.255037248138,39.101439930864416,868.5277671063303,187.03900691291798,916.3566898569218,120.6938683996107,9923.881168319578,9930.805366570308,0.0,0.0,0.0,144.03475183830454,9922.531898004965,9928.845476638086,0.0,331.4057661707071,144.35984321225263,34.69755548098904,392.3305977027598,0.23825346052166196,9917.331251055375,43.634497766976494,211.74349779243062,9927.985751329254,0.0,417.7159516352954,8.871443129863835,11.86344505485944,54.59533468788041,9938.140916708317,635.0300927542174
autocracy_support|WVS_E,57.444388270980795,9877.23283254442,0.0,0.0,169.65806139696463,582.7894585916501,352.8792365577582,265.51845863467247,9859.40937000843,9890.13716489854,9817.894592655968,47.821811913565796,9883.457806466826,9875.116090555432,9855.33668830417,9898.43914550066,0.0,887.0935209585231,164.09754059864176,148.14288758144266,13.54362036025114,10.747656849457513,368.352388668407,218.82844017046045,9864.983445013795,20.068101137433885,834.0274611136444,799.7004290326431,883.0850976225801,891.3438447927199,9890.609576085237,9897.533774335965,34.58635715234067,0.0,76.31227201428999,539.3345881753914,9889.260305770624,9895.573884403744,10.67065549299545,843.5887193909109,111.08825097791089,385.14689347920546,471.1038233955889,99.89976585739771,9884.059658821034,486.23864908848407,56.94412778031109,9894.714159094912,0.0,170.15864511523938,219.6474699431411,170.84819460956976,437.9904091202053,9904.869324473975,210.0534313954517
basic_needs_deprivation|WVS_H,0.0,0.0,0.0,0.0,0.0,0.0,0.0,0.0,0.0,0.0,0.0,0.0,0.0,0.0,0.0,0.0,0.0,0.0,0.0,0.0,0.0,0.0,0.0,0.0,0.0,0.0,0.0,0.0,0.0,0.0,0.0,0.0,0.0,0.0,0.0,0.0,0.0,0.0,0.0,0.0,0.0,0.0,0.0,0.0,0.0,0.0,0.0,0.0,0.0,0.0,0.0,0.0,0.0,0.0,0.0
child_qualities_autonomy_self_expression|WVS_A,3.8077447840935505,425.1518758535286,169.65806139696463,0.0,0.0,9956.547609721523,9962.768115942028,0.0,41.799261353826225,1.1698126957278845,119.4368243708742,0.0,16.814614402174712,14.21207286756706,55.37974683544304,0.0,11.24066764824849,4.26146541613398,0.0,23.734664544941218,0.0,0.0,9930.08046461031,0.0,34.06039092511216,0.0,44.6423675345126,4.257320384726555,9.768834518634634,3.6133624075618727,0.0,0.0,168.3753877101811,0.0,208.89453030429445,103.95139303547367,0.2929535678109296,1.3790642327739668,85.5758329083083,132.63258480649785,71.17220610473984,18.833616037649566,22.51079886937123,68.0538827236617,8.371228758395407,0.0,9980.43890433105,0.0,23.54025743957324,9969.064504900414,13.663058444629101,9971.893351939512,9966.169476486246,54.0665314190595,4.555471063032908
child_qualities_conformity_tradition|WVS_A,70.0745338769696,91.58967450923757,582.7894585916501,0.0,9956.547609721523,0.0,9945.160446160446,12.951792924232066,94.59440952107042,128.8777499303815,172.78662776862058,15.559470467616691,42.47783881123777,936.4339742754939,67.4323720098368,32.29411750672427,202.4333805611534,153.86691038864953,73.74440066747758,92.16595580231944,212.62506819590726,13.158674023019763,9912.472794828727,40.76100185410051,308.91143148627714,346.93424517449006,51.01072172895377,65.13382241451902,239.45707515687232,44.15337372447982,76.62935843454528,0.0,916.9048251072431,0.0,38.01907567597944,269.1841247549638,167.26476751645762,18.5140661731849,0.0,71.27491502491503,15.545084510601754,5.126778433597941,33.141477733110236,33.34894850438893,281.38528138528136,0.0,9962.831234549467,0.0,37.917709813570966,9951.456835118832,11.349752794619718,9954.285682157928,9948.561806704663,282.92498572011243,138.2346813818895
child_qualities_prosocial_diligence|WVS_A,56.116620386345836,54.88788883350783,352.8792365577582,0.0,9962.768115942028,9945.160446160446,0.0,15.99878093362609,38.410057842153066,2.160837974111587,885.1181498240322,18.30404085924591,64.65425455925535,16.578394493339147,71.93136110029843,10.552939030992526,954.2081402122433,31.009402424758576,17.874935004197496,21.318792849893327,16.48937206021113,0.0,9918.693301049234,1.2446509243247732,268.21024864241036,0.0,46.242216960449014,16.712730515166243,17.13086018494289,17.25981541730895,0.0,0.0,25.325017125735528,0.0,156.571694228598,47.45516309489079,0.0,86.09631665442154,149.91122325016352,921.2454212454213,137.15020611572336,64.84441166024644,14.872308666246056,66.56281020662271,18.557992302612107,1.2286897878710192,9969.051740769974,6.83052626262149,178.01969272557506,9957.677341339338,38.14307063271368,9960.506188378435,9954.78231292517,6.658369869687007,36.78938226217178
civic_dishonesty_tolerance|WVS_F,0.6518372838549986,328.41968049864386,265.51845863467247,0.0,0.0,12.951792924232066,15.99878093362609,0.0,9.523899153997412,0.0,27.264544180358484,0.0,46.88683865535425,11.31531037250543,9.361285875934229,0.0,11.883154383773146,2.3835541486683773,0.0,11.140895216402598,1.5773772386278537,0.0,36.474340659854846,0.0,48.139917437491505,0.0,399.01960784313724,9977.429615061632,10.709624982061214,0.3985989531331917,0.0,0.0,283.92357793446723,0.0,31.42122361502645,363.92881250456946,0.0,0.0,45.13500969230349,9936.016359845942,9959.613452408552,9977.574533934236,9966.20301334738,14.835166844579497,2.2476216024603097,9985.511823510344,0.0,0.0,3.4096727645114697,2.6172940243654743,9978.287143561593,4.086778453486495,7.785135583661678,42.86674347158218,3.5309695077596217
confidence_in_civil_society_organizations|WVS_E,174.22279176936297,9892.680962242774,9859.40937000843,0.0,41.799261353826225,94.59440952107042,38.410057842153066,9.523899153997412,0.0,9946.59120022278,9869.574606412292,26.639330478638897,9931.374217712992,9929.147950521465,9919.739348370927,9952.453463560423,28.83784076248311,47.18378022773031,32.23893813746718,17.60396631112664,249.3332584865766,8.95474479243061,112.5998134872064,3.62596139014142,9915.233242099177,33.6211351524696,414.9478173044551,22.164781507890986,87.43372507971324,17.97992579741473,9949.299477507328,9955.95642375694,0.0,0.0,28.75178320920324,116.81602501844304,9947.650856853275,9949.166112956811,18.224071779394222,246.83895501878166,925.6084613744949,21.08892274514089,236.36585672564308,21.227999754381884,9941.203994835574,0.0,7.930273444806048,9953.636007267587,85.31024919502508,194.09099672257565,5.631845779069472,4.365443244021151,17.382866889445836,9929.00302521571,90.66784608580274
confidence_in_domestic_institutions|WVS_E,8.39679785638144,9923.408757132882,9890.13716489854,0.0,1.1698126957278845,128.8777499303815,2.160837974111587,0.0,9946.59120022278,0.0,9900.3024013024,0.0,9962.519621779617,9957.523899201866,9942.518518518518,9977.473731585766,62.114488668734914,4.22355182717877,0.0,5.782211549378928,2.9590336830469717,0.0,93.71231696813092,0.0,9946.378646165802,0.0,48.210959455337246,1.9190626922138954,6.891618933606814,0.0,9973.017384731671,9979.9415829824,29.41375209616001,0.0,64.1005787982989,53.72012590311141,9971.668114417056,9974.698289651778,438.60343029736435,130.0781606904056,206.00387701021057,10.107893615000641,17.391010672017302,33.030974525695385,9966.467467467468,0.0,0.0,9977.121967741345,102.06635206635207,30.56443438609044,2.0552785895746197,0.0,1.7430312147733034,9959.73082010582,4.482671005162356
confidence_in_international_organizations|WVS_E,64.87738423768359,9851.16618489031,9817.894592655968,0.0,119.4368243708742,172.78662776862058,885.1181498240322,27.264544180358484,9869.574606412292,9900.3024013024,0.0,0.0,9884.727661230603,9885.281326959293,9865.50192470803,9905.231159343193,39.27111535807188,254.40161450524147,65.28282931287792,888.0378537150336,103.39405706889004,0.0,852.2018355985841,60.25918525918526,9868.586685616789,50.4666421621439,555.7591857911348,213.27475634559542,886.9055655575891,151.5090811965812,9900.774812489099,9907.699010739827,148.54584292636406,0.0,866.8580065557267,497.16213891108106,9899.425542174484,9902.455717409206,793.7119026487836,520.4206224614388,69.65874066507425,117.53435210528893,886.6889972129509,882.7922749885317,9894.224895224896,2.5082140162076882,23.082666907719258,9904.879395498772,16.63986420083981,58.544022034323106,199.5096760439721,895.2991452991453,892.600089968511,9887.488247863248,175.41580041580042
crime_victimization|WVS_H,9977.581764939405,173.48069165714622,47.821811913565796,0.0,0.0,15.559470467616691,18.30404085924591,0.0,26.639330478638897,0.0,0.0,0.0,15.464790535158041,8.137839146183978,25.290850583248258,0.0,9972.826040243375,0.0,0.0,9970.452407643976,0.0,0.0,54.66400857514583,9983.164439072585,16.256567703152747,0.0,246.9694346663589,0.0,6.102920171426192,9979.826882953193,0.0,0.0,243.4507072086808,0.0,106.5225604846693,234.01730496977692,0.089444328421731,0.0,9966.188311541675,24.887807969328804,1.4160087903896112,1.76815846638722,31.756315196751366,31.5663060416574,1.3725951512497439,0.0,0.0,0.0,9971.10071243109,0.0,2.1665661666381375,5.598290941235643,7.166394311265012,0.0,0.0
democratic_system_evaluation|WVS_E,22.01925649997768,9916.729398701167,9883.457806466826,0.0,16.814614402174712,42.47783881123777,64.65425455925535,46.88683865535425,9931.374217712992,9962.519621779617,9884.727661230603,15.464790535158041,0.0,9947.267415656945,9927.301536008732,9966.92448200715,0.0,46.717001280202396,16.802288559408375,719.036664720713,0.0,1.2277767307182827,131.36118172132035,11.794472683774899,9939.095348237388,0.0,27.115538761021398,45.972032745574275,22.349293113254674,52.18317605910904,9963.24853640549,9969.467052514738,295.8115910741392,0.0,44.90511809807862,193.49565150411033,9962.035205666174,9961.709841432536,0.0,272.6648547125394,339.11909013229206,135.6516002294054,9.829238780919965,89.48785299532591,9956.109758564256,38.46135336032951,0.0,9965.084467581439,50.36637784951743,952.9539176635989,484.108570759017,77.93501174245156,53.88566268982726,9944.365890630725,27.298555538723377
democratic_values_importance|WVS_E,36.90461338795436,9908.387682789773,9875.116090555432,0.0,14.21207286756706,936.4339742754939,16.578394493339147,11.31531037250543,9929.147950521465,9957.523899201866,9885.281326959293,8.137839146183978,9947.267415656945,0.0,9925.075268817205,9962.453608893456,231.4132481781708,21.146921928514985,8.607369560606713,23.92784728073063,11.830695059104023,0.0,409.9668291642811,0.0,9931.12644004313,0.0,64.66623178951946,11.47219007393641,24.749234996461553,10.813912429378533,9958.269406392694,9965.464004305524,37.7008680093241,0.0,194.89327039169387,58.07576291769499,9958.015783204288,9959.67721530867,98.67589949936837,625.8046636461834,389.6614964685334,62.96723333887353,26.748131484254316,96.80726855422868,9951.446393124359,0.0,0.0,9962.100893398238,721.140911818878,222.1013639745492,20.45639974278638,3.802694480660591,11.933389110211053,9944.709745762711,31.782597460563565
economic_ideology|WVS_E,135.1850751000674,9888.608280538512,9855.33668830417,0.0,55.37974683544304,67.4323720098368,71.93136110029843,9.361285875934229,9919.739348370927,9942.518518518518,9865.50192470803,25.290850583248258,9927.301536008732,9925.075268817205,0.0,9948.380781856162,95.1463907297767,75.15345015345015,43.01928957892262,39.1046882670594,608.8969404186795,7.52756573367261,132.75193798449612,18.075540075185017,9911.160560394917,69.23099313074863,884.5593461265103,39.35194232331538,185.92514593955516,32.08692976052448,9945.226795803066,9951.88374205268,63.2341901866082,0.0,48.02903923844198,430.20366077449984,9943.578175149014,9945.09343125255,12.664953806088604,220.51933226891475,306.15116428561885,18.237018676233973,929.2628719910794,36.18662454931241,9937.131313131313,0.0,23.68978090911901,9949.563325563326,703.409513192122,103.9527412478232,12.151916866440551,28.54737290557776,63.390313390313395,9924.93034351145,114.97493734335838
electoral_integrity|WVS_E,0.0,9931.710737735002,9898.43914550066,0.0,0.0,32.29411750672427,10.552939030992526,0.0,9952.453463560423,9977.473731585766,9905.231159343193,0.0,9966.92448200715,9962.453608893456,9948.380781856162,0.0,0.0,0.0,0.0,8.408559633940115,0.0,0.0,94.19823621975323,0.0,9950.783506393336,0.0,112.8634477837813,0.0,2.105686664170431,0.0,9977.946142772462,9984.87034102319,654.2886017811561,0.0,161.4206411869162,128.45746694906057,9976.596872457847,9979.62704769257,166.81781433442302,35.09195274480227,1.2513506033622264,0.9734886564586596,20.96915132283257,42.01901930870054,9971.396225508259,0.0,0.0,9982.277440752821,0.0,0.0,0.0,0.0,5.485705966160218,9964.659578146611,0.0
existential_threat_worry|WVS_H,9967.297101449276,0.0,0.0,0.0,11.24066764824849,202.4333805611534,954.2081402122433,11.883154383773146,28.83784076248311,62.114488668734914,39.27111535807188,9972.826040243375,0.0,231.4132481781708,95.1463907297767,0.0,0.0,43.35305828379923,8.521371362923794,9954.391997156134,0.0,0.0,111.86367134737642,9972.76717485413,0.0,0.0,346.3294496542578,33.0639647217603,48.323775713155285,9967.863224637682,169.12895593019817,17.54693011453699,2.898747749990086,0.0,11.06721318306694,287.18363835002293,92.77968561558431,0.0,9957.319905467826,921.108099235872,22.83019179848189,962.6662733241667,38.51290912290307,38.64199365087063,49.53556040512562,14.738421090308016,0.0,26.42502830157475,9962.186684116916,22.204703101336577,286.4141616160593,676.9390030259596,459.954233409611,0.0,13.535855399510943
familial_duty_obligations|WVS_D,10.850970648829712,420.3651131928648,887.0935209585231,0.0,4.26146541613398,153.86691038864953,31.009402424758576,2.3835541486683773,47.18378022773031,4.22355182717877,254.40161450524147,0.0,46.717001280202396,21.146921928514985,75.15345015345015,0.0,43.35305828379923,0.0,9973.035007479824,29.02525707809668,9970.592985371446,0.0,197.67003554770687,0.0,89.91555095018546,0.0,92.44950898647397,11.517404063801141,19.347204994710708,8.581481724686665,0.0,0.0,97.69715218130023,0.0,154.82189368138762,94.44707593636397,0.6757525283216452,8.150996076724532,252.00868242068373,192.10978021046668,127.98757452746246,23.420112471972086,32.42280713287844,59.00030567748521,14.970215280027794,0.0,0.0,0.0,58.12566822929516,38.32625161070667,16.677214643820697,11.406745433642648,18.43383209842837,956.6871761658031,14.823356597567006
female_income_threat_to_marriage|WVS_D,2.116471413412633,515.3341566803604,164.09754059864176,0.0,0.0,73.74440066747758,17.874935004197496,0.0,32.23893813746718,0.0,65.28282931287792,0.0,16.802288559408375,8.607369560606713,43.01928957892262,0.0,8.521371362923794,9973.035007479824,0.0,18.737993780192966,9977.326734741293,0.0,125.94858422759337,0.0,29.2649709908761,0.0,72.91531062414118,1.7951842083542857,8.371034941083252,1.9460735672773701,0.0,0.0,251.9702352210802,0.0,148.29706287704357,87.75397640512328,0.0,0.0,250.64848528116894,82.25183564550082,37.5302621590138,12.338374816483256,19.912256132012367,51.187853048979086,5.00077847221182,0.0,0.0,0.0,10.43764889166063,10.64774589821856,7.858932609855177,6.128625874869741,7.608691674625746,33.350995465721496,2.8033921044463845
freedom_security_tradeoff_perception|WVS_H,9964.807043245843,8.231588186290864,148.14288758144266,0.0,23.734664544941218,92.16595580231944,21.318792849893327,11.140895216402598,17.60396631112664,5.782211549378928,888.0378537150336,9970.452407643976,719.036664720713,23.92784728073063,39.1046882670594,8.408559633940115,9954.391997156134,29.02525707809668,18.737993780192966,0.0,51.053770260972954,3.4480589455981914,108.02685301914883,9970.389717379023,933.6649198761291,5.24478054420781,156.53344088803658,17.08909452789389,37.35292920245898,9967.052161259631,0.659753196550696,0.0,23.34158617724674,0.0,49.85738935290396,86.10059630467791,0.0,61.59251550163423,9947.699227817215,202.17156580792943,947.9908805927614,22.770143936628045,69.81485051991088,29.767985086506684,28.39853704215406,0.0,0.37402059818149525,0.0,9952.828638893574,106.75324435595232,13.612928553314035,7.207746652527192,17.75420912166519,0.0,41.158526682255925
gender_role_traditionalism|WVS_D,1.6624102916427006,11.303848958229281,13.54362036025114,0.0,0.0,212.62506819590726,16.48937206021113,1.5773772386278537,249.3332584865766,2.9590336830469717,103.39405706889004,0.0,0.0,11.830695059104023,608.8969404186795,0.0,0.0,9970.592985371446,9977.326734741293,51.053770260972954,0.0,0.0,314.3630512898226,0.0,1.0788028298358086,0.0,4.185508602318208,4.607509428402697,3.8577065951759977,3.776270099496916,2.0830664721851484,0.0,309.0614482841821,0.0,79.5389727667156,71.90053783728439,2.307979549936505,0.9380935664148993,0.0,931.2997868706259,187.45501896811945,79.24093968232475,3.6411382505378,960.3381060643856,4.894812279892598,0.0,0.0,3.9665926289737747,7.045686385918586,35.1689893767898,43.01501503072102,10.471059840215634,4.957445693693096,0.0,4.439783114616077
immigrant_origin_status|WVS_G,0.0,91.48242420654887,10.747656849457513,0.0,0.0,13.158674023019763,0.0,0.0,8.95474479243061,0.0,0.0,0.0,1.2277767307182827,0.0,7.52756573367261,0.0,0.0,0.0,0.0,3.4480589455981914,0.0,0.0,41.838587735336276,0.0,0.5113165414190348,0.0,43.22262674294771,0.0,9971.375651027674,0.0,0.0,0.0,9947.301642682163,0.0,9951.328092025813,9914.9655577145,0.0,0.0,128.8212377581188,23.969803976722012,0.4151187898734108,1.1903786184582827,3.3117306581141825,16.806049779005548,0.0,0.0,0.0,0.0,0.0,0.0,0.0,0.0,0.0,0.0,0.0
importance_of_life_domains|WVS_A,233.00132815969613,79.38982408212586,368.352388668407,0.0,9930.08046461031,9912.472794828727,9918.693301049234,36.474340659854846,112.5998134872064,93.71231696813092,852.2018355985841,54.66400857514583,131.36118172132035,409.9668291642811,132.75193798449612,94.19823621975323,111.86367134737642,197.67003554770687,125.94858422759337,108.02685301914883,314.3630512898226,41.838587735336276,0.0,74.44258815146154,397.8289017596796,462.16750492157666,458.9327168892341,122.27871743708538,918.8722829868359,77.1436793750655,66.74022895587575,0.0,203.01132196955393,0.0,86.84700585984181,858.1752370018901,68.95037735449516,90.91088561614087,0.0,221.89110324703543,175.312757213154,27.203322642773387,227.4312133558423,69.11124062261325,278.801302057116,0.0,9936.364089438253,4.512992557538908,917.9926207771244,9924.989690007618,29.838454619451767,9927.818537046716,9922.094661593452,33.58147391419804,271.409937292388
institutional_threat_perception|WVS_H,9977.519074674452,314.13477185889656,218.82844017046045,0.0,0.0,40.76100185410051,1.2446509243247732,0.0,3.62596139014142,0.0,60.25918525918526,9983.164439072585,11.794472683774899,0.0,18.075540075185017,0.0,9972.76717485413,0.0,0.0,9970.389717379023,0.0,0.0,74.44258815146154,0.0,16.026181374844228,0.0,23.301643003360013,0.0,0.3569523781691224,9979.76419268824,0.0,0.0,50.89870051303808,0.0,65.15239895534737,34.877876589550866,0.0,0.0,9966.769350075425,54.75287828229004,34.23232378607632,4.109286167920345,7.5732027871044,22.32391393341912,0.0,0.0,0.0,0.0,9971.041847041846,5.787739552677227,2.2076534027217747,0.0,0.0,63.880665902724715,0.0
international_organization_knowledge|WVS_E,26.28247832106389,9898.255037248138,9864.983445013795,0.0,34.06039092511216,308.91143148627714,268.21024864241036,48.139917437491505,9915.233242099177,9946.378646165802,9868.586685616789,16.256567703152747,9939.095348237388,9931.12644004313,9911.160560394917,9950.783506393336,0.0,89.91555095018546,29.2649709908761,933.6649198761291,1.0788028298358086,0.5113165414190348,397.8289017596796,16.026181374844228,0.0,0.0,201.19047619047618,80.22042955503031,78.25955393423808,81.89162129471521,9947.107560791675,9953.326076900923,187.078022867732,0.0,120.81840605015543,883.2370288314721,9945.89423005236,9945.568865818721,8.433125009105076,899.3810219558676,293.3484848888477,940.9391960441621,55.99921295536906,206.19711892740494,9939.968782950442,29.584802819159087,0.0,9948.943491967624,28.673445170837383,159.03516427200637,941.6518056715182,186.64885610540807,166.97819866246533,9928.015104420207,57.21249824260074
job_scarcity_gender_discrimination|WVS_C,0.0,39.101439930864416,20.068101137433885,0.0,0.0,346.93424517449006,0.0,0.0,33.6211351524696,0.0,50.4666421621439,0.0,0.0,0.0,69.23099313074863,0.0,0.0,0.0,0.0,5.24478054420781,0.0,0.0,462.16750492157666,0.0,0.0,0.0,9925.535236800362,0.0,0.0,0.0,0.0,0.0,160.08901622497564,0.0,950.507886405035,0.0,0.0,0.0,0.0,175.4990737393186,103.85807106383314,17.57204834241366,0.0,94.6472830429683,0.0,0.0,0.0,0.0,3.819354689168346,12.714543616784955,7.685823841523831,0.0,0.0,4.074955145456876,9975.187692883195
job_scarcity_nativist_preference|WVS_C,353.12343828085955,868.5277671063303,834.0274611136444,0.0,44.6423675345126,51.01072172895377,46.242216960449014,399.01960784313724,414.9478173044551,48.210959455337246,555.7591857911348,246.9694346663589,27.115538761021398,64.66623178951946,884.5593461265103,112.8634477837813,346.3294496542578,92.44950898647397,72.91531062414118,156.53344088803658,4.185508602318208,43.22262674294771,458.9327168892341,23.301643003360013,201.19047619047618,9925.535236800362,0.0,102.79524807826692,25.234387414587644,115.3865192640871,19.009900990099013,171.09703693722017,99.54369619701427,0.0,385.35359372872955,87.91154497676237,1.0471898197242808,586.1111111111111,0.0,326.79499751322953,36.69170595292002,163.80771705606958,0.0,810.3787712524436,79.38144329896906,342.89267945984363,0.0,923.7271853986551,103.18071850678501,136.95419033441885,914.5203266834257,35.96710022424564,24.43349347105324,164.05978504568128,9913.917127071823
life_autonomy_morality_permissiveness|WVS_F,8.147668146905787,187.03900691291798,799.7004290326431,0.0,4.257320384726555,65.13382241451902,16.712730515166243,9977.429615061632,22.164781507890986,1.9190626922138954,213.27475634559542,0.0,45.972032745574275,11.47219007393641,39.35194232331538,0.0,33.0639647217603,11.517404063801141,1.7951842083542857,17.08909452789389,4.607509428402697,0.0,122.27871743708538,0.0,80.22042955503031,0.0,102.79524807826692,0.0,11.423782203833355,3.192723036853085,0.0,0.0,92.74927928629864,0.0,79.7623312216707,104.36795062779315,0.0,7.743934597252263,394.90221105663386,9930.523145325582,9954.120237888192,9972.081319413875,9961.187606016058,39.30162199965562,9.312703866593786,9980.018608989982,0.0,0.0,44.52857197441104,25.773247237679453,9972.793929041232,8.684281462284915,9.350080295373168,869.2940842399232,10.364053027982585
multilevel_place_attachment|WVS_G,21.779726383306944,916.3566898569218,883.0850976225801,0.0,9.768834518634634,239.45707515687232,17.13086018494289,10.709624982061214,87.43372507971324,6.891618933606814,886.9055655575891,6.102920171426192,22.349293113254674,24.749234996461553,185.92514593955516,2.105686664170431,48.323775713155285,19.347204994710708,8.371034941083252,37.35292920245898,3.8577065951759977,9971.375651027674,918.8722829868359,0.3569523781691224,78.25955393423808,0.0,25.234387414587644,11.423782203833355,0.0,11.03113322001493,1.268734639287068,0.0,9929.760445417342,0.0,9932.528453943978,9899.555908772272,0.0,40.810822682598655,20.001828021385123,920.4244031830239,288.84908195253024,131.47410269504726,14.24148594824728,227.24050015456123,21.578802131749782,0.0,0.0,9.725258766876138,369.2010478530714,201.75876230133068,48.90208345039865,8.532060268190811,12.890273118248487,946.3339843610079,20.270714145840394
neighborhood_disorder_and_crime|WVS_H,9974.18151855506,120.6938683996107,891.3438447927199,0.0,3.6133624075618727,44.15337372447982,17.25981541730895,0.3985989531331917,17.97992579741473,0.0,151.5090811965812,9979.826882953193,52.18317605910904,10.813912429378533,32.08692976052448,0.0,9967.863224637682,8.581481724686665,1.9460735672773701,9967.052161259631,3.776270099496916,0.0,77.1436793750655,9979.76419268824,81.89162129471521,0.0,115.3865192640871,3.192723036853085,11.03113322001493,0.0,0.0,0.0,81.39680944604949,0.0,61.814842835956156,81.64217811247077,0.0,3.6058005708886647,9960.790794100667,68.90339847450457,50.823299827212885,8.996471097697672,34.28133296701039,30.833793417482795,8.826410736132964,0.0,0.0,0.0,9966.137896825398,14.303631709148096,7.28904705502007,4.7982612416140284,11.408603294980328,960.9375,7.380033123258372
offline_political_participation|WVS_E,7.10275749095625,9923.881168319578,9890.609576085237,0.0,0.0,76.62935843454528,0.0,0.0,9949.299477507328,9973.017384731671,9900.774812489099,0.0,9963.24853640549,9958.269406392694,9945.226795803066,9977.946142772462,169.12895593019817,0.0,0.0,0.659753196550696,2.0830664721851484,0.0,66.74022895587575,0.0,9947.107560791675,0.0,19.009900990099013,0.0,1.268734639287068,0.0,0.0,9981.44387118908,0.0,0.0,23.247495104152854,0.0,9973.138304285414,9975.170700838475,963.1418687327626,112.68400142920993,385.87851750228674,3.9001959072322236,10.664417842384296,11.69580779415962,9966.939878654164,0.0,0.0,9979.123454699726,312.2312143248104,37.14601172228291,0.0,0.0,0.0,9960.203231292517,6.067291781577495
online_political_participation|WVS_E,0.0,9930.805366570308,9897.533774335965,0.0,0.0,0.0,0.0,0.0,9955.95642375694,9979.9415829824,9907.699010739827,0.0,9969.467052514738,9965.464004305524,9951.88374205268,9984.87034102319,17.54693011453699,0.0,0.0,0.0,0.0,0.0,0.0,0.0,9953.326076900923,0.0,171.09703693722017,0.0,0.0,0.0,9981.44387118908,0.0,17.275339646694988,0.0,0.0,35.55995262101557,9979.795250535028,9982.094899089203,5.461467874499963,0.0,0.0,0.0,21.933439002135717,0.0,9973.864076904892,0.0,0.0,9985.780400949337,0.0,0.0,0.0,0.0,0.0,9967.127429543247,0.0
outgroup_trust|WVS_G,279.54227236732123,0.0,34.58635715234067,0.0,168.3753877101811,916.9048251072431,25.325017125735528,283.92357793446723,0.0,29.41375209616001,148.54584292636406,243.4507072086808,295.8115910741392,37.7008680093241,63.2341901866082,654.2886017811561,2.898747749990086,97.69715218130023,251.9702352210802,23.34158617724674,309.0614482841821,9947.301642682163,203.01132196955393,50.89870051303808,187.078022867732,160.08901622497564,99.54369619701427,92.74927928629864,9929.760445417342,81.39680944604949,0.0,17.275339646694988,0.0,0.0,9919.478353290207,9891.475945107524,0.0,37.22744556145505,107.58243868503912,888.2562106275659,20.91508219074312,114.9995699010457,87.69287926676208,36.624325172353224,98.48814880087332,51.7436403584295,110.1093810965,79.76973797215598,3.404465176598549,108.90726710968514,43.96751302968687,4.950266311295323,25.445010163203293,0.0,598.0764174569385
perceived_corruption|WVS_E,0.0,0.0,0.0,0.0,0.0,0.0,0.0,0.0,0.0,0.0,0.0,0.0,0.0,0.0,0.0,0.0,0.0,0.0,0.0,0.0,0.0,0.0,0.0,0.0,0.0,0.0,0.0,0.0,0.0,0.0,0.0,0.0,0.0,0.0,0.0,0.0,0.0,0.0,0.0,0.0,0.0,0.0,0.0,0.0,0.0,0.0,0.0,0.0,0.0,0.0,0.0,0.0,0.0,0.0,0.0
perceived_negative_effects_of_immigration|WVS_G,611.2938627532022,0.0,76.31227201428999,0.0,208.89453030429445,38.01907567597944,156.571694228598,31.42122361502645,28.75178320920324,64.1005787982989,866.8580065557267,106.5225604846693,44.90511809807862,194.89327039169387,48.02903923844198,161.4206411869162,11.06721318306694,154.82189368138762,148.29706287704357,49.85738935290396,79.5389727667156,9951.328092025813,86.84700585984181,65.15239895534737,120.81840605015543,950.507886405035,385.35359372872955,79.7623312216707,9932.528453943978,61.814842835956156,23.247495104152854,0.0,9919.478353290207,0.0,0.0,9870.76772892472,10.382817779497948,298.39675204796055,0.0,166.37183560768673,271.638619640351,19.39898063078101,146.97868866081092,22.342350154694344,218.73735843507853,1.2530938556339848,127.45885688662426,0.0,132.84962299046805,116.08445745598928,15.907259797762876,53.36481789396835,122.93601773577862,0.0,357.9051887093006
perceived_positive_effects_of_immigration|WVS_G,674.1507424694086,144.03475183830454,539.3345881753914,0.0,103.95139303547367,269.1841247549638,47.45516309489079,363.92881250456946,116.81602501844304,53.72012590311141,497.16213891108106,234.01730496977692,193.49565150411033,58.07576291769499,430.20366077449984,128.45746694906057,287.18363835002293,94.44707593636397,87.75397640512328,86.10059630467791,71.90053783728439,9914.9655577145,858.1752370018901,34.877876589550866,883.2370288314721,0.0,87.91154497676237,104.36795062779315,9899.555908772272,81.64217811247077,0.0,35.55995262101557,9891.475945107524,0.0,9870.76772892472,0.0,0.0,382.041998217095,102.35296942561983,858.6636781637656,74.56846303406763,900.2218522520601,35.47447556276995,322.48460605317734,96.32987053088951,67.82992340076248,17.493074558291937,203.3437952343449,54.85444660338878,183.71403928487837,235.07465150524638,16.8499238235552,37.15654424315842,0.0,221.6543109838983
political_information_sources|WVS_E,15.598714412873981,9922.531898004965,9889.260305770624,0.0,0.2929535678109296,167.26476751645762,0.0,0.0,9947.650856853275,9971.668114417056,9899.425542174484,0.089444328421731,9962.035205666174,9958.015783204288,9943.578175149014,9976.596872457847,92.77968561558431,0.6757525283216452,0.0,0.0,2.307979549936505,0.0,68.95037735449516,0.0,9945.89423005236,0.0,1.0471898197242808,0.0,0.0,0.0,9973.138304285414,9979.795250535028,0.0,0.0,10.382817779497948,0.0,0.0,9973.821430523862,346.54392260883134,219.9678426487955,92.30443100972465,8.560633052752152,3.522233348127692,5.832335055072214,9965.590608339551,0.0,0.0,9977.474834045674,48.02157091805407,126.6599822308213,0.0,0.0,0.0,9958.853960977904,8.373814492835407
postmaterialist_values|WVS_E,0.21446824809938647,9928.845476638086,9895.573884403744,0.0,1.3790642327739668,18.5140661731849,86.09631665442154,0.0,9949.166112956811,9974.698289651778,9902.455717409206,0.0,9961.709841432536,9959.67721530867,9945.09343125255,9979.62704769257,0.0,8.150996076724532,0.0,61.59251550163423,0.9380935664148993,0.0,90.91088561614087,0.0,9945.568865818721,0.0,586.1111111111111,7.743934597252263,40.810822682598655,3.6058005708886647,9975.170700838475,9982.094899089203,37.22744556145505,0.0,298.39675204796055,382.041998217095,9973.821430523862,0.0,264.63347679011036,44.4289139115907,0.0,0.7639188535614281,172.0045107482169,77.13412646238466,9968.620783574272,0.0,0.0,9979.27528384815,0.0,0.0,4.208594696379102,34.211162680780085,45.73613579820271,9961.884136212624,6.163603820163864
precautionary_security_behaviors|WVS_H,9959.671624971828,0.0,10.67065549299545,0.0,85.5758329083083,0.0,149.91122325016352,45.13500969230349,18.224071779394222,438.60343029736435,793.7119026487836,9966.188311541675,0.0,98.67589949936837,12.664953806088604,166.81781433442302,9957.319905467826,252.00868242068373,250.64848528116894,9947.699227817215,0.0,128.8212377581188,0.0,9966.769350075425,8.433125009105076,0.0,0.0,394.90221105663386,20.001828021385123,9960.790794100667,963.1418687327626,5.461467874499963,107.58243868503912,0.0,0.0,102.35296942561983,346.54392260883134,264.63347679011036,0.0,14.415329896954049,0.12422370179987041,0.0,0.0,0.0,117.29341347217418,6.45551996507583,42.15584376306827,0.6920856229956129,9949.249809186691,17.636723675081157,0.0,957.7807250221043,139.9249645160097,0.0,125.61298023951646
religion_versus_secularism_orientation|WVS_F,106.96174181680911,331.4057661707071,843.5887193909109,0.0,132.63258480649785,71.27491502491503,921.2454212454213,9936.016359845942,246.83895501878166,130.0781606904056,520.4206224614388,24.887807969328804,272.6648547125394,625.8046636461834,220.51933226891475,35.09195274480227,921.108099235872,192.10978021046668,82.25183564550082,202.17156580792943,931.2997868706259,23.969803976722012,221.89110324703543,54.75287828229004,899.3810219558676,175.4990737393186,326.79499751322953,9930.523145325582,920.4244031830239,68.90339847450457,112.68400142920993,0.0,888.2562106275659,0.0,166.37183560768673,858.6636781637656,219.9678426487955,44.4289139115907,14.415329896954049,0.0,9912.7069826725,9930.668064198184,9915.48333355203,111.45590161134204,354.7016306554905,9938.605353774292,48.80631952455157,2.7573318198861756,132.3106984201209,57.41194007393656,9931.38067382554,263.7039905762373,549.6467817896389,913.1823745981909,198.40474155194966
religious_belief|WVS_F,26.54880931676228,144.35984321225263,111.08825097791089,0.0,71.17220610473984,15.545084510601754,137.15020611572336,9959.613452408552,925.6084613744949,206.00387701021057,69.65874066507425,1.4160087903896112,339.11909013229206,389.6614964685334,306.15116428561885,1.2513506033622264,22.83019179848189,127.98757452746246,37.5302621590138,947.9908805927614,187.45501896811945,0.4151187898734108,175.312757213154,34.23232378607632,293.3484848888477,103.85807106383314,36.69170595292002,9954.120237888192,288.84908195253024,50.823299827212885,385.87851750228674,0.0,20.91508219074312,0.0,271.638619640351,74.56846303406763,92.30443100972465,0.0,0.12422370179987041,9912.7069826725,0.0,9954.265156760794,9939.08042611464,180.84053996149763,499.07167007800365,9962.202446336902,24.24169725877988,0.0,0.0,2.95237426900718,9954.97776638815,370.6344164721804,198.24387435224872,0.0,72.21349155513258
religious_exclusivism|WVS_F,18.952879046903142,34.69755548098904,385.14689347920546,0.0,18.833616037649566,5.126778433597941,64.84441166024644,9977.574533934236,21.08892274514089,10.107893615000641,117.53435210528893,1.76815846638722,135.6516002294054,62.96723333887353,18.237018676233973,0.9734886564586596,962.6662733241667,23.420112471972086,12.338374816483256,22.770143936628045,79.24093968232475,1.1903786184582827,27.203322642773387,4.109286167920345,940.9391960441621,17.57204834241366,163.80771705606958,9972.081319413875,131.47410269504726,8.996471097697672,3.9001959072322236,0.0,114.9995699010457,0.0,19.39898063078101,900.2218522520601,8.560633052752152,0.7639188535614281,0.0,9930.668064198184,9954.265156760794,0.0,9957.041507640324,15.351192135113685,29.504406932486603,9980.163527862585,4.924261473347496,0.0,31.525450272874572,8.315670566611079,9972.938847913836,26.87388627625345,53.92425412354753,99.66808491836956,29.2164548937835
religious_practice_and_self_identification|WVS_F,47.48539133876845,392.3305977027598,471.1038233955889,0.0,22.51079886937123,33.141477733110236,14.872308666246056,9966.20301334738,236.36585672564308,17.391010672017302,886.6889972129509,31.756315196751366,9.829238780919965,26.748131484254316,929.2628719910794,20.96915132283257,38.51290912290307,32.42280713287844,19.912256132012367,69.81485051991088,3.6411382505378,3.3117306581141825,227.4312133558423,7.5732027871044,55.99921295536906,0.0,0.0,9961.187606016058,14.24148594824728,34.28133296701039,10.664417842384296,21.933439002135717,87.69287926676208,0.0,146.97868866081092,35.47447556276995,3.522233348127692,172.0045107482169,0.0,9915.48333355203,9939.08042611464,9957.041507640324,0.0,612.1883194124565,30.534862662547283,9969.929538657747,2.221521135458069,83.32487333122799,387.10042153741864,210.32551005620326,9957.754117267681,20.454789283241162,14.279047353716898,946.1174160163696,40.01295350300882
science_skepticism|WVS_I,105.48900075122472,0.23825346052166196,99.89976585739771,0.0,68.0538827236617,33.34894850438893,66.56281020662271,14.835166844579497,21.227999754381884,33.030974525695385,882.7922749885317,31.5663060416574,89.48785299532591,96.80726855422868,36.18662454931241,42.01901930870054,38.64199365087063,59.00030567748521,51.187853048979086,29.767985086506684,960.3381060643856,16.806049779005548,69.11124062261325,22.32391393341912,206.19711892740494,94.6472830429683,810.3787712524436,39.30162199965562,227.24050015456123,30.833793417482795,11.69580779415962,0.0,36.624325172353224,0.0,22.342350154694344,322.48460605317734,5.832335055072214,77.13412646238466,0.0,111.45590161134204,180.84053996149763,15.351192135113685,612.1883194124565,0.0,72.07560880572387,0.0,20.586107775569715,0.0,218.85333043734227,66.4702392876762,11.418993019300352,25.634141999577444,61.21198270382865,0.0,102.10032670732308
science_technology_optimism|WVS_E,16.612974668291073,9917.331251055375,9884.059658821034,0.0,8.371228758395407,281.38528138528136,18.557992302612107,2.2476216024603097,9941.203994835574,9966.467467467468,9894.224895224896,1.3725951512497439,9956.109758564256,9951.446393124359,9937.131313131313,9971.396225508259,49.53556040512562,14.970215280027794,5.00077847221182,28.39853704215406,4.894812279892598,0.0,278.801302057116,0.0,9939.968782950442,0.0,79.38144329896906,9.312703866593786,21.578802131749782,8.826410736132964,9966.939878654164,9973.864076904892,98.48814880087332,0.0,218.73735843507853,96.32987053088951,9965.590608339551,9968.620783574272,117.29341347217418,354.7016306554905,499.07167007800365,29.504406932486603,30.534862662547283,72.07560880572387,0.0,0.0,0.0,9971.04446166384,105.78124708559491,64.57574498811613,20.4479073868277,6.765312927265825,14.944931414476073,9953.653314028314,16.99457816479093
sexual_and_reproductive_morality_permissiveness|WVS_F,0.0,43.634497766976494,486.23864908848407,0.0,0.0,0.0,1.2286897878710192,9985.511823510344,0.0,0.0,2.5082140162076882,0.0,38.46135336032951,0.0,0.0,0.0,14.738421090308016,0.0,0.0,0.0,0.0,0.0,0.0,0.0,29.584802819159087,0.0,342.89267945984363,9980.018608989982,0.0,0.0,0.0,0.0,51.7436403584295,0.0,1.2530938556339848,67.82992340076248,0.0,0.0,6.45551996507583,9938.605353774292,9962.202446336902,9980.163527862585,9969.929538657747,0.0,0.0,0.0,0.0,0.0,0.0,0.0,9980.876137489942,0.0,0.0,967.597010178117,0.0
