construct,acceptance_of_state_surveillance|WVS_H,authoritarian_governance_tolerance|WVS_E,autocracy_support|WVS_E,basic_needs_deprivation|WVS_H,child_qualities_autonomy_self_expression|WVS_A,child_qualities_conformity_tradition|WVS_A,child_qualities_prosocial_diligence|WVS_A,civic_dishonesty_tolerance|WVS_F,confidence_in_civil_society_organizations|WVS_E,confidence_in_domestic_institutions|WVS_E,confidence_in_international_organizations|WVS_E,crime_victimization|WVS_H,democratic_system_evaluation|WVS_E,democratic_values_importance|WVS_E,economic_ideology|WVS_E,electoral_integrity|WVS_E,existential_threat_worry|WVS_H,familial_duty_obligations|WVS_D,female_income_threat_to_marriage|WVS_D,freedom_security_tradeoff_perception|WVS_H,gender_role_traditionalism|WVS_D,immigrant_origin_status|WVS_G,importance_of_life_domains|WVS_A,institutional_threat_perception|WVS_H,international_organization_knowledge|WVS_E,job_scarcity_gender_discrimination|WVS_C,job_scarcity_nativist_preference|WVS_C,life_autonomy_morality_permissiveness|WVS_F,multilevel_place_attachment|WVS_G,neighborhood_disorder_and_crime|WVS_H,offline_political_participation|WVS_E,online_political_participation|WVS_E,outgroup_trust|WVS_G,perceived_corruption|WVS_E,perceived_negative_effects_of_immigration|WVS_G,perceived_positive_effects_of_immigration|WVS_G,political_information_sources|WVS_E,postmaterialist_values|WVS_E,precautionary_security_behaviors|WVS_H,religion_versus_secularism_orientation|WVS_F,religious_belief|WVS_F,religious_exclusivism|WVS_F,religious_practice_and_self_identification|WVS_F,science_skepticism|WVS_I,science_technology_optimism|WVS_E,sexual_and_reproductive_morality_permissiveness|WVS_F,social_intolerance_outgroups|WVS_A,societal_change_attitudes|WVS_E,socioeconomic_insecurity_worry|WVS_H,subjective_wellbeing|WVS_A,violence_tolerance|WVS_F,voluntary_association_active_membership|WVS_A,voluntary_association_belonging|WVS_A,voting_participation|WVS_E,work_ethic|WVS_C
acceptance_of_state_surveillance|WVS_H,0.0,75.95068616134411,109.22227839568586,9999.0,25.954159977811212,43.56182975939403,37.34132353888781,21.570384938367223,53.04993550336429,26.81446974925236,99.05704199182459,21.41823506059429,38.221707355444,41.8355440923606,57.122617207624934,19.157088122605362,31.70289855072464,29.634859310684458,23.39373266822002,34.19295675415739,24.72281398276363,13.58695652173913,70.02897487060694,21.480925325548426,54.362682969258685,16.339869281045754,81.65917041479261,27.063599458728014,37.04380302845776,24.81848144493963,26.342058562555458,13.531799729364007,65.28531383957534,9999.0,55.37280391346442,95.08002676136071,27.691328877169312,24.66115364244788,39.32837502817219,68.47685467441895,44.87976211180915,26.91868058612438,37.260371373095964,39.43853548065934,32.89197582675843,15.45595054095827,14.992503748125937,19.960079840319363,33.428226363008974,31.04493458050236,26.206070958768315,28.216087541405123,33.939962994670125,39.6286231884058,30.45227350262966
authoritarian_governance_tolerance|WVS_E,75.95068616134411,0.0,121.7671674555807,9999.0,74.84812414647139,97.0895707737813,90.03964739837623,71.58031950135613,106.31903775722728,75.59124286711821,147.83381510969045,70.42174736724398,82.27060129883239,90.61231721022645,110.39171946148792,67.28926226499735,44.24778761061947,79.6348868071352,72.90113743728675,88.85579045448583,66.82115104177072,62.363729639604976,124.69180857093538,70.48061275648809,100.7449627518624,62.9393763956662,131.47223289366968,76.1188878239241,83.64331014307821,75.38456297293831,75.11883168042131,68.19463342969244,81.96721311475409,9999.0,98.0392156862745,141.67953387598118,76.46810199503516,70.15452336191481,58.47953216374269,123.13968837474738,99.54259581213759,81.58151428645282,83.8598784877164,94.10136918098777,81.66874894462428,68.72505279482127,66.03427998534714,71.01424867074684,64.1025641025641,82.28404836470457,80.41427115585046,81.59449887037421,84.29355420100848,60.859083291682595,79.25562153149687
autocracy_support|WVS_E,109.22227839568586,121.7671674555807,0.0,9999.0,108.11971638081314,131.49625569406422,123.311239632718,104.85191173569788,139.59062999156905,108.86283510145996,181.1054073440322,103.69333960158573,115.54219353317416,123.8839094445682,143.6633116958297,100.56085449933911,77.51937984496124,112.90647904147696,106.1727296716285,122.1273826888276,100.09274327611249,95.63532187394674,157.96340080527713,103.75220499082985,134.01655498620417,96.21096863000797,165.97253888635558,109.39048005826585,116.91490237741998,108.65615520728007,108.39042391476306,101.4662256640342,126.70396542830449,9999.0,141.0790323335361,174.95112611032295,109.73969422937692,103.42611559625658,119.19947437713441,156.41128060908915,132.81418804647933,114.85310652079457,117.13147072205817,127.37296141532954,114.94034117896604,101.99664502916302,99.30587221968891,104.2858409050886,99.00990099009901,115.55564059904634,113.68586339019222,114.86609110471596,117.56514643535024,94.13067552602436,112.52721376583862
basic_needs_deprivation|WVS_H,9999.0,9999.0,9999.0,0.0,9999.0,9999.0,9999.0,9999.0,9999.0,9999.0,9999.0,9999.0,9999.0,9999.0,9999.0,9999.0,9999.0,9999.0,9999.0,9999.0,9999.0,9999.0,9999.0,9999.0,9999.0,9999.0,9999.0,9999.0,9999.0,9999.0,9999.0,9999.0,9999.0,9999.0,9999.0,9999.0,9999.0,9999.0,9999.0,9999.0,9999.0,9999.0,9999.0,9999.0,9999.0,9999.0,9999.0,9999.0,9999.0,9999.0,9999.0,9999.0,9999.0,9999.0,9999.0
child_qualities_autonomy_self_expression|WVS_A,25.954159977811212,74.84812414647139,108.11971638081314,9999.0,0.0,42.45239027847723,36.231884057971016,19.49317738791423,51.658682571407425,25.711907734379643,97.95447997695189,16.556291390728475,35.268718931158624,40.73298207748788,55.73136427566807,17.33102253032929,30.600336535851923,28.525419829767657,21.978021978021978,33.083517273240595,22.779043280182233,12.484394506866415,68.91953538969014,16.5016501650165,51.409694544973306,13.386880856760374,85.22776233561726,25.954159977811212,34.09081460417238,23.709041964022827,23.64066193853428,12.422360248447205,64.18275182470262,9999.0,54.26336443254762,92.12703833707533,26.5887668622966,23.55859162757516,36.37538660388681,67.36741519350215,43.77032263089235,25.80924110520758,34.307382948810584,38.32909599974254,31.78941381188572,14.064697609001406,18.561095668950582,18.315018315018314,32.32566434813626,29.93549509958556,25.096631477851517,27.106648060488325,32.83052351375333,38.52606117353308,29.342834021712857
child_qualities_conformity_tradition|WVS_A,43.56182975939403,97.0895707737813,131.49625569406422,9999.0,42.45239027847723,0.0,53.83955383955383,38.06861523903324,69.34001670843776,46.56084656084656,121.33101929020296,37.91646536126031,59.56297751529285,63.566025724506005,73.4126984126984,40.69858322320274,53.976875849102996,46.13308961135048,39.89196296888604,50.691187054823416,43.78518821434915,35.86093382011749,86.52720517127295,37.97915562621445,75.70395312910753,37.6811394408946,102.83543211720007,43.56182975939403,54.660571901951215,41.316711745605645,43.85256927629809,30.030030030030026,83.09517489275689,9999.0,71.87103421413045,115.4312598604208,45.50118993035087,43.9859338268151,38.61003861003861,84.97508497508497,61.377992412475166,43.416910886790404,58.60164153294481,55.93676578132536,51.94805194805195,31.746031746031747,36.1687654505334,33.78378378378378,55.540234111662684,47.54316488116838,42.70430125943434,44.71431784207115,50.43819329533615,61.90260048678416,46.950503803295675
child_qualities_prosocial_diligence|WVS_A,37.34132353888781,90.03964739837623,123.311239632718,9999.0,36.231884057971016,53.83955383955383,0.0,31.848109018527023,66.85310005258378,41.69881114869543,114.88185017596781,31.69595914075409,48.98210907710828,56.95101727136674,70.92578175684443,37.29395092116059,45.791859787756756,39.91258339084426,33.671456748379825,44.47068083431719,37.564681993842925,29.41176470588235,80.30669895076674,31.758649405708226,65.12308469092295,27.100271002710027,96.61492589669385,37.34132353888781,47.80420475012204,35.09620552509943,35.842293906810035,23.809523809523807,67.26757546685705,9999.0,65.65052799362422,99.60366043452098,29.673590504451038,40.4859618265911,50.08877674983647,78.75457875457874,55.15748619196895,37.19640466628418,48.02077309476023,49.71625956081914,48.108674364054565,29.259115090177758,29.948259230027183,37.029122860185524,49.2530345471522,41.32265866066216,36.483795038928115,38.49381162156492,44.217687074829925,55.45343137254902,40.72999758278946
civic_dishonesty_tolerance|WVS_F,21.570384938367223,71.58031950135613,104.85191173569788,9999.0,19.49317738791423,38.06861523903324,31.848109018527023,0.0,51.08216145206319,20.491803278688522,94.68667533183662,11.947431302270012,33.75832263496832,37.46517743237262,55.154843156323835,12.69035532994924,27.33253189073666,24.141644790323667,17.33102253032929,28.699742233796606,20.352447322775653,9.216589861751153,64.53576035024615,12.578616352201257,49.899298248783,11.876484560570072,77.17086834733894,21.570384938367223,32.58041830798208,19.325266924578838,18.587360594795538,8.038585209003216,60.90400827242933,9999.0,49.87958939310363,90.61664204088504,23.31002331002331,15.503875968992247,34.86499030769651,62.98364015405816,39.38654759144836,21.42546606576359,32.79698665262028,33.94532096029855,28.521609166770457,13.488176489657167,10.504201680672269,11.086474501108647,29.057859703020995,25.55172006014157,20.712856438407528,22.722873021044336,28.446748474309338,35.25825652841782,24.959058982268868
confidence_in_civil_society_organizations|WVS_E,53.04993550336429,106.31903775722728,139.59062999156905,9999.0,51.658682571407425,69.34001670843776,66.85310005258378,51.08216145206319,0.0,52.408799777220835,129.42539358770776,45.824437637303134,67.62578228700801,69.85204947853505,79.26065162907268,46.54653643957701,62.07125014660781,55.90900327742433,49.0618748706629,59.915413533834595,53.69704454372647,43.9553081176223,95.73351984612694,45.87898910490809,83.7667579008227,45.74394421260977,111.36797216922905,56.57537597242398,66.4124287664406,50.04728508693902,49.70052249267236,43.043576243059974,87.71929824561403,9999.0,84.88458042716039,121.27921307679506,51.34914314672514,49.83388704318937,68.73244995973621,97.98863118811491,74.39153862550512,56.430457099820345,66.66444630465998,67.26757546685705,57.79600516442622,37.59398496240602,44.70130550256238,45.36399273241379,61.748574334386696,55.90900327742433,55.71784747246428,55.87552061140053,60.742133110554164,69.99697478428897,56.39097744360903
confidence_in_domestic_institutions|WVS_E,26.81446974925236,75.59124286711821,108.86283510145996,9999.0,25.711907734379643,46.56084656084656,41.69881114869543,20.491803278688522,52.408799777220835,0.0,98.69759869759869,19.23076923076923,36.48037822038365,41.476100798134695,56.48148148148148,21.52626841423522,31.343455256498736,30.49867039504345,22.075055187637968,37.136243386243386,24.363370688537728,13.227513227513228,72.95434969853574,17.636684303350968,52.62135383419833,14.5985401459854,81.65917041479261,26.98267141183235,35.302473893397405,25.25252525252525,25.982615268329553,19.05841701760069,64.92587054534943,9999.0,60.8994212017011,93.33869762630036,27.33188558294341,24.301710348221974,37.587045893111835,74.00347196265562,50.406379400045836,32.44529787436106,35.51904223803561,44.48840531926585,32.53253253253253,14.814814814814813,14.992503748125937,21.878032258655097,33.06878306878307,33.12983312983313,31.278054743758716,29.32551319648094,35.157337788916735,39.2691798941799,30.11940511940512
confidence_in_international_organizations|WVS_E,99.05704199182459,147.83381510969045,181.1054073440322,9999.0,97.95447997695189,121.33101929020296,114.88185017596781,94.68667533183662,129.42539358770776,98.69759869759869,0.0,92.59259259259258,114.27233876939721,113.71867304070693,133.4980752919684,93.76884065680746,103.58602749907098,102.74124263761568,96.00749326776723,111.96214628496631,96.60594293110996,85.47008547008546,147.79816440141587,93.58696858696858,130.41331438321188,92.39050069499896,158.52652849457962,99.22524365440458,113.09443444241097,98.4909188034188,98.22518751090179,91.30098926017293,137.16844278792166,9999.0,133.14199344427334,169.50452775558557,99.57445782551565,96.54428259079421,115.3790064421254,146.24604420522786,122.64895164261807,104.6878701169333,113.31100278704918,117.20772501146826,104.77510477510477,91.83140862530175,91.85986182791294,94.12060450122733,105.3113553113553,105.39040419518507,103.52062698633095,104.70085470085469,107.39991003148897,111.51175213675214,102.36197736197735
crime_victimization|WVS_H,21.41823506059429,70.42174736724398,103.69333960158573,9999.0,16.556291390728475,37.91646536126031,31.69595914075409,11.947431302270012,45.824437637303134,19.23076923076923,92.59259259259258,0.0,31.705020785596677,36.306605298260465,49.89711934156378,11.049723756906078,26.17395975662451,23.923444976076556,14.55604075691412,28.547592356023674,16.207455429497568,8.058017727639001,64.38361047247322,15.835560927414704,47.845996399411355,9.823182711198427,75.61121049493143,19.49317738791423,30.527116458610436,19.173117046805906,20.28397565922921,7.886435331230284,59.57959582162226,9999.0,49.727439515330694,88.56334019151339,21.985610859216237,13.49527665317139,32.811688458324866,62.83149027628522,39.23439771367543,21.27331618799066,30.743684803248634,33.79317108252562,27.363037032658305,8.23045267489712,8.94454382826476,11.19820828667413,27.899287568908843,23.094688221709006,20.560706560634593,22.5707231432714,28.294598596536407,30.3030303030303,23.980815347721823
democratic_system_evaluation|WVS_E,38.221707355444,82.27060129883239,115.54219353317416,9999.0,35.268718931158624,59.56297751529285,48.98210907710828,33.75832263496832,67.62578228700801,36.48037822038365,114.27233876939721,31.705020785596677,0.0,51.73258434305497,71.69846399126865,32.07551799284881,38.02281368821293,41.00229696541163,33.959132760388584,50.19410451005621,30.674846625766875,28.802253299311744,86.03012262650576,31.123982251847416,59.90465176261118,21.88183807439825,94.83568075117371,38.77372996629014,42.585771821810255,37.102538226605255,35.751463594509204,29.532947485262824,74.55877929623111,9999.0,71.37395166936324,100.62199555471321,36.9647943338251,37.2901585674645,32.57328990228013,84.47800243031776,60.88090986770797,42.919828342023195,42.80234016644846,55.43968323655816,42.89024143574279,30.031797324601996,28.169014084507044,33.91553241856191,48.643523140581586,47.04608233640118,42.207218714667135,41.11260730516748,44.153552996447246,54.63410936927605,45.69414519120363
democratic_values_importance|WVS_E,41.8355440923606,90.61231721022645,123.8839094445682,9999.0,40.73298207748788,63.566025724506005,56.95101727136674,37.46517743237262,69.85204947853505,41.476100798134695,113.71867304070693,36.306605298260465,51.73258434305497,0.0,73.9247311827957,36.54639110654351,46.364529599606975,45.51974473815169,38.78599536830324,54.19715271926937,39.189713104161285,28.248587570621467,90.03317083571892,34.36426116838488,67.87355995686964,29.850746268656714,94.06392694063928,42.00374575494059,50.438734928350485,41.2694209039548,40.73059360730594,33.535995694475986,78.57820175811776,9999.0,75.3769998785764,108.59090374897167,40.98421679571174,39.32278469133021,52.83925201578315,88.48105063953092,64.88395807692112,46.92287655123636,50.77124836070692,59.442731445771315,47.55360687564077,32.25806451612903,27.397260273972606,36.899106601763336,48.08985741189131,48.16890629572107,46.21026692388029,47.47935680139069,50.178412132024974,54.29025423728814,45.140479462513355
economic_ideology|WVS_E,57.122617207624934,110.39171946148792,143.6633116958297,9999.0,55.73136427566807,73.4126984126984,70.92578175684443,55.154843156323835,79.26065162907268,56.48148148148148,133.4980752919684,49.89711934156378,71.69846399126865,73.9247311827957,0.0,50.61921814383766,66.14393185086846,59.98168498168498,53.13455657492354,63.98809523809524,57.769726247987116,48.02798982188295,99.80620155038758,49.95167080916873,87.83943960508334,49.816625916870414,115.4406538734897,60.64805767668462,70.48511047070124,54.119966791199666,53.77320419693301,47.11625794732062,93.0158098133918,9999.0,88.95726213142103,125.3518947810557,55.421824850985786,53.90656874745002,72.80513166399686,102.06131289237555,78.46422032976577,60.50313880408099,70.73712800892062,71.3402571711177,61.868686868686865,41.666666666666664,48.77398720682302,49.43667443667444,65.82125603864733,59.98168498168498,59.790529176724924,59.94820231566118,64.81481481481481,74.06965648854961,60.46365914786968
electoral_integrity|WVS_E,19.157088122605362,67.28926226499735,100.56085449933911,9999.0,17.33102253032929,40.69858322320274,37.29395092116059,12.69035532994924,46.54653643957701,21.52626841423522,93.76884065680746,11.049723756906078,32.07551799284881,36.54639110654351,50.61921814383766,0.0,23.04147465437788,25.25252525252525,15.015015015015013,31.27398004859957,16.233766233766232,8.298755186721992,67.09208636089193,11.45475372279496,48.21649360666349,10.19367991845056,75.81579749923758,19.193857965451055,30.89761366586257,19.646365422396855,21.05385722753832,14.129658976809456,59.997112504558196,9999.0,55.970663160909865,88.93383739876552,22.403127542152177,19.37295230743074,33.182185665576995,69.0747139218644,45.4776213592546,27.51653983356983,31.114182010500766,38.626141981622034,27.603774491741298,8.952551477170994,9.149130832570906,16.722559247178765,26.109660574412533,26.80965147453083,24.449877750611247,26.881720430107528,30.228579748125497,34.34042185338866,24.330900243309003
existential_threat_worry|WVS_H,31.70289855072464,44.24778761061947,77.51937984496124,9999.0,30.600336535851923,53.976875849102996,45.791859787756756,27.33253189073666,62.07125014660781,31.343455256498736,103.58602749907098,26.17395975662451,38.02281368821293,46.364529599606975,66.14393185086846,23.04147465437788,0.0,35.387099196515734,28.65334982666728,44.60800284386636,22.573363431151243,18.115942028985508,80.4440209603159,26.232825145868624,56.497175141242934,18.69158878504673,88.45315904139434,31.87110021330463,39.39552253245874,31.136775362318843,30.871044069801833,23.94684581907297,49.18458558334325,9999.0,63.559652488574855,97.4317462653617,32.22031438441569,25.906735751295336,41.68009453217317,78.89190076412791,55.29480820151811,37.33372667583335,39.61209087709693,49.853581570368306,37.420961334004815,24.47726518420179,21.78649237472767,26.766461060127376,36.81331588308332,38.036260754085106,36.166483545230996,37.34671125975474,40.045766590389015,16.611295681063122,35.0078339208774
familial_duty_obligations|WVS_D,29.634859310684458,79.6348868071352,112.90647904147696,9999.0,28.525419829767657,46.13308961135048,39.91258339084426,24.141644790323667,55.90900327742433,30.49867039504345,102.74124263761568,23.923444976076556,41.00229696541163,45.51974473815169,59.98168498168498,25.25252525252525,35.387099196515734,0.0,25.964992520176466,36.76421660611384,28.40701462855472,17.271157167530223,72.60023472256339,22.52252252252252,57.14327257922631,19.120458891013385,86.12191958495461,29.634859310684458,39.824392638425394,27.389741296896073,27.932960893854748,16.10305958132045,68.96951448536643,9999.0,57.944063765420864,97.86061637132835,31.375529522960406,28.345354288238973,42.108964638139824,71.0481145263754,47.4510219637656,29.489940438080826,40.04096098306359,42.00979533261579,36.57617647254953,18.315018315018314,19.455252918287936,22.779043280182233,37.11242700880007,33.616194432458805,28.777330810724763,30.78734739336157,36.51122284662657,43.31282383419689,33.02353335458611
female_income_threat_to_marriage|WVS_D,23.39373266822002,72.90113743728675,106.1727296716285,9999.0,21.978021978021978,39.89196296888604,33.671456748379825,17.33102253032929,49.0618748706629,22.075055187637968,96.00749326776723,14.55604075691412,33.959132760388584,38.78599536830324,53.13455657492354,15.015015015015013,28.65334982666728,25.964992520176466,0.0,30.523089963649404,21.67326525870627,10.537407797681771,66.35910808009895,14.749262536873157,50.100108374203266,12.077294685990339,78.59984089101034,23.39373266822002,32.78122843340235,21.148614654431636,22.026431718061673,9.861932938856015,60.529764778919784,9999.0,51.70293712295643,90.8174521663053,22.93577981651376,21.598272138228943,35.06580043311678,64.80698788391095,41.20989532130116,23.24881379561639,32.997796778040545,35.76866869015135,29.842427102701073,11.46788990825688,11.933174224343675,15.243902439024389,30.378677638951615,27.375067789994368,22.536204168260326,24.546220750897135,30.270096204162137,36.57907446434844,26.782406712121666
freedom_security_tradeoff_perception|WVS_H,34.19295675415739,88.85579045448583,122.1273826888276,9999.0,33.083517273240595,50.691187054823416,44.47068083431719,28.699742233796606,59.915413533834595,37.136243386243386,111.96214628496631,28.547592356023674,50.19410451005621,54.19715271926937,63.98809523809524,31.27398004859957,44.60800284386636,36.76421660611384,30.523089963649404,0.0,34.41631520911251,26.49206081488085,77.15833216603633,28.61028262097781,66.33508012387088,28.312266435657964,93.46655911196343,34.19295675415739,45.29169889671458,31.94783874036901,34.42796610169491,20.66115702479339,66.74850391284335,9999.0,62.5021612088938,99.08458888050725,29.15451895043732,34.56133065221193,51.3007721827844,75.60621196984833,52.00911940723853,34.04803788155377,49.232768527708174,46.567892776088726,42.52344877344878,22.321428571428573,26.799892445296766,29.41176470588235,46.17136110642605,38.17429187593174,33.3354282541977,35.34544483683451,41.06932029009951,45.662100456621005,37.58163079805904
gender_role_traditionalism|WVS_D,24.72281398276363,66.82115104177072,100.09274327611249,9999.0,22.779043280182233,43.78518821434915,37.564681993842925,20.352447322775653,53.69704454372647,24.363370688537728,96.60594293110996,16.207455429497568,30.674846625766875,39.189713104161285,57.769726247987116,16.233766233766232,22.573363431151243,28.40701462855472,21.67326525870627,34.41631520911251,0.0,11.135857461024498,70.25233332556205,15.479876160990711,48.67244095125872,10.649627263045794,78.45911949685535,24.891015645343618,31.353561010457803,24.156690794357832,23.890959501840825,13.75515818431912,61.308922086188176,9999.0,55.596162368419535,89.38978474336076,25.24022981645468,22.210054581733246,28.011204481792713,68.70021312937406,45.10312056676426,27.142039041079492,31.570129355096,39.66189393561446,30.4408767660438,16.10305958132045,11.79245283018868,19.78637649216637,30.977127302294342,31.056176186124098,26.42942941372343,28.439445996360238,32.92134218509479,28.73563218390805,28.027749352916388
immigrant_origin_status|WVS_G,13.58695652173913,62.363729639604976,95.63532187394674,9999.0,12.484394506866415,35.86093382011749,29.41176470588235,9.216589861751153,43.9553081176223,13.227513227513228,85.47008547008546,8.058017727639001,28.802253299311744,28.248587570621467,48.02798982188295,8.298755186721992,18.115942028985508,17.271157167530223,10.537407797681771,26.49206081488085,11.135857461024498,0.0,62.328078931330396,8.116883116883116,44.943228913126426,6.920415224913495,73.05644302449414,13.75515818431912,27.624348972325503,13.020833333333334,12.755102040816327,5.830903790087463,51.6983573178362,9999.0,47.671907974187874,84.03444228550012,14.104372355430183,11.074197120708748,29.908920972039933,60.7759587351424,37.17886617253261,19.21778464684784,27.8409173169637,31.737639541382798,19.305019305019304,6.361323155216285,6.389776357827476,8.650519031141869,19.841269841269842,19.9203187250996,18.050541516245488,19.23076923076923,21.929824561403507,26.041666666666668,16.89189189189189
importance_of_life_domains|WVS_A,70.02897487060694,124.69180857093538,157.96340080527713,9999.0,68.91953538969014,86.52720517127295,80.30669895076674,64.53576035024615,95.73351984612694,72.95434969853574,147.79816440141587,64.38361047247322,86.03012262650576,90.03317083571892,99.80620155038758,67.09208636089193,80.4440209603159,72.60023472256339,66.35910808009895,77.15833216603633,70.25233332556205,62.328078931330396,0.0,64.44630073742735,102.17109824032043,64.14828455210751,129.30257722841299,70.02897487060694,81.12771701316412,67.78385685681856,70.24607241398726,56.497175141242934,109.48867803044607,9999.0,98.33817932534335,141.82476299810997,71.89469306804004,70.37943696450428,81.30081300813008,111.44223008629788,87.84513752368808,69.8840559980033,85.06878664415771,82.40391089253828,78.34155508574113,58.13953488372093,62.635910561746314,65.90954265372869,82.00737922287558,74.01030999238128,69.17144637064725,71.18146295328405,76.90533840654905,88.36974559799707,73.41764891450859
institutional_threat_perception|WVS_H,21.480925325548426,70.48061275648809,103.75220499082985,9999.0,16.5016501650165,37.97915562621445,31.758649405708226,12.578616352201257,45.87898910490809,17.636684303350968,93.58696858696858,15.835560927414704,31.123982251847416,34.36426116838488,49.95167080916873,11.45475372279496,26.232825145868624,22.52252252252252,14.749262536873157,28.61028262097781,15.479876160990711,8.116883116883116,64.44630073742735,0.0,47.2649578656621,9.242144177449168,75.708257986739,18.65671641791045,29.94607792486118,19.23580731176004,14.836795252225519,7.94912559618442,53.26796615362859,9999.0,49.79012978028483,85.6040511212925,15.673981191222571,18.01801801801802,32.23064992457561,62.894180541239365,39.29708797862956,21.336006452944794,30.162646269499376,33.85586134747976,25.0,8.285004142502071,9.041591320072332,11.60092807424594,27.958152958152958,25.462260447322773,20.623396825588728,20.79002079002079,25.77319587628866,34.15854978354979,23.696682464454977
international_organization_knowledge|WVS_E,54.362682969258685,100.7449627518624,134.01655498620417,9999.0,51.409694544973306,75.70395312910753,65.12308469092295,49.899298248783,83.7667579008227,52.62135383419833,130.41331438321188,47.845996399411355,59.90465176261118,67.87355995686964,87.83943960508334,48.21649360666349,56.497175141242934,57.14327257922631,50.100108374203266,66.33508012387088,48.67244095125872,44.943228913126426,102.17109824032043,47.2649578656621,0.0,38.02281368821293,111.30952380952382,54.91470558010482,58.72674743562494,53.24351384041993,51.892439208323886,45.6739230990775,90.69975491004578,9999.0,87.51492728317791,116.76297116852788,53.10576994763977,53.431134181279184,61.01131943533937,100.61897804413243,77.02188548152265,59.06080395583787,58.943315780263134,71.58065885037283,59.03121704955747,46.17277293841668,44.642857142857146,50.056508032376584,64.78449875439627,63.18705795021585,58.34819432848181,57.25358291898216,60.29452861026192,70.98489557979309,61.83512080501831
job_scarcity_gender_discrimination|WVS_C,16.339869281045754,62.9393763956662,96.21096863000797,9999.0,13.386880856760374,37.6811394408946,27.100271002710027,11.876484560570072,45.74394421260977,14.5985401459854,92.39050069499896,9.823182711198427,21.88183807439825,29.850746268656714,49.816625916870414,10.19367991845056,18.69158878504673,19.120458891013385,12.077294685990339,28.312266435657964,10.649627263045794,6.920415224913495,64.14828455210751,9.242144177449168,38.02281368821293,0.0,73.46476319963745,16.89189189189189,20.70393374741201,15.220700152207003,13.869625520110958,7.651109410864574,52.67694122183286,9999.0,49.49211359496499,78.74015748031496,15.082956259426847,15.408320493066256,22.98850574712644,62.59616435591951,38.99907179330972,21.03799026762495,20.920502092050206,33.55784516215991,21.008403361344538,8.149959250203748,6.798096532970768,12.03369434416366,26.761685066183336,25.164244262002928,20.325380640268882,19.23076923076923,22.271714922048996,32.96208189158016,23.812307116805385
job_scarcity_nativist_preference|WVS_C,81.65917041479261,131.47223289366968,165.97253888635558,9999.0,85.22776233561726,102.83543211720007,96.61492589669385,77.17086834733894,111.36797216922905,81.65917041479261,158.52652849457962,75.61121049493143,94.83568075117371,94.06392694063928,115.4406538734897,75.81579749923758,88.45315904139434,86.12191958495461,78.59984089101034,93.46655911196343,78.45911949685535,73.05644302449414,129.30257722841299,75.708257986739,111.30952380952382,73.46476319963745,0.0,82.38993710691824,89.70814132104455,80.6919121084619,80.0,72.80540208717005,117.84760815081182,9999.0,114.64640627127046,150.18369311847573,80.2536231884058,80.55555555555556,72.99270072992701,127.75045703222499,104.15336446961518,86.19228294393042,84.74576271186442,98.71213783846538,87.2852233676976,73.77398720682304,66.66666666666667,76.27281460134486,92.89771286576399,90.3185369383084,85.47967331657435,87.48968989921116,93.21356535247617,99.09810969116081,85.0828729281768
life_autonomy_morality_permissiveness|WVS_F,27.063599458728014,76.1188878239241,109.39048005826585,9999.0,25.954159977811212,43.56182975939403,37.34132353888781,21.570384938367223,56.57537597242398,26.98267141183235,99.22524365440458,19.49317738791423,38.77372996629014,42.00374575494059,60.64805767668462,19.193857965451055,31.87110021330463,29.634859310684458,23.39373266822002,34.19295675415739,24.891015645343618,13.75515818431912,70.02897487060694,18.65671641791045,54.91470558010482,16.89189189189189,82.38993710691824,0.0,37.5958256393039,24.81848144493963,25.906735751295336,13.531799729364007,63.500720713701355,9999.0,55.37280391346442,95.63204937220685,25.906735751295336,24.829355305027867,39.88039763901833,68.47685467441895,44.87976211180915,26.91868058612438,37.8123939839421,39.43853548065934,33.06017748933842,18.98139101001796,15.723270440251572,19.417475728155342,33.59642802558896,31.04493458050236,26.206070958768315,28.216087541405123,33.939962994670125,39.796824850985786,30.45227350262966
multilevel_place_attachment|WVS_G,37.04380302845776,83.64331014307821,116.91490237741998,9999.0,34.09081460417238,54.660571901951215,47.80420475012204,32.58041830798208,66.4124287664406,35.302473893397405,113.09443444241097,30.527116458610436,42.585771821810255,50.438734928350485,70.48511047070124,30.89761366586257,39.39552253245874,39.824392638425394,32.78122843340235,45.29169889671458,31.353561010457803,27.624348972325503,81.12771701316412,29.94607792486118,58.72674743562494,20.70393374741201,89.70814132104455,37.5958256393039,0.0,35.91722358749681,34.57355926752297,24.630541871921185,69.23955458265918,9999.0,66.4715460560216,99.44409122772697,31.645569620253163,36.112254240478265,43.69243949453845,79.57559681697613,55.97850425436633,38.01742272868156,41.624435839462215,50.537277623216525,41.71233710875654,28.81844380403458,23.04147465437788,32.64762258905607,47.46561881359534,42.14367672305954,37.30481310132549,39.3148296839623,42.97564866946101,53.66601563899217,41.457680915888005
neighborhood_disorder_and_crime|WVS_H,24.81848144493963,75.38456297293831,108.65615520728007,9999.0,23.709041964022827,41.316711745605645,35.09620552509943,19.325266924578838,50.04728508693902,25.25252525252525,98.4909188034188,19.173117046805906,37.102538226605255,41.2694209039548,54.119966791199666,19.646365422396855,31.136775362318843,27.389741296896073,21.148614654431636,31.94783874036901,24.156690794357832,13.020833333333334,67.78385685681856,19.23580731176004,53.24351384041993,15.220700152207003,80.6919121084619,24.81848144493963,35.91722358749681,0.0,23.696682464454977,11.286681715575622,61.46033341109337,9999.0,53.12768589967604,93.79641837875728,23.86634844868735,24.09503045404208,38.20920589933344,66.23173666063056,42.634644098020765,24.673562572335996,36.14120224425721,37.193417466870955,32.325852638352636,12.453300124533001,14.025245441795231,16.155088852988694,32.86210317460318,28.799816566713975,23.96095294497993,25.970969527616738,31.694844980881744,39.0625,28.207155488841273
offline_political_participation|WVS_E,26.342058562555458,75.11883168042131,108.39042391476306,9999.0,23.64066193853428,43.85256927629809,35.842293906810035,18.587360594795538,49.70052249267236,25.982615268329553,98.22518751090179,20.28397565922921,35.751463594509204,40.73059360730594,53.77320419693301,21.05385722753832,30.871044069801833,27.932960893854748,22.026431718061673,34.42796610169491,23.890959501840825,12.755102040816327,70.24607241398726,14.836795252225519,51.892439208323886,13.869625520110958,80.0,25.906735751295336,34.57355926752297,23.696682464454977,0.0,17.556128810920292,57.80346820809249,9999.0,59.397132995020705,90.90909090909092,25.861695714585462,23.829299161525075,36.8581312672374,72.50118375597523,48.90409119336544,30.94300966768067,34.790127612161164,41.78012803471738,32.06012134583563,12.106537530266342,13.333333333333334,19.87654530027411,32.59637188208617,30.421555845284658,26.881720430107528,25.906735751295336,30.8641975308642,38.796768707483,29.64699393270822
online_political_participation|WVS_E,13.531799729364007,68.19463342969244,101.4662256640342,9999.0,12.422360248447205,30.030030030030026,23.809523809523807,8.038585209003216,43.043576243059974,19.05841701760069,91.30098926017293,7.886435331230284,29.532947485262824,33.535995694475986,47.11625794732062,14.129658976809456,23.94684581907297,16.10305958132045,9.861932938856015,20.66115702479339,13.75515818431912,5.830903790087463,56.497175141242934,7.94912559618442,45.6739230990775,7.651109410864574,72.80540208717005,13.531799729364007,24.630541871921185,11.286681715575622,17.556128810920292,0.0,56.79873442737909,9999.0,41.84100418410041,86.39126689117954,19.20474946497307,16.90510091079621,30.639615157991013,54.94505494505494,31.347962382445143,13.386880856760374,28.57161150291478,25.906735751295336,25.13592309510677,5.4495912806539515,6.138735420503377,13.21959905066172,25.510204081632654,17.513134851138354,12.67427122940431,14.684287812041118,20.408163265306122,31.872570456754133,16.920473773265652
outgroup_trust|WVS_G,65.28531383957534,81.96721311475409,126.70396542830449,9999.0,64.18275182470262,83.09517489275689,67.26757546685705,60.90400827242933,87.71929824561403,64.92587054534943,137.16844278792166,59.57959582162226,74.55877929623111,78.57820175811776,93.0158098133918,59.997112504558196,49.18458558334325,68.96951448536643,60.529764778919784,66.74850391284335,61.308922086188176,51.6983573178362,109.48867803044607,53.26796615362859,90.69975491004578,52.67694122183286,117.84760815081182,63.500720713701355,69.23955458265918,61.46033341109337,57.80346820809249,56.79873442737909,0.0,9999.0,79.52164670979187,107.52405489247596,37.59398496240602,62.77255443854495,64.83135441840916,111.74378937243404,79.08491780925688,70.18561528413946,73.59744331388308,81.02273365117618,71.00337662285551,51.34914314672514,51.18094148414515,59.119150916732906,52.77531010430033,69.66416146174345,65.92259686042301,58.340872929211,63.840704122511,32.57328990228013,68.59024920972809
perceived_corruption|WVS_E,9999.0,9999.0,9999.0,9999.0,9999.0,9999.0,9999.0,9999.0,9999.0,9999.0,9999.0,9999.0,9999.0,9999.0,9999.0,9999.0,9999.0,9999.0,9999.0,9999.0,9999.0,9999.0,9999.0,9999.0,9999.0,9999.0,9999.0,9999.0,9999.0,9999.0,9999.0,9999.0,9999.0,0.0,9999.0,9999.0,9999.0,9999.0,9999.0,9999.0,9999.0,9999.0,9999.0,9999.0,9999.0,9999.0,9999.0,9999.0,9999.0,9999.0,9999.0,9999.0,9999.0,9999.0,9999.0
perceived_negative_effects_of_immigration|WVS_G,55.37280391346442,98.0392156862745,141.0790323335361,9999.0,54.26336443254762,71.87103421413045,65.65052799362422,49.87958939310363,84.88458042716039,60.8994212017011,133.14199344427334,49.727439515330694,71.37395166936324,75.3769998785764,88.95726213142103,55.970663160909865,63.559652488574855,57.944063765420864,51.70293712295643,62.5021612088938,55.596162368419535,47.671907974187874,98.33817932534335,49.79012978028483,87.51492728317791,49.49211359496499,114.64640627127046,55.37280391346442,66.4715460560216,53.12768589967604,59.397132995020705,41.84100418410041,79.52164670979187,9999.0,0.0,128.23227107527995,61.04575364907348,58.74610509489662,52.083333333333336,96.78605912915535,73.18896656654556,55.227885040860784,70.41261568701519,67.74773993539574,66.97692727920719,47.29059546475436,47.97973960460379,51.54639175257732,67.15037700953194,59.35413903523877,54.515275413504725,56.52529199614153,62.249167449406535,46.948356807511736,58.76147795736607
perceived_positive_effects_of_immigration|WVS_G,95.08002676136071,141.67953387598118,174.95112611032295,9999.0,92.12703833707533,115.4312598604208,99.60366043452098,90.61664204088504,121.27921307679506,93.33869762630036,169.50452775558557,88.56334019151339,100.62199555471321,108.59090374897167,125.3518947810557,88.93383739876552,97.4317462653617,97.86061637132835,90.8174521663053,99.08458888050725,89.38978474336076,84.03444228550012,141.82476299810997,85.6040511212925,116.76297116852788,78.74015748031496,150.18369311847573,95.63204937220685,99.44409122772697,93.79641837875728,90.90909090909092,86.39126689117954,107.52405489247596,9999.0,128.23227107527995,0.0,69.93006993006993,94.14847797338122,101.7286632274414,141.33632183623448,117.73922927362469,99.77814774793991,99.66065957236518,112.29800264247487,99.7485608416595,83.68522811438905,83.51702645180906,90.77385182447863,103.87571212676995,102.00024642940735,98.25868182808694,90.67695789687491,96.17678909017492,91.74311926605505,100.92633417739201
political_information_sources|WVS_E,27.691328877169312,76.46810199503516,109.73969422937692,9999.0,26.5887668622966,45.50118993035087,29.673590504451038,23.31002331002331,51.34914314672514,27.33188558294341,99.57445782551565,21.985610859216237,36.9647943338251,40.98421679571174,55.421824850985786,22.403127542152177,32.22031438441569,31.375529522960406,22.93577981651376,29.15451895043732,25.24022981645468,14.104372355430183,71.89469306804004,15.673981191222571,53.10576994763977,15.082956259426847,80.2536231884058,25.906735751295336,31.645569620253163,23.86634844868735,25.861695714585462,19.20474946497307,37.59398496240602,9999.0,61.04575364907348,69.93006993006993,0.0,25.178569476138932,38.07146200655329,74.14980441002801,50.552711847418216,32.59163032173345,36.00345835147705,43.428748688770156,33.40939166044949,13.75515818431912,13.58695652173913,21.525165954326887,33.94564219670002,32.070176499337435,28.328611898016998,20.74688796680498,26.246719160104984,40.14603902209685,30.996264247322074
postmaterialist_values|WVS_E,24.66115364244788,70.15452336191481,103.42611559625658,9999.0,23.55859162757516,43.9859338268151,40.4859618265911,15.503875968992247,49.83388704318937,24.301710348221974,96.54428259079421,13.49527665317139,37.2901585674645,39.32278469133021,53.90656874745002,19.37295230743074,25.906735751295336,28.345354288238973,21.598272138228943,34.56133065221193,22.210054581733246,11.074197120708748,70.37943696450428,18.01801801801802,53.431134181279184,15.408320493066256,80.55555555555556,24.829355305027867,36.112254240478265,24.09503045404208,23.829299161525075,16.90510091079621,62.77255443854495,9999.0,58.74610509489662,94.14847797338122,25.178569476138932,0.0,38.396826240192695,71.85015585585116,39.21568627450981,30.291981767556585,36.32882258511646,41.913492585234394,30.379216425728053,12.239902080783354,13.88888888888889,19.724716151850615,23.58490566037736,29.069767441860463,29.124738636954234,30.30496635147798,33.00402168211225,37.11586378737542,27.96608901260064
