construct,acceptance_of_state_surveillance|WVS_H,authoritarian_governance_tolerance|WVS_E,autocracy_support|WVS_E,basic_needs_deprivation|WVS_H,child_qualities_autonomy_self_expression|WVS_A,child_qualities_conformity_tradition|WVS_A,child_qualities_prosocial_diligence|WVS_A,civic_dishonesty_tolerance|WVS_F,confidence_in_civil_society_organizations|WVS_E,confidence_in_domestic_institutions|WVS_E,confidence_in_international_organizations|WVS_E,crime_victimization|WVS_H,democratic_system_evaluation|WVS_E,democratic_values_importance|WVS_E,economic_ideology|WVS_E,electoral_integrity|WVS_E,existential_threat_worry|WVS_H,familial_duty_obligations|WVS_D,female_income_threat_to_marriage|WVS_D,freedom_security_tradeoff_perception|WVS_H,gender_role_traditionalism|WVS_D,immigrant_origin_status|WVS_G,importance_of_life_domains|WVS_A,institutional_threat_perception|WVS_H,international_organization_knowledge|WVS_E,job_scarcity_gender_discrimination|WVS_C,job_scarcity_nativist_preference|WVS_C,life_autonomy_morality_permissiveness|WVS_F,multilevel_place_attachment|WVS_G,neighborhood_disorder_and_crime|WVS_H,offline_political_participation|WVS_E,online_political_participation|WVS_E,outgroup_trust|WVS_G,perceived_corruption|WVS_E,perceived_negative_effects_of_immigration|WVS_G,perceived_positive_effects_of_immigration|WVS_G,political_information_sources|WVS_E,postmaterialist_values|WVS_E,precautionary_security_behaviors|WVS_H,religion_versus_secularism_orientation|WVS_F,religious_belief|WVS_F,religious_exclusivism|WVS_F,religious_practice_and_self_identification|WVS_F,science_skepticism|WVS_I,science_technology_optimism|WVS_E,sexual_and_reproductive_morality_permissiveness|WVS_F,social_intolerance_outgroups|WVS_A,societal_change_attitudes|WVS_E,socioeconomic_insecurity_worry|WVS_H,subjective_wellbeing|WVS_A,violence_tolerance|WVS_F,voluntary_association_active_membership|WVS_A,voluntary_association_belonging|WVS_A,voting_participation|WVS_E,work_ethic|WVS_C
acceptance_of_state_surveillance|WVS_H,0.0,17.921146953405017,17.301038062283737,16.31101259218148,32.69910108012908,17.88908765652952,38.48868276453092,47.38958893083124,16.5016501650165,10.515247108307046,31.347962382445143,21.755081693580458,71.16108431002645,29.761904761904763,15.197568389057752,32.154340836012864,16.29213110623371,14.184397163120568,38.671231139850384,22.257089725708973,21.90000056618409,25.507750856432985,25.49148850805296,61.739634914404,62.82118369225388,30.29802539822359,61.34810071817946,28.092066714532113,26.95556143161562,27.78640427583727,67.30213477075401,9.79431929480901,50.0,9999.0,64.71306471306471,33.943648407152565,8.368200836820083,27.62430939226519,36.519883607119766,13.717421124828531,9999.0,11.82033096926714,17.035775127768314,25.31645569620253,55.24861878453038,17.6056338028169,14.771048744460858,41.020459457197475,37.24484005831092,56.757750856432985,25.062691654850134,30.11952254684153,33.222591362126245,21.978021978021978,38.4289261860188
authoritarian_governance_tolerance|WVS_E,17.921146953405017,0.0,34.337825251417726,19.76284584980237,43.23702425355824,28.81844380403458,53.7752147358688,57.41755458666118,32.258400191469214,26.910843507368362,43.50903300153348,26.455026455026456,74.20852471971156,46.21125980349281,32.15567066803147,45.08296387750903,16.181229773462782,21.413276231263385,48.23251182474483,25.188916876574307,32.00401458358937,35.53571651226294,35.3356890459364,71.76760057023395,72.84914934808384,38.50265834489136,70.23396192161935,37.457825518143636,29.673590504451038,40.53287867882117,70.23396192161935,25.4576676213292,55.129036637053346,9999.0,74.23020818997566,46.07863532348658,24.10516004287641,42.26867839067842,46.5389043719669,18.832391713747647,9999.0,17.33102253032929,20.74688796680498,33.44481605351171,67.46328105551407,19.607843137254903,24.691358024691358,48.543689320388346,44.24778761061947,65.01171462808291,32.414996007229014,45.782870873361716,47.39336492890995,31.49516545493292,48.532940203424076
autocracy_support|WVS_E,17.301038062283737,34.337825251417726,0.0,18.484288354898336,41.958466758654204,30.030030030030026,55.38465735858837,45.137652027886624,33.80268822730024,27.534062110554444,39.50894920057915,24.752475247524753,66.50212532565473,46.857548989745155,32.49860645134149,46.893379263989246,24.154589371980677,30.487804878048777,55.97226920213412,17.482517482517483,32.85210444685236,23.255813953488374,41.79431166492165,59.487698011459386,60.569246789309275,46.476017943409246,62.52756252756252,44.73100751500332,44.02789886660854,27.027027027027028,62.52756252756252,27.095357357092748,36.63003663003663,9999.0,80.47826540977226,44.800077828582545,25.66923889910382,40.73833143600586,42.7489913414026,22.52252252252252,9999.0,17.006802721088437,27.47252747252747,42.61749375848627,69.50469651816364,29.239766081871345,21.413276231263385,51.97256333786574,34.99290315536631,54.50581395348837,36.152132877866535,44.26421731483291,49.01960784313725,37.74322267472952,40.816326530612244
basic_needs_deprivation|WVS_H,16.31101259218148,19.76284584980237,18.484288354898336,0.0,23.474178403755868,14.184397163120568,36.90036900369004,37.654708736858815,15.4320987654321,9.049773755656108,27.027027027027028,21.32969261212177,63.628899835796396,37.174721189591075,16.474464579901156,28.409090909090907,15.866742024775025,12.224938875305623,37.59398496240602,21.831700644250287,14.367816091954024,15.772870662460567,23.31002331002331,52.004754720431585,53.08630349828147,29.58579881656805,55.520079466439626,26.246719160104984,26.530172350156935,26.32093092318633,60.63326875314286,9.737098344693282,43.859649122807014,9999.0,69.68752211108473,26.315789473684212,7.942811755361397,22.62443438914027,28.987699132889695,14.450867052023122,9999.0,11.627906976744187,15.89825119236884,25.273834285690686,51.02040816326531,17.513134851138354,15.4320987654321,33.48827498296741,27.5099598643385,45.24886877828054,17.6678445229682,30.062301596725803,33.266510109399164,26.952479376042,30.896741711788735
child_qualities_autonomy_self_expression|WVS_A,32.69910108012908,43.23702425355824,41.958466758654204,23.474178403755868,0.0,37.658575566876436,54.451382171019844,51.38036314814457,38.906277169187966,26.315789473684212,48.54614412136536,33.44481605351171,80.90665336409553,60.64889959334694,39.948642983657024,51.88326931284678,31.545741324921135,32.78688524590164,54.6339305463393,38.21978913219789,31.645569620253163,29.498525073746315,41.454187914541876,65.73040913171732,66.81195790956721,46.26072480471251,72.79783299473877,44.05476612102103,42.918260838104544,42.67375564028123,77.911022281442,33.21127674844915,67.33382752656289,9999.0,87.10717390865177,49.78996787744008,24.330900243309003,46.098612792896134,46.26545266118883,34.02082272392916,9999.0,33.694196123458816,35.22414643067284,41.661922773638295,74.49458656702117,35.785653966103965,36.55583911861463,50.76602851126655,41.23561427562425,60.748525073746315,41.02539106133905,46.70226489655285,50.50891071451319,46.85967700639127,48.17449524008788
child_qualities_conformity_tradition|WVS_A,17.88908765652952,28.81844380403458,30.030030030030026,14.184397163120568,37.658575566876436,0.0,44.55049635772527,41.29931380255359,21.978021978021978,14.619883040935672,38.46509477577439,18.45018450184502,74.13670563438964,47.650992418434285,26.315789473684212,39.682539682539684,18.51851851851852,19.569471624266146,44.73304473304473,25.641025641025642,24.875621890547265,19.417475728155342,31.553302101247304,55.649359786126354,56.73090856397624,36.35983899141794,66.02788526503286,34.15388030772646,33.017375024809965,27.855153203342617,70.55622273632272,18.34862385321101,55.581145401504685,9999.0,74.08300511748787,40.00546200034691,14.43001443001443,36.80883155226084,38.91065311606957,19.841269841269842,9999.0,18.65671641791045,23.419203747072597,31.761036960343716,65.20480532638588,23.64066193853428,26.654953305320053,43.99608078156065,31.154564930033274,50.66747572815534,28.653295128939828,36.801379083258276,40.60802490121862,31.347962382445143,41.404547510381974
child_qualities_prosocial_diligence|WVS_A,38.48868276453092,53.7752147358688,55.38465735858837,36.90036900369004,54.451382171019844,44.55049635772527,0.0,74.55507774054885,52.33246776912214,39.0625,63.92739603071706,43.50736278447121,92.91336540091721,67.62401499243605,53.3748335835912,65.30945991278094,37.59398496240602,39.6533703929158,60.42351223074114,44.00937081659973,43.65228165707485,52.67323966615061,47.243769598943715,88.90512372412162,89.9866725019715,52.05030648911435,84.80454503156045,49.84434780542287,48.70784252250638,52.89952520789308,89.05441586164477,39.0625,73.94949057707878,9999.0,95.64296337891889,55.69592949804332,30.12048192771084,59.52480339283031,58.27216469801052,39.810404408330996,9999.0,39.483777807860655,41.01372811507468,47.451504458040134,87.92077716695535,41.5752356505058,42.34542080301647,62.77274054808824,64.41032886802854,80.88190324750781,46.81497274574089,52.491846580954686,56.29849239891503,52.90792064387615,60.18120727690956
civic_dishonesty_tolerance|WVS_F,47.38958893083124,57.41755458666118,45.137652027886624,37.654708736858815,51.38036314814457,41.29931380255359,74.55507774054885,0.0,42.71517140773158,36.87434182252419,40.9294571220173,33.71615760102547,78.37901321564118,73.95480656527718,54.129173316759974,64.29719735637715,47.60395555642977,48.173776850772775,75.24869369926483,42.290001339704375,48.12855723450323,21.88183807439825,57.45047350976698,58.11372213236926,59.19527091021915,67.24050755342687,71.58649582485025,63.25956609693051,51.21048873888492,35.05706864093317,73.02058508256565,47.3918070815521,54.054054054054056,9999.0,74.04057371753457,63.97049821054303,45.59752049222021,44.104060296620474,41.375015462312476,48.488743680828485,9999.0,44.104060296620474,50.466576361494475,58.938244853737814,86.62621051107837,50.821343217224324,47.198293770600785,63.84692557467203,28.169014084507044,53.131838074398246,55.32255325982702,42.89024143574279,48.059848545602435,44.0168746233343,57.6351780639385
confidence_in_civil_society_organizations|WVS_E,16.5016501650165,32.258400191469214,33.80268822730024,15.4320987654321,38.906277169187966,21.978021978021978,52.33246776912214,42.71517140773158,0.0,24.481872521088206,39.88095238095238,16.611295681063122,72.19686356035614,46.10720044803646,31.69921855407425,43.84118967452301,16.077170418006432,17.123287671232877,48.12845246928848,25.641025641025642,22.93577981651376,20.833333333333332,27.247956403269754,57.065217391304344,58.14676616915423,35.46099290780142,63.4192037470726,33.222591362126245,31.055900621118013,25.0,69.2012324777026,25.16919711012538,55.581145401504685,9999.0,73.92014759495783,41.747888239116314,23.3749105207935,38.05653315457237,37.555662857449434,18.6219739292365,9999.0,17.953321364452425,17.921146953405017,36.95399714034464,65.66697699162123,18.214936247723134,23.64066193853428,42.05623870752714,32.570422535211264,52.08333333333333,23.419203747072597,41.84173669467787,47.01134380453752,31.185104859915093,39.464705436348474
confidence_in_domestic_institutions|WVS_E,10.515247108307046,26.910843507368362,27.534062110554444,9.049773755656108,26.315789473684212,14.619883040935672,39.0625,36.87434182252419,24.481872521088206,0.0,34.040122795744985,12.51564455569462,63.32575948834469,40.27715187021181,25.524238335557264,37.45886466474701,10.729613733905579,11.299435028248588,40.16064257028113,14.306151645207438,16.39344262295082,14.992503748125937,20.5761316872428,51.224387806096956,52.30593658394683,31.347962382445143,57.545705997436414,26.38522427440633,26.109660574412533,17.271157167530223,59.35119669025248,18.78687210034939,41.32231404958678,9999.0,68.76201826402769,29.940119760479043,16.992585511017506,31.674208144796378,31.01332566388649,11.614401858304298,9999.0,10.940919037199125,13.908205841446453,29.32551319648094,59.843124348636934,13.94700139470014,13.966480446927374,35.5139015139642,26.72959295000387,46.24250374812594,21.09704641350211,36.000907109470475,41.17051421933013,26.026975528984963,32.92236824278553
confidence_in_international_organizations|WVS_E,31.347962382445143,43.50903300153348,39.50894920057915,27.027027027027028,48.54614412136536,38.46509477577439,63.92739603071706,40.9294571220173,39.88095238095238,34.040122795744985,0.0,30.881938574246266,71.04603956119892,56.0287567398609,41.85199166242676,55.43611793611794,39.04802334121706,39.25196590233265,64.62101198943304,22.026431718061673,41.39484311898105,19.047619047619047,50.33705033705034,55.27950310559007,56.36105188343994,56.612825843595076,50.0,53.27374618713201,46.79444377551802,32.222849614153965,67.07147676310672,36.76412537172031,30.030030030030026,9999.0,69.62452875416767,53.34281650071124,34.96983878238842,41.269841269841265,38.54079643553328,41.47789407905015,9999.0,26.17801047120419,42.925278219395864,52.300861312717714,78.04743519029233,44.54016187816538,33.11258278145695,56.12841341686401,23.752969121140143,50.29761904761905,44.69487154999523,40.056022408963585,45.22562951882324,39.6008296599674,34.24657534246575
crime_victimization|WVS_H,21.755081693580458,26.455026455026456,24.752475247524753,21.32969261212177,33.44481605351171,18.45018450184502,43.50736278447121,33.71615760102547,16.611295681063122,12.51564455569462,30.881938574246266,0.0,68.33149466787015,41.666666666666664,23.474178403755868,30.581039755351682,21.310811126174002,16.181229773462782,43.689911159790675,26.821796200902057,20.5761316872428,11.834319526627219,27.17391304347826,48.066203584598234,49.14775236244812,35.31670541816388,58.74992370139779,33.1107467344724,29.940119760479043,25.009550093162133,62.97306653479461,25.641025641025642,50.96866900247776,9999.0,62.11488769628304,38.96232842709286,13.386880856760374,34.05654174884944,31.32749691454145,16.10305958132045,9999.0,16.31321370309951,16.75041876046901,30.717903387089663,52.91005291005291,17.152658662092627,21.691973969631235,39.696590578256185,23.571408728505155,43.08431952662722,22.62443438914027,32.84272288797176,38.01232999783141,19.37984496124031,37.105057307077516
democratic_system_evaluation|WVS_E,71.16108431002645,74.20852471971156,66.50212532565473,63.628899835796396,80.90665336409553,74.13670563438964,92.91336540091721,78.37901321564118,72.19686356035614,63.32575948834469,71.04603956119892,68.33149466787015,0.0,93.13568934717199,69.59573953038006,84.72207665164379,65.08386855396895,72.32577193841134,80.5684912744324,49.01960784313725,49.26108374384237,56.497175141242934,74.32374038544638,92.72905919921395,93.81060797706382,70.4225352112676,80.0,73.12743219252972,81.38024406800191,69.67240570777786,82.40699094005012,65.09677826114368,63.291139240506325,9999.0,114.1058239761484,86.16145274753241,62.79288347320637,72.27542179662562,50.76142131979696,70.02801120448179,9999.0,63.28494307851528,73.6861296605702,80.12390600353567,114.6493079990617,73.71096149445361,67.99493991144845,65.5499603451406,68.23426434312087,87.74717514124293,59.1715976331361,77.50557850258747,77.78844834682398,73.12743219252972,43.66812227074236
democratic_values_importance|WVS_E,29.761904761904763,46.21125980349281,46.857548989745155,37.174721189591075,60.64889959334694,47.650992418434285,67.62401499243605,73.95480656527718,46.10720044803646,40.27715187021181,56.0287567398609,41.666666666666664,93.13568934717199,0.0,44.959473150962516,58.931764134076275,30.030030030030026,36.231884057971016,62.08131208131208,44.116081504034746,45.85281484015661,52.072968490878935,50.31400568925923,86.31211857018309,89.38640132669983,52.3514586014586,84.59831186847848,51.30662577471088,47.61904761904761,53.05260241714859,89.1611265490798,39.306467877896445,71.34452220226667,9999.0,87.96327586336372,61.67559965028319,37.95396029944366,54.788402129005846,60.47269788109229,30.769230769230766,9999.0,29.850746268656714,33.898305084745765,50.90685675236823,81.31208131208132,32.25806451612903,41.666666666666664,62.39248957695559,59.13978494623656,82.4235899678716,46.26379626379626,59.63167112992896,62.83587964260232,45.228233128320994,62.38174045999132
economic_ideology|WVS_E,15.197568389057752,32.15567066803147,32.49860645134149,16.474464579901156,39.948642983657024,26.315789473684212,53.3748335835912,54.129173316759974,31.69921855407425,25.524238335557264,41.85199166242676,23.474178403755868,69.59573953038006,44.959473150962516,0.0,44.876174998614935,15.974440894568689,20.964360587002098,48.02572294585074,20.5761316872428,30.84228067185518,32.24733524236172,32.362459546925564,68.47921930033274,69.56076807818262,38.295869465997264,65.62117673228784,37.25103663924954,30.3030303030303,36.90036900369004,65.62117673228784,24.991887683866764,50.51625144772184,9999.0,74.02341931108157,42.79025405358537,23.565769225877837,39.09889896904143,45.462163712790854,17.73049645390071,9999.0,15.673981191222571,20.161290322580644,32.467532467532465,67.25649217661997,19.417475728155342,21.05263157894737,48.33690044149425,43.98442444423966,61.72333335818169,32.20820712833492,45.31709093589929,42.37288135593221,31.28837657603883,47.37120629168989
electoral_integrity|WVS_E,32.154340836012864,45.08296387750903,46.893379263989246,28.409090909090907,51.88326931284678,39.682539682539684,65.30945991278094,64.29719735637715,43.84118967452301,37.45886466474701,55.43611793611794,30.581039755351682,84.72207665164379,58.931764134076275,44.876174998614935,0.0,28.901734104046245,26.954177897574123,60.9530161553283,47.9353689054117,35.46099290780142,42.4153592819789,45.87155963302752,78.64724333994991,79.7287921177998,51.22316267547482,76.61325628228701,47.91853848457622,47.84688995215311,47.84688995215311,81.72644556899024,38.146189253784186,72.26874003189792,9999.0,84.41676113335323,54.72488038277512,36.351902664452304,51.033525298231176,50.08087594873709,30.211480362537767,9999.0,33.67003367003367,33.557046979865774,49.77856082638445,75.49786721796247,31.847133757961785,43.84118967452301,54.581451798814804,54.15244848385684,73.65795968737145,36.90036900369004,58.47139250581671,61.67560101849007,41.6817183983105,51.989918527636135
existential_threat_worry|WVS_H,16.29213110623371,16.181229773462782,24.154589371980677,15.866742024775025,31.545741324921135,18.51851851851852,37.59398496240602,47.60395555642977,16.077170418006432,10.729613733905579,39.04802334121706,21.310811126174002,65.08386855396895,30.030030030030026,15.974440894568689,28.901734104046245,0.0,11.933174224343675,32.05128205128205,21.812819158302517,15.822784810126581,25.722117482031514,20.28397565922921,60.15698500882439,63.03555031785241,22.321428571428573,54.68401442162762,21.27659574468085,20.408163265306122,28.0007709014358,62.088237471315416,9.276437847866418,51.75293891878157,9999.0,58.04897841651287,31.645569620253163,7.923930269413629,37.807668730361996,30.442667851062254,13.262599469496022,9999.0,12.87001287001287,14.513788098693759,20.876826722338205,51.282051282051285,14.144271570014144,18.248175182481752,32.362459546925564,31.161796220297397,56.972117482031514,16.233766233766232,29.601641099898938,32.8058496125723,15.313935681470138,32.351710429961294
familial_duty_obligations|WVS_D,14.184397163120568,21.413276231263385,30.487804878048777,12.224938875305623,32.78688524590164,19.569471624266146,39.6533703929158,48.173776850772775,17.123287671232877,11.299435028248588,39.25196590233265,16.181229773462782,72.32577193841134,36.231884057971016,20.964360587002098,26.954177897574123,11.933174224343675,0.0,39.83591876823526,23.421777354093848,23.064688194568966,26.291938776374526,20.79002079002079,59.57058982809063,63.60537161219543,25.0,54.097619240893856,20.964360587002098,23.20185614849188,26.595744680851062,56.77119776095668,13.986013986013987,52.62174907783537,9999.0,57.46258323577911,35.108336035537434,9.532888465204957,34.849373264445894,25.125628140703515,14.306151645207438,9999.0,16.339869281045754,15.06024096385542,26.863910995534248,48.543689320388346,15.06024096385542,21.75782734051058,33.222591362126245,30.575401039563634,57.473807653586164,16.556291390728475,31.904253118448807,35.710898936409144,14.727540500736376,33.44481605351171
female_income_threat_to_marriage|WVS_D,38.671231139850384,48.23251182474483,55.97226920213412,37.59398496240602,54.6339305463393,44.73304473304473,60.42351223074114,75.24869369926483,48.12845246928848,40.16064257028113,64.62101198943304,43.689911159790675,80.5684912744324,62.08131208131208,48.02572294585074,60.9530161553283,32.05128205128205,39.83591876823526,0.0,44.19191919191919,43.83483003239431,53.36685562486659,47.42631797426318,77.41633922963439,90.68028846068748,41.49377593360996,65.17651532757273,41.32231404958678,47.95790528689551,53.082073583212534,66.61060458528813,41.32771989914847,74.13203895239823,9999.0,75.30833263732286,55.87847787336278,30.3030303030303,60.21841935154629,34.96503496503497,39.99295278365045,9999.0,39.66632618318011,41.19627649039413,47.63405283335959,83.33333333333334,41.32231404958678,42.52796917833592,43.10344827586207,48.421150441107386,81.06445162282726,31.347962382445143,52.67439495627415,56.481040774234486,32.57328990228013,36.90036900369004
freedom_security_tradeoff_perception|WVS_H,22.257089725708973,25.188916876574307,17.482517482517483,21.831700644250287,38.21978913219789,25.641025641025642,44.00937081659973,42.290001339704375,25.641025641025642,14.306151645207438,22.026431718061673,26.821796200902057,49.01960784313725,44.116081504034746,20.5761316872428,47.9353689054117,21.812819158302517,23.421777354093848,44.19191919191919,0.0,27.420688618252896,20.408163265306122,31.012176560121766,56.64004732327714,57.72159610112702,35.81871345029239,45.04504504504504,33.612754766600915,32.47624948368443,31.577308812737662,45.04504504504504,16.077170418006432,29.940119760479043,9999.0,78.01681210021158,39.46433645922137,13.88888888888889,23.255813953488374,39.90134065322035,21.008403361344538,9999.0,14.265335235378032,24.78213507625272,31.219911419218178,70.44511051627691,25.343642611683848,18.975332068311197,46.54114750926628,32.14525246718406,51.65816326530612,30.58337970691894,36.26025354213274,39.606582182712316,36.22910351355154,30.487804878048777
gender_role_traditionalism|WVS_D,21.90000056618409,32.00401458358937,32.85210444685236,14.367816091954024,31.645569620253163,24.875621890547265,43.65228165707485,48.12855723450323,22.93577981651376,16.39344262295082,41.39484311898105,20.5761316872428,49.26108374384237,45.85281484015661,30.84228067185518,35.46099290780142,15.822784810126581,23.064688194568966,43.83483003239431,27.420688618252896,0.0,26.246719160104984,25.06265664160401,62.478603218076,63.56015199592588,22.831050228310502,41.1522633744856,23.86634844868735,32.119160324159544,33.66459979048104,46.26545266118883,20.618556701030926,57.179332123899755,9999.0,66.60139118373009,36.90036900369004,13.531799729364007,36.992250481094295,14.619883040935672,23.22172220998416,9999.0,22.895095609513817,24.42504591672784,30.862822259693296,65.38822425521933,24.449877750611247,25.75673860466963,19.120458891013385,37.983808361982916,57.49671916010499,15.06024096385542,35.903164382607855,39.7098102005682,23.86634844868735,16.528925619834713
immigrant_origin_status|WVS_G,25.507750856432985,35.53571651226294,23.255813953488374,15.772870662460567,29.498525073746315,19.417475728155342,52.67323966615061,21.88183807439825,20.833333333333332,14.992503748125937,19.047619047619047,11.834319526627219,56.497175141242934,52.072968490878935,32.24733524236172,42.4153592819789,25.722117482031514,26.291938776374526,53.36685562486659,20.408163265306122,26.246719160104984,0.0,35.56863543536873,36.231884057971016,37.3134328358209,45.35866947902862,49.704657750452,41.37772802253227,34.778563856255815,13.175230566534916,51.13874700816739,25.50996900715385,39.13434947585054,9999.0,57.60864883490546,42.08866013614478,23.715682417821967,22.22222222222222,19.49317738791423,26.606905606430235,9999.0,22.22222222222222,28.58473828709623,41.04670494815126,64.74437243668012,28.93950514282608,25.31645569620253,41.96508750027378,11.737089201877934,31.25,33.440715185428765,21.008403361344538,26.17801047120419,27.58494974070519,35.75333998954025
importance_of_life_domains|WVS_A,25.49148850805296,35.3356890459364,41.79431166492165,23.31002331002331,41.454187914541876,31.553302101247304,47.243769598943715,57.45047350976698,27.247956403269754,20.5761316872428,50.33705033705034,27.17391304347826,74.32374038544638,50.31400568925923,32.362459546925564,45.87155963302752,20.28397565922921,20.79002079002079,47.42631797426318,31.012176560121766,25.06265664160401,35.56863543536873,0.0,66.16501094782335,72.88206827118964,37.735849056603776,60.692040360626564,34.129692832764505,32.57328990228013,37.847288854773026,69.52435749904105,21.598272138228943,60.95229632060081,9999.0,64.05700435551182,42.69873524156536,17.123287671232877,45.93445769916358,37.87878787878788,23.364485981308412,9999.0,26.486583551382687,23.094688221709006,34.454310201562166,69.33371011040913,23.255813953488374,29.3482265465385,44.18311553261739,37.169822159296345,66.81863543536873,25.974025974025974,39.494652324476725,43.30129814243706,21.321961620469086,41.591582261438724
institutional_threat_perception|WVS_H,61.739634914404,71.76760057023395,59.487698011459386,52.004754720431585,65.73040913171732,55.649359786126354,88.90512372412162,58.11372213236926,57.065217391304344,51.224387806096956,55.27950310559007,48.066203584598234,92.72905919921395,86.31211857018309,68.47921930033274,78.64724333994991,60.15698500882439,59.57058982809063,77.41633922963439,56.64004732327714,62.478603218076,36.231884057971016,66.16501094782335,0.0,73.54531689379192,68.37246109206014,84.21312806751175,64.60589517715663,60.22766471196964,49.40711462450593,87.3706310661384,61.741853065124864,75.36623353382156,9999.0,87.57809206239699,78.3205441941158,59.94756647579298,58.45410628019324,55.725061445885245,60.06374947956126,9999.0,58.45410628019324,54.054054054054056,70.9527099017668,100.97625649465114,54.054054054054056,61.54833975417355,78.1969715582448,47.96897325984895,67.48188405797102,62.234353675180344,57.24028741931555,62.409894529175205,44.84304932735426,71.98522404751127
international_organization_knowledge|WVS_E,62.82118369225388,72.84914934808384,60.569246789309275,53.08630349828147,66.81195790956721,56.73090856397624,89.9866725019715,59.19527091021915,58.14676616915423,52.30593658394683,56.36105188343994,49.14775236244812,93.81060797706382,89.38640132669983,69.56076807818262,79.7287921177998,63.03555031785241,63.60537161219543,90.68028846068748,57.72159610112702,63.56015199592588,37.3134328358209,72.88206827118964,73.54531689379192,0.0,82.67210231484952,87.01809058627289,78.69116085835316,72.09199669207672,50.48866340235581,88.45217984398829,62.82340184297475,76.44778231167143,9999.0,94.92208167072636,79.40209297196569,61.029115253642864,59.53565505804312,56.80661022373513,63.920338442251136,9999.0,59.53565505804312,65.89817112291712,78.36013778397215,102.05780527250101,66.25293797864697,62.62988853202343,79.27852033609469,49.05052203769883,68.56343283582089,70.75414802124966,58.32183619716544,63.49144330702509,64.89838257652609,73.06677282536114
job_scarcity_gender_discrimination|WVS_C,30.29802539822359,38.50265834489136,46.476017943409246,29.58579881656805,46.26072480471251,36.35983899141794,52.05030648911435,67.24050755342687,35.46099290780142,31.347962382445143,56.612825843595076,35.31670541816388,70.4225352112676,52.3514586014586,38.295869465997264,51.22316267547482,22.321428571428573,25.0,41.49377593360996,35.81871345029239,22.831050228310502,45.35866947902862,37.735849056603776,68.37246109206014,82.67210231484952,0.0,57.16565826011189,31.847133757961785,34.96503496503497,44.70886784158574,58.59974751782728,29.673590504451038,65.75883321077144,9999.0,66.26445449974861,47.505272131735985,21.929824561403507,52.21023320570832,26.954177897574123,30.030030030030026,9999.0,31.29312044155332,30.581039755351682,39.2608470917328,73.54368932038835,29.850746268656714,34.15476343670913,31.847133757961785,39.37727230353314,72.69124588120047,22.371364653243848,44.30118921464735,48.107835032607696,23.52941176470588,39.35997584814521
job_scarcity_nativist_preference|WVS_C,61.34810071817946,70.23396192161935,62.52756252756252,55.520079466439626,72.79783299473877,66.02788526503286,84.80454503156045,71.58649582485025,63.4192037470726,57.545705997436414,50.0,58.74992370139779,80.0,84.59831186847848,65.62117673228784,76.61325628228701,54.68401442162762,54.097619240893856,65.17651532757273,45.04504504504504,41.1522633744856,49.704657750452,60.692040360626564,84.21312806751175,87.01809058627289,57.16565826011189,0.0,59.11321446658401,54.75469412477287,62.87988831698691,50.5050505050505,61.122215463051475,54.94505494505494,9999.0,82.1051214752002,78.05263237817564,54.68406310384961,60.24096385542168,30.211480362537767,54.59077889236448,9999.0,59.310380280423075,53.03128092594983,65.47973931457001,102.6413085612822,52.34024735234944,64.02037711335623,43.859649122807014,55.21793927898474,80.954657750452,40.0,58.14444125639251,57.238507389564795,39.37007874015748,46.471642964163784
life_autonomy_morality_permissiveness|WVS_F,28.092066714532113,37.457825518143636,44.73100751500332,26.246719160104984,44.05476612102103,34.15388030772646,49.84434780542287,63.25956609693051,33.222591362126245,26.38522427440633,53.27374618713201,33.1107467344724,73.12743219252972,51.30662577471088,37.25103663924954,47.91853848457622,21.27659574468085,20.964360587002098,41.32231404958678,33.612754766600915,23.86634844868735,41.37772802253227,34.129692832764505,64.60589517715663,78.69116085835316,31.847133757961785,59.11321446658401,0.0,29.940119760479043,42.502909157894265,60.54730372429941,26.666666666666668,63.00796666260223,9999.0,62.4978885848451,45.29931344804451,19.72386587771203,48.87115354924525,28.901734104046245,29.413788358332184,9999.0,29.087161757861843,30.617112065075865,37.05488840804132,69.50804990739044,31.17861960050699,31.948804753017654,37.45318352059925,35.61070638862963,70.485287197509,36.41835669574208,42.095230530955874,45.90187634891622,19.76284584980237,38.75968992248062
multilevel_place_attachment|WVS_G,26.95556143161562,29.673590504451038,44.02789886660854,26.530172350156935,42.918260838104544,33.017375024809965,48.70784252250638,51.21048873888492,31.055900621118013,26.109660574412533,46.79444377551802,29.940119760479043,81.38024406800191,47.61904761904761,30.3030303030303,47.84688995215311,20.408163265306122,23.20185614849188,47.95790528689551,32.47624948368443,32.119160324159544,34.778563856255815,32.57328990228013,60.22766471196964,72.09199669207672,34.96503496503497,54.75469412477287,29.940119760479043,0.0,41.36640387497777,73.52941176470588,24.271844660194173,50.438734928350485,9999.0,58.11965811965811,44.16280816512801,18.587360594795538,49.15460673929721,45.753559155621005,21.50537634408602,9999.0,27.950656474945347,20.5761316872428,32.78688524590164,69.66213862765586,19.157088122605362,30.81229947010116,46.948356807511736,23.04147465437788,66.02856385625581,28.57142857142857,40.958725248039386,44.76537106599973,15.384615384615383,48.57142857142857
neighborhood_disorder_and_crime|WVS_H,27.78640427583727,40.53287867882117,27.027027027027028,26.32093092318633,42.67375564028123,27.855153203342617,52.89952520789308,35.05706864093317,25.0,17.271157167530223,32.222849614153965,25.009550093162133,69.67240570777786,53.05260241714859,36.90036900369004,47.84688995215311,28.0007709014358,26.595744680851062,53.082073583212534,31.577308812737662,33.66459979048104,13.175230566534916,37.847288854773026,49.40711462450593,50.48866340235581,44.70886784158574,62.87988831698691,42.502909157894265,41.36640387497777,0.0,64.3139775747023,34.565492512128245,48.78048780487805,9999.0,70.78387940144037,47.21127692800927,22.779043280182233,35.397452788757136,32.668407954449144,25.38071065989848,9999.0,23.20185614849188,25.706940874035993,40.11006581051152,75.13943400123941,27.397260273972606,29.069767441860463,52.78505868149443,24.91231976841285,44.425230566534914,38.36820358103233,34.183633927879455,39.3532410377391,34.84320557491289,48.92857055607516
offline_political_participation|WVS_E,67.30213477075401,70.23396192161935,62.52756252756252,60.63326875314286,77.911022281442,70.55622273632272,89.05441586164477,73.02058508256565,69.2012324777026,59.35119669025248,67.07147676310672,62.97306653479461,82.40699094005012,89.1611265490798,65.62117673228784,81.72644556899024,62.088237471315416,56.77119776095668,66.61060458528813,45.04504504504504,46.26545266118883,51.13874700816739,69.52435749904105,87.3706310661384,88.45217984398829,58.59974751782728,50.5050505050505,60.54730372429941,73.52941176470588,64.3139775747023,0.0,61.122215463051475,64.51612903225806,9999.0,96.15384615384616,83.16582166487888,58.93393393393393,68.30085899853341,31.645569620253163,66.05344840638958,9999.0,59.310380280423075,69.82718012129776,76.26495646426322,105.31488708134503,70.38868765672889,64.02037711335623,54.117479732612715,62.87583621004533,82.3887470081674,47.39336492890995,50.76142131979696,58.67259664728019,62.50976715111736,39.37007874015748
online_political_participation|WVS_E,9.79431929480901,25.4576676213292,27.095357357092748,9.737098344693282,33.21127674844915,18.34862385321101,39.0625,47.3918070815521,25.16919711012538,18.78687210034939,36.76412537172031,25.641025641025642,65.09677826114368,39.306467877896445,24.991887683866764,38.146189253784186,9.276437847866418,13.986013986013987,41.32771989914847,16.077170418006432,20.618556701030926,25.50996900715385,21.598272138228943,61.741853065124864,62.82340184297475,29.673590504451038,61.122215463051475,26.666666666666668,24.271844660194173,34.565492512128245,61.122215463051475,0.0,46.017290178485474,9999.0,67.32541626437929,29.498525073746315,17.200368117280046,32.36153273383355,35.2384397419666,13.175230566534916,9999.0,11.363636363636365,15.698587127158554,20.366598778004075,60.5584891299177,16.260162601626018,15.873015873015873,39.73901559204431,35.46099290780142,54.98596712297382,22.675736961451246,20.32520325203252,23.52941176470588,24.590373529336556,37.147482320865635
outgroup_trust|WVS_G,50.0,55.129036637053346,36.63003663003663,43.859649122807014,67.33382752656289,55.581145401504685,73.94949057707878,54.054054054054056,55.581145401504685,41.32231404958678,30.030030030030026,50.96866900247776,63.291139240506325,71.34452220226667,50.51625144772184,72.26874003189792,51.75293891878157,52.62174907783537,74.13203895239823,29.940119760479043,57.179332123899755,39.13434947585054,60.95229632060081,75.36623353382156,76.44778231167143,65.75883321077144,54.94505494505494,63.00796666260223,50.438734928350485,48.78048780487805,64.51612903225806,46.017290178485474,0.0,9999.0,73.26881990700014,69.40445621970042,43.829008649367935,38.75968992248062,56.91056910569105,50.948523121823584,9999.0,41.49377593360996,54.72225483673177,58.16649104320337,94.88005728607232,54.27898070408013,48.78048780487805,51.282051282051285,27.397260273972606,70.38434947585054,60.52349946739798,60.142752837195076,65.31235994705473,43.24512081279986,40.65040650406504
perceived_corruption|WVS_E,9999.0,9999.0,9999.0,9999.0,9999.0,9999.0,9999.0,9999.0,9999.0,9999.0,9999.0,9999.0,9999.0,9999.0,9999.0,9999.0,9999.0,9999.0,9999.0,9999.0,9999.0,9999.0,9999.0,9999.0,9999.0,9999.0,9999.0,9999.0,9999.0,9999.0,9999.0,9999.0,9999.0,0.0,9999.0,9999.0,9999.0,9999.0,9999.0,9999.0,9999.0,9999.0,9999.0,9999.0,9999.0,9999.0,9999.0,9999.0,9999.0,9999.0,9999.0,9999.0,9999.0,9999.0,9999.0
perceived_negative_effects_of_immigration|WVS_G,64.71306471306471,74.23020818997566,80.47826540977226,69.68752211108473,87.10717390865177,74.08300511748787,95.64296337891889,74.04057371753457,73.92014759495783,68.76201826402769,69.62452875416767,62.11488769628304,114.1058239761484,87.96327586336372,74.02341931108157,84.41676113335323,58.04897841651287,57.46258323577911,75.30833263732286,78.01681210021158,66.60139118373009,57.60864883490546,64.05700435551182,87.57809206239699,94.92208167072636,66.26445449974861,82.1051214752002,62.4978885848451,58.11965811965811,70.78387940144037,96.15384615384616,67.32541626437929,73.26881990700014,9999.0,0.0,89.69454803676604,65.9729086859265,74.77329373707377,73.59924026590693,57.955742887249734,9999.0,66.71585808276456,56.39624492083508,68.84470330945527,106.00627255616746,55.705211347234695,71.8048101769032,82.90539036305105,45.87155963302752,88.85864883490547,60.12634708286882,78.61705219625,83.78665930610964,42.73504273504273,75.95763409716898
perceived_positive_effects_of_immigration|WVS_G,33.943648407152565,46.07863532348658,44.800077828582545,26.315789473684212,49.78996787744008,40.00546200034691,55.69592949804332,63.97049821054303,41.747888239116314,29.940119760479043,53.34281650071124,38.96232842709286,86.16145274753241,61.67559965028319,42.79025405358537,54.72488038277512,31.645569620253163,35.108336035537434,55.87847787336278,39.46433645922137,36.90036900369004,42.08866013614478,42.69873524156536,78.3205441941158,79.40209297196569,47.505272131735985,78.05263237817564,45.29931344804451,44.16280816512801,47.21127692800927,83.16582166487888,29.498525073746315,69.40445621970042,9999.0,89.69454803676604,0.0,25.57544757033248,48.94022386282448,51.52025204462571,35.26537005095263,9999.0,34.93874345048229,36.468693757696315,42.906470100661764,77.33619763694952,37.03020129312744,37.800386445638104,56.02082789470342,53.82574933802272,71.56465825196474,42.26993838836253,47.94681222357633,51.75345804153667,46.9595053017233,53.429294623524754
political_information_sources|WVS_E,8.368200836820083,24.10516004287641,25.66923889910382,7.942811755361397,24.330900243309003,14.43001443001443,30.12048192771084,45.59752049222021,23.3749105207935,16.992585511017506,34.96983878238842,13.386880856760374,62.79288347320637,37.95396029944366,23.565769225877837,36.351902664452304,7.923930269413629,9.532888465204957,30.3030303030303,13.88888888888889,13.531799729364007,23.715682417821967,17.123287671232877,59.94756647579298,61.029115253642864,21.929824561403507,54.68406310384961,19.72386587771203,18.587360594795538,22.779043280182233,58.93393393393393,17.200368117280046,43.829008649367935,9999.0,65.9729086859265,25.57544757033248,0.0,30.567246144501667,28.15168277029968,9.689922480620154,9999.0,9.363295880149812,10.893246187363834,17.33102253032929,58.0765777855933,11.45475372279496,12.224938875305623,32.652258620377395,35.4527716196999,50.76142131979696,16.69449081803005,22.371364653243848,26.17801047120419,23.237865950883766,30.06072534919872
postmaterialist_values|WVS_E,27.62430939226519,42.26867839067842,40.73833143600586,22.62443438914027,46.098612792896134,36.80883155226084,59.52480339283031,44.104060296620474,38.05653315457237,31.674208144796378,41.269841269841265,34.05654174884944,72.27542179662562,54.788402129005846,39.09889896904143,51.033525298231176,37.807668730361996,34.849373264445894,60.21841935154629,23.255813953488374,36.992250481094295,22.22222222222222,45.93445769916358,58.45410628019324,59.53565505804312,52.21023320570832,60.24096385542168,48.87115354924525,49.15460673929721,35.397452788757136,68.30085899853341,32.36153273383355,38.75968992248062,9999.0,74.77329373707377,48.94022386282448,30.567246144501667,0.0,41.71539961013645,37.07530144116339,9999.0,24.93765586034913,38.52268558150911,47.89826867483096,73.64484255240558,40.13756924027862,32.67973856209151,56.11270937210768,28.901734104046245,53.47222222222222,40.29227891210847,43.23062558356676,48.40023269342641,44.749594642873504,53.52117610092901
