construct,acceptance_of_state_surveillance|WVS_H,authoritarian_governance_tolerance|WVS_E,autocracy_support|WVS_E,basic_needs_deprivation|WVS_H,child_qualities_autonomy_self_expression|WVS_A,child_qualities_conformity_tradition|WVS_A,child_qualities_prosocial_diligence|WVS_A,civic_dishonesty_tolerance|WVS_F,confidence_in_civil_society_organizations|WVS_E,confidence_in_domestic_institutions|WVS_E,confidence_in_international_organizations|WVS_E,crime_victimization|WVS_H,democratic_system_evaluation|WVS_E,democratic_values_importance|WVS_E,economic_ideology|WVS_E,electoral_integrity|WVS_E,existential_threat_worry|WVS_H,familial_duty_obligations|WVS_D,female_income_threat_to_marriage|WVS_D,freedom_security_tradeoff_perception|WVS_H,gender_role_traditionalism|WVS_D,immigrant_origin_status|WVS_G,importance_of_life_domains|WVS_A,institutional_threat_perception|WVS_H,international_organization_knowledge|WVS_E,job_scarcity_gender_discrimination|WVS_C,job_scarcity_nativist_preference|WVS_C,life_autonomy_morality_permissiveness|WVS_F,multilevel_place_attachment|WVS_G,neighborhood_disorder_and_crime|WVS_H,offline_political_participation|WVS_E,online_political_participation|WVS_E,outgroup_trust|WVS_G,perceived_corruption|WVS_E,perceived_negative_effects_of_immigration|WVS_G,perceived_positive_effects_of_immigration|WVS_G,political_information_sources|WVS_E,postmaterialist_values|WVS_E,precautionary_security_behaviors|WVS_H,religion_versus_secularism_orientation|WVS_F,religious_belief|WVS_F,religious_exclusivism|WVS_F,religious_practice_and_self_identification|WVS_F,science_skepticism|WVS_I,science_technology_optimism|WVS_E,sexual_and_reproductive_morality_permissiveness|WVS_F,social_intolerance_outgroups|WVS_A,societal_change_attitudes|WVS_E,socioeconomic_insecurity_worry|WVS_H,subjective_wellbeing|WVS_A,violence_tolerance|WVS_F,voluntary_association_active_membership|WVS_A,voluntary_association_belonging|WVS_A,voting_participation|WVS_E,work_ethic|WVS_C
acceptance_of_state_surveillance|WVS_H,0.0,939.6813436863699,86.45348635321898,9954.266142994824,92.17766489656162,116.9695385621769,203.10380101212172,27.69127407098047,0.0,0.0,5.4362110220338735,9930.304398621414,8.942374536667167,34.13511153449234,76.15660444255995,10.317022479148683,9896.685965568591,3.219257090423966,22.93470842123594,9926.549951375806,0.0,0.0,168.0914218052319,9940.56772020549,0.0,7.291343219104476,116.65610438478437,389.0409774319091,34.61193089676061,9932.622825869734,852.5399832737329,23.05789638064026,15.888376717928438,0.0,15.071850341513922,30.97878195697838,40.69992001738504,20.302627368351963,9892.62477699407,526.2120889407689,0.0,196.19652324408867,74.34766856033387,23.759504389502908,71.9658999174998,68.25218125527724,140.48781442808584,21.422347782461415,9905.917384041979,936.0404289065315,334.0096944805412,0.0,942.3978509412336,203.70455451809144,296.3110001687124
authoritarian_governance_tolerance|WVS_E,939.6813436863699,0.0,9943.997223597917,0.0,29.06666191706512,10.49141154795398,606.7864271457086,130.69072379991465,9957.602679909243,9958.677255451903,9951.202737382378,94.19556953239274,9959.626685960306,9969.478179523996,9893.871910314709,9940.987800879411,17.355125801594582,45.70776076399555,101.48450942199767,0.0,152.4592778265332,0.0,218.5994447642156,943.1685685358239,9936.528513226895,72.72476263606481,37.77424929856423,680.1586483447222,23.219829062637274,6.895001906709126,9974.398936170213,9975.65809367937,39.692010358025925,0.0,19.676267132326345,284.09928910651604,9955.0697518444,9972.236986484679,49.03142910491455,45.417823829863266,0.0,0.0,0.0,151.46577593113096,9955.913868732834,922.7942060561983,42.76567031326269,9972.173377805273,16.992246029367692,6.600329503959038,0.0,0.0,0.0,9931.624113475178,44.98845612737976
autocracy_support|WVS_E,86.45348635321898,9943.997223597917,0.0,0.0,936.0121275814222,40.20971689925202,20.18519352272898,928.9051741590714,9961.165951276658,9963.103107172046,9956.080200501254,136.19334706540513,9939.690768015931,9939.71478442886,9898.749373433584,9938.601654312459,899.872432460844,48.092291165154364,16.618382797282962,103.43720225472421,12.709630427777718,0.0,51.398985805168536,333.6907112026729,9927.85439404964,30.437908969255716,58.27852426055249,55.77100132489386,17.040404329381488,5.32711057040774,9944.635541075077,9964.209716899251,58.543676964729585,0.0,68.732736593507,90.56405381269265,9958.361019370857,9942.473591389542,146.07589628769338,67.9421128337537,0.0,3.510330633528625,79.50899786519966,23.690177825516173,9931.50994354626,258.14393492994384,925.2829769725121,9942.409982710138,910.8618908122955,51.01762187570094,877.490418653638,0.0,27.730045040627473,9901.860718380041,28.94516349524838
basic_needs_deprivation|WVS_H,9954.266142994824,0.0,0.0,0.0,173.84074166983473,9.716817985300473,0.0,107.81398464682921,0.0,0.0,0.0,9947.4900462602,0.0,322.9202982133206,0.0,0.0,9923.935089102448,0.0,0.0,9963.565432666821,0.0,0.0,0.0,9957.753367844278,0.0,0.0,0.0,0.0,0.0,9969.509527691054,22.511669219270885,0.0,0.0,0.0,0.0,0.0,0.0,15.929612960055572,9920.138552929297,0.0,0.0,0.0,22.78153105001354,0.0,17.813564043286263,22.412618810029443,320.7160039844864,494.78842882542546,9934.9245474539,9.72762645914397,225.13372045653233,0.0,3.6111286314548288,57.7935048917746,0.0
child_qualities_autonomy_self_expression|WVS_A,92.17766489656162,29.06666191706512,936.0121275814222,173.84074166983473,0.0,9953.384472269347,9930.134664462546,20.09943817249949,948.3033921412894,450.24054803667735,943.2176413658834,66.1378695318023,9.71605790815999,5.9448105763827,243.02967144107137,43.49727998434007,323.7801445587805,25.45243221960895,32.11120348458276,56.73691387114979,0.0,0.0,9922.900063033436,18.779969111094942,112.34626300851468,18.41439132037337,134.83118766058746,905.0721961167528,145.42170002227172,19.240814383731795,7.566066861225622,11.786017239547245,17.238481032593313,0.0,394.29196460650667,97.88156926532666,945.4984602354873,8.197630018090344,264.54654219115423,917.610921320468,0.0,7.571223282237227,0.0,48.33511298918634,15.993250670698046,40.99174677858505,9948.190689070449,5.485633739371501,933.0115630321676,9961.13460789672,883.0831124365561,0.0,9967.492029931422,144.15973482580333,652.4083864057931
child_qualities_conformity_tradition|WVS_A,116.9695385621769,10.49141154795398,40.20971689925202,9.716817985300473,9953.384472269347,0.0,9934.332253780378,10.325314418343751,18.726147022033025,4.943187859557668,54.94211240414329,0.0,36.192157292223655,11.17046245011742,890.084403616044,103.01054357564792,918.2447771487687,124.76329034547784,236.96849593600245,5.790234267206941,33.324119675213524,0.0,9927.097652351265,21.86760821870206,43.7845216432119,148.71649142748885,56.67583580194667,41.327016042214694,71.57050885229663,0.0,14.512936268051355,0.0,77.7884113470671,0.0,221.72187715665976,755.5022585983273,8.175581717059778,29.413503645033828,914.1835885742458,106.99369582348304,0.0,0.0,0.0,442.5966365794048,70.52281832562127,111.40315564898634,9942.655321660437,6.226771842506402,109.29437744033763,9955.599240486708,512.280701754386,0.0,9961.95666252141,233.7330630679654,41.330162428007505
child_qualities_prosocial_diligence|WVS_A,203.10380101212172,606.7864271457086,20.18519352272898,0.0,9930.134664462546,9934.332253780378,0.0,924.0277110401963,11.636314244740568,0.0,24.666505498320134,17.55982748982059,56.29523260789857,221.5516070242701,98.95354296777015,81.78301472299633,83.67421462498783,10.23193792053209,10.138355575843832,147.39127035314948,0.33863899244870765,0.0,9931.88515904993,928.8132480837979,638.2626452164795,6.258975262145391,95.38426785899053,10.217693400011314,17.297070333853917,4.671972033138715,35.9961731942964,10.837304285427486,9.474294653935374,0.0,282.1005812005159,105.52786053508747,6.5668895853153515,3.1122573029246396,23.27754831708441,91.44442267669496,0.0,46.32312334458529,11.415708478289517,13.173616962280235,59.21142779580657,325.1055522708389,9919.405513853637,71.86585292459561,23.631486516949863,9939.877000862089,195.19360069605327,0.0,9947.22571625011,0.0,10.17881148748446
civic_dishonesty_tolerance|WVS_F,27.69127407098047,130.69072379991465,928.9051741590714,107.81398464682921,20.09943817249949,10.325314418343751,924.0277110401963,0.0,142.74193548387098,470.6385212104825,390.65614248898703,0.0,0.0,0.0,593.0655751615777,24.55872582501661,123.66038064717127,50.97430117854829,41.43641602710814,29.344422686813317,0.0,0.0,66.0468409543679,0.0,8.7034267764881,36.91152348191085,153.45303028587486,9904.355191256831,123.95364829935738,0.0,53.261873099787344,70.82248282254406,35.38262812456361,0.0,159.27618365001183,54.87643840784756,938.3915068131364,22.502449502562555,346.8719193453757,9898.913776746622,0.0,9937.487954639684,9951.567428655342,81.33904950313641,12.081341084858153,9918.895045531717,73.31334940126365,0.0,0.0,47.10166727418165,9855.520906095917,0.0,45.26620541375269,177.15371707141855,512.8776117218415
confidence_in_civil_society_organizations|WVS_E,0.0,9957.602679909243,9961.165951276658,0.0,948.3033921412894,18.726147022033025,11.636314244740568,142.74193548387098,0.0,9975.394371731914,9968.37146506112,249.76415094339623,9953.296066252587,9952.006048988727,9911.04063799345,9950.892918872327,912.1636970207111,13.427508768974526,2.120516090406859,507.34959614063865,0.0,0.0,14.156450831236114,36.02304774871146,9940.887417218542,6.620980251811893,6.758104191945407,47.585720836361844,0.6851624707080575,8.499556929113716,9957.882134414049,9976.50098145912,16.722387412042586,0.0,1.6115339931161685,9.060224577465945,9970.652283930724,9954.764855949408,55.42598437697225,23.264643954299117,0.0,0.0,7.713551041767449,1.3175768391647864,9945.34670487106,83.4031100478469,937.5742415323792,9954.701247270004,58.28829050729773,13.29434732536157,202.2816832135051,0.0,0.0,9914.151982939908,8.408145226832652
confidence_in_domestic_institutions|WVS_E,0.0,9958.677255451903,9963.103107172046,0.0,450.24054803667735,4.943187859557668,0.0,470.6385212104825,9975.394371731914,0.0,9970.308620956508,151.61090464313213,9954.876862505515,9953.943204884115,9912.977793888838,9952.830074767715,92.67228148752771,4.045653345351248,0.0,429.9216726709474,0.0,0.0,0.0,293.9358549872965,9942.468213471471,0.0,0.0,0.0,0.0,0.0,9958.95670995671,9978.438137354507,2.425777073664399,0.0,3.1078505303663206,18.526083653731092,9972.589439826112,9956.702011844796,0.0,12.034786682673996,0.0,0.0,24.628454283954536,0.0,9946.927501123988,251.3145514620646,939.5113974277673,9956.638403165392,591.7569779342173,8.763372241097287,161.9891093791634,0.0,0.011338386332333528,9916.089138835296,0.0
confidence_in_international_organizations|WVS_E,5.4362110220338735,9951.202737382378,9956.080200501254,0.0,943.2176413658834,54.94211240414329,24.666505498320134,390.65614248898703,9968.37146506112,9970.308620956508,0.0,275.4604896099544,9946.896281800391,9946.920298213321,9905.954887218046,9945.80716809692,495.31324036295223,18.803832971772593,16.539514297361826,446.7082898096772,1.3720527896945498,0.0,15.390671164533671,122.71440680531592,9935.059907834102,9.269666534811407,16.525519262745547,65.17142292322683,10.613920096678719,12.532624354868886,9951.841054859537,9971.415230683713,23.54139854139855,0.0,18.800416341399952,27.534984088234012,9965.566533155317,9949.679105174002,57.12756391830837,66.97769197769198,0.0,1.7507002801120422,49.464618077928165,9.972170686456394,9938.715457330722,198.29964028528622,932.4884907569733,9949.615496494598,168.06740459675666,31.084977765425236,884.6959324380991,0.0,17.45155029630397,9909.066232164501,31.55750142669116
crime_victimization|WVS_H,9930.304398621414,94.19556953239274,136.19334706540513,9947.4900462602,66.1378695318023,0.0,17.55982748982059,0.0,249.76415094339623,151.61090464313213,275.4604896099544,0.0,4.060217195984215,0.0,539.9687430020552,8.798825739268437,9889.909868833969,86.30491150787533,926.0685215965235,9919.773854641184,0.0,0.0,75.24975130011774,9933.791623470868,0.0,66.34364885134602,344.6626163458142,0.0,929.7966184758637,9925.846729135112,321.28836206358613,18.127499166136033,67.20140777938722,0.0,47.282108382720025,51.15303983228512,66.24705560599503,114.33826145331587,9885.848680259447,197.46629523644964,0.0,26.468114024443565,27.734805405190727,191.42645095038287,70.59715718431941,45.99620835966415,154.41565144087548,0.0,9899.141287307357,83.11048601806299,17.709788222109296,0.0,60.62175420661127,0.0,45.74681154473234
democratic_system_evaluation|WVS_E,8.942374536667167,9959.626685960306,9939.690768015931,0.0,9.71605790815999,36.192157292223655,56.29523260789857,0.0,9953.296066252587,9954.876862505515,9946.896281800391,4.060217195984215,0.0,9958.473659810543,9889.565454732723,9949.642771123648,231.1313078425268,3.756436099053033,0.0,50.5361099762721,0.0,0.0,363.36131216359536,0.0,9945.183483471132,3.2186134878920427,763.0156842776671,182.6471390750942,20.35794554976141,0.0,9963.394416456758,9964.653573965916,2.494093934920606,0.0,58.05446346825532,16.818834922897636,9949.177100669995,9961.232466771224,747.9034526013373,269.60494174707156,0.0,131.1320110945948,0.0,10.87163926108294,9949.642771123648,1.379246230504819,43.05175334429394,9961.16885809182,21.32067024114761,70.62213481683031,27.1880070635861,0.0,56.80113714040246,9920.619593761723,149.1938689078618
democratic_values_importance|WVS_E,34.13511153449234,9969.478179523996,9939.71478442886,322.9202982133206,5.9448105763827,11.17046245011742,221.5516070242701,0.0,9952.006048988727,9953.943204884115,9946.920298213321,0.0,9958.473659810543,0.0,9889.589471145651,9947.72227048192,928.4828014062177,13.869572781529882,16.885328171492198,25.01345388009902,0.0,0.0,43.545248616504566,0.0,9943.262982829403,8.959033621144656,58.581463555643715,120.94679541986335,128.6957854411375,0.0,9973.24591002045,9974.505067529608,7.397530141907808,0.0,944.4491669084894,37.097787833081966,9949.201117082925,9971.083960334916,924.4216128316949,922.3135781679052,0.0,0.0,0.0,49.13751019768899,9954.76084258307,2.5213763886336267,24.815331733488634,9971.02035165551,104.38088654627148,14.230629673067511,137.78576928399337,0.0,8.282406077105293,9930.471087325415,776.1586623008493
economic_ideology|WVS_E,76.15660444255995,9893.871910314709,9898.749373433584,0.0,243.02967144107137,890.084403616044,98.95354296777015,593.0655751615777,9911.04063799345,9912.977793888838,9905.954887218046,539.9687430020552,9889.565454732723,9889.589471145651,0.0,9888.47634102925,172.32776433892627,25.162005076973543,94.69819771920315,97.71079607534135,3.630517984584955,0.0,109.85953110781912,471.80069203711196,9877.729080766432,22.669523396891066,243.34484860800652,258.5868645122741,121.41331363299327,330.1041664618938,9894.510227791869,9914.084403616043,35.62707046769313,0.0,276.64052944467096,204.2892269606162,9908.23570608765,9892.348278106334,116.2208532747556,639.9887452519032,0.0,497.5674480318443,35.797024328664705,71.62781853746554,9881.384630263052,772.2819445307482,375.15766368930406,9892.28466942693,629.9673467598568,895.629150697756,452.36510537043,0.0,672.208635316547,9851.735405096833,198.51681990901008
electoral_integrity|WVS_E,10.317022479148683,9940.987800879411,9938.601654312459,0.0,43.49727998434007,103.01054357564792,81.78301472299633,24.55872582501661,9950.892918872327,9952.830074767715,9945.80716809692,8.798825739268437,9949.642771123648,9947.72227048192,9888.47634102925,0.0,899.9924227616332,0.0,14.185232333551951,11.82362168360197,0.0,0.0,205.2673675422503,13.804247328602635,9937.234122089603,0.0,238.55427234402498,898.4391453911497,31.59358840965684,32.083129216621174,9944.755531375866,9953.93668449492,5.567605013748022,0.0,52.35935341900533,32.165418321352576,9948.087986966524,9946.982218889752,145.93123418711042,310.6102569000095,0.0,949.1844347930729,4.481376786493456,15.527319896361846,9941.69340974212,53.36994478903692,94.89449269703016,9948.65473090143,67.9539999651791,250.8468860995731,367.2173862493056,0.0,194.7043081342752,9901.98070868083,152.73010210540875
existential_threat_worry|WVS_H,9896.685965568591,17.355125801594582,899.872432460844,9923.935089102448,323.7801445587805,918.2447771487687,83.67421462498783,123.66038064717127,912.1636970207111,92.67228148752771,495.31324036295223,9889.909868833969,231.1313078425268,928.4828014062177,172.32776433892627,899.9924227616332,0.0,43.69638904365826,902.5135644387709,9916.504435245417,928.645717890573,0.0,8.242295623700286,9900.173190418045,664.7639043398854,57.16886747950858,315.3581592066759,41.346294099622924,435.59779437537765,9922.577309739345,23.493648142524535,0.8878811245058671,53.43799232943378,0.0,236.94014827380727,884.2012734461287,678.5895343456783,8.164685289976788,9882.57926086368,790.5621352907989,0.0,27.795339704196806,0.0,302.2593521409967,299.53387523043955,158.57660571619772,270.1938510927275,95.11242591700373,9895.87186791159,158.55305231102582,0.0,0.0,25.81027873607789,75.81392054258416,490.21827111714754
familial_duty_obligations|WVS_D,3.219257090423966,45.70776076399555,48.092291165154364,0.0,25.45243221960895,124.76329034547784,10.23193792053209,50.97430117854829,13.427508768974526,4.045653345351248,18.803832971772593,86.30491150787533,3.756436099053033,13.869572781529882,25.162005076973543,0.0,43.69638904365826,0.0,9948.72332213298,12.958848590211574,9961.750437983834,0.0,41.35310433047056,35.27791051130649,19.727945292467098,0.0,183.53480818661876,78.33347433719177,28.87420585159783,302.5096160395015,11.952722590139807,190.9896578770751,0.0,0.0,156.74926589858183,31.08221484732593,29.032290925060472,0.0,15.723196643214848,288.4611631129736,0.0,90.38622366072411,0.0,0.0,30.324023716445865,64.15727937496443,45.19492972940577,3.0185688373602417,127.0550193773993,86.68191135041567,98.43944175706494,0.0,34.4842657884589,51.315733931672554,59.098403367618296
female_income_threat_to_marriage|WVS_D,22.93470842123594,101.48450942199767,16.618382797282962,0.0,32.11120348458276,236.96849593600245,10.138355575843832,41.43641602710814,2.120516090406859,0.0,16.539514297361826,926.0685215965235,0.0,16.885328171492198,94.69819771920315,14.185232333551951,902.5135644387709,9948.72332213298,0.0,497.6994635586984,9962.804370653128,0.0,94.24990799288564,18.299056295353893,49.142584851096515,0.0,105.63510339295092,93.17149159159081,7.039710827709108,242.20565008620008,99.79182456815462,1.5208825472125724,1.6024993603469042,0.0,55.90270120153235,27.932970985694453,2.487981308298096,0.16877742152254882,117.1060289473433,68.45195751415288,0.0,30.59174986026367,18.934303575091434,5.664159694668584,2.7186430917550126,25.847590591084057,109.74229076862082,23.570494533025425,580.169689456889,348.39559595889096,334.6770051770194,0.0,140.92949653209772,69.4362765874758,21.78237390454781
freedom_security_tradeoff_perception|WVS_H,9926.549951375806,0.0,103.43720225472421,9963.565432666821,56.73691387114979,5.790234267206941,147.39127035314948,29.344422686813317,507.34959614063865,429.9216726709474,446.7082898096772,9919.773854641184,50.5361099762721,25.01345388009902,97.71079607534135,11.82362168360197,9916.504435245417,12.958848590211574,497.6994635586984,0.0,3.554748742832757,0.0,190.54860621407104,9930.03717622526,0.0,13.247411403121873,771.6551694377147,127.15813180571949,127.48377703749411,9953.53021327616,21.40707874337005,0.0,12.900318139612743,0.0,327.8525431202306,154.0201239258417,20.417680107852526,3.1224008968036046,9912.443246670895,87.76823643092854,0.0,0.17519367022423893,0.0,236.00734276419234,278.11580975560287,910.6628137456346,63.396907467928386,0.0,9925.735853718805,25.303343027801226,62.012357371578034,0.0,0.0,190.76299143488393,60.66093961149155
gender_role_traditionalism|WVS_D,0.0,152.4592778265332,12.709630427777718,0.0,0.0,33.324119675213524,0.33863899244870765,0.0,0.0,0.0,1.3720527896945498,0.0,0.0,0.0,3.630517984584955,0.0,928.645717890573,9961.750437983834,9962.804370653128,3.554748742832757,0.0,0.0,181.60931366209704,0.0,0.0,0.0,197.61585670676578,920.0007297538905,0.0,7.135769681076546,18.268475627612276,33.96953322547654,0.0,0.0,17.955139103160832,0.0,6.110564237066885,0.0,33.2801814899633,55.62863138620715,0.0,256.46030487009943,0.0,0.0,0.0,0.0,10.23603768314004,0.0,19.177949372090268,53.95670296764336,61.19276371549469,0.0,40.471697222946595,123.94169611746213,33.23625998291888
immigrant_origin_status|WVS_G,0.0,0.0,0.0,0.0,0.0,0.0,0.0,0.0,0.0,0.0,0.0,0.0,0.0,0.0,0.0,0.0,0.0,0.0,0.0,0.0,0.0,0.0,0.0,0.0,0.0,0.0,0.0,0.0,0.0,0.0,0.0,0.0,0.0,0.0,0.0,0.0,0.0,0.0,0.0,0.0,0.0,0.0,0.0,0.0,0.0,0.0,0.0,0.0,0.0,0.0,0.0,0.0,0.0,0.0,0.0
importance_of_life_domains|WVS_A,168.0914218052319,218.5994447642156,51.398985805168536,0.0,9922.900063033436,9927.097652351265,9931.88515904993,66.0468409543679,14.156450831236114,0.0,15.390671164533671,75.24975130011774,363.36131216359536,43.545248616504566,109.85953110781912,205.2673675422503,8.242295623700286,41.35310433047056,94.24990799288564,190.54860621407104,181.60931366209704,0.0,0.0,49.78377485981406,916.7423295016531,39.21074541136767,30.598218923774567,20.136599448271,73.61420538880918,0.0,246.02347652708914,7.445478438221478,67.93038391551403,0.0,168.1336316597454,395.9123067250231,16.693399267314426,70.25041573044344,11.741060060387767,231.35186991764516,0.0,33.552299201142354,187.84258221814602,62.10076136115279,198.17565677605126,133.76242370994393,9912.170912424524,276.1255043690468,25.33210474532109,9932.642399432976,24.108512835809677,0.0,9939.991114821,72.56683565023552,52.54738466154704
institutional_threat_perception|WVS_H,9940.56772020549,943.1685685358239,333.6907112026729,9957.753367844278,18.779969111094942,21.86760821870206,928.8132480837979,0.0,36.02304774871146,293.9358549872965,122.71440680531592,9933.791623470868,0.0,0.0,471.80069203711196,13.804247328602635,9900.173190418045,35.27791051130649,18.299056295353893,9930.03717622526,0.0,0.0,49.78377485981406,0.0,3.1091572619391457,25.13638220012821,253.47666256757162,59.19486894802969,49.950049950049944,9936.110050719188,179.4944385671615,226.80351916291073,32.84966399720497,0.0,57.545429966796334,27.092929073127095,143.177043856738,36.11950828529456,9896.112001843523,904.6993137902228,0.0,187.17593070767646,2.6018344772249975,43.318731810477274,5.985978640768728,5.325743865641996,85.31389365987243,1.5969198776382498,9909.404608891433,100.81797633663061,0.0,0.0,138.1927680983799,112.49480967057568,929.427854647796
international_organization_knowledge|WVS_E,0.0,9936.528513226895,9927.85439404964,0.0,112.34626300851468,43.7845216432119,638.2626452164795,8.7034267764881,9940.887417218542,9942.468213471471,9935.059907834102,0.0,9945.183483471132,9943.262982829403,9877.729080766432,9937.234122089603,664.7639043398854,19.727945292467098,49.142584851096515,0.0,0.0,0.0,916.7423295016531,3.1091572619391457,0.0,18.430683242434874,185.5772823514759,81.12438362979657,69.55501988614571,0.0,9940.29624372335,9943.1894242321,32.198917312651844,0.0,10.415879731056904,25.53575627925325,9937.340726703706,9942.522931237234,891.4719465345933,899.8629966371902,0.0,938.4371745302535,144.0206026977073,34.87755605336852,9937.234122089603,63.968063498274006,198.721457398562,9944.195443248911,0.0,933.887598447056,94.56536408172434,0.0,940.245020481758,9897.521421028312,924.5915374947633
job_scarcity_gender_discrimination|WVS_C,7.291343219104476,72.72476263606481,30.437908969255716,0.0,18.41439132037337,148.71649142748885,6.258975262145391,36.91152348191085,6.620980251811893,0.0,9.269666534811407,66.34364885134602,3.2186134878920427,8.959033621144656,22.669523396891066,0.0,57.16886747950858,0.0,0.0,13.247411403121873,0.0,0.0,39.21074541136767,25.13638220012821,18.430683242434874,0.0,9937.765527000822,99.8296453309647,14.38901302893143,252.08823970433878,17.30179145365517,272.08630149806623,0.0,0.0,79.72381550009322,14.000132828584725,15.853295677374845,0.0,4.929065508981083,161.4167496520438,0.0,361.895689449869,0.0,0.0,17.540296738741517,48.87966677932609,40.03686944863415,1.1584712057664106,315.88053543314527,116.63819568231332,316.11930891780133,0.0,48.04643072514553,56.600965631991244,9947.050052414379
job_scarcity_nativist_preference|WVS_C,116.65610438478437,37.77424929856423,58.27852426055249,0.0,134.83118766058746,56.67583580194667,95.38426785899053,153.45303028587486,6.758104191945407,0.0,16.525519262745547,344.6626163458142,763.0156842776671,58.581463555643715,243.34484860800652,238.55427234402498,315.3581592066759,183.53480818661876,105.63510339295092,771.6551694377147,197.61585670676578,0.0,30.598218923774567,253.47666256757162,185.5772823514759,9937.765527000822,0.0,99.24642848010873,67.18221908095325,4.14617064957298,31.411122893371875,0.0,269.61724055944586,0.0,82.22660770058283,275.4293702569565,15.258081846866894,942.2926514687068,138.53274298987662,204.95493467553868,0.0,4.830038935664419,4.871267820908102,85.77304795792192,296.3399040872322,668.9997359853819,340.768703718344,89.28786631871431,909.6809508914607,42.61273974640383,464.5447728504503,0.0,24.38600756409295,615.9654927449203,9931.06444819348
life_autonomy_morality_permissiveness|WVS_F,389.0409774319091,680.1586483447222,55.77100132489386,0.0,905.0721961167528,41.327016042214694,10.217693400011314,9904.355191256831,47.585720836361844,0.0,65.17142292322683,0.0,182.6471390750942,120.94679541986335,258.5868645122741,898.4391453911497,41.346294099622924,78.33347433719177,93.17149159159081,127.15813180571949,920.0007297538905,0.0,20.136599448271,59.19486894802969,81.12438362979657,99.8296453309647,99.24642848010873,0.0,94.80299546524715,0.0,227.19560961040685,22.679724047804925,123.91622003010407,0.0,900.9879491911845,890.6713861612241,20.239326776077775,71.263818655031,37.285105525100136,9878.720780383032,0.0,9919.479569366284,9924.112276277074,111.09909747563485,896.2105421730273,9871.153839801738,894.3430455078428,368.2550761820319,0.0,210.31726736441757,9836.873047161414,0.0,414.39543893484915,5.254120248704737,34.31945111073502
multilevel_place_attachment|WVS_G,34.61193089676061,23.219829062637274,17.040404329381488,0.0,145.42170002227172,71.57050885229663,17.297070333853917,123.95364829935738,0.6851624707080575,0.0,10.613920096678719,929.7966184758637,20.35794554976141,128.6957854411375,121.41331363299327,31.59358840965684,435.59779437537765,28.87420585159783,7.039710827709108,127.48377703749411,0.0,0.0,73.61420538880918,49.950049950049944,69.55501988614571,14.38901302893143,67.18221908095325,94.80299546524715,0.0,51.01028964414531,182.31784078865294,0.0,9948.179949179948,0.0,9945.423093964078,9935.106530934117,0.5340242261303061,82.75329370052097,199.3384633859942,56.7348725243462,0.0,7.577584913174036,335.8321505529627,10.588296302582016,32.337116328761354,62.54272043745729,434.6925494133616,275.4002003122771,190.54173352341525,80.16403642181359,189.93029412479055,0.0,33.43473762543802,182.5405610911605,21.3130374420697
neighborhood_disorder_and_crime|WVS_H,9932.622825869734,6.895001906709126,5.32711057040774,9969.509527691054,19.240814383731795,0.0,4.671972033138715,0.0,8.499556929113716,0.0,12.532624354868886,9925.846729135112,0.0,0.0,330.1041664618938,32.083129216621174,9922.577309739345,302.5096160395015,242.20565008620008,9953.53021327616,7.135769681076546,0.0,0.0,9936.110050719188,0.0,252.08823970433878,4.14617064957298,0.0,51.01028964414531,0.0,18.120906158454297,0.0,102.01479484798259,0.0,504.7368090846352,149.6283016374138,0.0,46.54354803312103,9918.516121164821,50.5024549119523,0.0,0.0,0.0,170.05601295182464,15.7904158512616,0.0,57.6835064249252,0.0,9931.80872821273,5.410033946849126,2.4079657946934816,0.0,0.0,18.308714924595833,4.3755974062879375
offline_political_participation|WVS_E,852.5399832737329,9974.398936170213,9944.635541075077,22.511669219270885,7.566066861225622,14.512936268051355,35.9961731942964,53.261873099787344,9957.882134414049,9958.95670995671,9951.841054859537,321.28836206358613,9963.394416456758,9973.24591002045,9894.510227791869,9944.755531375866,23.493648142524535,11.952722590139807,99.79182456815462,21.40707874337005,18.268475627612276,0.0,246.02347652708914,179.4944385671615,9940.29624372335,17.30179145365517,31.411122893371875,227.19560961040685,182.31784078865294,18.120906158454297,0.0,9979.425824175823,10.211659013047601,0.0,22.362624284633178,929.9643820603608,9955.349206349207,9976.004716981131,32.43515298306629,197.50460508439232,0.0,0.0,0.0,136.70170603824783,9959.681599229287,102.0005330438802,17.29363472784526,9975.941108301728,0.0,5.315068370240105,24.28547329863119,0.0,0.0,9935.39184397163,947.7460856137327
online_political_participation|WVS_E,23.05789638064026,9975.65809367937,9964.209716899251,0.0,11.786017239547245,0.0,10.837304285427486,70.82248282254406,9976.50098145912,9978.438137354507,9971.415230683713,18.127499166136033,9964.653573965916,9974.505067529608,9914.084403616043,9953.93668449492,0.8878811245058671,190.9896578770751,1.5208825472125724,0.0,33.96953322547654,0.0,7.445478438221478,226.80351916291073,9943.1894242321,272.08630149806623,0.0,22.679724047804925,0.0,0.0,9979.425824175823,0.0,115.11227310483817,0.0,0.0,25.29392526499396,9973.696049553317,9977.263874490289,200.87179725733944,0.0,0.0,0.0,0.0,7.279176261944471,9960.940756738444,191.8092736423494,19.244857706396175,9977.200265810885,0.0,0.0,0.0,0.0,0.0,9936.651001480788,0.0
outgroup_trust|WVS_G,15.888376717928438,39.692010358025925,58.543676964729585,0.0,17.238481032593313,77.7884113470671,9.474294653935374,35.38262812456361,16.722387412042586,2.425777073664399,23.54139854139855,67.20140777938722,2.494093934920606,7.397530141907808,35.62707046769313,5.567605013748022,53.43799232943378,0.0,1.6024993603469042,12.900318139612743,0.0,0.0,67.93038391551403,32.84966399720497,32.198917312651844,0.0,269.61724055944586,123.91622003010407,9948.179949179948,102.01479484798259,10.211659013047601,115.11227310483817,0.0,0.0,9940.199229626578,9932.910533910534,38.42725942780918,0.0,17.325521703628937,276.2064980288503,0.0,56.63459352665494,0.0,3.738600899077028,17.02703433341628,58.71321660795344,36.113494106059164,3.372490498166375,237.49458562799578,57.045271387479104,207.1164771633716,0.0,24.58955824011698,63.356285178637464,45.90761466822588
perceived_corruption|WVS_E,0.0,0.0,0.0,0.0,0.0,0.0,0.0,0.0,0.0,0.0,0.0,0.0,0.0,0.0,0.0,0.0,0.0,0.0,0.0,0.0,0.0,0.0,0.0,0.0,0.0,0.0,0.0,0.0,0.0,0.0,0.0,0.0,0.0,0.0,0.0,0.0,0.0,0.0,0.0,0.0,0.0,0.0,0.0,0.0,0.0,0.0,0.0,0.0,0.0,0.0,0.0,0.0,0.0,0.0,0.0
perceived_negative_effects_of_immigration|WVS_G,15.071850341513922,19.676267132326345,68.732736593507,0.0,394.29196460650667,221.72187715665976,282.1005812005159,159.27618365001183,1.6115339931161685,3.1078505303663206,18.800416341399952,47.282108382720025,58.05446346825532,944.4491669084894,276.64052944467096,52.35935341900533,236.94014827380727,156.74926589858183,55.90270120153235,327.8525431202306,17.955139103160832,0.0,168.1336316597454,57.545429966796334,10.415879731056904,79.72381550009322,82.22660770058283,900.9879491911845,9945.423093964078,504.7368090846352,22.362624284633178,0.0,9940.199229626578,0.0,0.0,9923.109666478236,18.75088472629097,780.541307202505,899.5456263659512,178.91050475402193,0.0,10.265991298383469,11.600061723963506,49.80053568738397,315.50024073271123,199.70976717757318,698.2481286829113,780.4776985231007,16.637089618456073,63.12521009695767,184.25510416357102,0.0,26.282006293060086,176.86537112994097,155.2789059054435
perceived_positive_effects_of_immigration|WVS_G,30.97878195697838,284.09928910651604,90.56405381269265,0.0,97.88156926532666,755.5022585983273,105.52786053508747,54.87643840784756,9.060224577465945,18.526083653731092,27.534984088234012,51.15303983228512,16.818834922897636,37.097787833081966,204.2892269606162,32.165418321352576,884.2012734461287,31.08221484732593,27.932970985694453,154.0201239258417,0.0,0.0,395.9123067250231,27.092929073127095,25.53575627925325,14.000132828584725,275.4293702569565,890.6713861612241,9935.106530934117,149.6283016374138,929.9643820603608,25.29392526499396,9932.910533910534,0.0,9923.109666478236,0.0,32.22931864568991,40.886721748160184,435.6956404271614,273.21286804045417,0.0,110.90820098687604,55.32357746265968,26.813407355279267,55.10738863174393,92.8938507885876,222.11181795779672,38.030248252590994,75.25087373769759,927.7136723467061,313.99508156483444,0.0,411.2528639252038,887.1895593653253,140.33699597446548
political_information_sources|WVS_E,40.69992001738504,9955.0697518444,9958.361019370857,0.0,945.4984602354873,8.175581717059778,6.5668895853153515,938.3915068131364,9970.652283930724,9972.589439826112,9965.566533155317,66.24705560599503,9949.177100669995,9949.201117082925,9908.23570608765,9948.087986966524,678.5895343456783,29.032290925060472,2.487981308298096,20.417680107852526,6.110564237066885,0.0,16.693399267314426,143.177043856738,9937.340726703706,15.853295677374845,15.258081846866894,20.239326776077775,0.5340242261303061,0.0,9955.349206349207,9973.696049553317,38.42725942780918,0.0,18.75088472629097,32.22931864568991,0.0,9951.959924043607,118.32818638856695,20.459712048497096,0.0,0.0,17.894561338216306,5.226199920575027,9940.996276200325,135.56863882392085,843.8602187174862,9951.896315364202,587.0148901330272,18.133878396035442,442.5323068632586,0.0,0.0,9911.347051034107,4.603113311029624
postmaterialist_values|WVS_E,20.302627368351963,9972.236986484679,9942.473591389542,15.929612960055572,8.197630018090344,29.413503645033828,3.1122573029246396,22.502449502562555,9954.764855949408,9956.702011844796,9949.679105174002,114.33826145331587,9961.232466771224,9971.083960334916,9892.348278106334,9946.982218889752,8.164685289976788,0.0,0.16877742152254882,3.1224008968036046,0.0,0.0,70.25041573044344,36.11950828529456,9942.522931237234,0.0,942.2926514687068,71.263818655031,82.75329370052097,46.54354803312103,9976.004716981131,9977.263874490289,0.0,0.0,780.541307202505,40.886721748160184,9951.959924043607,0.0,0.0,925.0723851285875,0.0,0.9834536898312933,0.0,4.6361763999522125,9957.519649543752,63.923759201673604,17.62776263466553,9973.779158616193,40.473026840287005,16.98943663374969,23.87790957800891,0.0,4.362584648632769,9933.229894286096,141.66256730074707
precautionary_security_behaviors|WVS_H,9892.62477699407,49.03142910491455,146.07589628769338,9920.138552929297,264.54654219115423,914.1835885742458,23.27754831708441,346.8719193453757,55.42598437697225,0.0,57.12756391830837,9885.848680259447,747.9034526013373,924.4216128316949,116.2208532747556,145.93123418711042,9882.57926086368,15.723196643214848,117.1060289473433,9912.443246670895,33.2801814899633,0.0,11.741060060387767,9896.112001843523,891.4719465345933,4.929065508981083,138.53274298987662,37.285105525100136,199.3384633859942,9918.516121164821,32.43515298306629,200.87179725733944,17.325521703628937,0.0,899.5456263659512,435.6956404271614,118.32818638856695,0.0,0.0,877.4100376253671,0.0,190.91163789478964,0.0,60.79557922875894,910.8573020405321,543.4043060305637,221.48980537534754,74.17563464238452,9891.810679337066,292.30409457198965,4.172551322100304,0.0,89.58146881696659,65.13897535430478,110.68774587178615
religion_versus_secularism_orientation|WVS_F,526.2120889407689,45.417823829863266,67.9421128337537,0.0,917.610921320468,106.99369582348304,91.44442267669496,9898.913776746622,23.264643954299117,12.034786682673996,66.97769197769198,197.46629523644964,269.60494174707156,922.3135781679052,639.9887452519032,310.6102569000095,790.5621352907989,288.4611631129736,68.45195751415288,87.76823643092854,55.62863138620715,0.0,231.35186991764516,904.6993137902228,899.8629966371902,161.4167496520438,204.95493467553868,9878.720780383032,56.7348725243462,50.5024549119523,197.50460508439232,0.0,276.2064980288503,0.0,178.91050475402193,273.21286804045417,20.459712048497096,925.0723851285875,877.4100376253671,0.0,0.0,9935.848351275748,9936.651001480788,87.20463521400288,265.89212451959963,9883.324951310597,906.8817707115579,325.0087764491832,892.4606845513414,127.35325772000994,9858.089212392684,0.0,61.28425158904419,319.24212081473877,80.55485897897319
religious_belief|WVS_F,0.0,0.0,0.0,0.0,0.0,0.0,0.0,0.0,0.0,0.0,0.0,0.0,0.0,0.0,0.0,0.0,0.0,0.0,0.0,0.0,0.0,0.0,0.0,0.0,0.0,0.0,0.0,0.0,0.0,0.0,0.0,0.0,0.0,0.0,0.0,0.0,0.0,0.0,0.0,0.0,0.0,0.0,0.0,0.0,0.0,0.0,0.0,0.0,0.0,0.0,0.0,0.0,0.0,0.0,0.0
religious_exclusivism|WVS_F,196.19652324408867,0.0,3.510330633528625,0.0,7.571223282237227,0.0,46.32312334458529,9937.487954639684,0.0,0.0,1.7507002801120422,26.468114024443565,131.1320110945948,0.0,497.5674480318443,949.1844347930729,27.795339704196806,90.38622366072411,30.59174986026367,0.17519367022423893,256.46030487009943,0.0,33.552299201142354,187.17593070767646,938.4371745302535,361.895689449869,4.830038935664419,9919.479569366284,7.577584913174036,0.0,0.0,0.0,56.63459352665494,0.0,10.265991298383469,110.90820098687604,0.0,0.9834536898312933,190.91163789478964,9935.848351275748,0.0,0.0,9979.882331479941,43.81159999231213,108.2305973758948,9921.89912920366,23.105801440637286,0.0,29.14995847572733,0.0,9901.320542391837,0.0,0.0,312.3062267336236,12.004910818528089
religious_practice_and_self_identification|WVS_F,74.34766856033387,0.0,79.50899786519966,22.78153105001354,0.0,0.0,11.415708478289517,9951.567428655342,7.713551041767449,24.628454283954536,49.464618077928165,27.734805405190727,0.0,0.0,35.797024328664705,4.481376786493456,0.0,0.0,18.934303575091434,0.0,0.0,0.0,187.84258221814602,2.6018344772249975,144.0206026977073,0.0,4.871267820908102,9924.112276277074,335.8321505529627,0.0,0.0,0.0,0.0,0.0,11.600061723963506,55.32357746265968,17.894561338216306,0.0,0.0,9936.651001480788,0.0,9979.882331479941,0.0,26.0066949894632,0.0,9935.978603219319,0.0,0.0,0.0,0.0,9902.123192596877,0.0,0.0,0.0,328.53312265076966
science_skepticism|WVS_I,23.759504389502908,151.46577593113096,23.690177825516173,0.0,48.33511298918634,442.5966365794048,13.173616962280235,81.33904950313641,1.3175768391647864,0.0,9.972170686456394,191.42645095038287,10.87163926108294,49.13751019768899,71.62781853746554,15.527319896361846,302.2593521409967,0.0,5.664159694668584,236.00734276419234,0.0,0.0,62.10076136115279,43.318731810477274,34.87755605336852,0.0,85.77304795792192,111.09909747563485,10.588296302582016,170.05601295182464,136.70170603824783,7.279176261944471,3.738600899077028,0.0,49.80053568738397,26.813407355279267,5.226199920575027,4.6361763999522125,60.79557922875894,87.20463521400288,0.0,43.81159999231213,26.0066949894632,0.0,28.84451117965483,65.75022406711233,109.48807847084672,25.134143701173087,579.9154771591149,448.14138366111683,879.8773383337907,0.0,177.71232127136068,109.32927071325474,35.71804808768184
science_technology_optimism|WVS_E,71.9658999174998,9955.913868732834,9931.50994354626,17.813564043286263,15.993250670698046,70.52281832562127,59.21142779580657,12.081341084858153,9945.34670487106,9946.927501123988,9938.715457330722,70.59715718431941,9949.642771123648,9954.76084258307,9881.384630263052,9941.69340974212,299.53387523043955,30.324023716445865,2.7186430917550126,278.11580975560287,0.0,0.0,198.17565677605126,5.985978640768728,9937.234122089603,17.540296738741517,296.3399040872322,896.2105421730273,32.337116328761354,15.7904158512616,9959.681599229287,9960.940756738444,17.02703433341628,0.0,315.50024073271123,55.10738863174393,9940.996276200325,9957.519649543752,910.8573020405321,265.89212451959963,0.0,108.2305973758948,0.0,28.84451117965483,0.0,19.653661072753223,65.32903512672299,9957.456040864348,116.45760139613434,79.8552324340074,91.61276284065667,0.0,54.8684712257921,9916.906776534252,167.35625627159118
