construct,acceptance_of_state_surveillance|WVS_H,authoritarian_governance_tolerance|WVS_E,autocracy_support|WVS_E,basic_needs_deprivation|WVS_H,child_qualities_autonomy_self_expression|WVS_A,child_qualities_conformity_tradition|WVS_A,child_qualities_prosocial_diligence|WVS_A,civic_dishonesty_tolerance|WVS_F,confidence_in_civil_society_organizations|WVS_E,confidence_in_domestic_institutions|WVS_E,confidence_in_international_organizations|WVS_E,crime_victimization|WVS_H,democratic_system_evaluation|WVS_E,democratic_values_importance|WVS_E,economic_ideology|WVS_E,electoral_integrity|WVS_E,existential_threat_worry|WVS_H,familial_duty_obligations|WVS_D,female_income_threat_to_marriage|WVS_D,freedom_security_tradeoff_perception|WVS_H,gender_role_traditionalism|WVS_D,immigrant_origin_status|WVS_G,importance_of_life_domains|WVS_A,institutional_threat_perception|WVS_H,international_organization_knowledge|WVS_E,job_scarcity_gender_discrimination|WVS_C,job_scarcity_nativist_preference|WVS_C,life_autonomy_morality_permissiveness|WVS_F,multilevel_place_attachment|WVS_G,neighborhood_disorder_and_crime|WVS_H,offline_political_participation|WVS_E,online_political_participation|WVS_E,outgroup_trust|WVS_G,perceived_corruption|WVS_E,perceived_negative_effects_of_immigration|WVS_G,perceived_positive_effects_of_immigration|WVS_G,political_information_sources|WVS_E,postmaterialist_values|WVS_E,precautionary_security_behaviors|WVS_H,religion_versus_secularism_orientation|WVS_F,religious_belief|WVS_F,religious_exclusivism|WVS_F,religious_practice_and_self_identification|WVS_F,science_skepticism|WVS_I,science_technology_optimism|WVS_E,sexual_and_reproductive_morality_permissiveness|WVS_F,social_intolerance_outgroups|WVS_A,societal_change_attitudes|WVS_E,socioeconomic_insecurity_worry|WVS_H,subjective_wellbeing|WVS_A,violence_tolerance|WVS_F,voluntary_association_active_membership|WVS_A,voluntary_association_belonging|WVS_A,voting_participation|WVS_E,work_ethic|WVS_C
acceptance_of_state_surveillance|WVS_H,0.0,9999.0,139.43950786056047,9999.0,149.63297571993223,146.73353627822428,169.3404634581105,144.53288646837032,161.068800514647,150.61701783693485,173.61360709768894,152.47355501553903,136.87293099057803,196.3485663250761,180.37518037518035,152.19155844155844,155.35721934547638,148.48733284888235,150.2071023453495,161.5642890152694,147.82345123458228,129.87012987012986,140.08463446665692,172.33392389837945,175.75217258789377,154.44015444015443,159.4973653797183,150.07215007215007,152.5223832597486,162.1542299508401,141.99134199134198,148.61164659306166,150.80050759224935,9999.0,165.186082041396,154.31914703588498,163.72541680121478,162.76486671223512,143.49410807176474,150.11304484988693,142.12503183091417,9999.0,140.16879104417723,164.1208873938478,176.28099331766637,138.3447061413163,140.87122998014087,138.4244498016953,139.63575487012986,170.54147115446517,9999.0,9999.0,9999.0,9999.0,140.47458374075552
authoritarian_governance_tolerance|WVS_E,9999.0,0.0,9999.0,9999.0,9999.0,9999.0,9999.0,9999.0,9999.0,9999.0,9999.0,9999.0,9999.0,9999.0,9999.0,9999.0,9999.0,9999.0,9999.0,9999.0,9999.0,9999.0,9999.0,9999.0,9999.0,9999.0,9999.0,9999.0,9999.0,9999.0,9999.0,9999.0,9999.0,9999.0,9999.0,9999.0,9999.0,9999.0,9999.0,9999.0,9999.0,9999.0,9999.0,9999.0,9999.0,9999.0,9999.0,9999.0,9999.0,9999.0,9999.0,9999.0,9999.0,9999.0,9999.0
autocracy_support|WVS_E,139.43950786056047,9999.0,0.0,9999.0,19.53125,19.49317738791423,48.76625412092748,15.948963317384369,33.01599221370821,22.805002994471366,43.74347722755908,26.666666666666668,16.298721653395006,66.47843645494625,60.07442849548112,31.890806561859193,34.783010008293346,17.513134851138354,20.759193357058127,34.17875261978531,18.832391713747647,9.569377990430622,12.406947890818858,51.759714561196425,47.699364286954996,25.025829411089425,36.101083032490976,19.49317738791423,21.929824561403507,32.706320962548716,20.03265461404941,19.16373760477029,23.696682464454977,9999.0,37.13327374045719,24.752475247524753,34.27750781292339,42.464114832535884,15.441299770825959,27.3224043715847,12.67427122940431,9999.0,10.298661174047373,39.69761850826105,48.2281850167276,8.896797153024911,11.862396204033216,15.35257507426442,11.507479861910241,41.093562166173804,9999.0,9999.0,9999.0,9999.0,11.60092807424594
basic_needs_deprivation|WVS_H,9999.0,9999.0,9999.0,0.0,9999.0,9999.0,9999.0,9999.0,9999.0,9999.0,9999.0,9999.0,9999.0,9999.0,9999.0,9999.0,9999.0,9999.0,9999.0,9999.0,9999.0,9999.0,9999.0,9999.0,9999.0,9999.0,9999.0,9999.0,9999.0,9999.0,9999.0,9999.0,9999.0,9999.0,9999.0,9999.0,9999.0,9999.0,9999.0,9999.0,9999.0,9999.0,9999.0,9999.0,9999.0,9999.0,9999.0,9999.0,9999.0,9999.0,9999.0,9999.0,9999.0,9999.0,9999.0
child_qualities_autonomy_self_expression|WVS_A,149.63297571993223,9999.0,19.53125,9999.0,0.0,23.8332213271177,48.46017663709379,23.99089546946665,35.5608426579373,25.349853438700457,48.6887184925361,30.784007365145687,18.587360594795538,71.42367771992326,70.26789635485287,40.85341230313635,30.903129657228014,27.390610914638373,20.79002079002079,29.91814467224303,22.026431718061673,19.76284584980237,20.466918355376748,54.04835350259695,50.24421473118409,25.25252525252525,39.45285207904672,24.57002457002457,26.52460385668085,35.251171406777814,22.577505058278504,14.903129657228016,30.4169796655652,9999.0,39.67812418468628,22.471910112359552,32.25806451612903,52.657582691907635,17.98615021505505,32.83237483980978,19.267822736030826,9999.0,15.243902439024389,35.437010560718775,48.78048780487805,11.441647597254004,19.77498093058734,12.953367875647668,19.646365422396855,36.83295421863152,9999.0,9999.0,9999.0,9999.0,17.241379310344826
child_qualities_conformity_tradition|WVS_A,146.73353627822428,9999.0,19.49317738791423,9999.0,23.8332213271177,0.0,47.87585296059872,24.370860927152318,36.51076879054699,26.299779571310147,49.39377937089608,31.008944518027253,15.408320493066256,72.12873859828325,67.36845691314494,39.184834979523,33.892608847964595,25.77319587628866,24.25396993389691,35.42317828032114,21.978021978021978,16.863406408094434,21.416844487986438,50.869313400867675,51.19414086379378,27.77777777777778,38.032754882206525,26.12105711849957,27.47452998929054,36.201097539387504,23.527431190888194,20.408163265306122,29.335897094737565,9999.0,40.62805031729597,24.875621890547265,37.77228438976218,49.758143250199694,18.93607634766474,29.653334738080503,19.267822736030826,9999.0,15.948963317384369,40.94204416879688,51.72296159356638,12.391573729863694,20.72490706319703,13.333333333333334,17.57469244288225,42.33798782670963,9999.0,9999.0,9999.0,9999.0,15.772870662460567
child_qualities_prosocial_diligence|WVS_A,169.3404634581105,9999.0,48.76625412092748,9999.0,48.46017663709379,47.87585296059872,0.0,45.73013193702849,60.56570168689896,53.77766280934902,73.52269859714767,48.06815649249346,32.467532467532465,96.25765782453485,89.97538409303114,61.79176215940922,49.557046979865774,44.08193432583676,46.961872717131186,42.918454935622314,46.96028609072087,39.47033358798064,41.608300292029725,67.92852537533389,70.92198581560284,55.29617741464838,55.091966856672734,51.19412422783209,48.116984736703046,60.796144365549466,43.10344827586207,33.557046979865774,46.39510906920377,9999.0,64.68298321364796,52.862066284885074,65.25016762780105,72.3650704300859,42.991009244016716,46.71254671254671,42.02776191303916,9999.0,40.077882543635965,45.45454545454546,52.35602094240838,39.869456967902565,41.6587089381207,46.325234889142074,40.58441558441558,55.48687154126928,9999.0,9999.0,9999.0,9999.0,40.60422896875297
civic_dishonesty_tolerance|WVS_F,144.53288646837032,9999.0,15.948963317384369,9999.0,23.99089546946665,24.370860927152318,45.73013193702849,0.0,28.83595370414351,24.875621890547265,51.51964132502246,28.863223494457017,13.262599469496022,74.25460055240963,65.16780710329097,36.98418516966905,31.746887824394356,24.877001327800322,23.683621509708466,35.05509517533565,25.28254183883323,14.66275659824047,16.260162601626018,48.72359237729744,43.51932577739029,27.59381898454746,35.88703385863629,23.82525137898522,26.78555908988198,36.482820214684125,17.33102253032929,20.04008016032064,26.17801047120419,9999.0,32.953235230892496,29.590403289551823,38.21543915883538,47.55749344034573,11.26126126126126,27.507613714510267,20.348514558437234,9999.0,18.07482527151075,40.51055587276578,44.0481465071629,17.493305515058495,17.152658662092627,11.037527593818984,19.193857965451055,41.96990472172415,9999.0,9999.0,9999.0,9999.0,17.33102253032929
confidence_in_civil_society_organizations|WVS_E,161.068800514647,9999.0,33.01599221370821,9999.0,35.5608426579373,36.51076879054699,60.56570168689896,28.83595370414351,0.0,34.24135910954892,59.22968912036768,43.461554828574975,31.521119561053393,81.96464834775486,81.70372114956763,53.520099215945706,32.67973856209151,40.068158378067665,29.997052691329454,42.02366972204821,39.386370633202375,31.198670644517126,29.92037145522793,66.98211246885481,49.83275695901128,40.24822731874781,52.13039954247601,32.38950725769706,36.95453740412256,47.928718870207106,32.865212320558086,27.008654707033195,36.26628122792898,9999.0,39.26666641251349,40.09363595525198,44.52887034045637,64.09340748662238,17.57469244288225,45.766133806067636,29.981640333701108,9999.0,25.784873066855976,47.542535610523956,50.36157768878388,24.119195060683296,32.45252839401663,26.14367273422758,34.14928533149573,48.938479268436694,9999.0,9999.0,9999.0,9999.0,32.99230952385987
confidence_in_domestic_institutions|WVS_E,150.61701783693485,9999.0,22.805002994471366,9999.0,25.349853438700457,26.299779571310147,53.77766280934902,24.875621890547265,34.24135910954892,0.0,49.81142816480467,33.25056560933814,21.31013034181655,72.54638739219185,71.25193847185548,43.06831653823355,39.794418696714885,29.85716915883082,25.77060204547967,39.19016130820685,29.175381413965535,20.74688796680498,22.123893805309734,56.771123249617965,48.924731182795696,30.03723809951097,41.91941032323916,30.030030030030026,28.9911621008733,37.717729650970256,25.044063302470953,24.175146293191833,32.88353790975765,9999.0,38.358640636297906,29.88264673601514,39.28891650134493,53.64162480891024,16.666666666666668,35.55514458683079,20.920502092050206,9999.0,16.366612111292962,44.7090271966826,49.4535519125683,13.908205841446453,22.24153917477979,20.36398376268596,23.93829611225889,46.104970854595344,9999.0,9999.0,9999.0,9999.0,22.471910112359552
confidence_in_international_organizations|WVS_E,173.61360709768894,9999.0,43.74347722755908,9999.0,48.6887184925361,49.39377937089608,73.52269859714767,51.51964132502246,59.22968912036768,49.81142816480467,0.0,53.24679625153151,41.05516612961521,89.62459133441058,94.24852773260957,64.89135693401485,59.53945448451354,49.49618041948281,48.75875173498184,63.30476915497332,52.277207767259355,43.74347722755908,43.52546121480203,76.51615903741663,73.91306119361447,53.52513733865227,63.56529798122255,53.26983751636972,50.16722408026756,61.83233749773673,44.290803038327326,48.289754139958305,43.66812227074236,9999.0,63.34697064711667,53.997254582781615,63.403524348111404,72.8148947936692,41.654996677485435,45.04504504504504,49.79310069582173,9999.0,33.44481605351171,68.30312253288497,74.44188192338707,38.02281368821293,43.434826043521696,40.48211373120348,45.52211073950205,70.21957870136183,9999.0,9999.0,9999.0,9999.0,44.117174644760375
crime_victimization|WVS_H,152.47355501553903,9999.0,26.666666666666668,9999.0,30.784007365145687,31.008944518027253,48.06815649249346,28.863223494457017,43.461554828574975,33.25056560933814,53.24679625153151,0.0,15.600624024960997,75.98175547891869,73.10847565045967,44.924853716837745,34.08491237985933,27.215025883265294,31.204755971924897,40.291982049652354,30.0933776481494,22.603425145409176,24.741391849458253,51.06161693276242,58.14492690182176,35.040579745626815,38.22505841410127,31.272012140064575,31.250076294131574,43.15188357741549,22.471910112359552,29.609300219637063,29.528200626632305,9999.0,47.578836355323965,35.31680066246037,44.72307042779016,55.498161987514436,25.88686238569273,29.84563826997524,25.16085347046769,9999.0,19.801980198019802,42.84858042823075,58.67374763159437,19.342359767891683,24.791800495549232,18.484288354898336,23.717507141844113,51.53912478104057,9999.0,9999.0,9999.0,9999.0,23.7373205261815
democratic_system_evaluation|WVS_E,136.87293099057803,9999.0,16.298721653395006,9999.0,18.587360594795538,15.408320493066256,32.467532467532465,13.262599469496022,31.521119561053393,21.31013034181655,41.05516612961521,15.600624024960997,0.0,63.79012535700238,57.507851625498674,29.324229691876752,18.484288354898336,11.614401858304298,19.26432070440331,24.691358024691358,14.492753623188404,7.002801120448178,9.140767824497258,35.46099290780142,46.20449163430018,23.530956758434613,22.62443438914027,18.726591760299623,15.64945226917058,28.328611898016998,18.456337060919118,17.668864952115477,13.927576601671309,9999.0,35.63840108780238,23.376365394938787,32.782635160268576,39.897537962553436,13.946427118171144,14.245014245014245,9.560229445506693,9999.0,7.610350076103502,27.247956403269754,46.73331236407279,7.401924500370097,9.191176470588236,13.857702421609606,8.116883116883116,39.59868951351899,9999.0,9999.0,9999.0,9999.0,8.136696501220504
democratic_values_importance|WVS_E,196.3485663250761,9999.0,66.47843645494625,9999.0,71.42367771992326,72.12873859828325,96.25765782453485,74.25460055240963,81.96464834775486,72.54638739219185,89.62459133441058,75.98175547891869,63.79012535700238,0.0,116.98348695999675,87.62631616140203,82.27441371190072,72.23113964686999,71.49371096236902,86.57940568052928,75.01216699464652,66.47843645494625,66.2604204421892,99.25111826480381,96.40372202196328,76.26009656603944,86.30025720860972,76.00479674375688,72.90218330765474,85.3342942313362,67.02576226571449,71.56439066551427,67.56756756756756,9999.0,86.08192987450384,77.87174925053012,91.26749457914448,95.54985402105636,64.38995590487261,63.291139240506325,72.5280599232089,9999.0,56.17977528089888,91.03808176027214,97.17684115077424,69.67285087983015,66.16978527090887,63.21707295859065,68.25706996688922,93.49421522691777,9999.0,9999.0,9999.0,9999.0,66.85213387214755
economic_ideology|WVS_E,180.37518037518035,9999.0,60.07442849548112,9999.0,70.26789635485287,67.36845691314494,89.97538409303114,65.16780710329097,81.70372114956763,71.25193847185548,94.24852773260957,73.10847565045967,57.507851625498674,116.98348695999675,0.0,72.82647907647907,59.1715976331361,69.12225348380298,70.84202298027016,60.6060606060606,68.45837186950293,50.5050505050505,60.71955510157757,92.96884453330009,96.3870932228144,75.07507507507506,80.13228601463895,70.7070707070707,73.15730389466925,82.78915058576075,62.626262626262616,69.24656722798233,71.43542822716998,9999.0,85.82100267631661,74.95406767080563,84.36033743613542,83.39978734715575,64.12902870668538,65.35947712418302,62.759952465834814,9999.0,60.80371167909787,68.9655172413793,89.59156785243741,58.97962677623694,61.5061506150615,59.059370436615936,60.2706755050505,91.17639178938583,9999.0,9999.0,9999.0,9999.0,61.10950437567616
electoral_integrity|WVS_E,152.19155844155844,9999.0,31.890806561859193,9999.0,40.85341230313635,39.184834979523,61.79176215940922,36.98418516966905,53.520099215945706,43.06831653823355,64.89135693401485,44.924853716837745,29.324229691876752,87.62631616140203,72.82647907647907,0.0,47.80851804677509,40.93863155018105,41.274160909915565,54.015587716568106,40.274749935881,22.321428571428573,32.53593316795564,64.78522259967816,68.20347128919249,45.54079696394687,51.94866408101702,42.52344877344878,44.4947209653092,53.22128851540616,34.442640692640694,39.67870515762773,43.25180629354806,9999.0,57.63738074269469,45.38620560045104,54.79247536578083,55.21616541353383,35.94540677306345,42.56434355118566,34.576330532212886,9999.0,31.446540880503143,56.572186095146506,68.7322920189651,29.41176470588235,33.32252868143958,30.875748502994014,28.81844380403458,61.60852971903124,9999.0,9999.0,9999.0,9999.0,32.92588244205424
existential_threat_worry|WVS_H,155.35721934547638,9999.0,34.783010008293346,9999.0,30.903129657228014,33.892608847964595,49.557046979865774,31.746887824394356,32.67973856209151,39.794418696714885,59.53945448451354,34.08491237985933,18.484288354898336,82.27441371190072,59.1715976331361,47.80851804677509,0.0,30.098690213202634,29.404825737265416,31.015015015015013,32.97704197808674,25.487089475346515,27.625056179395592,53.94528126269975,57.692026780279974,37.73913043478261,41.1087227440386,36.0,34.13374062406891,46.812900252915334,36.94062541581745,16.0,32.411864956569644,9999.0,31.645569620253163,35.3050193050193,47.84688995215311,58.381826317451775,25.433962264150942,32.72930259991258,28.04451780040503,9999.0,26.094638431001837,28.73563218390805,34.84320557491289,25.886212855268433,27.67546482548657,32.34199077650794,26.601171471781452,37.92982456140351,9999.0,9999.0,9999.0,9999.0,26.620984856118838
familial_duty_obligations|WVS_D,148.48733284888235,9999.0,17.513134851138354,9999.0,27.390610914638373,25.77319587628866,44.08193432583676,24.877001327800322,40.068158378067665,29.85716915883082,49.49618041948281,27.215025883265294,11.614401858304298,72.23113964686999,69.12225348380298,40.93863155018105,30.098690213202634,0.0,27.811359521417586,36.30575988299566,26.107155481492704,18.617202978752477,20.755169682801558,47.07539476610572,54.75153045131445,31.028071419672038,34.23883624744457,27.2595038141098,27.26385412747488,39.75848712690818,22.831050228310502,26.21590376912975,25.541978459975606,9999.0,44.18543990481665,31.923404211953056,41.32967397728285,51.511939820857734,22.493465935185416,25.859416103318544,21.17463130381099,9999.0,16.051364365971107,38.86235826157405,55.280351181087056,15.948963317384369,16.835016835016834,14.471780028943561,16.69449081803005,48.14572833053326,9999.0,9999.0,9999.0,9999.0,15.384615384615383
female_income_threat_to_marriage|WVS_D,150.2071023453495,9999.0,20.759193357058127,9999.0,20.79002079002079,24.25396993389691,46.961872717131186,23.683621509708466,29.997052691329454,25.77060204547967,48.75875173498184,31.204755971924897,19.26432070440331,71.49371096236902,70.84202298027016,41.274160909915565,29.404825737265416,27.811359521417586,0.0,28.41984075228043,27.129571776552297,20.336972475219657,19.569471624266146,54.72531361220473,44.68042476457624,27.99142846209773,39.87360068582593,24.390243902439025,26.94535246346006,35.67192001355702,22.998253665057714,13.404825737265416,30.837728272344414,9999.0,34.11433421807844,26.595744680851062,31.152647975077883,53.23170931732492,12.422360248447205,33.50933494941756,20.28397565922921,9999.0,15.313935681470138,33.93870664075618,34.602076124567475,11.862396204033216,17.301038062283737,13.850415512465373,21.892486474845654,35.33465029866892,9999.0,9999.0,9999.0,9999.0,20.73551066720979
freedom_security_tradeoff_perception|WVS_H,161.5642890152694,9999.0,34.17875261978531,9999.0,29.91814467224303,35.42317828032114,42.918454935622314,35.05509517533565,42.02366972204821,39.19016130820685,63.30476915497332,40.291982049652354,24.691358024691358,86.57940568052928,60.6060606060606,54.015587716568106,31.015015015015013,36.30575988299566,28.41984075228043,0.0,39.18411164787976,31.694159145139537,33.09819765515968,60.15235093249278,56.70704179529499,36.75414544979762,47.31579241383163,35.01501501501501,40.340810293861935,49.091479276284204,36.417812927784894,15.015015015015013,38.618934626362666,9999.0,46.140951248797194,34.32003432003432,36.231884057971016,51.54639175257732,24.44897727916596,38.9363722697056,33.39736795619149,9999.0,30.399630399630396,26.041666666666668,28.98550724637681,25.281955466760394,30.837799825141595,31.737733387999903,32.80824114157447,36.94483957641852,9999.0,9999.0,9999.0,9999.0,32.82805452591186
gender_role_traditionalism|WVS_D,147.82345123458228,9999.0,18.832391713747647,9999.0,22.026431718061673,21.978021978021978,46.96028609072087,25.28254183883323,39.386370633202375,29.175381413965535,52.277207767259355,30.0933776481494,14.492753623188404,75.01216699464652,68.45837186950293,40.274749935881,32.97704197808674,26.107155481492704,27.129571776552297,39.18411164787976,0.0,17.953321364452425,19.607843137254903,49.953746530989825,54.06974270644916,30.80130563574272,37.117188012328675,27.032738030180482,29.99304574107724,39.07669938204289,26.40303303354358,25.534116024264463,28.42033022485971,9999.0,43.503652159951365,26.80965147453083,40.64788623241756,50.84805820655768,21.81167819032013,28.73776786820265,22.42152466367713,9999.0,18.832391713747647,41.74071002645816,54.59856343622177,15.267175572519083,14.970059880239521,14.245014245014245,16.863406408094434,36.496350364963504,9999.0,9999.0,9999.0,9999.0,15.552099533437016
immigrant_origin_status|WVS_G,129.87012987012986,9999.0,9.569377990430622,9999.0,19.76284584980237,16.863406408094434,39.47033358798064,14.66275659824047,31.198670644517126,20.74688796680498,43.74347722755908,22.603425145409176,7.002801120448178,66.47843645494625,50.5050505050505,22.321428571428573,25.487089475346515,18.617202978752477,20.336972475219657,31.694159145139537,17.953321364452425,0.0,10.214504596527068,42.463794028249595,45.88204271776391,24.57002457002457,29.62723550958845,20.2020202020202,22.652253389618757,32.284100080710246,12.121212121212121,18.74151672293182,20.930377722119488,9999.0,35.31595217126611,24.44901716575513,33.85528693108492,32.89473684210526,13.623978201634877,20.242914979757085,12.254901960784313,9999.0,10.298661174047373,34.25075752371793,46.410863447536514,8.474576271186441,11.001100110011002,8.55431993156544,9.765625,40.671341284335334,9999.0,9999.0,9999.0,9999.0,10.604453870625663
importance_of_life_domains|WVS_A,140.08463446665692,9999.0,12.406947890818858,9999.0,20.466918355376748,21.416844487986438,41.608300292029725,16.260162601626018,29.92037145522793,22.123893805309734,43.52546121480203,24.741391849458253,9.140767824497258,66.2604204421892,60.71955510157757,32.53593316795564,27.625056179395592,20.755169682801558,19.569471624266146,33.09819765515968,19.607843137254903,10.214504596527068,0.0,44.60176073229868,44.60374352847471,23.31002331002331,31.76520221363753,19.157088122605362,23.86634844868735,32.834794567646554,15.037593984962406,18.083182640144663,23.068344426168565,9999.0,34.03765298197691,21.73913043478261,34.40598141802123,43.109241438632324,12.345679012345679,23.385782069511503,13.157894736842106,9999.0,10.080645161290322,36.388724227767014,45.132564258247314,9.025270758122744,17.34349134178631,8.818342151675484,12.77139208173691,40.01300720154817,9999.0,9999.0,9999.0,9999.0,11.82033096926714
institutional_threat_perception|WVS_H,172.33392389837945,9999.0,51.759714561196425,9999.0,54.04835350259695,50.869313400867675,67.92852537533389,48.72359237729744,66.98211246885481,56.771123249617965,76.51615903741663,51.06161693276242,35.46099290780142,99.25111826480381,92.96884453330009,64.78522259967816,53.94528126269975,47.07539476610572,54.72531361220473,60.15235093249278,49.953746530989825,42.463794028249595,44.60176073229868,0.0,81.6654845421016,58.991949666236025,58.08542729694169,54.18758466810104,51.110445176972,63.78960480581841,53.91732996872054,52.91005291005291,49.38856950947273,9999.0,71.09939399560379,58.8373583027402,68.24362806807,75.35853087035485,49.407420025972556,49.706007152815666,45.02122235330811,9999.0,43.07134298390492,62.70894931107117,82.1943052718742,42.86291740817151,44.65216937838966,49.31869532941102,43.577876024684535,74.83987747145642,9999.0,9999.0,9999.0,9999.0,43.597689409021925
international_organization_knowledge|WVS_E,175.75217258789377,9999.0,47.699364286954996,9999.0,50.24421473118409,51.19414086379378,70.92198581560284,43.51932577739029,49.83275695901128,48.924731182795696,73.91306119361447,58.14492690182176,46.20449163430018,96.40372202196328,96.3870932228144,68.20347128919249,57.692026780279974,54.75153045131445,44.68042476457624,56.70704179529499,54.06974270644916,45.88204271776391,44.60374352847471,81.6654845421016,0.0,54.931599391994595,66.8137716157228,47.07287933094385,51.63790947736934,62.61209094345389,47.54858439380487,41.692026780279974,34.129692832764505,9999.0,53.95003848576027,54.77700802849877,59.21224241370315,76.78070505219931,32.25806451612903,33.11258278145695,44.66501240694789,9999.0,40.46824514010276,53.763440860215056,65.04494976203067,38.80256713393008,47.13590046726342,40.827044807474365,48.83265740474252,32.362459546925564,9999.0,9999.0,9999.0,9999.0,47.67568159710666
job_scarcity_gender_discrimination|WVS_C,154.44015444015443,9999.0,25.025829411089425,9999.0,25.25252525252525,27.77777777777778,55.29617741464838,27.59381898454746,40.24822731874781,30.03723809951097,53.52513733865227,35.040579745626815,23.530956758434613,76.26009656603944,75.07507507507506,45.54079696394687,37.73913043478261,31.028071419672038,27.99142846209773,36.75414544979762,30.80130563574272,24.57002457002457,23.31002331002331,58.991949666236025,54.931599391994595,0.0,44.02881886325595,29.344015175894715,31.211988517491363,39.93855606758832,27.264889719089012,21.73913043478261,35.104364326375716,9999.0,44.3655088454968,31.746031746031747,41.509742917962996,57.46476141212983,22.673534875865563,37.77597100344886,25.0,9999.0,20.080321285140563,42.27301133827337,55.4604201217672,16.129032258064516,19.569471624266146,16.556291390728475,26.159122528876953,43.668954996186116,9999.0,9999.0,9999.0,9999.0,25.00214672124109
job_scarcity_nativist_preference|WVS_C,159.4973653797183,9999.0,36.101083032490976,9999.0,39.45285207904672,38.032754882206525,55.091966856672734,35.88703385863629,52.13039954247601,41.91941032323916,63.56529798122255,38.22505841410127,22.62443438914027,86.30025720860972,80.13228601463895,51.94866408101702,41.1087227440386,34.23883624744457,39.87360068582593,47.31579241383163,37.117188012328675,29.62723550958845,31.76520221363753,58.08542729694169,66.8137716157228,44.02881886325595,0.0,40.26025125769371,38.27388665831085,50.953046287157264,34.36426116838488,38.278144933538094,36.55201099081158,9999.0,56.247681069224996,43.985645376361404,53.39191514169119,62.521972351693705,34.55570709959376,36.869448634154516,32.18466383464696,9999.0,30.12048192771084,49.87239079241002,67.3425923454954,28.011204481792713,31.815610859728505,27.47252747252747,30.741317506023385,60.20796949494161,9999.0,9999.0,9999.0,9999.0,30.761130890360775
life_autonomy_morality_permissiveness|WVS_F,150.07215007215007,9999.0,19.49317738791423,9999.0,24.57002457002457,26.12105711849957,51.19412422783209,23.82525137898522,32.38950725769706,30.030030030030026,53.26983751636972,31.272012140064575,18.726591760299623,76.00479674375688,70.7070707070707,42.52344877344878,36.0,27.2595038141098,24.390243902439025,35.01501501501501,27.032738030180482,20.2020202020202,19.157088122605362,54.18758466810104,47.07287933094385,29.344015175894715,40.26025125769371,0.0,28.535755281229232,38.23301640603138,25.510204081632654,20.0,31.871693250815092,9999.0,36.506788784446044,31.340599480899076,41.768992712388936,53.09675704412546,14.814814814814813,32.971606005313866,22.098710749784487,9999.0,19.825021462858004,40.53388090349076,47.60170006071645,19.24350170640575,18.45018450184502,12.78772378516624,22.80776386532656,41.92982456140351,9999.0,9999.0,9999.0,9999.0,21.50537634408602
multilevel_place_attachment|WVS_G,152.5223832597486,9999.0,21.929824561403507,9999.0,26.52460385668085,27.47452998929054,48.116984736703046,26.78555908988198,36.95453740412256,28.9911621008733,50.16722408026756,31.250076294131574,15.64945226917058,72.90218330765474,73.15730389466925,44.4947209653092,34.13374062406891,27.26385412747488,26.94535246346006,40.340810293861935,29.99304574107724,22.652253389618757,23.86634844868735,51.110445176972,51.63790947736934,31.211988517491363,38.27388665831085,28.535755281229232,0.0,38.892480068950654,20.120724346076457,25.349896711172228,29.577028870841886,9999.0,41.071818930871544,31.057397153995538,40.46366691932533,55.54699023172402,19.37984496124031,29.894466514184824,23.20185614849188,9999.0,16.722408026755854,42.897408672440335,52.166730207141946,15.082956259426847,23.41628959276018,15.748031496062993,23.766335386053697,47.27972127257574,9999.0,9999.0,9999.0,9999.0,23.786148770391083
neighborhood_disorder_and_crime|WVS_H,162.1542299508401,9999.0,32.706320962548716,9999.0,35.251171406777814,36.201097539387504,60.796144365549466,36.482820214684125,47.928718870207106,37.717729650970256,61.83233749773673,43.15188357741549,28.328611898016998,85.3342942313362,82.78915058576075,53.22128851540616,46.812900252915334,39.75848712690818,35.67192001355702,49.091479276284204,39.07669938204289,32.284100080710246,32.834794567646554,63.78960480581841,62.61209094345389,39.93855606758832,50.953046287157264,38.23301640603138,38.892480068950654,0.0,34.9453812705483,34.07646426126919,42.25618849968831,9999.0,52.04600039695609,39.7839647040925,49.190234469422286,65.1788369228155,30.354026427324854,42.57362614303124,34.75627958548339,9999.0,29.15451895043732,54.61034516475995,63.1409116732265,23.809523809523807,32.14285714285714,25.44529262086514,33.83961408033625,56.0062888226727,9999.0,9999.0,9999.0,9999.0,32.68263827270038
offline_political_participation|WVS_E,141.99134199134198,9999.0,20.03265461404941,9999.0,22.577505058278504,23.527431190888194,43.10344827586207,17.33102253032929,32.865212320558086,25.044063302470953,44.290803038327326,22.471910112359552,18.456337060919118,67.02576226571449,62.626262626262616,34.442640692640694,36.94062541581745,22.831050228310502,22.998253665057714,36.417812927784894,26.40303303354358,12.121212121212121,15.037593984962406,53.91732996872054,47.54858439380487,27.264889719089012,34.36426116838488,25.510204081632654,20.120724346076457,34.9453812705483,0.0,21.402797912769877,17.543859649122805,9999.0,36.982493847307076,27.110298355593187,36.516568120922976,45.015948963317385,15.290519877675841,18.93939393939394,14.814814814814813,9999.0,10.845986984815617,41.666666666666664,48.07740512357748,11.135857461024498,16.80672268907563,17.59163538226401,15.082956259426847,43.33262247417339,9999.0,9999.0,9999.0,9999.0,15.037593984962406
online_political_participation|WVS_E,148.61164659306166,9999.0,19.16373760477029,9999.0,14.903129657228016,20.408163265306122,33.557046979865774,20.04008016032064,27.008654707033195,24.175146293191833,48.289754139958305,29.609300219637063,17.668864952115477,71.56439066551427,69.24656722798233,39.67870515762773,16.0,26.21590376912975,13.404825737265416,15.015015015015013,25.534116024264463,18.74151672293182,18.083182640144663,52.91005291005291,41.692026780279974,21.73913043478261,38.278144933538094,20.0,25.349896711172228,34.07646426126919,21.402797912769877,0.0,28.125551049197675,9999.0,31.125936233782177,19.305019305019304,35.64765111164386,51.63625356503708,9.433962264150944,31.91387919712972,18.38235294117647,9999.0,15.384615384615383,20.53388090349076,42.22084751005258,10.26694045174538,15.822784810126581,16.72271837298489,20.297030722557817,21.929824561403507,9999.0,9999.0,9999.0,9999.0,19.140054914921954
outgroup_trust|WVS_G,150.80050759224935,9999.0,23.696682464454977,9999.0,30.4169796655652,29.335897094737565,46.39510906920377,26.17801047120419,36.26628122792898,32.88353790975765,43.66812227074236,29.528200626632305,13.927576601671309,67.56756756756756,71.43542822716998,43.25180629354806,32.411864956569644,25.541978459975606,30.837728272344414,38.618934626362666,28.42033022485971,20.930377722119488,23.068344426168565,49.38856950947273,34.129692832764505,35.104364326375716,36.55201099081158,31.871693250815092,29.577028870841886,42.25618849968831,17.543859649122805,28.125551049197675,0.0,9999.0,40.38356275467797,34.949772962879884,44.35604272820967,46.948356807511736,18.69158878504673,26.315789473684212,23.487806047178,9999.0,17.543859649122805,41.17553300494106,51.47847403094836,18.975332068311197,23.118753072259544,19.083969465648853,22.044459718554425,50.055375610601175,9999.0,9999.0,9999.0,9999.0,22.06427310289181
perceived_corruption|WVS_E,9999.0,9999.0,9999.0,9999.0,9999.0,9999.0,9999.0,9999.0,9999.0,9999.0,9999.0,9999.0,9999.0,9999.0,9999.0,9999.0,9999.0,9999.0,9999.0,9999.0,9999.0,9999.0,9999.0,9999.0,9999.0,9999.0,9999.0,9999.0,9999.0,9999.0,9999.0,9999.0,9999.0,0.0,9999.0,9999.0,9999.0,9999.0,9999.0,9999.0,9999.0,9999.0,9999.0,9999.0,9999.0,9999.0,9999.0,9999.0,9999.0,9999.0,9999.0,9999.0,9999.0,9999.0,9999.0
perceived_negative_effects_of_immigration|WVS_G,165.186082041396,9999.0,37.13327374045719,9999.0,39.67812418468628,40.62805031729597,64.68298321364796,32.953235230892496,39.26666641251349,38.358640636297906,63.34697064711667,47.578836355323965,35.63840108780238,86.08192987450384,85.82100267631661,57.63738074269469,31.645569620253163,44.18543990481665,34.11433421807844,46.140951248797194,43.503652159951365,35.31595217126611,34.03765298197691,71.09939399560379,53.95003848576027,44.3655088454968,56.247681069224996,36.506788784446044,41.071818930871544,52.04600039695609,36.982493847307076,31.125936233782177,40.38356275467797,9999.0,0.0,44.21091748200097,48.64615186720536,68.21068901337136,21.691973969631235,49.883415332816625,34.09892186045009,9999.0,29.902154593604962,51.65981713727294,54.47885921553287,28.236476587432282,36.569809920765614,30.260954260976565,38.266566858244715,53.055760795185684,9999.0,9999.0,9999.0,9999.0,37.109591050608856
perceived_positive_effects_of_immigration|WVS_G,154.31914703588498,9999.0,24.752475247524753,9999.0,22.471910112359552,24.875621890547265,52.862066284885074,29.590403289551823,40.09363595525198,29.88264673601514,53.997254582781615,35.31680066246037,23.376365394938787,77.87174925053012,74.95406767080563,45.38620560045104,35.3050193050193,31.923404211953056,26.595744680851062,34.32003432003432,26.80965147453083,24.44901716575513,21.73913043478261,58.8373583027402,54.77700802849877,31.746031746031747,43.985645376361404,31.340599480899076,31.057397153995538,39.7839647040925,27.110298355593187,19.305019305019304,34.949772962879884,9999.0,44.21091748200097,0.0,41.35515155446717,57.34375400786039,22.518943512369738,37.62137963995303,25.974025974025974,9999.0,21.691973969631235,39.83890020851007,55.24861878453038,15.974440894568689,18.315018315018314,18.552875695732837,24.330900243309003,33.11258278145695,9999.0,9999.0,9999.0,9999.0,22.72727272727273
political_information_sources|WVS_E,163.72541680121478,9999.0,34.27750781292339,9999.0,32.25806451612903,37.77228438976218,65.25016762780105,38.21543915883538,44.52887034045637,39.28891650134493,63.403524348111404,44.72307042779016,32.782635160268576,91.26749457914448,84.36033743613542,54.79247536578083,47.84688995215311,41.32967397728285,31.152647975077883,36.231884057971016,40.64788623241756,33.85528693108492,34.40598141802123,68.24362806807,59.21224241370315,41.509742917962996,53.39191514169119,41.768992712388936,40.46366691932533,49.190234469422286,36.516568120922976,35.64765111164386,44.35604272820967,9999.0,48.64615186720536,41.35515155446717,0.0,66.75002377319018,26.954177897574123,47.027649405282816,39.36112578839298,9999.0,35.08771929824561,43.47826086956522,59.741063143475756,25.38071065989848,33.71404399323181,31.83648858113799,35.41080093071092,41.32231404958678,9999.0,9999.0,9999.0,9999.0,34.25382512307505
postmaterialist_values|WVS_E,162.76486671223512,9999.0,42.464114832535884,9999.0,52.657582691907635,49.758143250199694,72.3650704300859,47.55749344034573,64.09340748662238,53.64162480891024,72.8148947936692,55.498161987514436,39.897537962553436,95.54985402105636,83.39978734715575,55.21616541353383,58.381826317451775,51.511939820857734,53.23170931732492,51.54639175257732,50.84805820655768,32.89473684210526,43.109241438632324,75.35853087035485,76.78070505219931,57.46476141212983,62.521972351693705,53.09675704412546,55.54699023172402,65.1788369228155,45.015948963317385,51.63625356503708,46.948356807511736,9999.0,68.21068901337136,57.34375400786039,66.75002377319018,0.0,46.51871504374014,43.66812227074236,45.14963880288957,9999.0,39.37007874015748,61.34969325153375,79.30560028964177,41.3693131132917,43.89583695211626,41.4490567736707,37.735849056603776,73.5660781264406,9999.0,9999.0,9999.0,9999.0,43.49919071273092
precautionary_security_behaviors|WVS_H,143.49410807176474,9999.0,15.441299770825959,9999.0,17.98615021505505,18.93607634766474,42.991009244016716,11.26126126126126,17.57469244288225,16.666666666666668,41.654996677485435,25.88686238569273,13.946427118171144,64.38995590487261,64.12902870668538,35.94540677306345,25.433962264150942,22.493465935185416,12.422360248447205,24.44897727916596,21.81167819032013,13.623978201634877,12.345679012345679,49.407420025972556,32.25806451612903,22.673534875865563,34.55570709959376,14.814814814814813,19.37984496124031,30.354026427324854,15.290519877675841,9.433962264150944,18.69158878504673,9999.0,21.691973969631235,22.518943512369738,26.954177897574123,46.51871504374014,0.0,28.191441363185387,12.406947890818858,9999.0,8.210180623973727,29.967843167641703,32.78688524590164,6.544502617801047,14.877835951134381,8.56898029134533,16.574592888613484,31.36378682555445,9999.0,9999.0,9999.0,9999.0,15.417617080977623
religion_versus_secularism_orientation|WVS_F,150.11304484988693,9999.0,27.3224043715847,9999.0,32.83237483980978,29.653334738080503,46.71254671254671,27.507613714510267,45.766133806067636,35.55514458683079,45.04504504504504,29.84563826997524,14.245014245014245,63.291139240506325,65.35947712418302,42.56434355118566,32.72930259991258,25.859416103318544,33.50933494941756,38.9363722697056,28.73776786820265,20.242914979757085,23.385782069511503,49.706007152815666,33.11258278145695,37.77597100344886,36.869448634154516,32.971606005313866,29.894466514184824,42.57362614303124,18.93939393939394,31.91387919712972,26.315789473684212,9999.0,49.883415332816625,37.62137963995303,47.027649405282816,43.66812227074236,28.191441363185387,0.0,23.80524369052094,9999.0,21.855364321117747,41.32231404958678,45.04504504504504,21.64693874538434,23.43619071560248,27.027027027027028,22.361897361897363,43.10344827586207,9999.0,9999.0,9999.0,9999.0,22.38171074623475
religious_belief|WVS_F,142.12503183091417,9999.0,12.67427122940431,9999.0,19.267822736030826,19.267822736030826,42.02776191303916,20.348514558437234,29.981640333701108,20.920502092050206,49.79310069582173,25.16085347046769,9.560229445506693,72.5280599232089,62.759952465834814,34.576330532212886,28.04451780040503,21.17463130381099,20.28397565922921,33.39736795619149,22.42152466367713,12.254901960784313,13.157894736842106,45.02122235330811,44.66501240694789,25.0,32.18466383464696,22.098710749784487,23.20185614849188,34.75627958548339,14.814814814814813,18.38235294117647,23.487806047178,9999.0,34.09892186045009,25.974025974025974,39.36112578839298,45.14963880288957,12.406947890818858,23.80524369052094,0.0,9999.0,16.348284642310016,36.808185848776446,45.19383313672049,15.766764885857759,12.531328320802006,9.31098696461825,13.986013986013987,40.31217750257998,9999.0,9999.0,9999.0,9999.0,12.88659793814433
religious_exclusivism|WVS_F,9999.0,9999.0,9999.0,9999.0,9999.0,9999.0,9999.0,9999.0,9999.0,9999.0,9999.0,9999.0,9999.0,9999.0,9999.0,9999.0,9999.0,9999.0,9999.0,9999.0,9999.0,9999.0,9999.0,9999.0,9999.0,9999.0,9999.0,9999.0,9999.0,9999.0,9999.0,9999.0,9999.0,9999.0,9999.0,9999.0,9999.0,9999.0,9999.0,9999.0,9999.0,0.0,9999.0,9999.0,9999.0,9999.0,9999.0,9999.0,9999.0,9999.0,9999.0,9999.0,9999.0,9999.0,9999.0
