construct,acceptance_of_state_surveillance|WVS_H,authoritarian_governance_tolerance|WVS_E,autocracy_support|WVS_E,basic_needs_deprivation|WVS_H,child_qualities_autonomy_self_expression|WVS_A,child_qualities_conformity_tradition|WVS_A,child_qualities_prosocial_diligence|WVS_A,civic_dishonesty_tolerance|WVS_F,confidence_in_civil_society_organizations|WVS_E,confidence_in_domestic_institutions|WVS_E,confidence_in_international_organizations|WVS_E,crime_victimization|WVS_H,democratic_system_evaluation|WVS_E,democratic_values_importance|WVS_E,economic_ideology|WVS_E,electoral_integrity|WVS_E,existential_threat_worry|WVS_H,familial_duty_obligations|WVS_D,female_income_threat_to_marriage|WVS_D,freedom_security_tradeoff_perception|WVS_H,gender_role_traditionalism|WVS_D,immigrant_origin_status|WVS_G,importance_of_life_domains|WVS_A,institutional_threat_perception|WVS_H,international_organization_knowledge|WVS_E,job_scarcity_gender_discrimination|WVS_C,job_scarcity_nativist_preference|WVS_C,life_autonomy_morality_permissiveness|WVS_F,multilevel_place_attachment|WVS_G,neighborhood_disorder_and_crime|WVS_H,offline_political_participation|WVS_E,online_political_participation|WVS_E,outgroup_trust|WVS_G,perceived_corruption|WVS_E,perceived_negative_effects_of_immigration|WVS_G,perceived_positive_effects_of_immigration|WVS_G,political_information_sources|WVS_E,postmaterialist_values|WVS_E,precautionary_security_behaviors|WVS_H,religion_versus_secularism_orientation|WVS_F,religious_belief|WVS_F,religious_exclusivism|WVS_F,religious_practice_and_self_identification|WVS_F,science_skepticism|WVS_I,science_technology_optimism|WVS_E,sexual_and_reproductive_morality_permissiveness|WVS_F,social_intolerance_outgroups|WVS_A,societal_change_attitudes|WVS_E,socioeconomic_insecurity_worry|WVS_H,subjective_wellbeing|WVS_A,violence_tolerance|WVS_F,voluntary_association_active_membership|WVS_A,voluntary_association_belonging|WVS_A,voting_participation|WVS_E,work_ethic|WVS_C
acceptance_of_state_surveillance|WVS_H,0.0,910.3406876379428,147.92771568721386,9890.78005888438,863.2907817108376,213.1513359995363,264.404609475032,315.06748826291084,716.6746462199546,906.1723631149317,197.5889115117931,9912.520287326342,802.1338506779342,170.16559281572876,256.74560181602436,856.0438938854007,9913.025821596244,869.8672504567987,197.72397827827177,9872.391791811848,99.61183770402465,0.0,901.3294130665023,9948.498794569217,61.35512532146983,258.72371021769595,465.66688988033724,434.4368969137238,87.10790026479813,9949.551795622217,0.0,23.124412132703213,111.10701432483376,141.56110500166184,12.48741121834783,881.9043936414828,37.87257453178211,835.555393804111,9941.97892110047,617.9805364005922,203.2861964726074,889.5692998571137,875.0587488648036,190.2010352714578,80.62073166130344,587.677506097562,149.27196631747785,156.36912643954898,9950.895279724324,42.177082100445816,86.9695987066879,0.0,0.0,353.613771937172,152.39612081617662
authoritarian_governance_tolerance|WVS_E,910.3406876379428,0.0,9900.135127479607,291.79238174707774,121.17029195753983,9.481401371354579,600.4815327083654,82.96259331442593,9889.013073381459,9911.84412360977,9880.583147143314,0.0,9798.776065336231,9909.659334114236,9855.891789118621,9853.698604896026,325.8603205871532,38.97530401465934,231.03448275862073,842.4082162807248,22.022484228991672,7.888940115772755,20.360724123137302,0.0,9908.948517593011,67.38275738821274,0.0,293.80419857558354,0.0,0.0,0.0,9932.317307189816,872.2109533468561,9887.083688855122,469.73912980487216,6.223212959849505,9929.177612168372,9841.227154298947,0.0,59.82236154649948,12.580458549659127,0.0,64.98673740053053,248.22268044951312,9891.859130628374,853.7735849056604,0.0,9908.00127357134,41.86472602954315,193.2102908783,0.0,0.0,0.0,9924.502923736358,471.5526013074628
autocracy_support|WVS_E,147.92771568721386,9900.135127479607,0.0,176.69214578486762,854.0852215525019,90.10242429293106,800.6535947712418,889.1952614379085,9873.135752728285,9895.966802956596,9884.353048323155,0.0,9791.928290519598,9896.802137920551,9889.397184514832,9845.838333727064,161.2305178481649,154.77933735728658,59.05413240565042,452.42152577115905,331.6761188155303,0.0,119.39658018089389,6.959901077548139,9942.453912989222,916.184816726027,7.664920093278653,256.05840442456116,21.5113626628535,10.311752705261824,0.0,9954.095322562604,171.16452315693303,9913.9642404955,48.20938729189626,72.6988334831472,9950.74393745037,9825.349833645776,151.16466528995988,26.068209324963306,83.8049470912141,19.252628587666948,91.1680911680912,294.95558907323607,9916.569017656813,530.8528983201786,30.74297381590786,9937.83023294788,106.62414579549548,91.79505135387488,7.988380537400147,0.0,0.0,9908.625603083185,238.42865589593617
basic_needs_deprivation|WVS_H,9890.78005888438,291.79238174707774,176.69214578486762,0.0,816.2301853214839,168.21962097247354,34.30185633575465,551.41495157385,290.10136743213997,81.4315839541724,833.2870241733815,9908.08532465139,761.5920114506728,0.0,101.48905510190076,54.97166901101818,9851.754237288136,68.02091440056216,146.06011456735774,9818.00081900082,3.896186561338979,0.0,23.666766241340554,9887.227210261108,17.970167320460888,19.291528404095416,248.44988646891483,0.7889581584228154,857.2783309625415,9888.28021131411,0.0,0.0,0.0,0.0,70.86239585412773,828.5734790549656,0.6880143106976391,782.2244792175936,9901.437081873208,397.52232624628766,0.0,605.3233931522336,40.11531161358175,497.51919455309286,0.0,52.12088440278782,0.0,75.44345408112596,9889.623695416214,0.0,13.446077720667688,0.0,0.0,0.0,193.24324324324323
child_qualities_autonomy_self_expression|WVS_A,863.2907817108376,121.17029195753983,854.0852215525019,816.2301853214839,0.0,9844.612696740107,9719.098293447927,138.33453292329165,195.66789859740726,184.2333550206029,140.21990245572,862.3018113427382,227.49348757119515,66.501125709712,226.50854985818313,62.11215420635102,824.2649601145934,650.4891017721811,72.2488310823353,242.86341677646027,0.0,886.7649601145934,9859.601614086574,859.7379330875664,862.8986116659061,50.016013664994105,405.1457944805578,143.8081864045353,94.80246071165979,315.3363886860219,0.0,0.0,359.03383748652914,388.0255595886267,847.1764274873083,484.82275931083655,105.3515450067174,771.807092806798,0.0,30.691530691530716,184.09901062127165,799.808438375463,823.8402728811998,177.36325071288397,102.10345537254011,265.2423788105947,9870.776296725588,242.89031623994953,62.807562807562846,9867.408859234547,13.086162574239864,0.0,0.0,73.40258128943427,105.40015540015543
child_qualities_conformity_tradition|WVS_A,213.1513359995363,9.481401371354579,90.10242429293106,168.21962097247354,9844.612696740107,0.0,9791.181069958848,315.5053453211666,74.39379132591537,27.72868866268952,126.88052351076031,43.62946952822227,223.01555245751416,55.211620686144755,881.9246597024375,116.14358669244882,296.3477366255144,142.61907530132157,560.9982742599229,855.7137068411179,28.466751897873024,0.0,9895.303460133247,13.121522606617447,66.5603355452481,77.20381733736173,36.61554417155553,890.4430224693099,0.9753623010426367,5.866411381415432,0.0,8.734598992444802,849.6708049813225,110.57334833616726,117.03154846984033,62.0636258934131,19.028988395551224,108.3072186486338,0.0,340.5621916896027,29.76395565772181,84.65717233319248,192.613441092839,916.1126938904716,131.31871506664208,855.7137068411179,9922.260548013415,53.814498258942706,44.1073046437031,9939.465383684337,0.0,0.0,0.0,11.844425994539378,896.6227977502087
child_qualities_prosocial_diligence|WVS_A,264.404609475032,600.4815327083654,800.6535947712418,34.30185633575465,9719.098293447927,9791.181069958848,0.0,755.2083333333334,740.1488246237104,762.979874852021,465.65183450429356,0.0,658.9413624150234,34.08548008624615,256.4102564102564,13.700136543166877,141.20370370370367,580.9425219363108,324.3727598566308,256.515093022621,324.0049801846393,0.0,9757.136924803592,806.3063063063063,112.49728791494906,308.513678095136,796.1586121437423,50.64290489141456,244.66729170113553,432.35930735930737,0.0,124.13869748833079,0.0,0.0,185.96158962210376,294.2674609341276,120.78731237609747,406.64861982691446,799.7864328375587,760.5023338519671,68.49706955423443,746.3768115942029,313.0123844409559,790.5982905982906,86.61239258254187,164.981912244589,9796.746144721234,638.1766381766382,433.7027914614122,9813.950980392157,808.641975308642,0.0,0.0,69.75632203743251,271.10839445802776
civic_dishonesty_tolerance|WVS_F,315.06748826291084,82.96259331442593,889.1952614379085,551.41495157385,138.33453292329165,315.5053453211666,755.2083333333334,0.0,78.69049129037714,59.85487485202097,57.299091233072005,0.0,215.6611684366448,44.560989863571336,614.1826923076924,469.84886109322787,859.375,143.70889354519528,311.90432551319645,374.296525771159,42.480857377621774,0.0,27.340723523451942,421.16376244665713,898.0086515513126,66.81798666066751,884.7002788104089,9852.470285843796,571.3041964630403,166.17124429624428,0.0,131.87228334691662,820.694542877392,269.51897905759165,242.45197423748834,303.44404823571494,306.29867601246104,689.9954812987758,0.0,9848.044000518634,9861.921089162077,9833.91847826087,9840.056533827617,96.53126161278337,175.15405924920853,9817.740970215604,68.10599320608219,893.3849715099715,351.7899126735333,903.4926470588235,9896.183641975309,0.0,0.0,0.0,692.9833944580278
confidence_in_civil_society_organizations|WVS_E,716.6746462199546,9889.013073381459,9873.135752728285,290.10136743213997,195.66789859740726,74.39379132591537,740.1488246237104,78.69049129037714,0.0,9884.844748858448,9853.583772391992,0.0,9771.77669058491,9885.148007590133,9847.951208390334,9849.134710372698,469.31549129037717,82.243042144394,702.6610644257703,815.4088415294033,52.146765391648614,433.13128076406133,10.499675226945072,7.839912225312602,9881.94914284169,89.68004285207735,13.210540141855432,850.1381571575953,75.34304527073311,0.0,0.0,9905.317932438495,867.6470588235294,9880.827731092437,854.5044609359036,43.3949612031804,9902.17823741705,9814.227779547628,0.0,132.49423938089646,41.88465671795467,75.70010972758934,84.08748114630467,158.19809561415792,9866.256637168142,542.4568057311421,5.020125593321723,9888.295867045703,170.70950712237746,888.4331383492007,0.0,0.0,0.0,9903.049063571618,481.31793243849415
confidence_in_domestic_institutions|WVS_E,906.1723631149317,9911.84412360977,9895.966802956596,81.4315839541724,184.2333550206029,27.72868866268952,762.979874852021,59.85487485202097,9884.844748858448,0.0,9876.414822620301,0.0,9795.261847816459,9913.632374309793,9876.435575109994,9877.61907709236,144.9243192964654,31.645776210993603,120.03432003432005,838.2398917577137,50.67379440917696,83.49269536484148,6.741386107102699,0.0,9904.78019307,61.82565819399208,0.0,873.0043541364296,23.131213852388356,0.0,0.0,9928.148982666804,280.74681015857493,9909.312097812097,353.5259873546902,0.0,9925.009287645362,9837.058829775937,0.0,33.355236843608935,13.193494563973417,8.544532706040599,36.97534420425987,181.02914584246844,9891.859130628374,687.1069182389938,0.0,9916.780233765365,74.49293830306891,196.97847429179689,0.0,0.0,0.0,9931.533430291278,201.72962782809498
confidence_in_international_organizations|WVS_E,197.5889115117931,9880.583147143314,9884.353048323155,833.2870241733815,140.21990245572,126.88052351076031,465.65183450429356,57.299091233072005,9853.583772391992,9876.414822620301,0.0,0.0,9763.346764346765,9874.23003312477,9840.10970996217,9837.918359425541,855.532786885246,79.71101599098273,858.1113801452784,814.8987571008494,104.64873879508028,0.0,19.75986932818566,42.52091137337041,9893.166438436558,116.89734217336442,42.14838827629998,849.6280727290414,116.32911184480693,14.573343541389633,0.0,9904.807848009941,856.4307078763709,9869.61138014528,166.4943765073496,38.33203833203831,9901.456462897708,9805.797853309481,0.0,277.3754494093477,75.23158562819361,98.67179296846498,85.12603215993047,102.57047142293044,9867.28154310415,820.5128205128206,15.645596115758849,9888.542758395217,518.4022450133248,613.9361482297838,0.0,0.0,0.0,9891.832712624459,355.8078480099403
crime_victimization|WVS_H,9912.520287326342,0.0,0.0,9908.08532465139,862.3018113427382,43.62946952822227,0.0,0.0,0.0,0.0,0.0,0.0,242.44624616757937,0.0,0.0,0.0,9879.491096695547,0.0,0.0,9848.78730946473,198.18317858380325,15.734623210412877,0.0,9928.45304334843,0.0,47.01789667447838,0.0,159.43555706503486,316.842774427435,9934.02528384696,0.0,206.76717714848525,0.0,0.0,718.0167687089577,0.0,0.924779424339846,35.495803101436934,9947.508707894462,0.0,0.0,0.0,0.0,16.2106425072503,65.55124286448809,21.43812445912988,0.0,0.0,9914.174195847812,263.43969899581805,0.0,0.0,0.0,0.0,0.0
democratic_system_evaluation|WVS_E,802.1338506779342,9798.776065336231,9791.928290519598,761.5920114506728,227.49348757119515,223.01555245751416,658.9413624150234,215.6611684366448,9771.77669058491,9795.261847816459,9763.346764346765,242.44624616757937,0.0,9822.183706555883,9747.684952158614,9736.20371006527,763.1080290816901,350.75288868568384,427.75856671609864,656.0147861388139,28.206333922986772,260.39063777734225,128.54408537705297,283.9032704804517,9800.741680633002,114.05689036177853,798.1663929939792,461.7190321415673,181.04217655787164,145.61766735679777,0.0,9836.832967956996,748.8401080601625,9806.071596244132,786.019496454405,396.33977133977135,9822.44064386318,9723.9907715024,0.0,549.6455413279191,161.78842295735714,741.923320605765,769.2020990103888,199.53965301331402,9813.907141966845,545.0523654749007,111.25576991359927,9796.118000591661,179.71330983733753,581.2158874874793,0.0,0.0,0.0,9829.085162135605,503.5105739331092
democratic_values_importance|WVS_E,170.16559281572876,9909.659334114236,9896.802137920551,0.0,66.501125709712,55.211620686144755,34.08548008624615,44.560989863571336,9885.148007590133,9913.632374309793,9874.23003312477,0.0,9822.183706555883,0.0,9881.158039509877,9882.341541492244,0.0,26.31076934650956,902.5345622119816,0.0,0.0,4.011288247348432,0.0,110.90375537567343,9905.615528033955,0.0,924.4661517492049,0.0,342.0926694161448,4.46841580960016,0.0,9941.706815357948,35.98902507820914,9914.034562211982,79.57258913837637,882.2230401177769,9927.314491264131,9834.874040280405,0.0,130.13196480938416,0.0,442.2402741804673,75.06203473945409,34.80565727701159,9918.780989367799,0.0,0.0,9921.502698165248,0.0,0.0,0.0,0.0,0.0,9936.255894691161,0.0
economic_ideology|WVS_E,256.74560181602436,9855.891789118621,9889.397184514832,101.48905510190076,226.50854985818313,881.9246597024375,256.4102564102564,614.1826923076924,9847.951208390334,9876.435575109994,9840.10970996217,0.0,9747.684952158614,9881.158039509877,0.0,9845.144742292443,116.9871794871795,244.54181178144773,16.852914527333155,819.9428932925266,244.57563759740202,0.0,279.9274286656771,33.03619741975906,9898.210574628236,871.9414783650416,24.255653919267985,688.005542254052,858.220405254249,26.97302697302696,0.0,9909.851984201618,63.65709074327407,9876.837763012181,115.4487691092832,828.4554951221618,9906.500599089384,9781.10649528479,212.1106677424387,11.18411075726354,156.64980739281805,143.6055664839353,96.78503914030881,334.8873348873349,9872.32567929583,819.9428932925266,91.57136711788468,9893.586894586895,898.4463812050019,227.2752152970369,192.50321211105526,0.0,0.0,9899.059095491362,194.18531753495077
electoral_integrity|WVS_E,856.0438938854007,9853.698604896026,9845.838333727064,54.97166901101818,62.11215420635102,116.14358669244882,13.700136543166877,469.84886109322787,9849.134710372698,9877.61907709236,9837.918359425541,0.0,9736.20371006527,9882.341541492244,9845.144742292443,0.0,94.7958500669344,430.9104989489988,62.59969636709644,685.4749515956692,17.419564714524483,0.0,881.1109306480429,329.3076416763106,9855.096554569836,432.3350344485174,888.4528545317708,204.55716908098202,0.0,858.6894059843657,0.0,9866.29313341385,18.68674657179372,9878.021264994548,815.4796619112603,133.07133863224993,9862.941748301617,9776.34174342066,0.0,103.1766386064428,200.06303910491363,850.6714214074775,117.76072321074983,836.7830295541139,9832.800992877186,268.06875377356795,887.9498364231189,9885.489400947814,58.96916307029667,861.1357193479802,24.238834781082744,0.0,0.0,9900.242597473727,453.42602689930936
existential_threat_worry|WVS_H,9913.025821596244,325.8603205871532,161.2305178481649,9851.754237288136,824.2649601145934,296.3477366255144,141.20370370370367,859.375,469.31549129037717,144.9243192964654,855.532786885246,9879.491096695547,763.1080290816901,0.0,116.9871794871795,94.7958500669344,0.0,73.44029188689385,85.74982841455044,9833.365970215604,110.18919071095512,0.0,50.98283675327701,9909.472972972973,35.58487106350776,113.63728256084576,138.42051690564702,163.21293290261903,872.643482177326,9910.525974025973,0.0,32.801942845124486,0.0,7.0951985697867315,42.95311504583253,842.8785720452387,20.93357700256007,796.5295722078667,9902.953099504226,102.76423861387187,2.0028792855343482,406.0990338164251,54.79551568081621,894.7649572649573,66.32018479033405,137.3962732459065,25.369601511357146,49.85504193250671,9911.86945812808,31.477197620621297,46.14197530864199,0.0,0.0,0.0,430.83061668024993
familial_duty_obligations|WVS_D,869.8672504567987,38.97530401465934,154.77933735728658,68.02091440056216,650.4891017721811,142.61907530132157,580.9425219363108,143.70889354519528,82.243042144394,31.645776210993603,79.71101599098273,0.0,350.75288868568384,26.31076934650956,244.54181178144773,430.9104989489988,73.44029188689385,0.0,9893.547964113182,571.16554833035,9888.879240943072,518.3414288605545,25.416699534118806,6.426959417575247,76.4309459961634,71.3680066621243,53.46585502026787,305.67707396975686,642.420506788661,0.0,0.0,88.9223013812206,115.08951406649618,27.529891824024872,841.0303985060809,126.37581552866178,38.9579063305125,360.92399809484925,5.403481317102589,86.22582648069906,20.85289611828452,141.85601526295372,54.074353217035394,144.72403318433535,203.94246358684907,178.04646752015174,13.063914182529615,51.50240143631058,174.55146200857223,187.45907591937808,0.0,0.0,0.0,0.0,856.4527260179434
female_income_threat_to_marriage|WVS_D,197.72397827827177,231.03448275862073,59.05413240565042,146.06011456735774,72.2488310823353,560.9982742599229,324.3727598566308,311.90432551319645,702.6610644257703,120.03432003432005,858.1113801452784,0.0,427.75856671609864,902.5345622119816,16.852914527333155,62.59969636709644,85.74982841455044,9893.547964113182,0.0,118.06412689763113,9898.839728345363,0.0,354.84940591323567,0.0,78.28418918572125,116.90656579074414,0.0,71.16078946459865,639.8581223758372,0.0,0.0,201.03670987021408,59.47220993660622,231.54761904761904,79.778793923179,153.70227913781923,137.2988513280291,220.86167800453512,38.92327184183024,0.0,240.0893931579852,8.718126630087596,55.91075591075594,170.52660601047697,118.29076672153111,177.54390615474827,73.8095238095238,0.0,680.08409832659,472.65707358212103,138.06524021577783,0.0,0.0,243.01626335475603,6.592265425769654
freedom_security_tradeoff_perception|WVS_H,9872.391791811848,842.4082162807248,452.42152577115905,9818.00081900082,242.86341677646027,855.7137068411179,256.515093022621,374.296525771159,815.4088415294033,838.2398917577137,814.8987571008494,9848.78730946473,656.0147861388139,0.0,819.9428932925266,685.4749515956692,9833.365970215604,571.16554833035,118.06412689763113,0.0,0.0,730.1993035489368,121.27578304048893,9868.838943188577,230.14247890977327,5.315538389468344,0.0,0.0,332.64980633401683,9869.891944241577,0.0,0.0,225.7463887486163,0.0,412.832993143874,213.97192228426485,81.28964622806451,112.45050865378948,9886.76894747044,0.0,29.02860379495891,32.131670698695245,811.3257710031903,211.2737846234179,0.0,0.0,228.92033339794534,57.05518700859383,9879.600880600881,1.9666594590141955,383.90199221433477,0.0,0.0,0.0,0.0
gender_role_traditionalism|WVS_D,99.61183770402465,22.022484228991672,331.6761188155303,3.896186561338979,0.0,28.466751897873024,324.0049801846393,42.480857377621774,52.146765391648614,50.67379440917696,104.64873879508028,198.18317858380325,28.206333922986772,0.0,244.57563759740202,17.419564714524483,110.18919071095512,9888.879240943072,9898.839728345363,0.0,0.0,0.8522077425852856,0.0,463.64461982427895,23.134137028107986,0.0,105.75256475945929,0.0,27.042000810713617,50.74138196539357,0.0,0.0,292.8684211018632,0.0,59.902459885471856,658.6502927966343,0.0,843.0705237284931,0.0,0.0,0.0,140.5572303753334,896.5637453854227,82.9111372232242,0.0,0.0,5.93403008377318,192.2760852978497,0.0,0.0,0.0,0.0,0.0,0.0,0.0
immigrant_origin_status|WVS_G,0.0,7.888940115772755,0.0,0.0,886.7649601145934,0.0,0.0,0.0,433.13128076406133,83.49269536484148,0.0,15.734623210412877,260.39063777734225,4.011288247348432,0.0,0.0,0.0,518.3414288605545,0.0,730.1993035489368,0.8522077425852856,0.0,924.8035914702582,0.0,0.0,54.12771318285535,0.0,931.5952858437955,9934.143482177325,0.0,0.0,0.0,9877.170936318333,0.0,9934.961589622104,9904.378572045238,0.0,59.02957220786678,0.3514045889710573,696.399769749403,8.613656729645115,0.0,161.69082200540154,0.0,0.0,119.08819243782568,0.0,0.0,0.0,0.0,0.0,0.0,0.0,236.42298870409917,23.24514659477984
importance_of_life_domains|WVS_A,901.3294130665023,20.360724123137302,119.39658018089389,23.666766241340554,9859.601614086574,9895.303460133247,9757.136924803592,27.340723523451942,10.499675226945072,6.741386107102699,19.75986932818566,0.0,128.54408537705297,0.0,279.9274286656771,881.1109306480429,50.98283675327701,25.416699534118806,354.84940591323567,121.27578304048893,0.0,924.8035914702582,0.0,14.947803505182733,27.519521502583444,4.68020300456476,67.16307713688856,46.64037276524195,161.06215657785165,0.0,0.0,0.0,90.93097140656592,0.0,430.212672288259,87.8982128982129,0.0,333.2158797275076,0.0,304.18340524723504,0.0,170.16839349499702,40.93648956129495,63.88673055339726,14.920273589476167,37.96552289521745,9920.732522796352,69.52581866433081,34.562268956393794,9905.421238529081,0.0,0.0,0.0,0.0,710.2117740415613
institutional_threat_perception|WVS_H,9948.498794569217,0.0,6.959901077548139,9887.227210261108,859.7379330875664,13.121522606617447,806.3063063063063,421.16376244665713,7.839912225312602,0.0,42.52091137337041,9928.45304334843,283.9032704804517,110.90375537567343,33.03619741975906,329.3076416763106,9909.472972972973,6.426959417575247,0.0,9868.838943188577,463.64461982427895,0.0,14.947803505182733,0.0,22.09932525421263,510.0728223787386,0.0,36.1472061851895,0.0,9945.998946998947,0.0,54.205978022901,127.0397703469215,96.05554852179264,40.51350996349771,0.0,8.678700267485311,0.0,9939.736012146099,0.0,9.257157373145745,0.0,0.0,365.02053893358243,339.8883958585451,107.93418128381452,0.0,0.0,9947.342431101051,79.5906200317965,0.0,0.0,0.0,4.3616385057040645,24.384397734030983
international_organization_knowledge|WVS_E,61.35512532146983,9908.948517593011,9942.453912989222,17.970167320460888,862.8986116659061,66.5603355452481,112.49728791494906,898.0086515513126,9881.94914284169,9904.78019307,9893.166438436558,0.0,9800.741680633002,9905.615528033955,9898.210574628236,9855.096554569836,35.58487106350776,76.4309459961634,78.28418918572125,230.14247890977327,23.134137028107986,0.0,27.519521502583444,22.09932525421263,0.0,65.84327726196636,42.05171386687621,170.88683213195023,17.660112452042853,9.683435101096201,0.0,9962.908712676008,12.49779190955661,9922.777630608904,0.0,159.29000137432914,9959.557327563774,9834.16322375918,15.050519171479976,147.20509109433664,2.6498261834756676,106.56843416000831,98.0525266239552,433.3986088162699,9925.382407770217,158.71390748120183,7.660556898944549,9946.643623061284,34.14773777856502,17.2751081339457,4.633782888323417,0.0,0.0,9917.438993196589,226.40871267600704
job_scarcity_gender_discrimination|WVS_C,258.72371021769595,67.38275738821274,916.184816726027,19.291528404095416,50.016013664994105,77.20381733736173,308.513678095136,66.81798666066751,89.68004285207735,61.82565819399208,116.89734217336442,47.01789667447838,114.05689036177853,0.0,871.9414783650416,432.3350344485174,113.63728256084576,71.3680066621243,116.90656579074414,5.315538389468344,0.0,54.12771318285535,4.68020300456476,510.0728223787386,65.84327726196636,0.0,9910.689834098528,0.0,164.86817162631212,76.73668316024637,0.0,0.0,131.8823590519713,0.0,203.393669719657,867.56993006993,6.280932030506563,821.2209302325582,0.0,22.434653069558635,0.0,388.22382302267226,358.16455592240345,78.54330565652405,0.0,0.9077705156136631,9.246146797688695,277.5173839409472,8.935343535991052,8.633454408072453,0.0,0.0,0.0,0.0,9910.089494163423
job_scarcity_nativist_preference|WVS_C,465.66688988033724,0.0,7.664920093278653,248.44988646891483,405.1457944805578,36.61554417155553,796.1586121437423,884.7002788104089,13.210540141855432,0.0,42.14838827629998,0.0,798.1663929939792,924.4661517492049,24.255653919267985,888.4528545317708,138.42051690564702,53.46585502026787,0.0,0.0,105.75256475945929,0.0,67.16307713688856,0.0,42.05171386687621,9910.689834098528,0.0,0.0,0.0,0.0,0.0,426.7908161255795,138.52334251748522,689.3766444822784,77.3582970039412,0.0,28.54976783100006,0.0,486.74516640565747,0.0,89.97797194252038,0.0,8.971822032001299,264.91782228226276,35.0252545415095,29.182774449741203,0.0,0.0,938.1947369384877,944.4429258692325,0.0,0.0,0.0,44.40802405721969,9899.600339935103
life_autonomy_morality_permissiveness|WVS_F,434.4368969137238,293.80419857558354,256.05840442456116,0.7889581584228154,143.8081864045353,890.4430224693099,50.64290489141456,9852.470285843796,850.1381571575953,873.0043541364296,849.6280727290414,159.43555706503486,461.7190321415673,0.0,688.005542254052,204.55716908098202,163.21293290261903,305.67707396975686,71.16078946459865,0.0,0.0,931.5952858437955,46.64037276524195,36.1472061851895,170.88683213195023,0.0,0.0,0.0,123.7467853066164,381.8117360602457,0.0,0.0,37.45413291642808,0.0,292.00675321651045,44.779669285005866,74.74912058641529,38.6422363166549,0.0,9882.21416411304,9896.091252756485,9861.239656299616,9856.816123866654,138.86024310875277,0.0,9851.91113381001,176.77706215355047,25.05647686596211,31.60926599651448,8.477280201844664,9917.631307842526,0.0,0.0,0.0,0.0
multilevel_place_attachment|WVS_G,87.10790026479813,0.0,21.5113626628535,857.2783309625415,94.80246071165979,0.9753623010426367,244.66729170113553,571.3041964630403,75.34304527073311,23.131213852388356,116.32911184480693,316.842774427435,181.04217655787164,342.0926694161448,858.220405254249,0.0,872.643482177326,642.420506788661,639.8581223758372,332.64980633401683,27.042000810713617,9934.143482177325,161.06215657785165,0.0,17.660112452042853,164.86817162631212,0.0,123.7467853066164,0.0,0.0,0.0,0.0,9857.01924501567,885.0235849056604,9894.554949550042,9884.226880742575,0.0,20.696062723385722,0.0,720.0956937799043,178.41722686779252,3.6776724419744937,878.3812359658966,447.96399499783877,448.4146861839298,168.95933014354065,6.613430700554332,0.9930763288068931,0.0,40.24417142073669,0.0,0.0,0.0,199.9314281203905,897.3684210526316
neighborhood_disorder_and_crime|WVS_H,9949.551795622217,0.0,10.311752705261824,9888.28021131411,315.3363886860219,5.866411381415432,432.35930735930737,166.17124429624428,0.0,0.0,14.573343541389633,9934.02528384696,145.61766735679777,4.46841580960016,26.97302697302696,858.6894059843657,9910.525974025973,0.0,0.0,9869.891944241577,50.74138196539357,0.0,0.0,9945.998946998947,9.683435101096201,76.73668316024637,0.0,381.8117360602457,0.0,0.0,0.0,13.614506653259077,32.45175443519648,4.314581182739204,16.370542371481974,0.0,0.0,0.0,9944.307551879587,0.0,0.0,0.0,0.0,931.2909312909313,187.43262498172157,870.8919442415774,0.0,0.0,9948.395432154053,33.163000929758795,0.0,0.0,0.0,0.0,84.2148282541167
offline_political_participation|WVS_E,0.0,0.0,0.0,0.0,0.0,0.0,0.0,0.0,0.0,0.0,0.0,0.0,0.0,0.0,0.0,0.0,0.0,0.0,0.0,0.0,0.0,0.0,0.0,0.0,0.0,0.0,0.0,0.0,0.0,0.0,0.0,0.0,0.0,0.0,0.0,0.0,0.0,0.0,0.0,0.0,0.0,0.0,0.0,0.0,0.0,0.0,0.0,0.0,0.0,0.0,0.0,0.0,0.0,0.0,0.0
online_political_participation|WVS_E,23.124412132703213,9932.317307189816,9954.095322562604,0.0,0.0,8.734598992444802,124.13869748833079,131.87228334691662,9905.317932438495,9928.148982666804,9904.807848009941,206.76717714848525,9836.832967956996,9941.706815357948,9909.851984201618,9866.29313341385,32.801942845124486,88.9223013812206,201.03670987021408,0.0,0.0,0.0,0.0,54.205978022901,9962.908712676008,0.0,426.7908161255795,0.0,0.0,13.614506653259077,0.0,0.0,95.06468181427635,9934.419040182285,0.0,238.21434652668907,9971.198737137156,9857.532013355984,0.0,0.0,0.0,670.0493086163332,898.0353684166765,611.7066850563183,9937.0238173436,0.0,0.0,9958.285032634665,0.0,0.0,0.0,0.0,0.0,9948.60827093767,0.0
outgroup_trust|WVS_G,111.10701432483376,872.2109533468561,171.16452315693303,0.0,359.03383748652914,849.6708049813225,0.0,820.694542877392,867.6470588235294,280.74681015857493,856.4307078763709,0.0,748.8401080601625,35.98902507820914,63.65709074327407,18.68674657179372,0.0,115.08951406649618,59.47220993660622,225.7463887486163,292.8684211018632,9877.170936318333,90.93097140656592,127.0397703469215,12.49779190955661,131.8823590519713,138.52334251748522,37.45413291642808,9857.01924501567,32.45175443519648,0.0,95.06468181427635,0.0,0.0,9824.85990596386,9837.08368708308,15.378752867542772,794.8540918714904,192.71548151300078,125.51990493166964,25.557315266587693,868.1837698583083,84.53311394487868,835.4358935832904,27.255572690260095,108.81342545672192,61.71218487394958,67.9361756281524,168.85066643604782,0.0,287.47767895840923,0.0,0.0,2.0882792578915,845.9383753501401
perceived_corruption|WVS_E,141.56110500166184,9887.083688855122,9913.9642404955,0.0,388.0255595886267,110.57334833616726,0.0,269.51897905759165,9880.827731092437,9909.312097812097,9869.61138014528,0.0,9806.071596244132,9914.034562211982,9876.837763012181,9878.021264994548,7.0951985697867315,27.529891824024872,231.54761904761904,0.0,0.0,0.0,0.0,96.05554852179264,9922.777630608904,0.0,689.3766444822784,0.0,885.0235849056604,4.314581182739204,0.0,9934.419040182285,0.0,0.0,20.591870049558338,859.6473948586624,9931.067655070052,9812.298395021291,0.0,917.478354978355,0.0,882.3644421272159,43.477882876617045,249.73652252944547,9902.668879056047,0.0,0.0,9918.153950567563,21.052652871944943,5.597503979010568,0.0,0.0,0.0,9931.935618193465,44.14919891244473
perceived_negative_effects_of_immigration|WVS_G,12.48741121834783,469.73912980487216,48.20938729189626,70.86239585412773,847.1764274873083,117.03154846984033,185.96158962210376,242.45197423748834,854.5044609359036,353.5259873546902,166.4943765073496,718.0167687089577,786.019496454405,79.57258913837637,115.4487691092832,815.4796619112603,42.95311504583253,841.0303985060809,79.778793923179,412.832993143874,59.902459885471856,9934.961589622104,430.212672288259,40.51350996349771,0.0,203.393669719657,77.3582970039412,292.00675321651045,9894.554949550042,16.370542371481974,0.0,0.0,9824.85990596386,20.591870049558338,0.0,9852.067541690765,0.0,806.7185418533932,88.1548894575854,720.9138012246821,65.39198276430068,349.00506788297326,846.2218969140858,105.99250433386948,27.055416263544373,766.3683466792274,46.00823079672355,25.118619955604615,12.289092599973415,0.0,13.906702529925937,0.0,0.0,210.29479943507977,154.59678490766572
perceived_positive_effects_of_immigration|WVS_G,881.9043936414828,6.223212959849505,72.6988334831472,828.5734790549656,484.82275931083655,62.0636258934131,294.2674609341276,303.44404823571494,43.3949612031804,0.0,38.33203833203831,0.0,396.33977133977135,882.2230401177769,828.4554951221618,133.07133863224993,842.8785720452387,126.37581552866178,153.70227913781923,213.97192228426485,658.6502927966343,9904.378572045238,87.8982128982129,0.0,159.29000137432914,867.56993006993,0.0,44.779669285005866,9884.226880742575,0.0,0.0,238.21434652668907,9837.08368708308,859.6473948586624,9852.067541690765,0.0,63.03164075255822,22.12419363582157,73.8545146196229,21.115153378424537,147.8831820831756,0.0,96.540916128545,862.643529310196,294.8978102809268,347.3454453362449,15.103943675372236,0.0,268.1736867783379,886.9962191040622,0.0,0.0,0.0,72.50522623112512,67.64697064016426
political_information_sources|WVS_E,37.87257453178211,9929.177612168372,9950.74393745037,0.6880143106976391,105.3515450067174,19.028988395551224,120.78731237609747,306.29867601246104,9902.17823741705,9925.009287645362,9901.456462897708,0.924779424339846,9822.44064386318,9927.314491264131,9906.500599089384,9862.941748301617,20.93357700256007,38.9579063305125,137.2988513280291,81.28964622806451,0.0,0.0,0.0,8.678700267485311,9959.557327563774,6.280932030506563,28.54976783100006,74.74912058641529,0.0,0.0,0.0,9971.198737137156,15.378752867542772,9931.067655070052,0.0,63.03164075255822,0.0,9854.392318334541,0.0,911.5926765310949,0.0,76.0385828447592,76.71385521341566,941.6886332774184,9933.672432231366,63.107828046246354,0.0,9954.933647522432,4.83817918558492,8.77636580632732,0.0,0.0,0.0,9937.66808777195,44.14995664935054
postmaterialist_values|WVS_E,835.555393804111,9841.227154298947,9825.349833645776,782.2244792175936,771.807092806798,108.3072186486338,406.64861982691446,689.9954812987758,9814.227779547628,9837.058829775937,9805.797853309481,35.495803101436934,9723.9907715024,9834.874040280405,9781.10649528479,9776.34174342066,796.5295722078667,360.92399809484925,220.86167800453512,112.45050865378948,843.0705237284931,59.02957220786678,333.2158797275076,0.0,9834.16322375918,821.2209302325582,0.0,38.6422363166549,20.696062723385722,0.0,0.0,9857.532013355984,794.8540918714904,9812.298395021291,806.7185418533932,22.12419363582157,9854.392318334541,0.0,215.15684650137933,40.32446311858075,531.8622525364784,28.647925033467203,249.9986915173688,816.294529472824,9812.766201747903,159.29604064057347,45.785756162930284,9848.978383052314,606.4400715563506,673.9805526000237,0.0,0.0,0.0,9849.717629902525,52.43445238037407
precautionary_security_behaviors|WVS_H,9941.97892110047,0.0,151.16466528995988,9901.437081873208,0.0,0.0,799.7864328375587,0.0,0.0,0.0,0.0,9947.508707894462,0.0,0.0,212.1106677424387,0.0,9902.953099504226,5.403481317102589,38.92327184183024,9886.76894747044,0.0,0.3514045889710573,0.0,9939.736012146099,15.050519171479976,0.0,486.74516640565747,0.0,0.0,9944.307551879587,0.0,0.0,192.71548151300078,0.0,88.1548894575854,73.8545146196229,0.0,215.15684650137933,0.0,0.0,0.0,879.4965777650948,127.43847378075004,19.871902923028713,0.0,0.0,0.0,937.9630710141968,9949.188009889502,0.0,0.0,0.0,0.0,0.0,0.0
religion_versus_secularism_orientation|WVS_F,617.9805364005922,59.82236154649948,26.068209324963306,397.52232624628766,30.691530691530716,340.5621916896027,760.5023338519671,9848.044000518634,132.49423938089646,33.355236843608935,277.3754494093477,0.0,549.6455413279191,130.13196480938416,11.18411075726354,103.1766386064428,102.76423861387187,86.22582648069906,0.0,0.0,0.0,696.399769749403,304.18340524723504,0.0,147.20509109433664,22.434653069558635,0.0,9882.21416411304,720.0956937799043,0.0,0.0,0.0,125.51990493166964,917.478354978355,720.9138012246821,21.115153378424537,911.5926765310949,40.32446311858075,0.0,0.0,9925.020129088722,9894.116179001721,9922.659673659673,196.93395778359104,0.0,9850.980389211922,61.54206154206153,0.0,67.15391090391091,126.2042039864138,9922.807035876001,0.0,0.0,196.1099438677914,0.0
religious_belief|WVS_F,203.2861964726074,12.580458549659127,83.8049470912141,0.0,184.09901062127165,29.76395565772181,68.49706955423443,9861.921089162077,41.88465671795467,13.193494563973417,75.23158562819361,0.0,161.78842295735714,0.0,156.64980739281805,200.06303910491363,2.0028792855343482,20.85289611828452,240.0893931579852,29.02860379495891,0.0,8.613656729645115,0.0,9.257157373145745,2.6498261834756676,0.0,89.97797194252038,9896.091252756485,178.41722686779252,0.0,0.0,0.0,25.557315266587693,0.0,65.39198276430068,147.8831820831756,0.0,531.8622525364784,0.0,9925.020129088722,0.0,9889.906216237581,9924.43737850597,111.07700387384332,0.0,9873.472573839663,0.0,50.18098590137474,11.73752128648512,2.05506764711086,9931.09896629896,0.0,0.0,0.0,103.27102803738318
religious_exclusivism|WVS_F,889.5692998571137,0.0,19.252628587666948,605.3233931522336,799.808438375463,84.65717233319248,746.3768115942029,9833.91847826087,75.70010972758934,8.544532706040599,98.67179296846498,0.0,741.923320605765,442.2402741804673,143.6055664839353,850.6714214074775,406.0990338164251,141.85601526295372,8.718126630087596,32.131670698695245,140.5572303753334,0.0,170.16839349499702,0.0,106.56843416000831,388.22382302267226,0.0,9861.239656299616,3.6776724419744937,0.0,0.0,670.0493086163332,868.1837698583083,882.3644421272159,349.00506788297326,0.0,76.0385828447592,28.647925033467203,879.4965777650948,9894.116179001721,9889.906216237581,0.0,9887.545760808534,495.30843552582684,63.29223447977503,9815.866476360781,24.62634688912061,0.0,888.4129363889484,894.6611253196932,9899.653479335924,0.0,0.0,126.80799682861809,0.0
religious_practice_and_self_identification|WVS_F,875.0587488648036,64.98673740053053,91.1680911680912,40.11531161358175,823.8402728811998,192.613441092839,313.0123844409559,9840.056533827617,84.08748114630467,36.97534420425987,85.12603215993047,0.0,769.2020990103888,75.06203473945409,96.78503914030881,117.76072321074983,54.79551568081621,54.074353217035394,55.91075591075594,811.3257710031903,896.5637453854227,161.69082200540154,40.93648956129495,0.0,98.0525266239552,358.16455592240345,8.971822032001299,9856.816123866654,878.3812359658966,0.0,0.0,898.0353684166765,84.53311394487868,43.477882876617045,846.2218969140858,96.540916128545,76.71385521341566,249.9986915173688,127.43847378075004,9922.659673659673,9924.43737850597,9887.545760808534,0.0,272.4645512001834,865.7993818223044,9850.39763862917,23.863391510450327,17.821684274104115,876.712657386274,594.4362886130973,9922.22428529325,0.0,0.0,10.545508303355845,83.6916706481924
science_skepticism|WVS_I,190.2010352714578,248.22268044951312,294.95558907323607,497.51919455309286,177.36325071288397,916.1126938904716,790.5982905982906,96.53126161278337,158.19809561415792,181.02914584246844,102.57047142293044,16.2106425072503,199.53965301331402,34.80565727701159,334.8873348873349,836.7830295541139,894.7649572649573,144.72403318433535,170.52660601047697,211.2737846234179,82.9111372232242,0.0,63.88673055339726,365.02053893358243,433.3986088162699,78.54330565652405,264.91782228226276,138.86024310875277,447.96399499783877,931.2909312909313,0.0,611.7066850563183,835.4358935832904,249.73652252944547,105.99250433386948,862.643529310196,941.6886332774184,816.294529472824,19.871902923028713,196.93395778359104,111.07700387384332,495.30843552582684,272.4645512001834,0.0,185.29149126164052,124.40119775083099,255.01110198619094,150.997150997151,932.6344153930361,527.1178984414279,176.47603826465613,0.0,0.0,10.681410021344021,371.2304945801278
science_technology_optimism|WVS_E,80.62073166130344,9891.859130628374,9916.569017656813,0.0,102.10345537254011,131.31871506664208,86.61239258254187,175.15405924920853,9866.256637168142,9891.859130628374,9867.28154310415,65.55124286448809,9813.907141966845,9918.780989367799,9872.32567929583,9832.800992877186,66.32018479033405,203.94246358684907,118.29076672153111,0.0,0.0,0.0,14.920273589476167,339.8883958585451,9925.382407770217,0.0,35.0252545415095,0.0,448.4146861839298,187.43262498172157,0.0,9937.0238173436,27.255572690260095,9902.668879056047,27.055416263544373,294.8978102809268,9933.672432231366,9812.766201747903,0.0,0.0,0.0,63.29223447977503,865.7993818223044,185.29149126164052,0.0,0.0,19.924725501542667,9920.758727728877,0.0,0.0,10.045271515344538,0.0,0.0,9925.68244494752,0.0
