construct,acceptance_of_state_surveillance|WVS_H,authoritarian_governance_tolerance|WVS_E,autocracy_support|WVS_E,basic_needs_deprivation|WVS_H,child_qualities_autonomy_self_expression|WVS_A,child_qualities_conformity_tradition|WVS_A,child_qualities_prosocial_diligence|WVS_A,civic_dishonesty_tolerance|WVS_F,confidence_in_civil_society_organizations|WVS_E,confidence_in_domestic_institutions|WVS_E,confidence_in_international_organizations|WVS_E,crime_victimization|WVS_H,democratic_system_evaluation|WVS_E,democratic_values_importance|WVS_E,economic_ideology|WVS_E,electoral_integrity|WVS_E,existential_threat_worry|WVS_H,familial_duty_obligations|WVS_D,female_income_threat_to_marriage|WVS_D,freedom_security_tradeoff_perception|WVS_H,gender_role_traditionalism|WVS_D,immigrant_origin_status|WVS_G,importance_of_life_domains|WVS_A,institutional_threat_perception|WVS_H,international_organization_knowledge|WVS_E,job_scarcity_gender_discrimination|WVS_C,job_scarcity_nativist_preference|WVS_C,life_autonomy_morality_permissiveness|WVS_F,multilevel_place_attachment|WVS_G,neighborhood_disorder_and_crime|WVS_H,offline_political_participation|WVS_E,online_political_participation|WVS_E,outgroup_trust|WVS_G,perceived_corruption|WVS_E,perceived_negative_effects_of_immigration|WVS_G,perceived_positive_effects_of_immigration|WVS_G,political_information_sources|WVS_E,postmaterialist_values|WVS_E,precautionary_security_behaviors|WVS_H,religion_versus_secularism_orientation|WVS_F,religious_belief|WVS_F,religious_exclusivism|WVS_F,religious_practice_and_self_identification|WVS_F,science_skepticism|WVS_I,science_technology_optimism|WVS_E,sexual_and_reproductive_morality_permissiveness|WVS_F,social_intolerance_outgroups|WVS_A,societal_change_attitudes|WVS_E,socioeconomic_insecurity_worry|WVS_H,subjective_wellbeing|WVS_A,violence_tolerance|WVS_F,voluntary_association_active_membership|WVS_A,voluntary_association_belonging|WVS_A,voting_participation|WVS_E,work_ethic|WVS_C
acceptance_of_state_surveillance|WVS_H,0.0,105.26315789473685,111.95147335593447,83.24312621779606,98.7596635799847,147.1861471861472,89.6874573908828,96.15384615384616,138.9892315461358,103.59154470703075,142.04347833329118,99.06297574886892,129.66307479220427,115.50160323059418,128.2051282051282,125.81816626055462,119.61498925334081,118.92756546232222,75.75757575757576,99.06297574886892,99.63914818835215,88.07845454673364,140.98850745678655,104.8008625734895,104.16666666666667,104.08618765559277,99.68738386201167,179.4736445215293,132.47357108391458,150.4474272930649,104.57601956161034,99.35365309284562,127.16311356757467,9999.0,153.38172490680637,132.90356764394207,67.11409395973155,152.18101864929776,109.52436945922338,82.71471798469254,99.47655350665711,85.49644690090801,89.23798776504128,96.3538600416029,113.77061860581055,131.93735103847465,83.33333333333333,81.30081300813008,117.59857994167618,98.16999458084956,98.16999458084956,124.58535832754765,111.36188157035102,97.2359637042428,112.05926989445547
authoritarian_governance_tolerance|WVS_E,105.26315789473685,0.0,61.42006142006142,34.84320557491289,72.46376811594203,129.33774339800163,50.25125628140703,51.54639175257732,103.93055220641426,54.4202878833229,98.2561742055413,73.87554080161084,81.9133917725467,67.7519202109366,118.87681902029104,77.33791632096717,83.74552276991301,102.37913049258663,68.9655172413793,82.51454077913334,58.66171742948994,48.03693038987157,100.94698329992448,59.00349650349651,70.55222357713461,67.83891058789138,60.24096385542168,153.30008828460842,90.21365374956534,133.89899232332928,75.96989128372633,51.603970073188044,76.63170163170163,9999.0,112.95535125976593,96.69343002676337,50.56565898999597,112.13949449243566,61.7746864395658,34.96503496503497,49.26108374384237,34.96503496503497,72.6895527953057,56.81818181818181,66.02093558615297,125.14529252227818,64.69395184356961,53.868626647454626,85.72645628483193,67.11409395973155,45.87155963302752,108.03692335781207,94.81344660061544,57.194439547380725,72.0177457375934
autocracy_support|WVS_E,111.95147335593447,61.42006142006142,0.0,35.08771929824561,54.69327420546932,105.6910569105691,34.129692832764505,49.26108374384237,97.82396034868808,40.493303483759476,86.48571377517288,52.480131542888465,75.57890222984562,57.56360985952823,99.6526721060437,68.82790781095866,55.55555555555556,96.6508508987936,46.1767362771667,76.78626118534031,35.950937544057524,24.390243902439025,77.30029681249194,35.2112676056338,58.168154371226045,44.19222410045883,49.75124378109453,129.6534017971759,77.21587533069054,128.17071272953626,52.32320479629377,47.408165877383844,65.35947712418302,9999.0,92.10335842501448,88.18342151675486,44.83737939620293,88.49280800500313,41.49377593360996,30.769230769230766,28.409090909090907,26.455026455026456,59.601511508072825,44.052863436123346,58.9923200270065,102.35651155806558,48.428705440900565,40.837612323491655,62.11180124223603,69.93328732459167,33.333333333333336,96.3326899456045,89.08516700682239,33.54775305994818,48.37105925016085
basic_needs_deprivation|WVS_H,83.24312621779606,34.84320557491289,35.08771929824561,0.0,41.1522633744856,95.5255640749864,32.154340836012864,39.0625,88.00416984446878,26.246719160104984,84.25549982750843,42.31463870730577,67.91271739451383,50.588387430492695,84.03361344537815,61.34969325153375,61.8435880099166,67.94250376065519,36.011243441584,48.077914047201894,25.785444708474827,14.22475106685633,67.13480397690924,30.947159093612186,51.125120070546366,34.02673126487613,43.29004329004329,119.48790896159318,57.80346820809249,99.46236559139784,42.157711960711076,34.602076124567475,61.159844054580894,9999.0,88.6319233762727,75.75757575757576,16.129032258064516,78.32731516942043,41.03440254138716,20.964360587002098,24.93765586034913,19.49317738791423,38.25292606337425,35.08771929824561,44.84304932735426,92.19101872248288,29.850746268656714,23.52941176470588,61.69735069600358,43.66812227074236,24.213075060532685,73.60029662588062,60.37681986868398,23.38226022436549,38.20556641457815
child_qualities_autonomy_self_expression|WVS_A,98.7596635799847,72.46376811594203,54.69327420546932,41.1522633744856,0.0,111.60384331116038,52.72455496670743,67.47775149262138,103.52070720665742,46.40608988435075,105.08057590911581,58.392917943479745,89.11428516278386,66.66666666666667,105.56545850663497,83.35648791330925,83.56304502349127,83.45904112284384,52.08952267775797,63.594451409390544,41.8637239446488,30.3030303030303,83.21308321308321,47.025438329786155,67.20339930672034,50.1050105010501,64.2188595225333,135.56618819776716,83.12866173128182,114.9789029535865,58.23599119688505,62.5104947411806,80.25865008723986,9999.0,105.63874135795271,97.43504330446368,31.645569620253163,94.4055944055944,57.112681777561136,45.87155963302752,41.94447384202914,40.983606557377044,53.7694634255629,60.88533570212451,64.90510642759777,108.26929795865685,54.341491841491845,45.24886877828054,83.41680770957825,62.701470241371176,42.78742480989672,89.11683398806926,75.89335723087262,39.46053946053946,54.28384565075213
child_qualities_conformity_tradition|WVS_A,147.1861471861472,129.33774339800163,105.6910569105691,95.5255640749864,111.60384331116038,0.0,103.72233767180721,116.27162075592568,140.87301587301587,97.40387258945053,156.07835861421557,109.39070064857953,140.11206786788364,117.66444937176644,124.90450725744843,136.74558978889888,134.32165318957772,154.07864509772287,71.42857142857143,122.76785714285714,83.33333333333333,81.30081300813008,134.210865918183,98.02322103488594,108.19327731092437,78.125,126.73093601006818,186.5639709028669,134.12644443638158,185.5985069284655,89.28571428571429,97.08737864077669,128.3783783783784,9999.0,156.6365240630525,156.10110349469508,102.26517359513218,145.40337711069418,108.11046448266092,97.99530382616013,92.94225654712892,94.37270843296668,92.59259259259258,112.45346098320796,115.90288913269755,127.60834670947031,105.33927454659161,97.74818142918271,109.89010989010988,133.3210742162502,93.7852075149965,150.0674460431655,146.51296120575165,90.45832216563923,105.2816283558519
child_qualities_prosocial_diligence|WVS_A,89.6874573908828,50.25125628140703,34.129692832764505,32.154340836012864,52.72455496670743,103.72233767180721,0.0,59.5962458532682,63.69426751592357,23.980815347721823,52.35602094240838,50.511412304126566,47.61904761904761,29.498525073746315,86.95652173913044,46.51162790697675,67.13018460800768,74.38683493374191,44.2080170384048,54.522245220288625,33.982218305295625,22.42152466367713,75.33157757373004,29.32551319648094,24.03846153846154,42.22350486169693,32.05128205128205,127.68468255841398,75.24715609192864,105.90669676448456,36.76470588235294,18.315018315018314,57.14285714285714,9999.0,63.69426751592357,81.30081300813008,22.573363431151243,86.52408876624123,22.98850574712644,17.57469244288225,20.618556701030926,21.27659574468085,27.247956403269754,33.557046979865774,30.8641975308642,100.38779231930368,46.459986202138666,30.395136778115504,68.56307570941321,53.62926405226926,34.90591917054354,80.04462779896734,66.82115104177072,31.579033821186286,46.40234001139895
civic_dishonesty_tolerance|WVS_F,96.15384615384616,51.54639175257732,49.26108374384237,39.0625,67.47775149262138,116.27162075592568,59.5962458532682,0.0,111.09082386091407,40.65040650406504,111.95226679567659,65.26460883004052,95.98597604934463,73.53835755322744,98.31898515623126,60.975609756097555,68.4931506849315,91.02915777710048,44.84304932735426,71.16456806364718,42.016806722689076,37.174721189591075,90.084774099644,53.897129216346926,74.07509019328111,56.97670138761087,66.2251655629139,142.43787908432793,90.0003526178426,122.54901960784314,65.10768208344582,69.92011600156307,77.68872428459825,9999.0,112.51043224451348,102.9021983651469,39.21568627450981,101.27728529215517,63.984372664121906,53.281180893409996,48.81616472858991,49.863344004401085,61.33958007981954,59.523809523809526,71.77679731415856,101.02282460825313,61.213182728052615,30.959752321981423,62.5,70.27158689562782,49.65911569645749,96.68695064232591,83.46347388512928,46.332230347100236,61.1555365373129
confidence_in_civil_society_organizations|WVS_E,138.9892315461358,103.93055220641426,97.82396034868808,88.00416984446878,103.52070720665742,140.87301587301587,63.69426751592357,111.09082386091407,0.0,87.6750828636454,116.05028845833195,103.82401937554164,111.31331513497119,93.19279258966989,122.92038027332144,110.20589542290031,129.6011220580186,123.68860908899494,69.44444444444444,103.82401937554164,92.20585493194108,80.64516129032258,133.55521420037547,93.01978071240451,78.99100986296588,90.90909090909092,95.74554956720561,184.23468814820203,127.90212467252654,155.20847091973758,89.75124378109453,72.02295870314353,120.83712465878071,9999.0,127.38853503184714,137.66461127061478,71.87513758640426,144.74772539288668,86.68277326305001,68.9655172413793,84.3128242169545,84.97086326060442,49.75124378109453,97.25131449578934,91.07355783068131,125.62421972534332,98.40033652539631,91.28694581280787,106.89410092395167,102.93103820752228,93.129555797189,129.34640195422037,116.12292519702373,84.23400240178418,104.62597663804439
confidence_in_domestic_institutions|WVS_E,103.59154470703075,54.4202878833229,40.493303483759476,26.246719160104984,46.40608988435075,97.40387258945053,23.980815347721823,40.65040650406504,87.6750828636454,0.0,76.33683629013021,44.19294722176989,66.93265717055709,48.917364800239696,91.36548778492512,61.82813427422015,47.84688995215311,88.29092224988987,37.88955195604812,68.42633253643658,27.66375322293895,16.10305958132045,69.01311249137336,25.57544757033248,48.01927688618336,35.90503977934026,38.314176245210724,121.3662174760573,68.92869100957196,119.81078408063253,44.0360204751752,37.515761830491286,46.51162790697675,9999.0,83.45711336572595,76.33587786259541,36.4774507472992,80.20562368388455,29.850746268656714,20.876826722338205,19.76284584980237,19.455252918287936,51.22877175099158,35.3356890459364,50.705135705887926,94.069327236947,40.14152111978199,32.55042800237308,54.94505494505494,61.69315325295045,24.03846153846154,88.04550562448593,80.72523835791867,25.26056873882961,40.083874929042274
confidence_in_international_organizations|WVS_E,142.04347833329118,98.2561742055413,86.48571377517288,84.25549982750843,105.08057590911581,156.07835861421557,52.35602094240838,111.95226679567659,116.05028845833195,76.33683629013021,0.0,102.86743324653494,99.975068561456,81.8545460161547,139.31254268153882,98.86764884938512,111.02775693923482,126.7428558761503,96.56403798081318,106.878266162697,86.33823924770401,74.77754560608551,127.68759851613842,81.68153413888932,76.39448248086993,94.57952580410532,84.40730299369042,180.04070350082236,127.60317703433702,158.26271770689294,89.12072682476132,70.67103925742668,102.8303052774688,9999.0,116.05028845833195,133.22120917057626,74.92938437355963,138.88010970864963,61.34969325153375,63.291139240506325,64.51612903225806,73.63261668708923,79.60397734567813,85.91306792227415,83.22021847327258,152.74381326171206,98.81600714454706,82.75115772052388,118.27956989247312,104.10746577111857,87.26194011295192,132.40064874137573,119.1771719841791,83.93505476359466,98.75836095380734
crime_victimization|WVS_H,99.06297574886892,73.87554080161084,52.480131542888465,42.31463870730577,58.392917943479745,109.39070064857953,50.511412304126566,65.26460883004052,103.82401937554164,44.19294722176989,102.86743324653494,0.0,86.901142500203,64.4535240040858,103.35231584405412,81.28338719250809,82.8514323067128,83.76235329172805,49.876380015177105,63.897763578274756,39.65058128206794,28.08988764044944,80.99994055050234,44.81229566720529,64.99025664413948,47.89186783846924,64.52217169141751,133.35304553518628,80.91551906870096,115.2822151224707,56.02284853430419,61.42331356663257,78.04550742465901,9999.0,103.42559869537185,97.7383554733479,31.948881789137378,92.19245174301355,54.89953911498027,44.784378458479495,39.731331179448276,38.91050583657587,54.07277559444711,59.24253561552732,62.691963765016915,106.05615529607599,52.12834917891098,44.53725606150207,81.28137700215157,63.00478241025539,40.574282147315856,89.42014615695348,76.19666939975684,37.2473967979586,52.07070298817126
democratic_system_evaluation|WVS_E,129.66307479220427,81.9133917725467,75.57890222984562,67.91271739451383,89.11428516278386,140.11206786788364,47.61904761904761,95.98597604934463,111.31331513497119,66.93265717055709,99.975068561456,86.901142500203,0.0,76.32433027119204,134.07368306335823,90.05180508337381,93.68143922773146,114.36245233506341,80.59774723448122,94.49786262161011,70.37194850137206,58.811254859753554,111.72130776980646,61.34969325153375,71.65750915750915,78.61323505777335,75.68398899141978,164.0744127544904,110.49723756906076,145.88231416580606,84.38375350140055,63.587291915664814,85.48398756596544,9999.0,110.86407883667829,116.87842673758166,62.548980832472736,122.91381896231766,55.55555555555556,46.948356807511736,47.16981132075472,55.24861878453038,74.86700402231736,75.27696870552873,78.00425742862976,136.7775225153801,82.8497163982151,68.04663804309293,100.93325218096977,87.76468333812397,71.29564936661997,120.02024520028883,106.79676844309219,67.96876401726271,82.79207020747538
democratic_values_importance|WVS_E,115.50160323059418,67.7519202109366,57.56360985952823,50.588387430492695,66.66666666666667,117.66444937176644,29.498525073746315,73.53835755322744,93.19279258966989,48.917364800239696,81.8545460161547,64.4535240040858,76.32433027119204,0.0,111.62606456724103,75.89033352176371,62.11180124223603,100.2009807734533,58.15012873836403,80.33639106000001,47.924330005254866,36.36363636363637,89.27368927368929,37.03703703703704,53.536986612207855,56.165616561656165,51.81347150259067,141.62679425837322,89.18926779188789,131.72084260419595,64.29659725749111,47.81354338876463,67.46869519564805,9999.0,90.90909090909092,98.90311625131947,48.38750927086264,100.46620046620046,34.48275862068965,32.78688524590164,29.15451895043732,37.174721189591075,56.74648147701607,58.8235294117647,60.36272260461051,114.32990401926293,60.40209790209791,50.03134567277553,82.91795981065238,73.60321177651389,48.309178743961354,105.85877363867874,92.6352968814821,45.52114552114553,60.34445171135819
economic_ideology|WVS_E,128.2051282051282,118.87681902029104,99.6526721060437,84.03361344537815,105.56545850663497,124.90450725744843,86.95652173913044,98.31898515623126,122.92038027332144,91.36548778492512,139.31254268153882,103.35231584405412,134.07368306335823,111.62606456724103,0.0,130.70720498437348,116.36901758988328,139.31428019768026,53.475935828877,114.45154558497455,86.20689655172414,75.26242820360467,128.17248111365757,91.98483623036053,90.24064171122994,81.804547726894,119.00780379041248,180.52558609834153,128.0880596318562,170.83414202842295,82.29437963291159,96.76597911892028,125.21804798781423,9999.0,150.59813925852708,150.06271869016967,87.5008086950896,139.36499230616877,85.47008547008546,91.95691902163472,86.90387174260351,88.33432362844127,90.24064171122994,106.41507617868255,109.86450432817215,109.65571110977588,60.975609756097555,85.22196757490875,95.31694001297741,118.55670931620762,86.69852719100325,134.77674883700706,131.74859630570907,84.41993736111382,99.24324355132649
electoral_integrity|WVS_E,125.81816626055462,77.33791632096717,68.82790781095866,61.34969325153375,83.35648791330925,136.74558978889888,46.51162790697675,60.975609756097555,110.20589542290031,61.82813427422015,98.86764884938512,81.28338719250809,90.05180508337381,75.89033352176371,130.70720498437348,0.0,56.17977528089888,110.51754380341373,77.23126915549648,90.65295408996045,66.06956382038719,55.444776780768805,108.35482969082172,54.34782608695652,70.55008944543829,75.24675697878861,63.69426751592357,160.70793467550567,97.62150014046259,142.03740563415639,83.2763337893297,59.74238338401515,84.03954802259886,9999.0,110.20589542290031,104.10127641766061,58.70407230082307,119.54734088333291,55.55555555555556,43.10344827586207,47.61904761904761,42.37288135593221,73.75958431024651,63.291139240506325,74.15934889698008,133.41104443639534,79.48323831923035,61.27647303835187,72.99270072992701,83.91977480647432,58.8235294117647,116.17533666863918,102.95185991144254,64.60228593827796,79.42559212849063
existential_threat_worry|WVS_H,119.61498925334081,83.74552276991301,55.55555555555556,61.8435880099166,83.56304502349127,134.32165318957772,67.13018460800768,68.4931506849315,129.6011220580186,47.84688995215311,111.02775693923482,82.8514323067128,93.68143922773146,62.11180124223603,116.36901758988328,56.17977528089888,0.0,118.9763122486452,62.893081761006286,99.1117225351919,55.24861878453038,54.761544666263354,107.67159757631626,64.83937518420277,82.22591362126246,74.56352486428315,77.51937984496124,160.0247025610002,102.49165168250707,150.49617407938786,82.6945055601181,74.82215447154472,84.82580415218747,9999.0,110.20589542290031,110.2566222883762,67.16284074605451,118.86410876882746,71.2641031545015,60.6356048166393,46.51162790697675,48.78048780487805,89.28673455136425,72.3277816873876,86.09392064069894,94.33962264150944,78.8000062047249,38.314176245210724,76.48211517650843,87.33378408834798,54.94505494505494,114.9425287356322,111.41062835667398,58.8235294117647,78.74236001398518
familial_duty_obligations|WVS_D,118.92756546232222,102.37913049258663,96.6508508987936,67.94250376065519,83.45904112284384,154.07864509772287,74.38683493374191,91.02915777710048,123.68860908899494,88.29092224988987,126.7428558761503,83.76235329172805,114.36245233506341,100.2009807734533,139.31428019768026,110.51754380341373,118.9763122486452,0.0,94.56432446432044,83.76235329172805,84.33852573121126,72.77783208959278,125.68788499964568,89.50024011634862,98.42529647220346,91.65410895278987,84.38676140487081,164.17302206438842,117.17294862677369,135.146804835924,100.71079298344752,84.05303063570474,111.86249111043381,9999.0,138.08110244966548,117.6029451868012,51.81347150259067,136.88039619215687,94.22374700208249,67.41409552755167,84.17593104951624,70.19582444376715,73.93736530790041,81.05323758446201,98.46999614866968,150.74409974521933,78.33867044158272,89.09941612618681,120.95724576356412,82.86937212370869,82.86937212370869,109.28473587040676,96.06125911321014,81.93534124710193,96.7586474373146
female_income_threat_to_marriage|WVS_D,75.75757575757576,68.9655172413793,46.1767362771667,36.011243441584,52.08952267775797,71.42857142857143,44.2080170384048,44.84304932735426,69.44444444444444,37.88955195604812,96.56403798081318,49.876380015177105,80.59774723448122,58.15012873836403,53.475935828877,77.23126915549648,62.893081761006286,94.56432446432044,0.0,60.975609756097555,33.347186016346164,21.78649237472767,74.69654528478058,38.50890040148352,36.76470588235294,28.328611898016998,67.21661537666577,127.04965026946452,74.61212380297918,126.08418629506309,28.81844380403458,43.29004329004329,71.74211215893723,9999.0,97.12220342965007,96.58678286129268,42.75085296172976,85.88905647729177,48.596143849258496,38.48098319275772,33.4279359137265,34.85838779956427,36.76470588235294,52.939140349805555,56.38856849929515,56.17977528089888,41.84100418410041,31.746031746031747,41.84100418410041,73.80675358284778,33.222591362126245,81.30081300813008,86.99864057234923,30.944001532236825,45.76730772244949
freedom_security_tradeoff_perception|WVS_H,99.06297574886892,82.51454077913334,76.78626118534031,48.077914047201894,63.594451409390544,122.76785714285714,54.522245220288625,71.16456806364718,103.82401937554164,68.42633253643658,106.878266162697,63.897763578274756,94.49786262161011,80.33639106000001,114.45154558497455,90.65295408996045,99.1117225351919,83.76235329172805,60.975609756097555,0.0,59.880239520958085,52.91324237613948,105.82329528619238,69.63565040289532,78.56070675875016,44.642857142857146,64.52217169141751,144.30843235093513,97.30835891332039,115.2822151224707,54.6448087431694,45.24886877828054,91.99790139698052,9999.0,118.2165127362122,97.7383554733479,31.948881789137378,117.01580647870358,74.3591572886292,47.549505814098374,64.31134133606294,50.33123473031385,54.07277559444711,61.188647871008726,78.6054064352164,117.15538503699644,58.47408072812942,69.23482641273351,101.0926560501108,63.00478241025539,63.00478241025539,89.42014615695348,76.19666939975684,62.07075153364863,76.8940577238613
gender_role_traditionalism|WVS_D,99.63914818835215,58.66171742948994,35.950937544057524,25.785444708474827,41.8637239446488,83.33333333333333,33.982218305295625,42.016806722689076,92.20585493194108,27.66375322293895,86.33823924770401,39.65058128206794,70.37194850137206,47.924330005254866,86.20689655172414,66.06956382038719,55.24861878453038,84.33852573121126,33.347186016346164,59.880239520958085,0.0,11.560693641618498,64.47074655167141,28.28310166837435,48.46106264530854,27.700831024930746,56.9908166435566,116.82385153635535,56.17977528089888,115.85838756195392,35.46099290780142,44.894119567801624,45.04504504504504,9999.0,86.89640469654091,85.42507752618337,32.5250542286206,75.6632577441826,38.37034511614933,28.255184459648547,23.202137180617335,23.696682464454977,46.7719612472523,42.71334161669638,46.162769766185974,75.75757575757576,35.59915518008004,23.752969121140143,44.24778761061947,63.58095484973861,23.474178403755868,80.64516129032258,76.77284183924007,20.718202799127653,35.54150898934032
immigrant_origin_status|WVS_G,88.07845454673364,48.03693038987157,24.390243902439025,14.22475106685633,30.3030303030303,81.30081300813008,22.42152466367713,37.174721189591075,80.64516129032258,16.10305958132045,74.77754560608551,28.08988764044944,58.811254859753554,36.36363636363637,75.26242820360467,55.444776780768805,54.761544666263354,72.77783208959278,21.78649237472767,52.91324237613948,11.560693641618498,0.0,52.91005291005291,16.722408026755854,36.90036900369004,19.801980198019802,45.4301230019381,105.26315789473685,52.82563142825151,104.29769392033543,27.932960893854748,33.333425926183125,49.95561978420956,9999.0,75.3357110549224,74.800290486565,20.964360587002098,64.1025641025641,26.80965147453083,16.69449081803005,11.641443538998836,13.071895424836601,35.2112676056338,31.152647975077883,34.602076124567475,77.96626765562655,24.03846153846154,16.44736842105263,53.191489361702125,52.02026120812011,12.484394506866415,71.94244604316548,65.21214819762156,9.157509157509157,23.980815347721823
importance_of_life_domains|WVS_A,140.98850745678655,100.94698329992448,77.30029681249194,67.13480397690924,83.21308321308321,134.210865918183,75.33157757373004,90.084774099644,133.55521420037547,69.01311249137336,127.68759851613842,80.99994055050234,111.72130776980646,89.27368927368929,128.17248111365757,108.35482969082172,107.67159757631626,125.68788499964568,74.69654528478058,105.82329528619238,64.47074655167141,52.91005291005291,0.0,69.63246093680877,70.4225352112676,72.71203310807272,98.34017591199101,158.17321080478976,105.73568433830442,157.20774683038832,80.84301380390767,86.24347883623604,102.86567269426246,9999.0,128.2457639649753,127.7103433966179,73.874413497055,117.01261701261701,79.71970438458374,69.60454372808296,64.55149644905174,65.98194833488951,88.1213205156867,84.0627008851308,87.51212903462039,130.87632056567946,76.94851444851446,69.35742133110554,106.10154227175504,104.93031411817302,65.39444741691932,124.85249895321839,118.12220110767447,62.067562067562065,76.89086825777474
institutional_threat_perception|WVS_H,104.8008625734895,59.00349650349651,35.2112676056338,30.947159093612186,47.025438329786155,98.02322103488594,29.32551319648094,53.897129216346926,93.01978071240451,25.57544757033248,81.68153413888932,44.81229566720529,61.34969325153375,37.03703703703704,91.98483623036053,54.34782608695652,64.83937518420277,89.50024011634862,38.50890040148352,69.63565040289532,28.28310166837435,16.722408026755854,69.63246093680877,0.0,47.61904761904761,36.524388224775656,48.07692307692308,121.98556592149271,69.54803945500737,121.02010194709128,44.6553689206106,44.11146258068055,47.16981132075472,9999.0,80.64516129032258,85.76685660018994,37.68676861375795,80.82497212931996,43.53205950128668,27.47252747252747,21.978021978021978,24.03846153846154,51.93367563238965,47.87505600183374,51.32448415132333,94.68867568238241,40.76086956521739,26.525198938992045,64.69313787028975,67.51672240802677,28.57142857142857,88.66485406992133,81.93455622437742,25.87991718426501,40.70322337447767
international_organization_knowledge|WVS_E,104.16666666666667,70.55222357713461,58.168154371226045,51.125120070546366,67.20339930672034,108.19327731092437,24.03846153846154,74.07509019328111,78.99100986296588,48.01927688618336,76.39448248086993,64.99025664413948,71.65750915750915,53.536986612207855,90.24064171122994,70.55008944543829,82.22591362126246,98.42529647220346,36.76470588235294,78.56070675875016,48.46106264530854,36.90036900369004,70.4225352112676,47.61904761904761,0.0,56.702349201709836,56.08974358974359,142.16352689842688,89.72600043194156,129.9451583029461,60.80316742081448,42.353479853479854,74.02846195949644,9999.0,68.4931506849315,105.33927454659161,46.61182496961278,101.00293310625415,30.487804878048777,35.587188612099645,35.714285714285715,45.315057283142394,29.239766081871345,57.595508518327314,54.902659069325736,92.59259259259258,60.93883054215158,53.34773742474267,78.60571006645336,76.40351514271188,49.38476351055645,104.08308933742887,90.85961258023225,46.0578781611992,60.88118435141186
job_scarcity_gender_discrimination|WVS_C,104.08618765559277,67.83891058789138,44.19222410045883,34.02673126487613,50.1050105010501,78.125,42.22350486169693,56.97670138761087,90.90909090909092,35.90503977934026,94.57952580410532,47.89186783846924,78.61323505777335,56.165616561656165,81.804547726894,75.24675697878861,74.56352486428315,91.65410895278987,28.328611898016998,44.642857142857146,27.700831024930746,19.801980198019802,72.71203310807272,36.524388224775656,56.702349201709836,0.0,59.566547001728495,125.06513809275665,72.62761162627132,123.17397078353252,26.80965147453083,28.98550724637681,69.75759998222937,9999.0,95.1376912529422,94.6022706845848,39.8406374501992,83.90454430058391,46.61163167255063,36.49647101604985,31.443423737018637,32.8738756228564,45.04504504504504,50.95462817309769,54.40405632258728,81.30081300813008,43.84044173648134,36.249348619072435,63.291139240506325,70.89653807131722,32.286374704886214,71.94244604316548,84.08842506081868,28.95948935552896,43.78279554574162
job_scarcity_nativist_preference|WVS_C,99.68738386201167,60.24096385542168,49.75124378109453,43.29004329004329,64.2188595225333,126.73093601006818,32.05128205128205,66.2251655629139,95.74554956720561,38.314176245210724,84.40730299369042,64.52217169141751,75.68398899141978,51.81347150259067,119.00780379041248,63.69426751592357,77.51937984496124,84.38676140487081,67.21661537666577,64.52217169141751,56.9908166435566,45.4301230019381,98.34017591199101,48.07692307692308,56.08974358974359,59.566547001728495,0.0,144.93284046407788,88.80566576439615,115.90662323561347,68.815987933635,30.581039755351682,74.54606030318175,9999.0,95.74554956720561,95.28544204159417,32.57328990228013,109.5326871045022,41.49377593360996,28.73563218390805,36.231884057971016,33.557046979865774,52.85275467740068,51.282051282051285,54.34782608695652,112.99270072992701,59.09848884127217,40.0,78.1679389312977,63.629190523398144,48.543689320388346,90.04455427009623,76.82107751289959,54.58763215944725,69.41093834965993
life_autonomy_morality_permissiveness|WVS_F,179.4736445215293,153.30008828460842,129.6534017971759,119.48790896159318,135.56618819776716,186.5639709028669,127.68468255841398,142.43787908432793,184.23468814820203,121.3662174760573,180.04070350082236,133.35304553518628,164.0744127544904,141.62679425837322,180.52558609834153,160.70793467550567,160.0247025610002,164.17302206438842,127.04965026946452,144.30843235093513,116.82385153635535,105.26315789473685,158.17321080478976,121.98556592149271,142.16352689842688,125.06513809275665,144.93284046407788,0.0,158.08878932298836,195.6928838951311,133.1961187885916,138.59658382092,155.2187776789464,9999.0,180.59886894965925,178.14902424600828,112.35955056179776,169.36572199730097,132.07280936926767,121.9576487127669,116.90460143373568,118.33505331957345,134.4834443671075,136.41580586981473,139.86523401930432,183.2294255503634,129.3016194331984,121.71052631578948,158.454647256439,143.41545118291577,117.74755240160326,169.83081492961387,156.60733817241723,114.420667052246,129.24397324245868
multilevel_place_attachment|WVS_G,132.47357108391458,90.21365374956534,77.21587533069054,57.80346820809249,83.12866173128182,134.12644443638158,75.24715609192864,90.0003526178426,127.90212467252654,68.92869100957196,127.60317703433702,80.91551906870096,110.49723756906076,89.18926779188789,128.0880596318562,97.62150014046259,102.49165168250707,117.17294862677369,74.61212380297918,97.30835891332039,56.17977528089888,52.82563142825151,105.73568433830442,69.54803945500737,89.72600043194156,72.62761162627132,88.80566576439615,158.08878932298836,0.0,148.69281045751634,80.75859232210627,81.29028545119705,96.91528545119704,9999.0,128.16134248317394,116.97701384625879,65.35947712418302,116.92819553081561,79.63528290278235,69.52012224628157,64.46707496725035,55.24861878453038,78.15088089143201,83.9782794033294,87.42770755281899,130.79189908387806,72.99270072992701,69.27299984930414,100.42756289151835,96.41537774530103,56.81818181818181,122.8307414919991,109.60726473480248,43.66812227074236,71.44590004852014
neighborhood_disorder_and_crime|WVS_H,150.4474272930649,133.89899232332928,128.17071272953626,99.46236559139784,114.9789029535865,185.5985069284655,105.90669676448456,122.54901960784314,155.20847091973758,119.81078408063253,158.26271770689294,115.2822151224707,145.88231416580606,131.72084260419595,170.83414202842295,142.03740563415639,150.49617407938786,135.146804835924,126.08418629506309,115.2822151224707,115.85838756195392,104.29769392033543,157.20774683038832,121.02010194709128,129.9451583029461,123.17397078353252,115.90662323561347,195.6928838951311,148.69281045751634,0.0,132.2306548141902,115.5728924664474,143.38235294117646,9999.0,169.60096428040816,149.12280701754383,83.33333333333333,168.40025802289955,125.74360883282515,98.93395735829432,115.69579288025889,101.7156862745098,105.45722713864306,112.57309941520467,129.98985797941233,182.26396157596196,109.85853227232538,120.61927795692947,152.47710759430677,114.38923395445134,114.38923395445134,140.80459770114942,127.5811209439528,113.45520307784459,128.27850926805723
offline_political_participation|WVS_E,104.57601956161034,75.96989128372633,52.32320479629377,42.157711960711076,58.23599119688505,89.28571428571429,36.76470588235294,65.10768208344582,89.75124378109453,44.0360204751752,89.12072682476132,56.02284853430419,84.38375350140055,64.29659725749111,82.29437963291159,83.2763337893297,82.6945055601181,100.71079298344752,28.81844380403458,54.6448087431694,35.46099290780142,27.932960893854748,80.84301380390767,44.6553689206106,60.80316742081448,26.80965147453083,68.815987933635,133.1961187885916,80.75859232210627,132.2306548141902,0.0,55.079724197371256,77.8885806780643,9999.0,100.45897339827651,102.73325138041974,48.897321480856846,92.03552499641884,54.74261236838558,44.6274517118848,39.574404432853584,41.00485631869135,40.0,59.08560886893263,62.53503701842222,84.99821908493345,51.97142243231629,44.38032931490738,70.65944798813499,79.95322210197486,40.41735540072116,95.23809523809523,93.14510909147631,37.09047005136391,51.91377624157657
online_political_participation|WVS_E,99.35365309284562,51.603970073188044,47.408165877383844,34.602076124567475,62.5104947411806,97.08737864077669,18.315018315018314,69.92011600156307,72.02295870314353,37.515761830491286,70.67103925742668,61.42331356663257,63.587291915664814,47.81354338876463,96.76597911892028,59.74238338401515,74.82215447154472,84.05303063570474,43.29004329004329,45.24886877828054,44.894119567801624,33.333425926183125,86.24347883623604,44.11146258068055,42.353479853479854,28.98550724637681,30.581039755351682,138.59658382092,81.29028545119705,115.5728924664474,55.079724197371256,0.0,67.70833333333333,9999.0,82.00928583094188,86.56900503822301,32.23955913311407,97.43599002874723,29.940119760479043,16.638935108153078,30.3030303030303,26.041666666666668,22.271714922048996,35.08771929824561,47.69483572927109,99.46981857094218,57.37188746464467,38.96036367958165,76.80308798646362,54.94505494505494,45.81782043304955,81.30081300813008,76.48734674373354,42.490935083692285,57.314241273904955
outgroup_trust|WVS_G,127.16311356757467,76.63170163170163,65.35947712418302,61.159844054580894,80.25865008723986,128.3783783783784,57.14285714285714,77.68872428459825,120.83712465878071,46.51162790697675,102.8303052774688,78.04550742465901,85.48398756596544,67.46869519564805,125.21804798781423,84.03954802259886,84.82580415218747,111.86249111043381,71.74211215893723,91.99790139698052,45.04504504504504,49.95561978420956,102.86567269426246,47.16981132075472,74.02846195949644,69.75759998222937,74.54606030318175,155.2187776789464,96.91528545119704,143.38235294117646,77.8885806780643,67.70833333333333,0.0,9999.0,102.00844376113429,103.39506172839506,60.049019607843135,114.05818388677366,59.880239520958085,58.47953216374269,38.314176245210724,41.666666666666664,82.17291341315287,70.06020799124246,78.47481881549186,119.72167269254383,73.9940813226711,46.728971962616825,84.89691089391454,85.14492753623188,46.08294930875576,117.52028397565923,104.2968072184626,59.11312894171871,73.93643513193138
perceived_corruption|WVS_E,9999.0,9999.0,9999.0,9999.0,9999.0,9999.0,9999.0,9999.0,9999.0,9999.0,9999.0,9999.0,9999.0,9999.0,9999.0,9999.0,9999.0,9999.0,9999.0,9999.0,9999.0,9999.0,9999.0,9999.0,9999.0,9999.0,9999.0,9999.0,9999.0,9999.0,9999.0,9999.0,9999.0,0.0,9999.0,9999.0,9999.0,9999.0,9999.0,9999.0,9999.0,9999.0,9999.0,9999.0,9999.0,9999.0,9999.0,9999.0,9999.0,9999.0,9999.0,9999.0,9999.0,9999.0,9999.0
perceived_negative_effects_of_immigration|WVS_G,153.38172490680637,112.95535125976593,92.10335842501448,88.6319233762727,105.63874135795271,156.6365240630525,63.69426751592357,112.51043224451348,127.38853503184714,83.45711336572595,116.05028845833195,103.42559869537185,110.86407883667829,90.90909090909092,150.59813925852708,110.20589542290031,110.20589542290031,138.08110244966548,97.12220342965007,118.2165127362122,86.89640469654091,75.3357110549224,128.2457639649753,80.64516129032258,68.4931506849315,95.1376912529422,95.74554956720561,180.59886894965925,128.16134248317394,169.60096428040816,100.45897339827651,82.00928583094188,102.00844376113429,9999.0,0.0,134.11680272719116,86.26763094707482,139.43827515748652,70.92198581560284,81.26895995880582,63.69426751592357,84.97086326060442,90.09009009009009,95.44029926195532,94.55846504678777,153.30197871054895,99.37417259338395,84.57109423826178,117.45770837613863,117.32353156819283,87.82010556178882,143.73889531489093,130.5154185576943,84.49322021243157,99.31652640264423
perceived_positive_effects_of_immigration|WVS_G,132.90356764394207,96.69343002676337,88.18342151675486,75.75757575757576,97.43504330446368,156.10110349469508,81.30081300813008,102.9021983651469,137.66461127061478,76.33587786259541,133.22120917057626,97.7383554733479,116.87842673758166,98.90311625131947,150.06271869016967,104.10127641766061,110.2566222883762,117.6029451868012,96.58678286129268,97.7383554733479,85.42507752618337,74.800290486565,127.7103433966179,85.76685660018994,105.33927454659161,94.6022706845848,95.28544204159417,178.14902424600828,116.97701384625879,149.12280701754383,102.73325138041974,86.56900503822301,103.39506172839506,9999.0,134.11680272719116,0.0,65.78947368421052,138.9028545891291,90.46402724563644,69.93006993006993,70.4225352112676,61.7283950617284,87.91336748952025,91.40198556617943,99.0418278975493,144.93514677309247,92.31467262320257,71.94244604316548,110.11038497446319,96.84537430532853,75.18796992481204,123.26073805202662,110.03726129482999,83.95779964407416,98.78110583428682
political_information_sources|WVS_E,67.11409395973155,50.56565898999597,44.83737939620293,16.129032258064516,31.645569620253163,102.26517359513218,22.573363431151243,39.21568627450981,71.87513758640426,36.4774507472992,74.92938437355963,31.948881789137378,62.548980832472736,48.38750927086264,87.5008086950896,58.70407230082307,67.16284074605451,51.81347150259067,42.75085296172976,31.948881789137378,32.5250542286206,20.964360587002098,73.874413497055,37.68676861375795,46.61182496961278,39.8406374501992,32.57328990228013,112.35955056179776,65.35947712418302,83.33333333333333,48.897321480856846,32.23955913311407,60.049019607843135,9999.0,86.26763094707482,65.78947368421052,0.0,85.0669246895662,42.41027549949183,15.600624024960997,32.362459546925564,18.38235294117647,22.123893805309734,29.239766081871345,46.656524646079006,98.93062824262864,26.525198938992045,37.28594462359613,69.14377426097343,31.055900621118013,31.055900621118013,57.4712643678161,44.24778761061947,30.121869744511255,44.94517593472392
postmaterialist_values|WVS_E,152.18101864929776,112.13949449243566,88.49280800500313,78.32731516942043,94.4055944055944,145.40337711069418,86.52408876624123,101.27728529215517,144.74772539288668,80.20562368388455,138.88010970864963,92.19245174301355,122.91381896231766,100.46620046620046,139.36499230616877,119.54734088333291,118.86410876882746,136.88039619215687,85.88905647729177,117.01580647870358,75.6632577441826,64.1025641025641,117.01261701261701,80.82497212931996,101.00293310625415,83.90454430058391,109.5326871045022,169.36572199730097,116.92819553081561,168.40025802289955,92.03552499641884,97.43599002874723,114.05818388677366,9999.0,139.43827515748652,138.9028545891291,85.0669246895662,0.0,90.91221557709494,80.79705492059415,75.74400764156294,77.1744595274007,99.31383170819791,95.25521207764199,98.70464022713158,142.06883175819064,88.14102564102564,80.54993252361673,117.29405346426623,116.12282531068422,76.58695860943052,136.04501014572958,129.31471230018568,73.26007326007326,88.08337945028592
