construct,acceptance_of_state_surveillance|WVS_H,authoritarian_governance_tolerance|WVS_E,autocracy_support|WVS_E,basic_needs_deprivation|WVS_H,child_qualities_autonomy_self_expression|WVS_A,child_qualities_conformity_tradition|WVS_A,child_qualities_prosocial_diligence|WVS_A,civic_dishonesty_tolerance|WVS_F,confidence_in_civil_society_organizations|WVS_E,confidence_in_domestic_institutions|WVS_E,confidence_in_international_organizations|WVS_E,crime_victimization|WVS_H,democratic_system_evaluation|WVS_E,democratic_values_importance|WVS_E,economic_ideology|WVS_E,electoral_integrity|WVS_E,existential_threat_worry|WVS_H,familial_duty_obligations|WVS_D,female_income_threat_to_marriage|WVS_D,freedom_security_tradeoff_perception|WVS_H,gender_role_traditionalism|WVS_D,immigrant_origin_status|WVS_G,importance_of_life_domains|WVS_A,institutional_threat_perception|WVS_H,international_organization_knowledge|WVS_E,job_scarcity_gender_discrimination|WVS_C,job_scarcity_nativist_preference|WVS_C,life_autonomy_morality_permissiveness|WVS_F,multilevel_place_attachment|WVS_G,neighborhood_disorder_and_crime|WVS_H,offline_political_participation|WVS_E,online_political_participation|WVS_E,outgroup_trust|WVS_G,perceived_corruption|WVS_E,perceived_negative_effects_of_immigration|WVS_G,perceived_positive_effects_of_immigration|WVS_G,political_information_sources|WVS_E,postmaterialist_values|WVS_E,precautionary_security_behaviors|WVS_H,religion_versus_secularism_orientation|WVS_F,religious_belief|WVS_F,religious_exclusivism|WVS_F,religious_practice_and_self_identification|WVS_F,science_skepticism|WVS_I,science_technology_optimism|WVS_E,sexual_and_reproductive_morality_permissiveness|WVS_F,social_intolerance_outgroups|WVS_A,societal_change_attitudes|WVS_E,socioeconomic_insecurity_worry|WVS_H,subjective_wellbeing|WVS_A,violence_tolerance|WVS_F,voluntary_association_active_membership|WVS_A,voluntary_association_belonging|WVS_A,voting_participation|WVS_E,work_ethic|WVS_C
acceptance_of_state_surveillance|WVS_H,0.0,0.0,8.661869590254547,0.0,18.438557400405227,267.2806430563501,32.23016114927096,71.09701339207271,392.9880834480059,1.5946503448873273,42.71218474278393,9981.684498907716,50.12323910967896,18.169984393201297,0.0,3.372764362342693,0.0,40.279742655328924,51.78043829337086,9954.876167986738,7.392003615339931,15.168232096790476,37.80901551343595,9976.70938441057,0.0,0.0,0.05121992637321782,0.0,245.48724171057805,9978.019024741978,0.0,0.0,1.945018709696015,0.0,29.36298291210511,19.466046157857285,41.36406964747806,61.92025474179704,9973.38933128972,4.6166087746379,0.0,0.7241946642713017,289.50772837533003,961.7614939074435,120.22714254230726,0.0,3.4665823368772664,8.343885469358021,9966.542855524045,66.52984347362771,0.0,0.0,0.0,0.0,0.9819633355391701
authoritarian_governance_tolerance|WVS_E,0.0,0.0,9971.988127622417,0.0,0.0,975.8386140006834,0.0,27.602243203178475,9969.378622736669,9968.280653405733,9973.885332727099,0.0,9946.116388226437,9973.885332727099,9971.368575108301,9967.508424720887,0.0,82.31379079108531,0.0,10.066122693743921,0.0,0.0,36.26526504090266,0.0,9972.015244159535,0.0,0.0,0.0,4.733589168788058,0.0,0.0,9976.97839359263,0.0,0.0,422.33634229478866,0.0,9980.594771588629,9943.52594901889,0.0,0.0,0.0,0.0,306.28744670714093,973.9346418917593,9955.129258868985,0.0,0.0,9972.364245470471,12.610740350466372,56.21423583575444,0.0,0.0,0.0,9980.544935828604,0.0
autocracy_support|WVS_E,8.661869590254547,9971.988127622417,0.0,0.0,16.83345097059413,213.8039962428542,38.19667073639545,100.60833325936525,9963.44156595445,9957.9129374072,9967.94827594488,6.072970574695383,9935.748672227906,9967.94827594488,9965.431518326082,9957.140708722354,0.0,157.0035460569208,38.86823444095879,53.855378454890506,6.39007772176592,0.0,62.036111213283334,25.447631341458518,9961.647528161002,0.0,11.76528891911564,0.0,117.6282859350631,0.357252479969425,0.0,9966.212321717,0.0,0.0,957.8773825924848,13.610810271977797,9974.657714806408,9932.61782835467,0.0,1.1460148577551799,0.0,0.0,271.1613120487344,290.57823027083015,9949.192202086766,0.0,2.262513704072539,9961.996529471939,24.283997231192227,75.18139361292202,0.0,0.0,0.0,9974.607879046385,15.803651200920498
basic_needs_deprivation|WVS_H,0.0,0.0,0.0,0.0,0.0,0.0,0.0,0.0,0.0,0.0,0.0,0.0,0.0,0.0,0.0,0.0,0.0,0.0,0.0,0.0,0.0,0.0,0.0,0.0,0.0,0.0,0.0,0.0,0.0,0.0,0.0,0.0,0.0,0.0,0.0,0.0,0.0,0.0,0.0,0.0,0.0,0.0,0.0,0.0,0.0,0.0,0.0,0.0,0.0,0.0,0.0,0.0,0.0,0.0,0.0
child_qualities_autonomy_self_expression|WVS_A,18.438557400405227,0.0,16.83345097059413,0.0,0.0,9960.266860571457,9951.323604771604,968.113533937483,949.2888811497814,11.122857630659453,138.98077632539685,1.2527435910571079,98.94509717471244,40.31878007088669,12.474194074824439,16.24222360410171,0.0,965.3538171575738,71.73892914917246,132.14475956935212,19.67103942326544,185.76415496325643,9958.926904669484,17.09878631191227,8.733648318259004,6.72078382041634,17.701400160834226,0.0,825.8370955893216,9.368878620721329,0.0,0.0,33.97311332918035,0.0,92.35572133246741,47.74912738159292,8.124077620787958,23.40461409683533,22.426259998395437,20.70170539694105,0.0,12.048534697991542,953.190915587407,114.1352228855165,51.91880433065536,0.0,9971.550141988433,41.769335783859006,202.52870094586345,9947.917597697142,0.0,0.0,0.0,1.5535493336263038,14.43674523200147
child_qualities_conformity_tradition|WVS_A,267.2806430563501,975.8386140006834,213.8039962428542,0.0,9960.266860571457,0.0,9959.401995824339,219.02400562535274,52.03781504458068,194.32156332034953,45.87283639722054,69.43932996883467,339.59915860617195,24.430341270514887,495.5977941780322,142.8093769188024,0.0,145.03921762037223,955.511824267501,140.4013420583298,173.65337548793255,0.0,9976.930075852419,102.45764309876238,24.669612172404698,153.31289606195025,467.22241036847197,0.0,234.76448659904366,74.31325594518978,0.0,0.0,34.645453398173814,0.0,169.06120230408436,950.6718229660336,1.6028894063841221,36.3584623786776,145.1187655877095,53.228878054605175,0.0,63.332224548054114,201.43115326571032,26.096690272336495,238.75697417931752,0.0,9963.44487392283,87.79823536239988,21.07387754885245,9965.920768880078,0.0,0.0,0.0,3.521022066255753,108.99415749667148
child_qualities_prosocial_diligence|WVS_A,32.23016114927096,0.0,38.19667073639545,0.0,9951.323604771604,9959.401995824339,0.0,5.70981881519694,621.6086712269918,34.24829808777517,359.44871455075537,962.6524955876706,928.0504194631031,73.085078187119,34.45133677691817,47.48167164382626,0.0,383.08790198777046,19.497654357705237,0.0,0.0,0.0,9964.580028080029,71.31374472688826,217.10717013304188,0.0,169.36597030606396,0.0,79.16222932197374,18.510830945742093,0.0,0.0,28.73369873369873,0.0,130.54310080418117,357.2771800927141,72.54113213568826,14.22258820586525,0.0,7.85629725968105,0.0,0.2362731317402904,0.0,791.8313570487484,3.192640692640694,0.0,9954.501618122977,139.48346189232115,32.306596216370664,9953.570721107686,0.0,0.0,0.0,350.7237022676453,18.869495299487113
civic_dishonesty_tolerance|WVS_F,71.09701339207271,27.602243203178475,100.60833325936525,0.0,968.113533937483,219.02400562535274,5.70981881519694,0.0,213.56401436133876,180.0563361921445,27.88563350442645,0.0,112.54059708994815,19.795796500550303,79.36685630977887,92.84953367776741,0.0,12.975818025380399,37.966122478459596,0.0,2.7307673808084445,69.69567134196487,63.029876708880494,27.815136343359825,34.65434923794099,106.09132690001141,11.986742434107889,0.0,224.62619221740977,119.70448681969529,0.0,134.94262113410463,225.0207906965935,0.0,15.637201257171185,103.7719916085399,13.212956130395462,0.0,4.630015756243022,9966.333007915395,0.0,9971.019071861407,9957.472394723878,97.69607847603521,0.0,0.0,64.03740045407045,8.876739407856803,82.77020849021595,83.36475297945593,0.0,0.0,0.0,4.816540815237982,44.11956155299612
confidence_in_civil_society_organizations|WVS_E,392.9880834480059,9969.378622736669,9963.44156595445,0.0,949.2888811497814,52.03781504458068,621.6086712269918,213.56401436133876,0.0,9955.303432521452,9965.338771059132,968.7412434667255,9933.139167342159,9965.338771059132,9962.822013440335,9954.531203836606,0.0,621.0607078378397,719.2826022342563,792.8360876364211,200.75152375880228,0.0,51.21024206872016,731.0932859303825,9959.038023275254,281.5186537176195,91.63254897458785,0.0,662.637828668363,306.86104808683257,0.0,9963.602816831251,5.279543491399082,0.0,481.58366718042123,86.05690212455478,9972.048209920662,9926.805687609509,144.89511094402647,32.25227488843712,0.0,25.42877759253105,0.0,70.651238118529,9946.582697201018,0.0,154.23766425726387,9959.38702458619,47.50531970298944,98.44707898592623,0.0,0.0,0.0,9971.998374160637,180.0804001579484
confidence_in_domestic_institutions|WVS_E,1.5946503448873273,9968.280653405733,9957.9129374072,0.0,11.122857630659453,194.32156332034953,34.24829808777517,180.0563361921445,9955.303432521452,0.0,9959.810142511882,0.0,9951.960112930159,9975.751378243916,9975.475714553617,9973.352149424607,0.0,122.46871810245759,34.61329454632657,94.8191961783725,2.0348344168255963,7.4386840383827355,85.98907508877379,1.9424980232537195,9977.858968863255,0.0,6.083400433791276,0.0,240.449148167269,0.0,0.0,9981.577144189323,0.8727916381635197,0.0,52.99969181813442,19.28139607455087,9966.51958137341,9935.462988363346,13.34979514204619,0.49628792794185017,0.0,0.0,157.62206929424732,868.9503607674507,9954.613307265588,0.0,5.228766043337252,9978.207970174191,34.13396397807507,79.38893919226955,0.0,0.0,0.0,9982.305058360815,6.1001675464340686
confidence_in_international_organizations|WVS_E,42.71218474278393,9973.885332727099,9967.94827594488,0.0,138.98077632539685,45.87283639722054,359.44871455075537,27.88563350442645,9965.338771059132,9959.810142511882,0.0,5.095087215117442,9937.645877332588,9969.845481049562,9967.328723430765,9959.037913827036,0.0,358.9007511616033,480.87433246760133,164.00946429351796,115.55723707149163,0.0,37.582855184896,56.45931678013355,9963.544733265684,39.202294304335126,11.314174139933229,0.0,667.1445386587933,28.651973112602235,0.0,9968.109526821681,0.0,0.0,135.2131841883953,13.821105795013878,9976.554919911092,9931.312397599939,73.3731983942062,17.16842752751067,0.0,6.6598516007949655,0.0,64.23441285573176,9951.089407191448,0.0,21.48947228690978,9963.89373457662,23.069516759734178,56.87657851558433,0.0,0.0,0.0,9976.505084151067,83.47487556799435
crime_victimization|WVS_H,9981.684498907716,0.0,6.072970574695383,0.0,1.2527435910571079,69.43932996883467,962.6524955876706,0.0,968.7412434667255,0.0,5.095087215117442,0.0,0.0,0.0,0.0,0.0,0.0,0.0,115.69117413166884,9965.411936701112,30.658122177497305,250.9831076692164,7.003576378693559,9984.054795772046,0.0,0.0,0.0,0.0,836.2136777330529,9985.364436103455,0.0,0.0,0.0,0.0,0.0,0.0,39.48120184249383,51.81838716964085,9980.734742651197,20.937300153727683,0.0,0.0,0.0,407.0798713174675,0.0,0.0,0.0,0.0,9977.078624238417,3.45767931233199,0.0,0.0,0.0,0.0,0.0
democratic_system_evaluation|WVS_E,50.12323910967896,9946.116388226437,9935.748672227906,0.0,98.94509717471244,339.59915860617195,928.0504194631031,112.54059708994815,9933.139167342159,9951.960112930159,9937.645877332588,0.0,0.0,9953.587113064621,9953.311449374323,9951.187884245313,0.0,784.3840549132135,922.3589392769427,202.08013084681372,528.7357846150213,323.59350717817716,344.7771908618609,43.04531224007152,9955.694703683961,49.211230727468276,31.54181126790798,0.0,801.6116016084854,28.09823784148228,0.0,9959.41287901003,45.59594367741272,0.0,102.98549878891275,71.7386419808565,9944.355316194116,9910.953153150336,947.132666526629,108.25284353597931,0.0,39.0945713425718,5.387874045023423,651.9809007829622,9932.449042086295,0.0,51.903291934198634,9956.043704994898,469.7923375875339,368.5504925851711,0.0,0.0,0.0,9960.140793181521,63.79368215155243
democratic_values_importance|WVS_E,18.169984393201297,9973.885332727099,9967.94827594488,0.0,40.31878007088669,24.430341270514887,73.085078187119,19.795796500550303,9965.338771059132,9975.751378243916,9969.845481049562,0.0,9953.587113064621,0.0,9977.10271468808,9974.97914955907,0.0,43.807504135016124,139.7437281791023,22.148999177238878,39.814188174080314,0.0,30.16828394053752,6.502049477364629,9979.485968997718,32.71692745376956,12.572895586189528,0.0,111.58898310323767,11.524848314226269,0.0,9983.204144323785,191.60943121339162,0.0,18.92973485826024,65.65977742448331,9976.554919911092,9934.744418464094,227.3341882506421,45.96246546789007,0.0,172.2504780952952,0.5713834782969229,45.08276013903437,9956.240307400052,0.0,32.95500469413513,9979.834970308655,70.01577447233366,268.9977906367965,0.0,0.0,0.0,9983.932058495277,15.684727362594497
economic_ideology|WVS_E,0.0,9971.368575108301,9965.431518326082,0.0,12.474194074824439,495.5977941780322,34.45133677691817,79.36685630977887,9962.822013440335,9975.475714553617,9967.328723430765,0.0,9953.311449374323,9977.10271468808,0.0,9974.703485868773,0.0,67.15891579593156,31.406864740198074,76.43523541035171,3.186636925583336,0.0,27.37008987008987,0.0,9979.21030530742,0.0,3.0797252645919606,0.0,117.00873342094718,0.0,0.0,9982.928480633487,0.0,0.0,40.77542258143056,11.04621419080648,9974.038162292292,9937.563026545859,10.488905600287033,0.8829838347547252,0.0,0.0,97.8622946273012,279.8780325954239,9955.964643709754,0.0,3.457143057584286,9979.559306618357,11.18220790023872,38.077595659336765,0.0,0.0,0.0,9983.656394804979,3.862084868120771
electoral_integrity|WVS_E,3.372764362342693,9967.508424720887,9957.140708722354,0.0,16.24222360410171,142.8093769188024,47.48167164382626,92.84953367776741,9954.531203836606,9973.352149424607,9959.037913827036,0.0,9951.187884245313,9974.97914955907,9974.703485868773,0.0,0.0,95.89954819778555,54.86208688250234,230.9796748487698,8.62149895443968,15.767436676741024,141.60782384753753,2.8045084639089417,9977.08674017841,0.9550026050987803,5.582446468854869,0.0,411.23893222058103,0.0,0.0,9980.804915504477,6.670519854400993,0.0,46.93645784228388,23.866609211235833,9965.747352688566,9932.345189644786,15.918067949987542,4.772953800919716,0.0,0.0,123.51650727606872,459.0872229916964,9953.841078580745,0.0,8.781239690150656,9977.435741489346,44.23366397337767,102.21874391337926,0.0,0.0,0.0,9981.532829675969,7.292768412625254
existential_threat_worry|WVS_H,0.0,0.0,0.0,0.0,0.0,0.0,0.0,0.0,0.0,0.0,0.0,0.0,0.0,0.0,0.0,0.0,0.0,0.0,0.0,0.0,0.0,0.0,0.0,0.0,0.0,0.0,0.0,0.0,0.0,0.0,0.0,0.0,0.0,0.0,0.0,0.0,0.0,0.0,0.0,0.0,0.0,0.0,0.0,0.0,0.0,0.0,0.0,0.0,0.0,0.0,0.0,0.0,0.0,0.0,0.0
familial_duty_obligations|WVS_D,40.279742655328924,82.31379079108531,157.0035460569208,0.0,965.3538171575738,145.03921762037223,383.08790198777046,12.975818025380399,621.0607078378397,122.46871810245759,358.9007511616033,0.0,784.3840549132135,43.807504135016124,67.15891579593156,95.89954819778555,0.0,0.0,9941.613813105958,296.89232061245514,9959.75536432639,129.72801063682195,9.875114018230256,24.761647530548096,43.61624417964346,106.70542928339499,15.44199452180828,0.0,821.8664754375005,58.224130359626116,0.0,38.13901720685994,322.993674649285,0.0,34.225221102776324,550.3586800573888,43.12956986809318,0.0,337.7579107260144,197.13143067036995,0.0,969.2593550814968,482.02846741765273,76.997679373882,15.432310977038654,0.0,45.00085705250699,14.61201165973386,27.02256118337116,63.91286760864389,0.0,0.0,0.0,2.537316059161121,18.649183814540333
female_income_threat_to_marriage|WVS_D,51.78043829337086,0.0,38.86823444095879,0.0,71.73892914917246,955.511824267501,19.497654357705237,37.966122478459596,719.2826022342563,34.61329454632657,480.87433246760133,115.69117413166884,922.3589392769427,139.7437281791023,31.406864740198074,54.86208688250234,0.0,9941.613813105958,0.0,18.145061449140016,9955.413156158704,0.0,87.27213500420251,72.03350814659302,140.56548751773158,0.0,88.87107992813154,0.0,187.89463764018467,19.21875105609997,0.0,0.0,26.250877589510594,0.0,276.82098297485504,165.98974317168796,143.08616367362762,33.67251836782303,0.0,9.736033462849598,0.0,4.728157994454904,0.0,953.6078521585767,22.758990874932906,0.0,31.457577007281728,333.22218113636006,50.29830468426961,193.5829885752381,0.0,0.0,0.0,415.7636006408769,34.94248119028511
freedom_security_tradeoff_perception|WVS_H,9954.876167986738,10.066122693743921,53.855378454890506,0.0,132.14475956935212,140.4013420583298,0.0,0.0,792.8360876364211,94.8191961783725,164.00946429351796,9965.411936701112,202.08013084681372,22.148999177238878,76.43523541035171,230.9796748487698,0.0,296.89232061245514,18.145061449140016,0.0,0.0,0.0,28.620309986533357,9958.533209934,166.04204984297343,0.0,514.988667894399,0.0,39.59369817578775,9958.704155114321,0.0,43.57432307376718,35.701798889111416,0.0,71.98618998874157,442.88252493640505,203.2770426899303,40.41890957952664,9957.690375530568,9.052083007558387,0.0,13.978887109558606,0.0,219.469029868434,8.947657951326846,0.0,107.34507763425188,37.422797185655625,9967.840135074779,155.2099022229977,0.0,0.0,0.0,45.85703731983527,47.31631078363821
gender_role_traditionalism|WVS_D,7.392003615339931,0.0,6.39007772176592,0.0,19.67103942326544,173.65337548793255,0.0,2.7307673808084445,200.75152375880228,2.0348344168255963,115.55723707149163,30.658122177497305,528.7357846150213,39.814188174080314,3.186636925583336,8.62149895443968,0.0,9959.75536432639,9955.413156158704,0.0,0.0,0.0,18.04709401813129,21.361812079182123,53.35586816960134,0.0,33.10495666842576,0.0,0.0,3.1354328745705153,0.0,0.0,0.0,0.0,94.96253419528668,53.01289313265361,67.90510829711636,0.0,0.0,0.0,0.0,0.0,0.0,189.1407077268345,0.0,0.0,6.814503666159425,142.18694423263514,9.176334615863478,68.83220178138049,0.0,0.0,0.0,455.5501735063302,4.034211480704627
immigrant_origin_status|WVS_G,15.168232096790476,0.0,0.0,0.0,185.76415496325643,0.0,0.0,69.69567134196487,0.0,7.4386840383827355,0.0,250.9831076692164,323.59350717817716,0.0,0.0,15.767436676741024,0.0,129.72801063682195,0.0,0.0,0.0,0.0,0.0,338.0893433081193,27.198915817826553,0.0,6.956049144519376,0.0,9847.388464800679,32.66382309816218,0.0,0.0,9972.081461674996,0.0,9973.351847172386,9963.29580116767,0.0,259.38965707515786,0.0,0.0,0.0,0.0,64.06503245744422,0.0,0.0,0.0,0.8838642888980139,15.313287958649681,0.0,0.0,0.0,0.0,0.0,0.0,31.524309056865686
importance_of_life_domains|WVS_A,37.80901551343595,36.26526504090266,62.036111213283334,0.0,9958.926904669484,9976.930075852419,9964.580028080029,63.029876708880494,51.21024206872016,85.98907508877379,37.582855184896,7.003576378693559,344.7771908618609,30.16828394053752,27.37008987008987,141.60782384753753,0.0,9.875114018230256,87.27213500420251,28.620309986533357,18.04709401813129,0.0,0.0,97.50054021931618,92.62726630715264,49.57603207603208,18.27200225718842,0.0,9.434044278461442,142.16301082336776,0.0,15.891246855019581,0.0,0.0,965.9059012264399,219.00774995856457,3.8069577864405026,15.366788052288811,49.4323387077612,17.132093173407995,0.0,16.905436376586376,3.3381574840160866,12.790809625847992,315.3635778635779,0.0,9967.797256404418,425.5705026513482,3.980414362314235,9971.098801135766,0.0,0.0,0.0,64.28155897066324,28.882674885380766
institutional_threat_perception|WVS_H,9976.70938441057,0.0,25.447631341458518,0.0,17.09878631191227,102.45764309876238,71.31374472688826,27.815136343359825,731.0932859303825,1.9424980232537195,56.45931678013355,9984.054795772046,43.04531224007152,6.502049477364629,0.0,2.8045084639089417,0.0,24.761647530548096,72.03350814659302,9958.533209934,21.361812079182123,338.0893433081193,97.50054021931618,0.0,0.0,1.42802510255774,0.0,0.0,497.8575385749086,9980.389321606308,0.0,0.0,9.895672716883752,0.0,14.993295207881808,18.87873539813267,18.327534329852654,90.18345184081711,9975.75962815405,21.79301044502094,0.0,6.071000007835028,958.5446919063273,251.13282156898885,953.105913982909,0.0,2.9039183073531127,2.2107809731443915,9970.199897471304,75.12759688333782,0.0,0.0,0.0,0.0,0.2986543644720179
international_organization_knowledge|WVS_E,0.0,9972.015244159535,9961.647528161002,0.0,8.733648318259004,24.669612172404698,217.10717013304188,34.65434923794099,9959.038023275254,9977.858968863255,9963.544733265684,0.0,9955.694703683961,9979.485968997718,9979.21030530742,9977.08674017841,0.0,43.61624417964346,140.56548751773158,166.04204984297343,53.35586816960134,27.198915817826553,92.62726630715264,0.0,0.0,1.0133789988125557,4.572412461092117,0.0,827.510457541582,0.0,0.0,9985.311734943125,28.312981428691167,0.0,19.03586987352451,20.123388986231653,9970.254172127214,9936.852009083434,30.50278682754173,47.14035016264468,0.0,8.015919967035288,52.26575095714104,56.18663502293705,9958.347898019392,0.0,6.095479886417053,9981.942560927995,177.7087373802797,229.9370100928858,0.0,0.0,0.0,9986.039649114617,3.269639201564175
job_scarcity_gender_discrimination|WVS_C,0.0,0.0,0.0,0.0,6.72078382041634,153.31289606195025,0.0,106.09132690001141,281.5186537176195,0.0,39.202294304335126,0.0,49.211230727468276,32.71692745376956,0.0,0.9550026050987803,0.0,106.70542928339499,0.0,0.0,0.0,0.0,49.57603207603208,1.42802510255774,1.0133789988125557,0.0,9981.088159838297,0.0,17.16986264109886,0.0,0.0,0.0,0.0,0.0,60.291870320719426,11.19314122410097,1.9001891543197615,0.0,0.0,0.0,0.0,0.0,1.464800358083508,206.39646673580924,1.9692468658333837,0.0,0.029548994771538162,18.432898165812542,6.298203016233835,44.036810573775554,0.0,0.0,0.0,0.031368331428826224,9981.537905614829
job_scarcity_nativist_preference|WVS_C,0.05121992637321782,0.0,11.76528891911564,0.0,17.701400160834226,467.22241036847197,169.36597030606396,11.986742434107889,91.63254897458785,6.083400433791276,11.314174139933229,0.0,31.54181126790798,12.572895586189528,3.0797252645919606,5.582446468854869,0.0,15.44199452180828,88.87107992813154,514.988667894399,33.10495666842576,6.956049144519376,18.27200225718842,0.0,4.572412461092117,9981.088159838297,0.0,0.0,306.30397986744896,0.0,0.0,0.0,1.798002676126579,0.0,12.0202323594316,12.75318613380605,972.9785679564168,939.1697049026736,46.60424573838412,12.427499028285304,0.0,0.0,30.241923434858094,165.31843825954783,230.93586410890245,0.0,4.863515274069492,5.627778114756268,7.463436239786095,27.180609336029427,0.0,0.0,0.0,0.0,9983.627255180485
life_autonomy_morality_permissiveness|WVS_F,0.0,0.0,0.0,0.0,0.0,0.0,0.0,0.0,0.0,0.0,0.0,0.0,0.0,0.0,0.0,0.0,0.0,0.0,0.0,0.0,0.0,0.0,0.0,0.0,0.0,0.0,0.0,0.0,0.0,0.0,0.0,0.0,0.0,0.0,0.0,0.0,0.0,0.0,0.0,0.0,0.0,0.0,0.0,0.0,0.0,0.0,0.0,0.0,0.0,0.0,0.0,0.0,0.0,0.0,0.0
multilevel_place_attachment|WVS_G,245.48724171057805,4.733589168788058,117.6282859350631,0.0,825.8370955893216,234.76448659904366,79.16222932197374,224.62619221740977,662.637828668363,240.449148167269,667.1445386587933,836.2136777330529,801.6116016084854,111.58898310323767,117.00873342094718,411.23893222058103,0.0,821.8664754375005,187.89463764018467,39.59369817578775,0.0,9847.388464800679,9.434044278461442,497.8575385749086,827.510457541582,17.16986264109886,306.30397986744896,0.0,0.0,189.64336938250705,0.0,429.3863253884388,9829.265439509138,0.0,9821.740311973064,9813.124004243764,197.6635013298457,580.0906240604734,20.265063954384345,0.0,0.0,0.0,0.0,287.40596903557406,180.65998329156227,0.0,213.6304935560793,597.0902280832875,17.213304678150024,245.5998785490573,0.0,0.0,0.0,185.29839463386173,126.25966932060626
neighborhood_disorder_and_crime|WVS_H,9978.019024741978,0.0,0.357252479969425,0.0,9.368878620721329,74.31325594518978,18.510830945742093,119.70448681969529,306.86104808683257,0.0,28.651973112602235,9985.364436103455,28.09823784148228,11.524848314226269,0.0,0.0,0.0,58.224130359626116,19.21875105609997,9958.704155114321,3.1354328745705153,32.66382309816218,142.16301082336776,9980.389321606308,0.0,0.0,0.0,0.0,189.64336938250705,0.0,0.0,0.0,0.0,0.0,21.697943245625403,5.989120608497764,14.743386665504818,3.0938150030279985,9977.069268485458,0.9483440281572051,0.0,0.0,436.04480842821147,150.77466622021103,43.701268600031256,0.0,0.5355202592301289,6.258804793541138,9970.370842651628,64.75496193245158,0.0,0.0,0.0,0.0,0.0
offline_political_participation|WVS_E,0.0,0.0,0.0,0.0,0.0,0.0,0.0,0.0,0.0,0.0,0.0,0.0,0.0,0.0,0.0,0.0,0.0,0.0,0.0,0.0,0.0,0.0,0.0,0.0,0.0,0.0,0.0,0.0,0.0,0.0,0.0,0.0,0.0,0.0,0.0,0.0,0.0,0.0,0.0,0.0,0.0,0.0,0.0,0.0,0.0,0.0,0.0,0.0,0.0,0.0,0.0,0.0,0.0,0.0,0.0
online_political_participation|WVS_E,0.0,9976.97839359263,9966.212321717,0.0,0.0,0.0,0.0,134.94262113410463,9963.602816831251,9981.577144189323,9968.109526821681,0.0,9959.41287901003,9983.204144323785,9982.928480633487,9980.804915504477,0.0,38.13901720685994,0.0,43.57432307376718,0.0,0.0,15.891246855019581,0.0,9985.311734943125,0.0,0.0,0.0,429.3863253884388,0.0,0.0,0.0,3.622065845667315,0.0,6.276295409499209,0.0,9974.818965683211,9947.628459688216,0.0,0.0,0.0,0.0,9.657114643362732,0.6263684538739476,9962.066073345459,0.0,0.0,9985.660736254062,83.83030749305325,249.94581909289826,0.0,0.0,0.0,9989.757824440683,0.0
outgroup_trust|WVS_G,1.945018709696015,0.0,0.0,0.0,33.97311332918035,34.645453398173814,28.73369873369873,225.0207906965935,5.279543491399082,0.8727916381635197,0.0,0.0,45.59594367741272,191.60943121339162,0.0,6.670519854400993,0.0,322.993674649285,26.250877589510594,35.701798889111416,0.0,9972.081461674996,0.0,9.895672716883752,28.312981428691167,0.0,1.798002676126579,0.0,9829.265439509138,0.0,0.0,3.622065845667315,0.0,0.0,9965.270443200308,9955.668608037275,6.880307727973303,33.71060159232002,16.837088008619396,0.0,0.0,0.0,22.200346084666634,39.52072447919173,26.989295493157783,0.0,2.9493425533029516,85.48016455780916,0.0,14.232269362769308,0.0,0.0,0.0,975.940889108068,11.121305191271727
perceived_corruption|WVS_E,0.0,0.0,0.0,0.0,0.0,0.0,0.0,0.0,0.0,0.0,0.0,0.0,0.0,0.0,0.0,0.0,0.0,0.0,0.0,0.0,0.0,0.0,0.0,0.0,0.0,0.0,0.0,0.0,0.0,0.0,0.0,0.0,0.0,0.0,0.0,0.0,0.0,0.0,0.0,0.0,0.0,0.0,0.0,0.0,0.0,0.0,0.0,0.0,0.0,0.0,0.0,0.0,0.0,0.0,0.0
perceived_negative_effects_of_immigration|WVS_G,29.36298291210511,422.33634229478866,957.8773825924848,0.0,92.35572133246741,169.06120230408436,130.54310080418117,15.637201257171185,481.58366718042123,52.99969181813442,135.2131841883953,0.0,102.98549878891275,18.92973485826024,40.77542258143056,46.93645784228388,0.0,34.225221102776324,276.82098297485504,71.98618998874157,94.96253419528668,9973.351847172386,965.9059012264399,14.993295207881808,19.03586987352451,60.291870320719426,12.0202323594316,0.0,9821.740311973064,21.697943245625403,0.0,6.276295409499209,9965.270443200308,0.0,0.0,9961.543011633623,204.579264653934,121.30689795625156,185.19847039735126,243.22490544882797,0.0,213.5814197997681,22.357469200763546,625.4905635284936,38.157155054569465,0.0,31.356334604027605,11.847897350558526,221.0155148886852,240.6108799683837,0.0,0.0,0.0,0.0,21.37524624108764
perceived_positive_effects_of_immigration|WVS_G,19.466046157857285,0.0,13.610810271977797,0.0,47.74912738159292,950.6718229660336,357.2771800927141,103.7719916085399,86.05690212455478,19.28139607455087,13.821105795013878,0.0,71.7386419808565,65.65977742448331,11.04621419080648,23.866609211235833,0.0,550.3586800573888,165.98974317168796,442.88252493640505,53.01289313265361,9963.29580116767,219.00774995856457,18.87873539813267,20.123388986231653,11.19314122410097,12.75318613380605,0.0,9813.124004243764,5.989120608497764,0.0,0.0,9955.668608037275,0.0,9961.543011633623,0.0,956.4279805539784,60.01211888006114,168.02609382290657,12.533938809189863,0.0,0.2377881826244277,5.01000063855777,857.8587599480185,152.85503977949008,0.0,17.17062893533482,52.1499828001376,60.93219119711557,137.14824055707282,0.0,0.0,0.0,20.52263628534317,24.98054292925271
political_information_sources|WVS_E,41.36406964747806,9980.594771588629,9974.657714806408,0.0,8.124077620787958,1.6028894063841221,72.54113213568826,13.212956130395462,9972.048209920662,9966.51958137341,9976.554919911092,39.48120184249383,9944.355316194116,9976.554919911092,9974.038162292292,9965.747352688566,0.0,43.12956986809318,143.08616367362762,203.2770426899303,67.90510829711636,0.0,3.8069577864405026,18.327534329852654,9970.254172127214,1.9001891543197615,972.9785679564168,0.0,197.6635013298457,14.743386665504818,0.0,9974.818965683211,6.880307727973303,0.0,204.579264653934,956.4279805539784,0.0,9938.021836461468,0.0,45.72745988497428,0.0,146.815911813783,0.0,3.1999737566020485,9957.798846052976,0.0,120.89053325182526,9970.60317343815,8.292326443648214,21.457414272900106,0.0,0.0,0.0,9983.214523012597,13.27532340223863
postmaterialist_values|WVS_E,61.92025474179704,9943.52594901889,9932.61782835467,0.0,23.40461409683533,36.3584623786776,14.22258820586525,0.0,9926.805687609509,9935.462988363346,9931.312397599939,51.81838716964085,9910.953153150336,9934.744418464094,9937.563026545859,9932.345189644786,0.0,0.0,33.67251836782303,40.41890957952664,0.0,259.38965707515786,15.366788052288811,90.18345184081711,9936.852009083434,0.0,939.1697049026736,0.0,580.0906240604734,3.0938150030279985,0.0,9947.628459688216,33.71060159232002,0.0,121.30689795625156,60.01211888006114,9938.021836461468,0.0,0.0,0.0,0.0,0.0,70.40857098043524,44.99807040096246,9919.804661831256,0.0,33.57991599889499,9937.201010394368,294.2859255240579,260.7677374902032,0.0,0.0,0.0,9941.298098580992,78.50833956809527
precautionary_security_behaviors|WVS_H,9973.38933128972,0.0,0.0,0.0,22.426259998395437,145.1187655877095,0.0,4.630015756243022,144.89511094402647,13.34979514204619,73.3731983942062,9980.734742651197,947.132666526629,227.3341882506421,10.488905600287033,15.918067949987542,0.0,337.7579107260144,0.0,9957.690375530568,0.0,0.0,49.4323387077612,9975.75962815405,30.50278682754173,0.0,46.60424573838412,0.0,20.265063954384345,9977.069268485458,0.0,0.0,16.837088008619396,0.0,185.19847039735126,168.02609382290657,0.0,0.0,0.0,0.0,0.0,0.0,0.0,144.82268307444286,0.0,0.0,16.95674654243539,973.3805237706619,9960.924799408025,121.70766060742389,0.0,0.0,0.0,8.630259932362058,7.384369012042296
religion_versus_secularism_orientation|WVS_F,4.6166087746379,0.0,1.1460148577551799,0.0,20.70170539694105,53.228878054605175,7.85629725968105,9966.333007915395,32.25227488843712,0.49628792794185017,17.16842752751067,20.937300153727683,108.25284353597931,45.96246546789007,0.8829838347547252,4.772953800919716,0.0,197.13143067036995,9.736033462849598,9.052083007558387,0.0,0.0,17.132093173407995,21.79301044502094,47.14035016264468,0.0,12.427499028285304,0.0,0.0,0.9483440281572051,0.0,0.0,0.0,0.0,243.22490544882797,12.533938809189863,45.72745988497428,0.0,0.0,0.0,0.0,9980.844586696629,9956.116620752984,60.3130928999697,0.0,0.0,1.8955298288937996,220.56627455050395,8.973001196972366,34.93116682088268,0.0,0.0,0.0,84.1877251350519,9.905382811472485
religious_belief|WVS_F,0.0,0.0,0.0,0.0,0.0,0.0,0.0,0.0,0.0,0.0,0.0,0.0,0.0,0.0,0.0,0.0,0.0,0.0,0.0,0.0,0.0,0.0,0.0,0.0,0.0,0.0,0.0,0.0,0.0,0.0,0.0,0.0,0.0,0.0,0.0,0.0,0.0,0.0,0.0,0.0,0.0,0.0,0.0,0.0,0.0,0.0,0.0,0.0,0.0,0.0,0.0,0.0,0.0,0.0,0.0
religious_exclusivism|WVS_F,0.7241946642713017,0.0,0.0,0.0,12.048534697991542,63.332224548054114,0.2362731317402904,9971.019071861407,25.42877759253105,0.0,6.6598516007949655,0.0,39.0945713425718,172.2504780952952,0.0,0.0,0.0,969.2593550814968,4.728157994454904,13.978887109558606,0.0,0.0,16.905436376586376,6.071000007835028,8.015919967035288,0.0,0.0,0.0,0.0,0.0,0.0,0.0,0.0,0.0,213.5814197997681,0.2377881826244277,146.815911813783,0.0,0.0,9980.844586696629,0.0,0.0,9959.186791614047,64.50707017312013,0.0,0.0,0.0,82.77922021694462,5.041179042469274,22.576104561728194,0.0,0.0,0.0,62.19672918933083,1.7910763870150568
religious_practice_and_self_identification|WVS_F,289.50772837533003,306.28744670714093,271.1613120487344,0.0,953.190915587407,201.43115326571032,0.0,9957.472394723878,0.0,157.62206929424732,0.0,0.0,5.387874045023423,0.5713834782969229,97.8622946273012,123.51650727606872,0.0,482.02846741765273,0.0,0.0,0.0,64.06503245744422,3.3381574840160866,958.5446919063273,52.26575095714104,1.464800358083508,30.241923434858094,0.0,0.0,436.04480842821147,0.0,9.657114643362732,22.200346084666634,0.0,22.357469200763546,5.01000063855777,0.0,70.40857098043524,0.0,9956.116620752984,0.0,9959.186791614047,0.0,537.7624752744333,9.812274636630619,0.0,673.7635839432247,27.93082692190019,25.238612703458024,778.9332118823907,0.0,0.0,0.0,129.73717577511684,14.15599312556995
science_skepticism|WVS_I,961.7614939074435,973.9346418917593,290.57823027083015,0.0,114.1352228855165,26.096690272336495,791.8313570487484,97.69607847603521,70.651238118529,868.9503607674507,64.23441285573176,407.0798713174675,651.9809007829622,45.08276013903437,279.8780325954239,459.0872229916964,0.0,76.997679373882,953.6078521585767,219.469029868434,189.1407077268345,0.0,12.790809625847992,251.13282156898885,56.18663502293705,206.39646673580924,165.31843825954783,0.0,287.40596903557406,150.77466622021103,0.0,0.6263684538739476,39.52072447919173,0.0,625.4905635284936,857.8587599480185,3.1999737566020485,44.99807040096246,144.82268307444286,60.3130928999697,0.0,64.50707017312013,537.7624752744333,0.0,178.41144362883492,0.0,306.5428382467013,227.1009384781227,22.80238407240696,66.02689778125405,0.0,0.0,0.0,16.554393315727612,591.2451149652121
science_technology_optimism|WVS_E,120.22714254230726,9955.129258868985,9949.192202086766,0.0,51.91880433065536,238.75697417931752,3.192640692640694,0.0,9946.582697201018,9954.613307265588,9951.089407191448,0.0,9932.449042086295,9956.240307400052,9955.964643709754,9953.841078580745,0.0,15.432310977038654,22.758990874932906,8.947657951326846,0.0,0.0,315.3635778635779,953.105913982909,9958.347898019392,1.9692468658333837,230.93586410890245,0.0,180.65998329156227,43.701268600031256,0.0,9962.066073345459,26.989295493157783,0.0,38.157155054569465,152.85503977949008,9957.798846052976,9919.804661831256,0.0,0.0,0.0,0.0,9.812274636630619,178.41144362883492,0.0,0.0,139.28728944703388,9958.696899330327,581.9200779727096,947.2114137483787,0.0,0.0,0.0,9962.79398751695,960.0638977635783
sexual_and_reproductive_morality_permissiveness|WVS_F,0.0,0.0,0.0,0.0,0.0,0.0,0.0,0.0,0.0,0.0,0.0,0.0,0.0,0.0,0.0,0.0,0.0,0.0,0.0,0.0,0.0,0.0,0.0,0.0,0.0,0.0,0.0,0.0,0.0,0.0,0.0,0.0,0.0,0.0,0.0,0.0,0.0,0.0,0.0,0.0,0.0,0.0,0.0,0.0,0.0,0.0,0.0,0.0,0.0,0.0,0.0,0.0,0.0,0.0,0.0
social_intolerance_outgroups|WVS_A,3.4665823368772664,0.0,2.262513704072539,0.0,9971.550141988433,9963.44487392283,9954.501618122977,64.03740045407045,154.23766425726387,5.228766043337252,21.48947228690978,0.0,51.903291934198634,32.95500469413513,3.457143057584286,8.781239690150656,0.0,45.00085705250699,31.457577007281728,107.34507763425188,6.814503666159425,0.8838642888980139,9967.797256404418,2.9039183073531127,6.095479886417053,0.029548994771538162,4.863515274069492,0.0,213.6304935560793,0.5355202592301289,0.0,0.0,2.9493425533029516,0.0,31.356334604027605,17.17062893533482,120.89053325182526,33.57991599889499,16.95674654243539,1.8955298288937996,0.0,0.0,673.7635839432247,306.5428382467013,139.28728944703388,0.0,0.0,15.90697611236764,11.356262779213637,9956.787949432075,0.0,0.0,0.0,1.58121997202457,3.7024838927540706
societal_change_attitudes|WVS_E,8.343885469358021,9972.364245470471,9961.996529471939,0.0,41.769335783859006,87.79823536239988,139.48346189232115,8.876739407856803,9959.38702458619,9978.207970174191,9963.89373457662,0.0,9956.043704994898,9979.834970308655,9979.559306618357,9977.435741489346,0.0,14.61201165973386,333.22218113636006,37.422797185655625,142.18694423263514,15.313287958649681,425.5705026513482,2.2107809731443915,9981.942560927995,18.432898165812542,5.627778114756268,0.0,597.0902280832875,6.258804793541138,0.0,9985.660736254062,85.48016455780916,0.0,11.847897350558526,52.1499828001376,9970.60317343815,9937.201010394368,973.3805237706619,220.56627455050395,0.0,82.77922021694462,27.93082692190019,227.1009384781227,9958.696899330327,0.0,15.90697611236764,0.0,123.57055920403637,148.6949864165706,0.0,0.0,0.0,9986.388650425553,7.639376019902809
socioeconomic_insecurity_worry|WVS_H,9966.542855524045,12.610740350466372,24.283997231192227,0.0,202.52870094586345,21.07387754885245,32.306596216370664,82.77020849021595,47.50531970298944,34.13396397807507,23.069516759734178,9977.078624238417,469.7923375875339,70.01577447233366,11.18220790023872,44.23366397337767,0.0,27.02256118337116,50.29830468426961,9967.840135074779,9.176334615863478,0.0,3.980414362314235,9970.199897471304,177.7087373802797,6.298203016233835,7.463436239786095,0.0,17.213304678150024,9970.370842651628,0.0,83.83030749305325,0.0,0.0,221.0155148886852,60.93219119711557,8.292326443648214,294.2859255240579,9960.924799408025,8.973001196972366,0.0,5.041179042469274,25.238612703458024,22.80238407240696,581.9200779727096,0.0,11.356262779213637,123.57055920403637,0.0,23.70821129780786,0.0,0.0,0.0,982.3357549323295,13.34879063140082
subjective_wellbeing|WVS_A,66.52984347362771,56.21423583575444,75.18139361292202,0.0,9947.917597697142,9965.920768880078,9953.570721107686,83.36475297945593,98.44707898592623,79.38893919226955,56.87657851558433,3.45767931233199,368.5504925851711,268.9977906367965,38.077595659336765,102.21874391337926,0.0,63.91286760864389,193.5829885752381,155.2099022229977,68.83220178138049,0.0,9971.098801135766,75.12759688333782,229.9370100928858,44.036810573775554,27.180609336029427,0.0,245.5998785490573,64.75496193245158,0.0,249.94581909289826,14.232269362769308,0.0,240.6108799683837,137.14824055707282,21.457414272900106,260.7677374902032,121.70766060742389,34.93116682088268,0.0,22.576104561728194,778.9332118823907,66.02689778125405,947.2114137483787,0.0,9956.787949432075,148.6949864165706,23.70821129780786,0.0,0.0,0.0,0.0,427.17254525345317,47.063575069347635
violence_tolerance|WVS_F,0.0,0.0,0.0,0.0,0.0,0.0,0.0,0.0,0.0,0.0,0.0,0.0,0.0,0.0,0.0,0.0,0.0,0.0,0.0,0.0,0.0,0.0,0.0,0.0,0.0,0.0,0.0,0.0,0.0,0.0,0.0,0.0,0.0,0.0,0.0,0.0,0.0,0.0,0.0,0.0,0.0,0.0,0.0,0.0,0.0,0.0,0.0,0.0,0.0,0.0,0.0,0.0,0.0,0.0,0.0
voluntary_association_active_membership|WVS_A,0.0,0.0,0.0,0.0,0.0,0.0,0.0,0.0,0.0,0.0,0.0,0.0,0.0,0.0,0.0,0.0,0.0,0.0,0.0,0.0,0.0,0.0,0.0,0.0,0.0,0.0,0.0,0.0,0.0,0.0,0.0,0.0,0.0,0.0,0.0,0.0,0.0,0.0,0.0,0.0,0.0,0.0,0.0,0.0,0.0,0.0,0.0,0.0,0.0,0.0,0.0,0.0,0.0,0.0,0.0
voluntary_association_belonging|WVS_A,0.0,0.0,0.0,0.0,0.0,0.0,0.0,0.0,0.0,0.0,0.0,0.0,0.0,0.0,0.0,0.0,0.0,0.0,0.0,0.0,0.0,0.0,0.0,0.0,0.0,0.0,0.0,0.0,0.0,0.0,0.0,0.0,0.0,0.0,0.0,0.0,0.0,0.0,0.0,0.0,0.0,0.0,0.0,0.0,0.0,0.0,0.0,0.0,0.0,0.0,0.0,0.0,0.0,0.0,0.0
voting_participation|WVS_E,0.0,9980.544935828604,9974.607879046385,0.0,1.5535493336263038,3.521022066255753,350.7237022676453,4.816540815237982,9971.998374160637,9982.305058360815,9976.505084151067,0.0,9960.140793181521,9983.932058495277,9983.656394804979,9981.532829675969,0.0,2.537316059161121,415.7636006408769,45.85703731983527,455.5501735063302,0.0,64.28155897066324,0.0,9986.039649114617,0.031368331428826224,0.0,0.0,185.29839463386173,0.0,0.0,9989.757824440683,975.940889108068,0.0,0.0,20.52263628534317,9983.214523012597,9941.298098580992,8.630259932362058,84.1877251350519,0.0,62.19672918933083,129.73717577511684,16.554393315727612,9962.79398751695,0.0,1.58121997202457,9986.388650425553,982.3357549323295,427.17254525345317,0.0,0.0,0.0,0.0,0.0
work_ethic|WVS_C,0.9819633355391701,0.0,15.803651200920498,0.0,14.43674523200147,108.99415749667148,18.869495299487113,44.11956155299612,180.0804001579484,6.1001675464340686,83.47487556799435,0.0,63.79368215155243,15.684727362594497,3.862084868120771,7.292768412625254,0.0,18.649183814540333,34.94248119028511,47.31631078363821,4.034211480704627,31.524309056865686,28.882674885380766,0.2986543644720179,3.269639201564175,9981.537905614829,9983.627255180485,0.0,126.25966932060626,0.0,0.0,0.0,11.121305191271727,0.0,21.37524624108764,24.98054292925271,13.27532340223863,78.50833956809527,7.384369012042296,9.905382811472485,0.0,1.7910763870150568,14.15599312556995,591.2451149652121,960.0638977635783,0.0,3.7024838927540706,7.639376019902809,13.34879063140082,47.063575069347635,0.0,0.0,0.0,0.0,0.0
