construct,acceptance_of_state_surveillance|WVS_H,authoritarian_governance_tolerance|WVS_E,autocracy_support|WVS_E,basic_needs_deprivation|WVS_H,child_qualities_autonomy_self_expression|WVS_A,child_qualities_conformity_tradition|WVS_A,child_qualities_prosocial_diligence|WVS_A,civic_dishonesty_tolerance|WVS_F,confidence_in_civil_society_organizations|WVS_E,confidence_in_domestic_institutions|WVS_E,confidence_in_international_organizations|WVS_E,crime_victimization|WVS_H,democratic_system_evaluation|WVS_E,democratic_values_importance|WVS_E,economic_ideology|WVS_E,electoral_integrity|WVS_E,existential_threat_worry|WVS_H,familial_duty_obligations|WVS_D,female_income_threat_to_marriage|WVS_D,freedom_security_tradeoff_perception|WVS_H,gender_role_traditionalism|WVS_D,immigrant_origin_status|WVS_G,importance_of_life_domains|WVS_A,institutional_threat_perception|WVS_H,international_organization_knowledge|WVS_E,job_scarcity_gender_discrimination|WVS_C,job_scarcity_nativist_preference|WVS_C,life_autonomy_morality_permissiveness|WVS_F,multilevel_place_attachment|WVS_G,neighborhood_disorder_and_crime|WVS_H,offline_political_participation|WVS_E,online_political_participation|WVS_E,outgroup_trust|WVS_G,perceived_corruption|WVS_E,perceived_negative_effects_of_immigration|WVS_G,perceived_positive_effects_of_immigration|WVS_G,political_information_sources|WVS_E,postmaterialist_values|WVS_E,precautionary_security_behaviors|WVS_H,religion_versus_secularism_orientation|WVS_F,religious_belief|WVS_F,religious_exclusivism|WVS_F,religious_practice_and_self_identification|WVS_F,science_skepticism|WVS_I,science_technology_optimism|WVS_E,sexual_and_reproductive_morality_permissiveness|WVS_F,social_intolerance_outgroups|WVS_A,societal_change_attitudes|WVS_E,socioeconomic_insecurity_worry|WVS_H,subjective_wellbeing|WVS_A,violence_tolerance|WVS_F,voluntary_association_active_membership|WVS_A,voluntary_association_belonging|WVS_A,voting_participation|WVS_E,work_ethic|WVS_C
acceptance_of_state_surveillance|WVS_H,0.0,38.66993321202388,26.26503347504267,0.0,216.29635067456238,936.3279459534865,138.7277404628975,0.0,0.0,159.2825952301948,59.91576032900335,9926.948283436892,36.33184220588696,930.770700470334,5.90875921186047,136.9557996665664,9931.972876357298,123.42543413292198,757.989850267842,9937.712321282215,937.925155513971,29.098370787905765,104.04250381438156,9920.655895622485,112.77902504869164,181.93790487811714,102.31654992516012,339.7569323182231,22.60023325190781,9898.527589547975,0.0,0.0,14.656539815226381,0.0,19.143415426389055,863.4086001820851,0.0,943.1503225038439,9940.657412325174,127.74474880404071,237.03878811286313,0.0,4.261698626040719,222.5556626215424,40.76225835107388,198.6049722533025,22.505089887705253,671.4416390304547,9949.766177508922,99.28915920278007,237.08263484246015,0.0,116.00495098428344,0.0,57.936482092615265
authoritarian_governance_tolerance|WVS_E,38.66993321202388,0.0,9944.089772693771,0.0,0.0,16.69961658279415,126.65810209864105,87.19563645591418,9944.089772693771,9954.404091513385,9932.529882648507,28.624309536898878,9940.997246576673,9931.589950994967,9939.165012980548,9893.87261116681,20.87712903692632,2.5981004725087047,12.10753219906374,0.0,7.609940521153767,41.619803368546314,14.237511339358988,45.42636565931264,9900.832318126515,5.303456314906072,212.42205280384152,4.469264603861845,7.433092328773185,175.80512774335654,0.0,9960.99422558531,176.70318917872734,0.0,467.39123737959295,107.98611139361762,9964.84802750305,9943.969573028477,14.753304867366253,5.428013999289632,177.6295883609405,0.0,0.0,288.13993879745266,9927.945145239342,0.0,5.870050668482477,9903.030120324318,0.0,162.04030936898963,380.94733991254714,0.0,7.689925183891461,0.0,1.2801310578983731
autocracy_support|WVS_E,26.26503347504267,9944.089772693771,0.0,0.0,51.23675788817298,214.6860674068876,40.01364329182485,0.0,9935.908517350157,9946.22283616977,9924.348627304895,3.734193433792477,9932.815991233061,9923.408695651353,9933.414949090948,9885.691355823195,13.21719576609015,96.53557007640504,96.8050698396622,0.0,158.83587796771803,65.73644866139223,55.05556586462136,45.16402067363465,9892.651062782903,212.58012796124567,452.7788091561352,108.8335239904709,3.8157315084870476,7.907270127016673,0.0,9952.812970241697,83.6118739929917,0.0,119.92426775026595,574.4611987975404,9956.666772159437,9935.788317684865,12.763999988149813,35.19442250262132,876.662815299747,0.0,0.0,879.95868345384,9919.76388989573,42.21568974747008,6.23742754371473,9894.848864980706,21.92950873919787,431.6368318031547,918.2206300234799,0.0,25.397813376481103,0.0,47.65495806799092
basic_needs_deprivation|WVS_H,0.0,0.0,0.0,0.0,0.0,0.0,0.0,0.0,0.0,0.0,0.0,0.0,0.0,0.0,0.0,0.0,0.0,0.0,0.0,0.0,0.0,0.0,0.0,0.0,0.0,0.0,0.0,0.0,0.0,0.0,0.0,0.0,0.0,0.0,0.0,0.0,0.0,0.0,0.0,0.0,0.0,0.0,0.0,0.0,0.0,0.0,0.0,0.0,0.0,0.0,0.0,0.0,0.0,0.0,0.0
child_qualities_autonomy_self_expression|WVS_A,216.29635067456238,0.0,51.23675788817298,0.0,0.0,9946.632926563521,9925.966537180626,716.4047807577567,196.53590318731827,0.0,70.37677926895344,398.2056381656448,12.750816234226903,30.517433695998335,208.09910146008122,30.096658063138918,470.2863465507364,0.0,0.0,0.0,0.0,0.950277018023705,9952.213200173686,101.60843998616397,365.01954108728773,0.0,943.2860434413814,0.0,7.5775232447593766,69.03869735728144,0.0,0.0,4.9323832509673196,0.0,851.0330057949105,23.731168233891836,0.0,5.967362386202396,545.3928941209363,28.334232923165928,24.99972920570619,9.443359415237936,0.0,71.85505816376293,150.35287110146885,0.0,9955.263067608917,42.575899155352786,0.0,9947.459855562085,120.22883896759541,0.0,9948.249863438306,0.0,0.0
child_qualities_conformity_tradition|WVS_A,936.3279459534865,16.69961658279415,214.6860674068876,0.0,9946.632926563521,0.0,9925.016260162602,57.77678504951231,944.4157971366174,0.8130652649863634,24.554707379134854,614.6170006464124,0.0,19.6465217573397,105.28125228586057,0.0,948.2607074366077,8.017179195113052,0.0,48.80262538713241,0.0,0.0,9950.451734539969,929.926287619137,465.07936507936506,0.0,468.6515558970418,0.0,116.36502810166934,0.0,0.0,0.0,0.0,0.0,24.28097534284052,31.055555995909998,0.0,0.0,62.4578513729457,4.0392735307077885,32.890872131816195,6.3456207157714815,0.0,2.4084919759317103,845.7275457275457,0.0,9959.553217968472,129.1129160694378,0.0,9946.50957854406,934.0933767643866,0.0,9952.540013797861,0.0,12.039605564061432
child_qualities_prosocial_diligence|WVS_A,138.7277404628975,126.65810209864105,40.01364329182485,0.0,9925.966537180626,9925.016260162602,0.0,53.375525807096494,47.129814791558005,920.7395548858964,54.38622858591319,35.05772559357234,23.016826093558052,266.2977025548619,14.193236379444954,173.02480717114864,77.67084064113997,467.1125072738863,145.8400611460807,14.879583811669477,495.67437982072124,0.0,9936.936317264672,106.18229127887479,902.2067363530778,262.8097797662119,351.68535991929264,522.7092657230348,0.0,19.36831712269985,0.0,189.66878182445456,173.6251245798589,0.0,141.5199511388012,865.6022689332798,577.476741262258,78.67732458837195,330.1053766090141,753.4476150486657,882.0895997212007,55.63245144964735,73.26820211503717,237.97684460025025,429.31956346590493,930.6426801268868,9925.28093425355,904.40453855088,532.2709519321119,9939.19250537333,926.7763035936548,0.0,9918.267730082938,0.0,120.94987302074276
civic_dishonesty_tolerance|WVS_F,0.0,87.19563645591418,0.0,0.0,716.4047807577567,57.77678504951231,53.375525807096494,0.0,0.0,876.8444651296943,0.0,0.0,0.0,166.8470572431044,0.0,68.74324398499493,0.0,896.9016280440001,467.9580432853035,0.0,208.72373450896373,0.9245892098184072,894.0412275084695,48.02695196830561,413.86720215243133,65.82557027244839,479.358897614071,9889.578881849186,0.0,0.0,0.0,140.23659350789814,1.1280846063454817,0.0,93.93114044276837,730.7980882679867,11.674435011210605,44.30604435597945,0.0,9875.21919195913,9837.194509964998,9894.458291926003,9896.794164990413,130.19957756799863,107.64669593192514,9885.747590370685,4.3370640095429565,860.5094487946781,900.1405680582628,422.61320509081173,9881.881213837452,0.0,169.49028738556052,0.0,262.2399684497259
confidence_in_civil_society_organizations|WVS_E,0.0,9944.089772693771,9935.908517350157,0.0,196.53590318731827,944.4157971366174,47.129814791558005,0.0,0.0,9946.22283616977,9924.348627304895,0.0,9932.815991233061,9923.408695651353,9936.242403674958,9885.691355823195,0.0,148.01120494256838,218.50892379503745,0.0,366.34575939064297,950.7939199257601,65.89567426570535,0.0,9892.651062782903,73.69123907235678,98.87681278589932,196.55282223608492,4.913185415422959,0.0,0.0,9952.812970241697,0.0,0.0,0.0,860.1754845118261,9956.666772159437,9935.788317684865,0.0,35.19442250262132,133.07307171000338,0.0,0.0,213.29201678717322,9919.76388989573,144.1660443573992,2.7971819631071355,9894.848864980706,66.7800070780683,92.92715438379982,318.2206300234799,0.0,36.94182492049266,0.0,66.8743548746142
confidence_in_domestic_institutions|WVS_E,159.2825952301948,9954.404091513385,9946.22283616977,0.0,0.0,0.8130652649863634,920.7395548858964,876.8444651296943,9946.22283616977,0.0,9934.944668769096,80.6275028830293,9943.412032697262,9934.004737115554,9937.71422442851,9896.287397287397,86.20288160489653,4.383095727137864,5.726729895754019,22.02813483875653,1.0185734116963872,0.0,5.5408248551748045,147.8304318453403,9903.247104247104,2.3830956305468973,214.83683892443017,0.0,58.247697386923846,91.26309567145688,0.0,9963.12728906131,4.504397648018738,0.0,177.85763418892682,52.43340513033621,9966.98109097905,9946.384359149066,27.147871157004673,1.8437969950386162,78.66732461221417,0.0,0.0,51.56332485409837,9930.359931359932,0.0,22.183786413390592,9905.444906444907,0.0,264.8135184286463,762.1500048210146,0.0,8.978631778383445,0.0,14.102877010737949
confidence_in_international_organizations|WVS_E,59.91576032900335,9932.529882648507,9924.348627304895,0.0,70.37677926895344,24.554707379134854,54.38622858591319,0.0,9924.348627304895,9934.944668769096,0.0,4.85547050946554,9956.576778686436,9947.169483104728,9950.878970417683,9909.45214327657,11.813924449151912,75.04945073102107,59.30488051790172,62.84732716009872,27.78770626430766,0.0,141.82067643089033,117.616666097218,9916.411850236278,1.7305447844177664,950.2238071358258,67.32614431211701,19.736530708619327,0.0,0.0,9965.778657612416,0.0,0.0,56.991022468809604,203.38802797776998,9966.681855145458,9959.549105138238,18.839902256919927,601.9860622651989,75.86614217582914,28.08790733011128,113.14436862981603,58.25018460430786,9943.524677349105,59.484157646450335,23.45326125150386,9918.60965243408,65.62375042106898,669.6833335422439,566.9814174768547,0.0,334.4728439661389,0.0,112.26012429940266
crime_victimization|WVS_H,9926.948283436892,28.624309536898878,3.734193433792477,0.0,398.2056381656448,614.6170006464124,35.05772559357234,0.0,0.0,80.6275028830293,4.85547050946554,0.0,5.2572775915865435,131.61917438284567,0.0,97.53028157936134,9943.287964493276,405.3177322239548,318.20878341754127,9942.8197814337,70.57631185430726,0.0,211.0697718798118,9919.079419784624,257.00988243827254,22.66846259916177,471.31004260460827,944.4495314836859,0.934950546641133,9910.696818177468,0.0,73.90865416931237,0.0,0.0,116.77328879487712,875.577828811578,18.632076421455025,83.52467933846498,9956.475007419514,33.18262509878522,177.77944531378455,0.0,0.0,283.49322029696833,111.70891644765138,226.33252571947068,0.0,539.3800984291781,9953.035474153754,950.1680652516278,391.2973180174075,0.0,24.755240779342195,0.0,501.2958032694113
democratic_system_evaluation|WVS_E,36.33184220588696,9940.997246576673,9932.815991233061,0.0,12.750816234226903,0.0,23.016826093558052,0.0,9932.815991233061,9943.412032697262,9956.576778686436,5.2572775915865435,0.0,9955.636847032894,9959.34633434585,9917.919507204737,2.8967866605980106,28.985324643825734,45.3295324214985,19.32591406235251,12.810909919668532,0.0,30.101945760968633,60.35861619870397,9924.879214164443,1.0763336058781974,271.19117106399153,19.122059172850797,5.933951106998933,0.0,0.0,9974.246021540583,0.0,0.0,0.0,77.9539920276642,9975.149219073624,9968.016469066404,72.82547346799873,147.8683921797592,19.39844116892982,38.783435251146805,119.20788640413552,0.0,9951.99204127727,1.7085228671623085,58.64906423882847,9927.077016362246,14.656492433342109,227.02287792153723,664.7344956907348,0.0,942.9402078943045,0.0,100.28223606945835
democratic_values_importance|WVS_E,930.770700470334,9931.589950994967,9923.408695651353,0.0,30.517433695998335,19.6465217573397,266.2977025548619,166.8470572431044,9923.408695651353,9934.004737115554,9947.169483104728,131.61917438284567,9955.636847032894,0.0,9949.939038764143,9908.51221162303,435.6860228707987,28.59131179456672,56.930640201136214,191.42546779571416,22.41121737917819,0.0,54.2423158208609,479.92459769154004,9915.471918582736,6.307788337170962,219.55414575255492,44.89299998889257,751.1198313783104,79.92086675833733,0.0,9964.838725958874,29.99556996741238,0.0,752.3760424593689,237.01030830579566,9965.741923491916,9958.609173484698,944.3705588386729,156.60168616721336,174.13255972863715,247.73621097068775,42.91095871540527,152.1419267298089,9942.584745695563,17.371630472487546,773.879449816542,9917.66972078054,12.064280904338588,146.76537991068062,226.75577153759926,0.0,171.6281504078358,0.0,50.029870065216315
economic_ideology|WVS_E,5.90875921186047,9939.165012980548,9933.414949090948,0.0,208.09910146008122,105.28125228586057,14.193236379444954,0.0,9936.242403674958,9937.71422442851,9950.878970417683,0.0,9959.34633434585,9949.939038764143,0.0,9912.221698935984,0.0,673.0571016285303,163.81473068869445,0.0,484.4092832814637,0.0,955.9109868072853,20.671122041532158,9919.181405895692,214.6140605577918,452.99336279523976,246.56628820682502,0.0,0.0,0.0,9968.54821327183,3.068765057272401,0.0,0.0,883.5769384758936,9969.451410804872,9962.318660797653,14.372388302852286,99.37927383859136,212.56426926381442,0.0,1.8580171162341443,89.66277642555494,9946.294233008519,948.6173496695006,0.0,9921.379208093495,78.28939712452046,328.53754528631373,944.7509731362686,0.0,4.708187065551016,0.0,102.99308872145498
electoral_integrity|WVS_E,136.9557996665664,9893.87261116681,9885.691355823195,0.0,30.096658063138918,0.0,173.02480717114864,68.74324398499493,9885.691355823195,9896.287397287397,9909.45214327657,97.53028157936134,9917.919507204737,9908.51221162303,9912.221698935984,0.0,125.24141031536816,73.59456020170306,41.01075174789459,617.9938422532707,31.609195402298866,0.0,103.16340494919139,257.02207267819705,9877.754578754579,13.864355647199204,911.5665356541269,58.0806375363004,250.43952858718967,0.0,0.0,9927.121386130717,0.0,0.0,99.68544059912566,242.15011133478072,9928.024583663759,9920.89183365654,573.3198856771817,219.24276927812366,144.35172783698732,915.9012240837064,53.37223228325219,107.31221136822293,9904.867405867406,13.573501251791981,902.8287766550508,9879.952380952382,21.593601226066752,916.7403477748305,903.3241459951557,0.0,240.6431586913365,0.0,190.0903080148363
existential_threat_worry|WVS_H,9931.972876357298,20.87712903692632,13.21719576609015,0.0,470.2863465507364,948.2607074366077,77.67084064113997,0.0,0.0,86.20288160489653,11.813924449151912,9943.287964493276,2.8967866605980106,435.6860228707987,0.0,125.24141031536816,0.0,946.5225747152049,78.82557067825702,9943.130154890563,99.09047791443578,274.571247145205,104.03936505350063,9925.57121802295,86.74657182052971,9.617454920858293,71.07368023522935,247.70255774899087,38.29789671043822,9912.092733452015,0.0,0.0,0.0,0.0,49.56894190848644,582.6096368682641,0.0,402.6110994497632,9956.785380876376,34.620855518230925,97.5772108172792,0.0,0.0,508.80359375383034,31.051118105274,147.11003824351081,6.151932225845364,907.1261922001501,9954.681499909386,104.2044816032448,929.4979572429249,0.0,54.044310978058796,0.0,303.7155918684953
familial_duty_obligations|WVS_D,123.42543413292198,2.5981004725087047,96.53557007640504,0.0,0.0,8.017179195113052,467.1125072738863,896.9016280440001,148.01120494256838,4.383095727137864,75.04945073102107,405.3177322239548,28.985324643825734,28.59131179456672,673.0571016285303,73.59456020170306,946.5225747152049,0.0,9963.520779790635,0.0,9966.223869630252,0.0,11.847319575594454,38.2983774855453,168.20670618580024,0.0,269.6162240609582,3.300474376336723,19.135738475361123,123.81878910750264,0.0,0.33774120421532317,20.814615154237792,0.0,54.12168521286608,51.43274603194038,0.0,26.265051475135508,121.87377734974568,96.73116730454883,52.86267045810705,65.46521676637138,18.337380573258336,159.9742753084824,47.5709404280833,0.0,477.6984578012989,24.823465071016088,0.0,101.17892507055069,38.96392449207712,0.0,23.109621637318853,0.0,0.0
female_income_threat_to_marriage|WVS_D,757.989850267842,12.10753219906374,96.8050698396622,0.0,0.0,0.0,145.8400611460807,467.9580432853035,218.50892379503745,5.726729895754019,59.30488051790172,318.20878341754127,45.3295324214985,56.930640201136214,163.81473068869445,41.01075174789459,78.82557067825702,9963.520779790635,0.0,0.0,9968.480498477491,109.19578165980755,23.500130486982684,96.82628717158782,907.1253882850664,0.0,76.9236465544775,8.878900397368248,0.0,15.821136751369309,0.0,72.77126542864684,2.646407400169366,0.0,462.1709498326346,17.457490821208125,17.770597098948585,51.272744197128134,16.102573156289047,206.04305818694365,16.158260344306868,947.504380376039,27.365589489706473,185.02512616186846,600.9048820645601,1.4039966892542708,310.8990679384391,26.12825687275705,0.0,157.87711475212663,98.36162219231002,0.0,0.0,0.0,0.0
freedom_security_tradeoff_perception|WVS_H,9937.712321282215,0.0,0.0,0.0,0.0,48.80262538713241,14.879583811669477,0.0,0.0,22.02813483875653,62.84732716009872,9942.8197814337,19.32591406235251,191.42546779571416,0.0,617.9938422532707,9943.130154890563,0.0,0.0,0.0,0.0,290.39133723141083,25.34939460228209,9931.310662947866,148.76307302250146,0.0,943.4797918268115,32.37891275835739,0.0,9909.182356873356,0.0,4.0875057395253265,937.7705627705627,0.0,15.16118040984884,105.67155930763424,0.0,256.8353928595272,9956.3171978168,45.41386826202655,221.8929326487466,0.0,0.0,883.335410694254,36.79056303018948,14.577878230154688,6.173909203521234,82.67616686923984,9960.4209448343,717.8843731782844,117.05558398602221,0.0,0.0,0.0,0.0
gender_role_traditionalism|WVS_D,937.925155513971,7.609940521153767,158.83587796771803,0.0,0.0,0.0,495.67437982072124,208.72373450896373,366.34575939064297,1.0185734116963872,27.78770626430766,70.57631185430726,12.810909919668532,22.41121737917819,484.4092832814637,31.609195402298866,99.09047791443578,9966.223869630252,9968.480498477491,0.0,0.0,0.0,13.410008592021441,34.61628068477623,399.81684981684987,0.0,482.7541199996059,0.0,4.254187320946713,19.29474172631241,0.0,13.643587506577301,1.9919898532697857,0.0,88.53482650733511,13.505744813442377,1.3689060080812645,17.014884809741446,10.74355490393797,149.8672523219616,15.67155752044664,960.7730189555014,53.19898211000202,159.296381773446,99.99293208248433,0.0,572.7005715268457,4.736668801524033,0.0,284.1927878079157,38.28603095704072,0.0,0.2879673932305451,0.0,0.0
immigrant_origin_status|WVS_G,29.098370787905765,41.619803368546314,65.73644866139223,0.0,0.950277018023705,0.0,0.0,0.9245892098184072,950.7939199257601,0.0,0.0,0.0,0.0,0.0,0.0,0.0,274.571247145205,0.0,109.19578165980755,290.39133723141083,0.0,0.0,0.0,3.9457557720929373,0.0,0.0,0.0,0.0,9943.171722319383,48.754643526639725,0.0,0.0,9950.117636347082,0.0,9868.670357642866,9905.252675437345,0.0,0.0,327.89864025593636,70.65479810950734,293.110376595636,236.41404459652694,46.85579028293923,0.0,0.0,0.9666771354028825,2.019060055860521,0.0,0.0,0.0,0.0,0.0,41.21894959513412,0.0,0.0
importance_of_life_domains|WVS_A,104.04250381438156,14.237511339358988,55.05556586462136,0.0,9952.213200173686,9950.451734539969,9936.936317264672,894.0412275084695,65.89567426570535,5.5408248551748045,141.82067643089033,211.0697718798118,30.101945760968633,54.2423158208609,955.9109868072853,103.16340494919139,104.03936505350063,11.847319575594454,23.500130486982684,25.34939460228209,13.410008592021441,0.0,0.0,95.08068162954568,129.77719995921282,8.00995419811158,105.77097504057915,8.505613649179033,101.25668337664185,265.78597477886865,0.0,0.0,28.714261105917487,0.0,855.2666141318623,102.23070355390753,0.0,14.33236530893479,36.73398373731338,20.987810380035384,97.40516136655131,0.0,0.0,79.30231316488477,89.40176416124179,0.0,9959.081875585365,123.64166882368167,0.0,9958.429635646131,209.17132860329855,0.0,9952.068671414754,0.0,16.593003457496984
institutional_threat_perception|WVS_H,9920.655895622485,45.42636565931264,45.16402067363465,0.0,101.60843998616397,929.926287619137,106.18229127887479,48.02695196830561,0.0,147.8304318453403,117.616666097218,9919.079419784624,60.35861619870397,479.92459769154004,20.671122041532158,257.02207267819705,9925.57121802295,38.2983774855453,96.82628717158782,9931.310662947866,34.61628068477623,3.9457557720929373,95.08068162954568,0.0,126.16954880241738,42.74491863048854,189.5812609039239,189.76553039413002,26.31875202065764,9892.125931213626,0.0,6.672484159595882,119.26320710529876,0.0,0.0,857.0069418477356,0.0,230.866311228318,9934.255753990825,258.59799243047553,540.1609393023232,10.7289246269292,40.29757605365958,359.0111471443358,39.771855427979844,148.55901495550512,127.50974300790868,240.63679767223243,9943.36451917457,116.78236347297062,114.2594078806597,0.0,116.72579977244112,0.0,10.443723915635985
international_organization_knowledge|WVS_E,112.77902504869164,9900.832318126515,9892.651062782903,0.0,365.01954108728773,465.07936507936506,902.2067363530778,413.86720215243133,9892.651062782903,9903.247104247104,9916.411850236278,257.00988243827254,9924.879214164443,9915.471918582736,9919.181405895692,9877.754578754579,86.74657182052971,168.20670618580024,907.1253882850664,148.76307302250146,399.81684981684987,0.0,129.77719995921282,126.16954880241738,0.0,923.7366839661295,181.68413735067594,174.39177737685202,553.695531843193,188.25911069068138,0.0,9934.081093090424,328.7573878998769,0.0,288.7179766904853,849.1098182944877,9934.984290623466,9927.851540616246,77.54735219973021,226.20247623783064,865.5971490824086,29.243909766817637,24.206705097923034,851.1140235910877,9911.827112827114,217.18053251839777,180.058753885028,9886.912087912087,91.4776334051809,132.03338806787085,364.8293075003172,0.0,458.33083499970246,0.0,157.3674752920036
job_scarcity_gender_discrimination|WVS_C,181.93790487811714,5.303456314906072,212.58012796124567,0.0,0.0,0.0,262.8097797662119,65.82557027244839,73.69123907235678,2.3830956305468973,1.7305447844177664,22.66846259916177,1.0763336058781974,6.307788337170962,214.6140605577918,13.864355647199204,9.617454920858293,0.0,0.0,0.0,0.0,0.0,8.00995419811158,42.74491863048854,923.7366839661295,0.0,9955.548640865678,0.0,0.0,0.0,0.0,16.3935346323114,0.0,0.0,136.26418446613857,0.0,8.608764999877113,9.79239380371257,0.0,529.8795234460312,0.0,48.602627540871175,216.34809150838902,81.44411415062389,228.62728885673437,0.0,132.75795283350462,0.0,0.0,961.7224529863813,17.750695651150927,0.0,0.0,0.0,9962.15601434204
job_scarcity_nativist_preference|WVS_C,102.31654992516012,212.42205280384152,452.7788091561352,0.0,943.2860434413814,468.6515558970418,351.68535991929264,479.358897614071,98.87681278589932,214.83683892443017,950.2238071358258,471.31004260460827,271.19117106399153,219.55414575255492,452.99336279523976,911.5665356541269,71.07368023522935,269.6162240609582,76.9236465544775,943.4797918268115,482.7541199996059,0.0,105.77097504057915,189.5812609039239,181.68413735067594,9955.548640865678,0.0,183.35161740102745,242.42146723736477,156.1360026551646,0.0,14.404677896949238,144.17804045159895,0.0,245.33945739955723,548.5884418607025,8.011933797523827,89.86862572092284,34.1441811153842,199.59168271293055,333.19171467760884,48.26548053555411,56.04797669364667,883.925980490636,104.36922845681971,241.07983344646638,775.9337738476393,920.7240448116361,114.2013179213747,70.14837527044926,265.67645501570115,0.0,461.9030258173792,0.0,9951.084194096313
life_autonomy_morality_permissiveness|WVS_F,339.7569323182231,4.469264603861845,108.8335239904709,0.0,0.0,0.0,522.7092657230348,9889.578881849186,196.55282223608492,0.0,67.32614431211701,944.4495314836859,19.122059172850797,44.89299998889257,246.56628820682502,58.0806375363004,247.70255774899087,3.300474376336723,8.878900397368248,32.37891275835739,0.0,0.0,8.505613649179033,189.76553039413002,174.39177737685202,0.0,183.35161740102745,0.0,80.6188837390201,37.977970623531576,0.0,0.0,10.978835978835974,0.0,685.6046985496824,70.61122956645346,0.0,7.2017251773121345,69.63586045400383,9942.36569579288,9907.527131782947,9961.604795759753,9963.940668824163,42.11141757355642,153.42768141275604,9952.894094204436,44.77044356919294,95.61791965562585,0.0,122.63395665351403,9941.551088207172,0.0,11.484661401866148,0.0,7.704616773518502
multilevel_place_attachment|WVS_G,22.60023325190781,7.433092328773185,3.8157315084870476,0.0,7.5775232447593766,116.36502810166934,0.0,0.0,4.913185415422959,58.247697386923846,19.736530708619327,0.934950546641133,5.933951106998933,751.1198313783104,0.0,250.43952858718967,38.29789671043822,19.135738475361123,0.0,0.0,4.254187320946713,9943.171722319383,101.25668337664185,26.31875202065764,553.695531843193,0.0,242.42146723736477,80.6188837390201,0.0,0.0,0.0,116.68229805904899,9917.956043956045,0.0,9826.587784429603,9873.091083046307,12.020184309157997,147.55742442631322,84.30457433987155,67.93584634941845,604.8641281199422,0.0,0.0,873.3364858474633,114.14169228935344,42.8468770540529,0.7715666625925621,278.98550724637687,3.4025492280593923,379.5600887422326,536.5984324171034,0.0,0.0,0.0,0.0
neighborhood_disorder_and_crime|WVS_H,9898.527589547975,175.80512774335654,7.907270127016673,0.0,69.03869735728144,0.0,19.36831712269985,0.0,0.0,91.26309567145688,0.0,9910.696818177468,0.0,79.92086675833733,0.0,0.0,9912.092733452015,123.81878910750264,15.821136751369309,9909.182356873356,19.29474172631241,48.754643526639725,265.78597477886865,9892.125931213626,188.25911069068138,0.0,156.1360026551646,37.977970623531576,0.0,0.0,0.0,62.800743241645165,0.0,0.0,0.0,107.80556676079064,2.6129065292900435,14.572959114063266,9922.563469088313,903.1363530226329,33.02305627887024,0.0,128.79295870697786,18.02086183070628,32.82356248404881,34.146679145030674,33.50397897252847,601.7123241438949,9926.057729121765,179.6248330908865,309.7983749009553,0.0,910.9652415286046,0.0,394.9772353333343
offline_political_participation|WVS_E,0.0,0.0,0.0,0.0,0.0,0.0,0.0,0.0,0.0,0.0,0.0,0.0,0.0,0.0,0.0,0.0,0.0,0.0,0.0,0.0,0.0,0.0,0.0,0.0,0.0,0.0,0.0,0.0,0.0,0.0,0.0,0.0,0.0,0.0,0.0,0.0,0.0,0.0,0.0,0.0,0.0,0.0,0.0,0.0,0.0,0.0,0.0,0.0,0.0,0.0,0.0,0.0,0.0,0.0,0.0
online_political_participation|WVS_E,0.0,9960.99422558531,9952.812970241697,0.0,0.0,0.0,189.66878182445456,140.23659350789814,9952.812970241697,9963.12728906131,9965.778657612416,73.90865416931237,9974.246021540583,9964.838725958874,9968.54821327183,9927.121386130717,0.0,0.33774120421532317,72.77126542864684,4.0875057395253265,13.643587506577301,0.0,0.0,6.672484159595882,9934.081093090424,16.3935346323114,14.404677896949238,0.0,116.68229805904899,62.800743241645165,0.0,0.0,181.43682467560143,0.0,47.07949306133287,184.19091138491203,9984.351097999604,9977.218347992384,0.9654053956349458,0.0,684.1947256893164,0.0,0.0,49.73456231051003,9961.193920203252,0.0,17.79728102570472,9936.278895288227,0.0,10.103899147713168,37.1700401759626,0.0,22.817426423898816,0.0,0.0
outgroup_trust|WVS_G,14.656539815226381,176.70318917872734,83.6118739929917,0.0,4.9323832509673196,0.0,173.6251245798589,1.1280846063454817,0.0,4.504397648018738,0.0,0.0,0.0,29.99556996741238,3.068765057272401,0.0,0.0,20.814615154237792,2.646407400169366,937.7705627705627,1.9919898532697857,9950.117636347082,28.714261105917487,119.26320710529876,328.7573878998769,0.0,144.17804045159895,10.978835978835974,9917.956043956045,0.0,0.0,181.43682467560143,0.0,0.0,9842.720930232557,9894.611229566453,444.2447841134049,0.0,28.87419737554712,168.29258097673574,18.481539077778564,80.37515587663597,63.16846522749691,0.0,90.57913174078065,0.0,177.58812266367443,143.16299642386596,3.80059185477905,209.73832600225427,918.5443464448017,0.0,58.322559793148045,0.0,22.679823865849315
perceived_corruption|WVS_E,0.0,0.0,0.0,0.0,0.0,0.0,0.0,0.0,0.0,0.0,0.0,0.0,0.0,0.0,0.0,0.0,0.0,0.0,0.0,0.0,0.0,0.0,0.0,0.0,0.0,0.0,0.0,0.0,0.0,0.0,0.0,0.0,0.0,0.0,0.0,0.0,0.0,0.0,0.0,0.0,0.0,0.0,0.0,0.0,0.0,0.0,0.0,0.0,0.0,0.0,0.0,0.0,0.0,0.0,0.0
perceived_negative_effects_of_immigration|WVS_G,19.143415426389055,467.39123737959295,119.92426775026595,0.0,851.0330057949105,24.28097534284052,141.5199511388012,93.93114044276837,0.0,177.85763418892682,56.991022468809604,116.77328879487712,0.0,752.3760424593689,0.0,99.68544059912566,49.56894190848644,54.12168521286608,462.1709498326346,15.16118040984884,88.53482650733511,9868.670357642866,855.2666141318623,0.0,288.7179766904853,136.26418446613857,245.33945739955723,685.6046985496824,9826.587784429603,0.0,0.0,47.07949306133287,9842.720930232557,0.0,0.0,9774.923033080211,0.0,112.07501181222628,354.17184522329933,228.79613494500228,209.0770305347986,863.4198502964907,32.422390027568014,41.61566707466338,0.9306501934813411,167.20914874117202,683.6807362011684,341.04109217149545,263.2806104070472,144.63091657908438,64.36979501331336,0.0,843.3341986972242,0.0,1.230668752711125
perceived_positive_effects_of_immigration|WVS_G,863.4086001820851,107.98611139361762,574.4611987975404,0.0,23.731168233891836,31.055555995909998,865.6022689332798,730.7980882679867,860.1754845118261,52.43340513033621,203.38802797776998,875.577828811578,77.9539920276642,237.01030830579566,883.5769384758936,242.15011133478072,582.6096368682641,51.43274603194038,17.457490821208125,105.67155930763424,13.505744813442377,9905.252675437345,102.23070355390753,857.0069418477356,849.1098182944877,0.0,548.5884418607025,70.61122956645346,9873.091083046307,107.80556676079064,0.0,184.19091138491203,9894.611229566453,0.0,9774.923033080211,0.0,71.79361630711612,105.01303064325697,613.5491880396601,251.63274827212692,189.81424460592757,180.37411068243887,9.368284660276643,314.5095561712898,876.2226454073148,31.353750513056013,233.45576248653816,371.0253082414017,7.713762887474161,887.0955873147394,873.6793855350647,0.0,52.53805865352595,0.0,42.37530251655183
political_information_sources|WVS_E,0.0,9964.84802750305,9956.666772159437,0.0,0.0,0.0,577.476741262258,11.674435011210605,9956.666772159437,9966.98109097905,9966.681855145458,18.632076421455025,9975.149219073624,9965.741923491916,9969.451410804872,9928.024583663759,0.0,0.0,17.770597098948585,0.0,1.3689060080812645,0.0,0.0,0.0,9934.984290623466,8.608764999877113,8.011933797523827,0.0,12.020184309157997,2.6129065292900435,0.0,9984.351097999604,444.2447841134049,0.0,0.0,71.79361630711612,0.0,9978.121545525426,0.0,0.0,218.89745702189177,0.0,0.0,40.27291738915686,9962.097117736294,0.0,3.7443127517709307,9937.182092821267,0.0,6.228124159846693,23.053857864042897,0.0,3.555694703033957,0.0,0.0
postmaterialist_values|WVS_E,943.1503225038439,9943.969573028477,9935.788317684865,0.0,5.967362386202396,0.0,78.67732458837195,44.30604435597945,9935.788317684865,9946.384359149066,9959.549105138238,83.52467933846498,9968.016469066404,9958.609173484698,9962.318660797653,9920.89183365654,402.6110994497632,26.265051475135508,51.272744197128134,256.8353928595272,17.014884809741446,0.0,14.33236530893479,230.866311228318,9927.851540616246,9.79239380371257,89.86862572092284,7.2017251773121345,147.55742442631322,14.572959114063266,0.0,9977.218347992384,0.0,0.0,112.07501181222628,105.01303064325697,9978.121545525426,0.0,126.24170629591165,36.84917606859119,84.17300047559738,34.96370318675348,2.3476644519616876,20.833556974061253,9954.964367729073,0.0,230.70351629449632,9930.049342814049,0.35405258208454526,64.87652532277278,185.97924739170722,0.0,82.8988357159707,0.0,26.512056201290385
precautionary_security_behaviors|WVS_H,9940.657412325174,14.753304867366253,12.763999988149813,0.0,545.3928941209363,62.4578513729457,330.1053766090141,0.0,0.0,27.147871157004673,18.839902256919927,9956.475007419514,72.82547346799873,944.3705588386729,14.372388302852286,573.3198856771817,9956.785380876376,121.87377734974568,16.102573156289047,9956.3171978168,10.74355490393797,327.89864025593636,36.73398373731338,9934.255753990825,77.54735219973021,0.0,34.1441811153842,69.63586045400383,84.30457433987155,9922.563469088313,0.0,0.9654053956349458,28.87419737554712,0.0,354.17184522329933,613.5491880396601,0.0,126.24170629591165,0.0,0.0,137.9730267640888,0.0,0.0,296.99063668006727,58.37281190657856,37.09538721951505,0.0,115.62094471117994,9966.532890536853,81.46882486060368,113.6210897020271,0.0,33.487222448896716,0.0,81.83954917452496
religion_versus_secularism_orientation|WVS_F,127.74474880404071,5.428013999289632,35.19442250262132,0.0,28.334232923165928,4.0392735307077885,753.4476150486657,9875.21919195913,35.19442250262132,1.8437969950386162,601.9860622651989,33.18262509878522,147.8683921797592,156.60168616721336,99.37927383859136,219.24276927812366,34.620855518230925,96.73116730454883,206.04305818694365,45.41386826202655,149.8672523219616,70.65479810950734,20.987810380035384,258.59799243047553,226.20247623783064,529.8795234460312,199.59168271293055,9942.36569579288,67.93584634941845,903.1363530226329,0.0,0.0,168.29258097673574,0.0,228.79613494500228,251.63274827212692,0.0,36.84917606859119,0.0,0.0,9882.504694444664,9953.514180873022,9955.850053937433,107.11680704858051,187.14491459962386,9944.803479317703,0.0,905.8196332743426,13.546538616714514,254.1076000967921,9927.191398317118,0.0,5.350515089358282,0.0,123.83760437125918
religious_belief|WVS_F,237.03878811286313,177.6295883609405,876.662815299747,0.0,24.99972920570619,32.890872131816195,882.0895997212007,9837.194509964998,133.07307171000338,78.66732461221417,75.86614217582914,177.77944531378455,19.39844116892982,174.13255972863715,212.56426926381442,144.35172783698732,97.5772108172792,52.86267045810705,16.158260344306868,221.8929326487466,15.67155752044664,293.110376595636,97.40516136655131,540.1609393023232,865.5971490824086,0.0,333.19171467760884,9907.527131782947,604.8641281199422,33.02305627887024,0.0,684.1947256893164,18.481539077778564,0.0,209.0770305347986,189.81424460592757,218.89745702189177,84.17300047559738,137.9730267640888,9882.504694444664,0.0,9901.743794411535,9907.208556624668,201.36725732958098,419.0257656689198,9911.705946165841,892.8002361316019,322.29524772497473,21.39997322721574,403.5829181026603,9889.166716322985,0.0,69.02538944144682,0.0,56.531630973470385
religious_exclusivism|WVS_F,0.0,0.0,0.0,0.0,9.443359415237936,6.3456207157714815,55.63245144964735,9894.458291926003,0.0,0.0,28.08790733011128,0.0,38.783435251146805,247.73621097068775,0.0,915.9012240837064,0.0,65.46521676637138,947.504380376039,0.0,960.7730189555014,236.41404459652694,0.0,10.7289246269292,29.243909766817637,48.602627540871175,48.26548053555411,9961.604795759753,0.0,0.0,0.0,0.0,80.37515587663597,0.0,863.4198502964907,180.37411068243887,0.0,34.96370318675348,0.0,9953.514180873022,9901.743794411535,0.0,9975.089153904306,138.2606689202155,21.916204199405982,9964.042579284576,0.0,925.0587332412156,3.025805656333837,95.9818351988003,9946.430498283991,0.0,0.0,0.0,53.0008509879426
religious_practice_and_self_identification|WVS_F,4.261698626040719,0.0,0.0,0.0,0.0,0.0,73.26820211503717,9896.794164990413,0.0,0.0,113.14436862981603,0.0,119.20788640413552,42.91095871540527,1.8580171162341443,53.37223228325219,0.0,18.337380573258336,27.365589489706473,0.0,53.19898211000202,46.85579028293923,0.0,40.29757605365958,24.206705097923034,216.34809150838902,56.04797669364667,9963.940668824163,0.0,128.79295870697786,0.0,0.0,63.16846522749691,0.0,32.422390027568014,9.368284660276643,0.0,2.3476644519616876,0.0,9955.850053937433,9907.208556624668,9975.089153904306,0.0,0.0,29.23270814372806,9966.378452348987,0.0,515.6299004232733,0.0,86.6393632515326,9948.766371348402,0.0,0.0,0.0,20.03263819281642
science_skepticism|WVS_I,222.5556626215424,288.13993879745266,879.95868345384,0.0,71.85505816376293,2.4084919759317103,237.97684460025025,130.19957756799863,213.29201678717322,51.56332485409837,58.25018460430786,283.49322029696833,0.0,152.1419267298089,89.66277642555494,107.31221136822293,508.80359375383034,159.9742753084824,185.02512616186846,883.335410694254,159.296381773446,0.0,79.30231316488477,359.0111471443358,851.1140235910877,81.44411415062389,883.925980490636,42.11141757355642,873.3364858474633,18.02086183070628,0.0,49.73456231051003,0.0,0.0,41.61566707466338,314.5095561712898,40.27291738915686,20.833556974061253,296.99063668006727,107.11680704858051,201.36725732958098,138.2606689202155,0.0,0.0,878.2268507039149,4.549967364896787,372.286580476171,853.31182578889,26.884436747641985,889.0997926113396,875.6835908316648,0.0,222.41623344841724,0.0,551.3386417402343
science_technology_optimism|WVS_E,40.76225835107388,9927.945145239342,9919.76388989573,0.0,150.35287110146885,845.7275457275457,429.31956346590493,107.64669593192514,9919.76388989573,9930.359931359932,9943.524677349105,111.70891644765138,9951.99204127727,9942.584745695563,9946.294233008519,9904.867405867406,31.051118105274,47.5709404280833,600.9048820645601,36.79056303018948,99.99293208248433,0.0,89.40176416124179,39.771855427979844,9911.827112827114,228.62728885673437,104.36922845681971,153.42768141275604,114.14169228935344,32.82356248404881,0.0,9961.193920203252,90.57913174078065,0.0,0.9306501934813411,876.2226454073148,9962.097117736294,9954.964367729073,58.37281190657856,187.14491459962386,419.0257656689198,21.916204199405982,29.23270814372806,878.2268507039149,0.0,137.34148797347083,136.90131072758487,9914.024915024915,35.301195578822416,71.29480955820797,122.581865252875,0.0,329.888106556974,0.0,43.472442950369306
sexual_and_reproductive_morality_permissiveness|WVS_F,198.6049722533025,0.0,42.21568974747008,0.0,0.0,0.0,930.6426801268868,9885.747590370685,144.1660443573992,0.0,59.484157646450335,226.33252571947068,1.7085228671623085,17.371630472487546,948.6173496695006,13.573501251791981,147.11003824351081,0.0,1.4039966892542708,14.577878230154688,0.0,0.9666771354028825,0.0,148.55901495550512,217.18053251839777,0.0,241.07983344646638,9952.894094204436,42.8468770540529,34.146679145030674,0.0,0.0,0.0,0.0,167.20914874117202,31.353750513056013,0.0,0.0,37.09538721951505,9944.803479317703,9911.705946165841,9964.042579284576,9966.378452348987,4.549967364896787,137.34148797347083,0.0,12.576192461981314,72.74765496260616,0.0,164.901955955155,9937.719796728672,0.0,0.0,0.0,2.3062021183617176
social_intolerance_outgroups|WVS_A,22.505089887705253,5.870050668482477,6.23742754371473,0.0,9955.263067608917,9959.553217968472,9925.28093425355,4.3370640095429565,2.7971819631071355,22.183786413390592,23.45326125150386,0.0,58.64906423882847,773.879449816542,0.0,902.8287766550508,6.151932225845364,477.6984578012989,310.8990679384391,6.173909203521234,572.7005715268457,2.019060055860521,9959.081875585365,127.50974300790868,180.058753885028,132.75795283350462,775.9337738476393,44.77044356919294,0.7715666625925621,33.50397897252847,0.0,17.79728102570472,177.58812266367443,0.0,683.6807362011684,233.45576248653816,3.7443127517709307,230.70351629449632,0.0,0.0,892.8002361316019,0.0,0.0,372.286580476171,136.90131072758487,12.576192461981314,0.0,681.2170550433293,18.72169147581466,9946.77425263501,151.74935520316086,0.0,9961.170154843257,0.0,336.04821295343265
