construct,acceptance_of_state_surveillance|WVS_H,authoritarian_governance_tolerance|WVS_E,autocracy_support|WVS_E,basic_needs_deprivation|WVS_H,child_qualities_autonomy_self_expression|WVS_A,child_qualities_conformity_tradition|WVS_A,child_qualities_prosocial_diligence|WVS_A,civic_dishonesty_tolerance|WVS_F,confidence_in_civil_society_organizations|WVS_E,confidence_in_domestic_institutions|WVS_E,confidence_in_international_organizations|WVS_E,crime_victimization|WVS_H,democratic_system_evaluation|WVS_E,democratic_values_importance|WVS_E,economic_ideology|WVS_E,electoral_integrity|WVS_E,existential_threat_worry|WVS_H,familial_duty_obligations|WVS_D,female_income_threat_to_marriage|WVS_D,freedom_security_tradeoff_perception|WVS_H,gender_role_traditionalism|WVS_D,immigrant_origin_status|WVS_G,importance_of_life_domains|WVS_A,institutional_threat_perception|WVS_H,international_organization_knowledge|WVS_E,job_scarcity_gender_discrimination|WVS_C,job_scarcity_nativist_preference|WVS_C,life_autonomy_morality_permissiveness|WVS_F,multilevel_place_attachment|WVS_G,neighborhood_disorder_and_crime|WVS_H,offline_political_participation|WVS_E,online_political_participation|WVS_E,outgroup_trust|WVS_G,perceived_corruption|WVS_E,perceived_negative_effects_of_immigration|WVS_G,perceived_positive_effects_of_immigration|WVS_G,political_information_sources|WVS_E,postmaterialist_values|WVS_E,precautionary_security_behaviors|WVS_H,religion_versus_secularism_orientation|WVS_F,religious_belief|WVS_F,religious_exclusivism|WVS_F,religious_practice_and_self_identification|WVS_F,science_skepticism|WVS_I,science_technology_optimism|WVS_E,sexual_and_reproductive_morality_permissiveness|WVS_F,social_intolerance_outgroups|WVS_A,societal_change_attitudes|WVS_E,socioeconomic_insecurity_worry|WVS_H,subjective_wellbeing|WVS_A,violence_tolerance|WVS_F,voluntary_association_active_membership|WVS_A,voluntary_association_belonging|WVS_A,voting_participation|WVS_E,work_ethic|WVS_C
acceptance_of_state_surveillance|WVS_H,0.0,48.904743585259794,45.9342457008339,9999.0,94.58132093701829,38.171131583056365,104.05323653962492,33.526117095522196,50.25843645942051,54.035552772052995,46.28193326246942,54.57533105812198,59.06853464596743,38.7888629440421,60.67714639466189,48.31523252575884,62.45445376072129,52.252056874093554,89.51197002460657,53.14250767965471,39.52682018469113,28.328611898016998,61.11549714391863,36.675857307032025,39.03525001364869,34.56691507955162,39.5017962555589,34.88169184559236,35.842293906810035,34.89460007923827,9999.0,38.756140573720856,57.3594342202946,9999.0,53.43634315145662,68.04390272398969,47.23220358043666,42.41311894027052,60.12366194124222,43.978064167187576,39.34182775704784,48.904743585259794,54.09549097750411,109.7145849698874,41.573645010599776,35.46637064177146,42.73783380003429,82.74664010636779,45.81112938053448,38.103782963510646,35.08771929824561,9999.0,9999.0,35.95056311752919,46.08294930875576
authoritarian_governance_tolerance|WVS_E,48.904743585259794,0.0,38.1817654900597,9999.0,69.22146214342222,30.41865137228217,96.91200954983822,25.773636884747997,42.50595624864631,46.28307256127879,38.52945305169523,46.82285084734778,52.9251478717847,31.036382733267903,52.92466618388769,41.89809330771189,47.16981132075472,43.10344827586207,81.75948981383236,45.39002746888052,31.77433997391693,20.5761316872428,53.363016933144436,28.923377096257823,31.28276980287449,26.814434868777422,31.7493160447847,27.12921163481816,41.1522633744856,27.142119868464075,9999.0,31.003660362946658,51.15434754464648,9999.0,46.47757063216001,60.29142251321549,39.47972336966246,34.66063872949632,52.371181730468024,36.22558395641338,31.589347546273636,41.1522633744856,28.73563218390805,103.57119819570468,33.82116479982558,27.71389043099726,34.985353589260086,74.99415989559358,38.05864916976029,30.351302752736444,28.944332524062883,9999.0,9999.0,28.198082906754994,30.487804878048777
autocracy_support|WVS_E,45.9342457008339,38.1817654900597,0.0,9999.0,83.85834284181819,27.44815348785627,93.9415116654123,22.803139000322098,39.5354583642204,43.31257467685289,35.558955167269325,43.852352962921884,49.954649987358806,28.065884848842003,49.95416829946179,38.927595423285986,51.73147566552119,41.52907877889346,78.78899192940646,42.419529584454615,28.80384208949103,17.6056338028169,50.39251904871854,25.952879211831927,28.312271918448594,23.843936984351522,28.7788181603588,24.15871375039226,39.34281859685623,24.171621984038175,9999.0,28.033162478520758,48.183849660220574,9999.0,43.50707274773411,57.32092462878959,36.509225485236556,31.690140845070424,49.40068384604213,33.25508607198748,28.618849661847737,38.1817654900597,43.372512882304015,100.60070031127879,30.85066691539968,24.74339254657136,32.01485570483419,72.02366201116769,35.08815128533438,27.38080486831055,25.973834639636983,9999.0,9999.0,25.227585022329094,40.80748995130878
basic_needs_deprivation|WVS_H,9999.0,9999.0,9999.0,0.0,9999.0,9999.0,9999.0,9999.0,9999.0,9999.0,9999.0,9999.0,9999.0,9999.0,9999.0,9999.0,9999.0,9999.0,9999.0,9999.0,9999.0,9999.0,9999.0,9999.0,9999.0,9999.0,9999.0,9999.0,9999.0,9999.0,9999.0,9999.0,9999.0,9999.0,9999.0,9999.0,9999.0,9999.0,9999.0,9999.0,9999.0,9999.0,9999.0,9999.0,9999.0,9999.0,9999.0,9999.0,9999.0,9999.0,9999.0,9999.0,9999.0,9999.0,9999.0
child_qualities_autonomy_self_expression|WVS_A,94.58132093701829,69.22146214342222,83.85834284181819,9999.0,0.0,69.89759466539653,129.68540829986614,71.45021423650648,63.69426751592357,83.35873237822634,84.20603040345371,92.49942819910626,98.60172522354318,76.7129600850264,81.63809333399976,87.57467065947037,70.69731032205193,70.4225352112676,109.35636797254458,91.066604820639,77.2505358418671,66.25270903900127,89.32985470715337,68.81444185753116,55.54607092336959,72.49101222053591,77.42589339654319,72.80578898657664,80.05587484493822,71.93951354632041,9999.0,76.68023771470514,91.10516138628589,9999.0,83.93764631987666,88.75692415752758,84.03361344537815,80.33721608125481,77.09779506130062,81.90216130817186,77.26592489803213,67.11409395973155,40.48582995951417,149.24777554746316,62.11180124223603,73.39046778275574,80.66193094101857,93.67731932121629,62.11180124223603,67.25567279690588,74.62090987582137,9999.0,9999.0,60.24096385542168,58.47953216374269
child_qualities_conformity_tradition|WVS_A,38.171131583056365,30.41865137228217,27.44815348785627,9999.0,69.89759466539653,0.0,85.59953329743314,15.040024882544568,31.772344246442877,35.549460559075364,27.795841049491795,36.08923884514435,42.19153586958127,20.302770731064474,42.19105418168426,31.164481305508456,39.682539682539684,32.25806451612903,71.02587781162893,34.65641546667709,21.0407279717135,9.84251968503937,42.62940493094101,18.189765094054394,20.54915780067106,16.080822866573993,21.01570404258127,16.39559963261473,22.271714922048996,16.408507866260646,9999.0,20.27004836074323,36.63003663003663,9999.0,33.78378378378378,49.55781051101206,28.74611136745903,23.92702672729289,41.637569728264594,25.49197195420995,20.855735544070207,30.41865137228217,29.41176470588235,92.83758619350125,23.087552797622152,16.98027842879383,24.25174158705666,64.26054789339017,27.325037167556854,19.617690750533015,18.210720521859454,9999.0,9999.0,16.155088852988694,21.691973969631235
child_qualities_prosocial_diligence|WVS_A,104.05323653962492,96.91200954983822,93.9415116654123,9999.0,129.68540829986614,85.59953329743314,0.0,75.75757575757576,92.77504105090311,88.72836309118168,94.28919922704783,100.11816521645719,92.94633258910113,86.79612890862052,108.6844123592403,82.19303046889253,99.93224932249322,95.69116360454943,130.6939123031077,101.14977364423312,87.53408614926954,76.33587786259541,109.12276310849705,84.68312327161044,87.0425159782271,82.57418104413003,87.50906222013731,82.88895781017077,82.33450119859856,82.33450119859856,9999.0,82.19303046889253,91.2372321634283,9999.0,87.31414109459031,105.03163305654408,88.2705365463986,90.42038490484893,103.5605518364139,91.98533013176599,87.34909372162625,96.91200954983822,94.63336132101875,143.59238291302108,89.5809109751782,83.47363660634987,80.8702791461412,130.75390607094621,93.81839534511289,86.11104892808906,68.9655172413793,9999.0,9999.0,69.44444444444444,87.39776580889686
civic_dishonesty_tolerance|WVS_F,33.526117095522196,25.773636884747997,22.803139000322098,9999.0,71.45021423650648,15.040024882544568,75.75757575757576,0.0,27.127329758908704,30.90444607154119,23.150826561957622,31.44422435761018,37.5465213820471,15.6577562435303,37.54603969415009,21.929824561403507,39.323347060209485,29.120950173581754,66.38086332409476,30.011400979142913,16.39571348417933,5.197505197505198,37.98439044340684,13.544750606520223,15.90414331313689,11.43580837903982,16.370689555047097,11.750585145080557,17.73049645390071,11.763493378726473,9999.0,15.625033873209055,25.38071065989848,9999.0,20.70393374741201,44.24778761061947,24.101096879924857,19.28201223975872,36.992555240730425,20.846957466675775,16.210721056536034,25.773636884747997,30.964384276992313,88.19257170596708,18.44253831008798,12.335263941259658,19.606727099522487,59.61553340585599,22.68002268002268,14.972676262998844,13.56570603432528,9999.0,9999.0,12.819456417017392,25.188916876574307
confidence_in_civil_society_organizations|WVS_E,50.25843645942051,42.50595624864631,39.5354583642204,9999.0,63.69426751592357,31.772344246442877,92.77504105090311,27.127329758908704,0.0,31.3006279703782,34.539928156949436,48.176543721508494,47.790339157245626,32.146720931430636,37.77093182020899,37.03703703703704,50.326374009666644,45.85326953748006,45.662100456621005,46.74372034304122,21.186440677966104,21.929824561403507,54.71670980730514,30.27706997041853,26.90717026259405,28.16812774293813,33.103008918945406,28.482904508978866,37.17850776674305,28.495812742624782,9999.0,26.920897814614612,46.0812387315728,9999.0,42.15814766273482,25.06265664160401,34.92143426676978,33.959294467857,25.125628140703515,37.57927683057409,32.94304042043434,42.50595624864631,41.96741122644947,98.4363894811656,31.22320941469878,29.067583305157967,29.239766081871345,59.840425531914896,39.41234204392099,15.197568389057752,23.809523809523807,9999.0,9999.0,29.5517757809157,45.13168070989539
confidence_in_domestic_institutions|WVS_E,54.035552772052995,46.28307256127879,43.31257467685289,9999.0,83.35873237822634,35.549460559075364,88.72836309118168,30.90444607154119,31.3006279703782,0.0,35.44541934921213,50.91549382488026,43.74366119752419,33.05221212369334,38.676423012471695,32.9903590773156,51.231865201929345,49.630385850112546,67.11409395973155,50.520836655673705,34.129692832764505,25.706940874035993,58.49382611993763,34.05418628305102,27.81266145485675,31.945244055570615,36.88012523157789,32.260020821611356,33.13182980702162,32.272929055257265,9999.0,27.82638900687731,42.03456077185137,9999.0,38.111469703013384,36.90036900369004,35.82692545903248,34.8647856601197,27.855153203342617,41.356393143206574,36.72015673306683,46.28307256127879,42.87290241871217,94.38971152144417,32.12870060696147,32.844699617790454,27.100271002710027,60.7459167241776,43.18945835655347,16.10305958132045,19.76284584980237,9999.0,9999.0,33.32889209354819,45.602639131456115
confidence_in_international_organizations|WVS_E,46.28193326246942,38.52945305169523,35.558955167269325,9999.0,84.20603040345371,27.795841049491795,94.28919922704783,23.150826561957622,34.539928156949436,35.44541934921213,0.0,44.20004052455741,50.30233754899433,28.413572410477528,41.91572319904293,39.27528298492151,52.07916322715671,41.87676634052898,79.13667949104199,42.76721714609014,29.151529651126555,17.953321364452425,50.740206610354065,26.30056677346745,28.65995948008412,24.191624545987047,29.126505721994324,24.506401312027783,38.75968992248062,24.5193095456737,9999.0,28.380850040156282,48.5315372218561,9999.0,43.85476030936963,49.28247952837073,36.85691304687208,32.03782840670595,32.362459546925564,33.602773633623,28.96653722348326,38.52945305169523,43.72020044393954,100.94838787291431,31.198354477035206,25.091080108206885,32.362543266469714,63.98521691074883,35.43583884696991,19.342359767891683,26.321522201272508,9999.0,9999.0,25.57527258396462,41.155177512944306
crime_victimization|WVS_H,54.57533105812198,46.82285084734778,43.852352962921884,9999.0,92.49942819910626,36.08923884514435,100.11816521645719,31.44422435761018,48.176543721508494,50.91549382488026,44.20004052455741,0.0,55.133463322799706,36.70697020613009,58.595253656749875,44.38016120259111,60.37256102280928,50.17016413618154,87.43007728669454,51.0606149417427,37.44492744677912,26.246719160104984,59.03360440600662,34.59396456912001,36.95335727573668,32.485022341639606,37.41990351764689,32.79979910768034,44.52163193229713,32.81270734132626,9999.0,36.67424783580884,53.42436289712688,9999.0,49.50127182828889,65.96200998607767,45.15031084252465,40.33122620235851,58.041769203330205,41.89617142927556,37.259935019135824,46.82285084734778,52.0135982395921,105.77951364671968,39.49175227268776,33.38447790385945,40.655941062122274,80.66474736845578,43.72923664262247,36.02189022559863,31.152647975077883,9999.0,9999.0,33.86867037961718,49.448575308596865
democratic_system_evaluation|WVS_E,59.06853464596743,52.9251478717847,49.954649987358806,9999.0,98.60172522354318,42.19153586958127,92.94633258910113,37.5465213820471,47.790339157245626,43.74366119752419,50.30233754899433,55.133463322799706,0.0,42.80926723056701,60.74130236244895,37.20832857523505,66.47485804724619,56.27246116061846,85.70921040945022,57.16291196617962,43.54722447121604,32.34901618454191,65.13590143044354,40.69626159355693,43.0556543001736,38.58731936607653,43.52220054208381,38.902096132117265,37.34979930494107,37.34979930494107,9999.0,37.20832857523505,46.252530269770816,9999.0,42.32943920093283,68.10805869177675,43.28583465274113,46.43352322679543,58.57584994275641,47.99846845371248,43.362232043572746,52.9251478717847,58.11589526402902,98.60768101936361,45.53253948565286,39.48677492829637,35.88557725248373,82.81079607415485,49.83153366705939,38.167938931297705,23.980815347721823,9999.0,9999.0,38.73007788459498,49.82060862937557
democratic_values_importance|WVS_E,38.7888629440421,31.036382733267903,28.065884848842003,9999.0,76.7129600850264,20.302770731064474,86.79612890862052,15.6577562435303,32.146720931430636,33.05221212369334,28.413572410477528,36.70697020613009,42.80926723056701,0.0,39.52251597352412,31.78221266649419,44.5860929087294,34.38369602210166,71.64360917261467,35.27414682766282,21.658459332699234,10.460251046025103,43.247136291926736,18.80749645504013,21.166889161656798,16.698554227559725,21.633435403567002,17.013330993600462,32.197435840064436,17.02623922724638,9999.0,20.88777972172896,41.038466903428784,9999.0,36.36168999094231,36.101083032490976,29.363842728444762,24.544758088278627,31.948881789137378,26.10970331519568,21.47346690505594,31.036382733267903,36.22713012551222,93.45531755448698,23.705284158607885,17.598009789779564,24.869472948042393,61.592009685230025,27.942768528542587,16.949152542372882,18.828451882845187,9999.0,9999.0,18.082202265537298,33.662107194516985
economic_ideology|WVS_E,60.67714639466189,52.92466618388769,49.95416829946179,9999.0,81.63809333399976,42.19105418168426,108.6844123592403,37.54603969415009,37.77093182020899,38.676423012471695,41.91572319904293,58.595253656749875,60.74130236244895,39.52251597352412,0.0,53.67049611711398,48.78048780487805,56.27197947272145,83.43303227683,57.162430278282606,43.54674278331902,32.34853449664489,65.13541974254653,33.898305084745765,34.28296530468754,38.58683767817951,43.52171885418679,38.90161444422025,39.682539682539684,38.91452267786616,9999.0,34.296692856708106,62.926750354048565,9999.0,58.2499734415621,52.513483191630286,42.29722930886327,41.33508950995049,42.37288135593221,47.99798676581547,43.361750355675724,52.92466618388769,41.1522633744856,115.34360100510676,38.59900445679227,39.48629324039935,46.75775639866218,67.21622057400839,45.45454545454546,22.573363431151243,40.716735333464975,9999.0,9999.0,39.970485716157086,41.666666666666664
electoral_integrity|WVS_E,48.31523252575884,41.89809330771189,38.927595423285986,9999.0,87.57467065947037,31.164481305508456,82.19303046889253,21.929824561403507,37.03703703703704,32.9903590773156,39.27528298492151,44.38016120259111,37.20832857523505,31.78221266649419,53.67049611711398,0.0,55.447803483173374,45.24540659654564,74.95590828924162,46.1358574021068,32.52016990714321,21.321961620469086,54.108846866370726,29.669207029484113,32.02859973610078,27.560264802003708,32.49514597801098,27.62430939226519,25.839793281653748,26.596497184732478,9999.0,26.455026455026456,35.49922814956223,9999.0,31.576137080724237,61.03725244644178,32.53253253253253,35.40646866272261,47.82254782254782,36.97141388963966,32.33517747949992,41.89809330771189,47.0888406999562,87.85437889915502,34.56699473305187,27.17391304347826,25.132275132275133,75.73998982881989,38.80447910298657,31.097132685962734,13.227513227513228,9999.0,9999.0,27.976775764386385,36.63003663003663
existential_threat_worry|WVS_H,62.45445376072129,47.16981132075472,51.73147566552119,9999.0,70.69731032205193,39.682539682539684,99.93224932249322,39.323347060209485,50.326374009666644,51.231865201929345,52.07916322715671,60.37256102280928,66.47485804724619,44.5860929087294,48.78048780487805,55.447803483173374,0.0,46.29629629629629,95.30919998929386,58.939737644342,45.32405014937842,34.12584186270429,57.202987530856376,37.66421799208684,23.419203747072597,40.36414504423891,45.29902622024619,40.67892181027965,39.37007874015748,39.812646370023415,9999.0,33.67003367003367,61.35200240891298,9999.0,54.18448734250376,62.78928248723008,53.02943354512395,48.21034890495781,44.97092788500363,49.77529413187487,45.13905772173513,54.701973549947084,30.211480362537767,117.12090837116617,47.370874975287066,41.26360060645875,48.535063764721585,76.33587786259541,46.30249894158061,35.128805620608894,42.49404269952437,9999.0,9999.0,30.487804878048777,29.761904761904763
familial_duty_obligations|WVS_D,52.252056874093554,43.10344827586207,41.52907877889346,9999.0,70.4225352112676,32.25806451612903,95.69116360454943,29.120950173581754,45.85326953748006,49.630385850112546,41.87676634052898,50.17016413618154,56.27246116061846,34.38369602210166,56.27197947272145,45.24540659654564,46.29629629629629,0.0,85.10680310266612,48.73734075771427,35.121653262750684,23.923444976076556,56.7103302219782,32.270690385091584,33.44481605351171,30.16174815761118,35.09662933361845,30.476524923651915,38.61003861003861,30.48943315729783,9999.0,34.350973651780414,54.50166083348023,9999.0,49.82488392099376,61.833907772204626,42.82703665849621,38.00795201833008,54.99654019144275,39.572897245247134,34.93666083510739,44.49957666331936,30.959752321981423,106.91851148453844,37.16847808865934,31.061203719831017,38.332666878093846,78.34147318442734,40.16064257028113,33.698616041570205,32.29164581289664,9999.0,9999.0,26.246719160104984,29.41176470588235
female_income_threat_to_marriage|WVS_D,89.51197002460657,81.75948981383236,78.78899192940646,9999.0,109.35636797254458,71.02587781162893,130.6939123031077,66.38086332409476,45.662100456621005,67.11409395973155,79.13667949104199,87.43007728669454,85.70921040945022,71.64360917261467,83.43303227683,74.95590828924162,95.30919998929386,85.10680310266612,0.0,85.99725390822728,66.84854113458711,61.18335812658957,93.97024337249121,69.5306035356046,71.88999624222126,54.94505494505494,72.35654248413147,67.73643807416492,75.09737901894765,67.74934630781084,9999.0,71.61088680229342,84.00010998377739,9999.0,80.0770189149394,70.72475709822501,80.08694980900923,75.26786516884309,70.78772859732452,76.83281039576015,72.1965739856204,81.75948981383236,86.95023720607668,136.3552607333702,74.42839123917234,68.32111687034403,72.99270072992701,105.5025259885359,78.66587560910705,60.859668845678755,61.7283950617284,9999.0,9999.0,68.80530934610175,84.38521427508144
freedom_security_tradeoff_perception|WVS_H,53.14250767965471,45.39002746888052,42.419529584454615,9999.0,91.066604820639,34.65641546667709,101.14977364423312,30.011400979142913,46.74372034304122,50.520836655673705,42.76721714609014,51.0606149417427,57.16291196617962,35.27414682766282,57.162430278282606,46.1358574021068,58.939737644342,48.73734075771427,85.99725390822728,0.0,36.01210406831184,24.813895781637715,57.600781027539355,33.16114119065274,35.52053389726941,31.052198963172337,35.98708013917961,31.366975729213074,40.16064257028113,31.37988396285899,9999.0,35.24142445734157,55.39211163904139,9999.0,50.71533472655492,64.5291866076104,43.71748746405737,38.89840282389124,56.60894582486294,40.46334805080829,35.82711164066855,45.39002746888052,50.58077486112483,107.8089622900996,38.0589288942205,31.951654525392176,39.223117683655005,79.2319239899885,42.2964132641552,34.58906684713136,33.1820966184578,9999.0,9999.0,32.43584700114991,48.015751930129596
gender_role_traditionalism|WVS_D,39.52682018469113,31.77433997391693,28.80384208949103,9999.0,77.2505358418671,21.0407279717135,87.53408614926954,16.39571348417933,21.186440677966104,34.129692832764505,29.151529651126555,37.44492744677912,43.54722447121604,21.658459332699234,43.54674278331902,32.52016990714321,45.32405014937842,35.121653262750684,66.84854113458711,36.01210406831184,0.0,11.19820828667413,43.98509353257577,19.545453695689154,21.90484640230582,14.40922190201729,22.37139264421603,17.75128823424949,30.8641975308642,17.764196467895406,9999.0,21.62573696237799,41.77642414407781,9999.0,37.099647231591334,46.24909731957011,30.10179996909379,25.28271532892765,42.993258329899355,26.847660555844712,22.211424145704967,31.77433997391693,36.76470588235294,94.193274795136,24.443241399256912,18.33596703042859,25.60743018869142,65.61623649502492,28.680725769191614,20.973379352167775,19.566409123494214,9999.0,9999.0,18.820159506186325,34.400064435166016
immigrant_origin_status|WVS_G,28.328611898016998,20.5761316872428,17.6056338028169,9999.0,66.25270903900127,9.84251968503937,76.33587786259541,5.197505197505198,21.929824561403507,25.706940874035993,17.953321364452425,26.246719160104984,32.34901618454191,10.460251046025103,32.34853449664489,21.321961620469086,34.12584186270429,23.923444976076556,61.18335812658957,24.813895781637715,11.19820828667413,0.0,32.78688524590164,8.347245409015025,10.706638115631693,6.238303181534623,11.1731843575419,6.55307994757536,21.737184794039333,6.565988181221274,9999.0,10.427528675703858,30.578215857403677,9999.0,25.901438944917206,39.71529082597269,18.90359168241966,14.084507042253522,31.795050043225224,15.64945226917058,11.013215859030836,20.5761316872428,25.76687907948711,82.99506650846187,13.245033112582782,7.137758743754461,14.40922190201729,54.41802820835079,17.482517482517483,9.775171065493646,8.368200836820083,9999.0,9999.0,7.621951219512194,23.20185614849188
importance_of_life_domains|WVS_A,61.11549714391863,53.363016933144436,50.39251904871854,9999.0,89.32985470715337,42.62940493094101,109.12276310849705,37.98439044340684,54.71670980730514,58.49382611993763,50.740206610354065,59.03360440600662,65.13590143044354,43.247136291926736,65.13541974254653,54.108846866370726,57.202987530856376,56.7103302219782,93.97024337249121,57.600781027539355,43.98509353257577,32.78688524590164,0.0,41.13413065491666,33.78378378378378,39.02518842743626,43.960069603443536,39.339965193477,54.52407003994097,39.35287342712291,9999.0,43.2144139216055,63.365101103305314,9999.0,58.68832419081885,72.50217607187432,51.690476928321296,46.87139228815516,55.33550792171482,48.43633751507222,43.80010110493247,53.363016933144436,48.8440247476392,115.78195175436352,46.03191835848442,39.9246439896561,47.19610714791892,87.20491345425242,50.269402728419124,42.56205631139528,41.15508608272172,9999.0,9999.0,40.40883646541383,53.625053625053624
institutional_threat_perception|WVS_H,36.675857307032025,28.923377096257823,25.952879211831927,9999.0,68.81444185753116,18.189765094054394,84.68312327161044,13.544750606520223,30.27706997041853,34.05418628305102,26.30056677346745,34.59396456912001,40.69626159355693,18.80749645504013,33.898305084745765,29.669207029484113,37.66421799208684,32.270690385091584,69.5306035356046,33.16114119065274,19.545453695689154,8.347245409015025,41.13413065491666,0.0,14.245014245014245,14.58554859054965,19.520429766556923,14.900325356590386,30.08443020305436,14.913233590236299,9999.0,18.774774084718885,38.9254612664187,9999.0,34.248684353932234,48.06253623498772,27.250837091434683,22.431752451268547,35.79673838294528,23.996697678185605,19.36046126804586,28.923377096257823,28.328611898016998,91.3423119174769,21.592278521597805,15.485004152769488,22.756467311032317,50.25125628140703,25.82976289153251,18.12241647450867,16.71544624583511,9999.0,9999.0,15.96919662852722,31.54910155750691
international_organization_knowledge|WVS_E,39.03525001364869,31.28276980287449,28.312271918448594,9999.0,55.54607092336959,20.54915780067106,87.0425159782271,15.90414331313689,26.90717026259405,27.81266145485675,28.65995948008412,36.95335727573668,43.0556543001736,21.166889161656798,34.28296530468754,32.02859973610078,23.419203747072597,33.44481605351171,71.88999624222126,35.52053389726941,21.90484640230582,10.706638115631693,33.78378378378378,14.245014245014245,0.0,16.944941297166316,21.87982247317359,17.259718063207053,24.509803921568626,16.39344262295082,9999.0,21.134166791335552,41.28485397303537,9999.0,36.6080770605489,39.37007874015748,29.61022979805135,24.791145157885214,21.551724137931036,26.356090384802272,21.719853974662527,31.28276980287449,15.06024096385542,93.70170462409357,23.951671228214472,17.844396859386155,25.115860017648984,56.352459016393446,22.88329519450801,11.709601873536299,19.074838952451778,9999.0,9999.0,18.32858933514389,19.841269841269842
job_scarcity_gender_discrimination|WVS_C,34.56691507955162,26.814434868777422,23.843936984351522,9999.0,72.49101222053591,16.080822866573993,82.57418104413003,11.43580837903982,28.16812774293813,31.945244055570615,24.191624545987047,32.485022341639606,38.58731936607653,16.698554227559725,38.58683767817951,27.560264802003708,40.36414504423891,30.16174815761118,54.94505494505494,31.052198963172337,14.40922190201729,6.238303181534623,39.02518842743626,14.58554859054965,16.944941297166316,0.0,17.41148753907652,12.791383129109983,27.100271002710027,12.804291362755897,9999.0,16.66583185723848,34.24657534246575,9999.0,31.948881789137378,45.95359400750731,25.14189486395428,20.322810223788146,38.03335322475985,21.887755450705203,17.25151904056546,26.814434868777422,32.00518226102174,89.2333696899965,19.483336294117404,13.376061925289084,20.647525083551912,60.656331389885416,23.720820664052106,16.01347424702827,14.606504018354705,9999.0,9999.0,13.860254401046816,29.440159330026503
job_scarcity_nativist_preference|WVS_C,39.5017962555589,31.7493160447847,28.7788181603588,9999.0,77.42589339654319,21.01570404258127,87.50906222013731,16.370689555047097,33.103008918945406,36.88012523157789,29.126505721994324,37.41990351764689,43.52220054208381,21.633435403567002,43.52171885418679,32.49514597801098,45.29902622024619,35.09662933361845,72.35654248413147,35.98708013917961,22.37139264421603,11.1731843575419,43.960069603443536,19.520429766556923,21.87982247317359,17.41148753907652,0.0,17.726264305117258,32.910369151581236,17.739172538763174,9999.0,21.600713033245757,41.751400214945576,9999.0,37.0746233024591,50.888475183514586,30.07677603996156,25.25769139979542,42.96823440076712,26.82263662671248,22.186400216572736,31.7493160447847,36.94006343702901,94.16825086600377,24.41821747012468,18.31094310129636,25.58240625955919,65.59121256589269,28.655701840059383,20.948355423035544,19.541385194361983,9999.0,9999.0,18.795135577054094,34.375040506033784
life_autonomy_morality_permissiveness|WVS_F,34.88169184559236,27.12921163481816,24.15871375039226,9999.0,72.80578898657664,16.39559963261473,82.88895781017077,11.750585145080557,28.482904508978866,32.260020821611356,24.506401312027783,32.79979910768034,38.902096132117265,17.013330993600462,38.90161444422025,27.62430939226519,40.67892181027965,30.476524923651915,67.73643807416492,31.366975729213074,17.75128823424949,6.55307994757536,39.339965193477,14.900325356590386,17.259718063207053,12.791383129109983,17.726264305117258,0.0,23.923444976076556,13.119068128796634,9999.0,16.980608623279217,32.25806451612903,9999.0,25.0,46.26837077354805,25.456671629995018,20.637586989828883,38.34812999080059,22.20253221674594,17.566295806606195,27.12921163481816,32.319959027062474,89.54814645603724,19.79811306015814,13.690838691329821,20.96230184959265,60.97110815592615,24.035597430092842,16.328251013069007,14.921280784395442,9999.0,9999.0,14.175031167087553,29.58579881656805
multilevel_place_attachment|WVS_G,35.842293906810035,41.1522633744856,39.34281859685623,9999.0,80.05587484493822,22.271714922048996,82.33450119859856,17.73049645390071,37.17850776674305,33.13182980702162,38.75968992248062,44.52163193229713,37.34979930494107,32.197435840064436,39.682539682539684,25.839793281653748,39.37007874015748,38.61003861003861,75.09737901894765,40.16064257028113,30.8641975308642,21.737184794039333,54.52407003994097,30.08443020305436,24.509803921568626,27.100271002710027,32.910369151581236,23.923444976076556,0.0,26.7379679144385,9999.0,24.57002457002457,35.64069887926824,9999.0,31.71760781043026,55.87116427132885,32.67400326223856,35.82169183629286,43.29004329004329,37.38663706320991,29.32551319648094,42.31331648128213,39.570044885424046,87.99584962886104,34.92070809515029,20.964360587002098,25.273745861981155,57.80346820809249,24.390243902439025,31.51235585953298,13.36898395721925,9999.0,9999.0,20.28397565922921,23.809523809523807
neighborhood_disorder_and_crime|WVS_H,34.89460007923827,27.142119868464075,24.171621984038175,9999.0,71.93951354632041,16.408507866260646,82.33450119859856,11.763493378726473,28.495812742624782,32.272929055257265,24.5193095456737,32.81270734132626,37.34979930494107,17.02623922724638,38.91452267786616,26.596497184732478,39.812646370023415,30.48943315729783,67.74934630781084,31.37988396285899,17.764196467895406,6.565988181221274,39.35287342712291,14.913233590236299,16.39344262295082,12.804291362755897,17.739172538763174,13.119068128796634,26.7379679144385,0.0,9999.0,16.993516856925133,35.64069887926824,9999.0,30.959752321981423,46.28127900719396,25.469579863640934,20.650495223474795,37.945166760881854,22.215440450391853,17.57920404025211,27.142119868464075,31.45368358680624,87.99584962886104,19.811021293804057,13.703746924975736,20.975210083238565,60.98401638957206,24.04850566373876,16.34115924671492,13.36898395721925,9999.0,9999.0,14.18793940073347,29.767844329713157
offline_political_participation|WVS_E,9999.0,9999.0,9999.0,9999.0,9999.0,9999.0,9999.0,9999.0,9999.0,9999.0,9999.0,9999.0,9999.0,9999.0,9999.0,9999.0,9999.0,9999.0,9999.0,9999.0,9999.0,9999.0,9999.0,9999.0,9999.0,9999.0,9999.0,9999.0,9999.0,9999.0,0.0,9999.0,9999.0,9999.0,9999.0,9999.0,9999.0,9999.0,9999.0,9999.0,9999.0,9999.0,9999.0,9999.0,9999.0,9999.0,9999.0,9999.0,9999.0,9999.0,9999.0,9999.0,9999.0,9999.0,9999.0
online_political_participation|WVS_E,38.756140573720856,31.003660362946658,28.033162478520758,9999.0,76.68023771470514,20.27004836074323,82.19303046889253,15.625033873209055,26.920897814614612,27.82638900687731,28.380850040156282,36.67424783580884,37.20832857523505,20.88777972172896,34.296692856708106,26.455026455026456,33.67003367003367,34.350973651780414,71.61088680229342,35.24142445734157,21.62573696237799,10.427528675703858,43.2144139216055,18.774774084718885,21.134166791335552,16.66583185723848,21.600713033245757,16.980608623279217,24.57002457002457,16.993516856925133,9999.0,0.0,35.49922814956223,9999.0,31.576137080724237,41.663449186035905,29.331120358123517,24.51203571795738,21.367521367521366,26.076980944874435,21.440744534734694,31.003660362946658,36.19440775519097,87.85437889915502,23.67256178828664,17.56528741945832,21.645021645021647,56.36618656841401,27.91004615822134,11.723329425556859,13.227513227513228,9999.0,9999.0,18.049479895216052,28.409090909090907
outgroup_trust|WVS_G,57.3594342202946,51.15434754464648,48.183849660220574,9999.0,91.10516138628589,36.63003663003663,91.2372321634283,25.38071065989848,46.0812387315728,42.03456077185137,48.5315372218561,53.42436289712688,46.252530269770816,41.038466903428784,62.926750354048565,35.49922814956223,61.35200240891298,54.50166083348023,84.00010998377739,55.39211163904139,41.77642414407781,30.578215857403677,63.365101103305314,38.9254612664187,41.28485397303537,34.24657534246575,41.751400214945576,32.25806451612903,35.64069887926824,35.64069887926824,9999.0,35.49922814956223,0.0,9999.0,40.62033877526001,66.45138614296384,41.5767342270683,44.6627228996572,56.86674951708359,46.22766812657426,41.59143171643451,51.15434754464648,56.05311440743851,96.8985805936908,43.82324896998646,30.8641975308642,34.1764768268109,84.99624406575447,48.06073333992116,40.35338692289732,22.271714922048996,9999.0,9999.0,30.8641975308642,43.66812227074236
perceived_corruption|WVS_E,9999.0,9999.0,9999.0,9999.0,9999.0,9999.0,9999.0,9999.0,9999.0,9999.0,9999.0,9999.0,9999.0,9999.0,9999.0,9999.0,9999.0,9999.0,9999.0,9999.0,9999.0,9999.0,9999.0,9999.0,9999.0,9999.0,9999.0,9999.0,9999.0,9999.0,9999.0,9999.0,9999.0,0.0,9999.0,9999.0,9999.0,9999.0,9999.0,9999.0,9999.0,9999.0,9999.0,9999.0,9999.0,9999.0,9999.0,9999.0,9999.0,9999.0,9999.0,9999.0,9999.0,9999.0,9999.0
perceived_negative_effects_of_immigration|WVS_G,53.43634315145662,46.47757063216001,43.50707274773411,9999.0,83.93764631987666,33.78378378378378,87.31414109459031,20.70393374741201,42.15814766273482,38.111469703013384,43.85476030936963,49.50127182828889,42.32943920093283,36.36168999094231,58.2499734415621,31.576137080724237,54.18448734250376,49.82488392099376,80.0770189149394,50.71533472655492,37.099647231591334,25.901438944917206,58.68832419081885,34.248684353932234,36.6080770605489,31.948881789137378,37.0746233024591,25.0,31.71760781043026,30.959752321981423,9999.0,31.576137080724237,40.62033877526001,9999.0,0.0,59.28387107655462,37.65364315823031,39.98594598717073,52.9436584482456,41.550891214087784,36.91465480394804,46.47757063216001,48.885599341029284,92.9754895248528,39.14647205749999,24.875621890547265,30.253385757972914,80.319467153268,43.38395642743469,35.676610010410855,18.34862385321101,9999.0,9999.0,23.696682464454977,37.735849056603776
perceived_positive_effects_of_immigration|WVS_G,68.04390272398969,60.29142251321549,57.32092462878959,9999.0,88.75692415752758,49.55781051101206,105.03163305654408,44.24778761061947,25.06265664160401,36.90036900369004,49.28247952837073,65.96200998607767,68.10805869177675,36.101083032490976,52.513483191630286,61.03725244644178,62.78928248723008,61.833907772204626,70.72475709822501,64.5291866076104,46.24909731957011,39.71529082597269,72.50217607187432,48.06253623498772,39.37007874015748,45.95359400750731,50.888475183514586,46.26837077354805,55.87116427132885,46.28127900719396,9999.0,41.663449186035905,66.45138614296384,9999.0,59.28387107655462,0.0,49.66398563819107,38.314176245210724,50.18828478230753,53.191489361702125,50.728506685003524,60.29142251321549,54.4303197040129,122.71035733443458,35.3356890459364,46.85304956972715,54.12451272798998,74.58297690333619,57.197808308490174,29.940119760479043,48.083491662792774,9999.0,9999.0,35.587188612099645,53.54050997655207
political_information_sources|WVS_E,47.23220358043666,39.47972336966246,36.509225485236556,9999.0,84.03361344537815,28.74611136745903,88.2705365463986,24.101096879924857,34.92143426676978,35.82692545903248,36.85691304687208,45.15031084252465,43.28583465274113,29.363842728444762,42.29722930886327,32.53253253253253,53.02943354512395,42.82703665849621,80.08694980900923,43.71748746405737,30.10179996909379,18.90359168241966,51.690476928321296,27.250837091434683,29.61022979805135,25.14189486395428,30.07677603996156,25.456671629995018,32.67400326223856,25.469579863640934,9999.0,29.331120358123517,41.5767342270683,9999.0,37.65364315823031,49.66398563819107,0.0,32.98809872467318,38.91050583657587,34.55304395159024,29.916807541450495,39.47972336966246,44.67047076190677,93.9318849766611,32.14862479500244,26.04135042617412,31.209781209781205,64.36672302056917,36.38610916493714,19.72386587771203,19.305019305019304,9999.0,9999.0,26.525542901931853,42.105447830911544
postmaterialist_values|WVS_E,42.41311894027052,34.66063872949632,31.690140845070424,9999.0,80.33721608125481,23.92702672729289,90.42038490484893,19.28201223975872,33.959294467857,34.8647856601197,32.03782840670595,40.33122620235851,46.43352322679543,24.544758088278627,41.33508950995049,35.40646866272261,48.21034890495781,38.00795201833008,75.26786516884309,38.89840282389124,25.28271532892765,14.084507042253522,46.87139228815516,22.431752451268547,24.791145157885214,20.322810223788146,25.25769139979542,20.637586989828883,35.82169183629286,20.650495223474795,9999.0,24.51203571795738,44.6627228996572,9999.0,39.98594598717073,38.314176245210724,32.98809872467318,0.0,33.222591362126245,29.7339593114241,25.097722901284357,34.66063872949632,39.85138612174063,97.0795735507154,27.3295401548363,21.222265786007984,28.493728944270813,63.404583221656395,31.567024524771007,18.76172607879925,22.452707879073607,9999.0,9999.0,21.706458261765718,37.286363190745405
precautionary_security_behaviors|WVS_H,60.12366194124222,52.371181730468024,49.40068384604213,9999.0,77.09779506130062,41.637569728264594,103.5605518364139,36.992555240730425,25.125628140703515,27.855153203342617,32.362459546925564,58.041769203330205,58.57584994275641,31.948881789137378,42.37288135593221,47.82254782254782,44.97092788500363,54.99654019144275,70.78772859732452,56.60894582486294,42.993258329899355,31.795050043225224,55.33550792171482,35.79673838294528,21.551724137931036,38.03335322475985,42.96823440076712,38.34812999080059,43.29004329004329,37.945166760881854,9999.0,21.367521367521366,56.86674951708359,9999.0,52.9436584482456,50.18828478230753,38.91050583657587,33.222591362126245,0.0,47.4445023123958,42.80826590225606,52.371181730468024,36.61196510178645,109.22190026667639,31.055900621118013,38.932808786979685,43.01254301254301,65.78947368421052,44.43501933243904,22.831050228310502,34.59503459503459,9999.0,9999.0,39.417001262737415,41.39299397920088
religion_versus_secularism_orientation|WVS_F,43.978064167187576,36.22558395641338,33.25508607198748,9999.0,81.90216130817186,25.49197195420995,91.98533013176599,20.846957466675775,37.57927683057409,41.356393143206574,33.602773633623,41.89617142927556,47.99846845371248,26.10970331519568,47.99798676581547,36.97141388963966,49.77529413187487,39.572897245247134,76.83281039576015,40.46334805080829,26.847660555844712,15.64945226917058,48.43633751507222,23.996697678185605,26.356090384802272,21.887755450705203,26.82263662671248,22.20253221674594,37.38663706320991,22.215440450391853,9999.0,26.076980944874435,46.22766812657426,9999.0,41.550891214087784,53.191489361702125,34.55304395159024,29.7339593114241,47.4445023123958,0.0,26.662668128201418,36.22558395641338,41.41633134865769,98.64451877763246,28.894485381753363,22.78721101292504,30.058674171187867,70.06748047752137,33.13196975168806,25.424623334664226,24.01765310599066,9999.0,9999.0,23.271403488682772,38.85130841766246
