construct,acceptance_of_state_surveillance|WVS_H,authoritarian_governance_tolerance|WVS_E,autocracy_support|WVS_E,basic_needs_deprivation|WVS_H,child_qualities_autonomy_self_expression|WVS_A,child_qualities_conformity_tradition|WVS_A,child_qualities_prosocial_diligence|WVS_A,civic_dishonesty_tolerance|WVS_F,confidence_in_civil_society_organizations|WVS_E,confidence_in_domestic_institutions|WVS_E,confidence_in_international_organizations|WVS_E,crime_victimization|WVS_H,democratic_system_evaluation|WVS_E,democratic_values_importance|WVS_E,economic_ideology|WVS_E,electoral_integrity|WVS_E,existential_threat_worry|WVS_H,familial_duty_obligations|WVS_D,female_income_threat_to_marriage|WVS_D,freedom_security_tradeoff_perception|WVS_H,gender_role_traditionalism|WVS_D,immigrant_origin_status|WVS_G,importance_of_life_domains|WVS_A,institutional_threat_perception|WVS_H,international_organization_knowledge|WVS_E,job_scarcity_gender_discrimination|WVS_C,job_scarcity_nativist_preference|WVS_C,life_autonomy_morality_permissiveness|WVS_F,multilevel_place_attachment|WVS_G,neighborhood_disorder_and_crime|WVS_H,offline_political_participation|WVS_E,online_political_participation|WVS_E,outgroup_trust|WVS_G,perceived_corruption|WVS_E,perceived_negative_effects_of_immigration|WVS_G,perceived_positive_effects_of_immigration|WVS_G,political_information_sources|WVS_E,postmaterialist_values|WVS_E,precautionary_security_behaviors|WVS_H,religion_versus_secularism_orientation|WVS_F,religious_belief|WVS_F,religious_exclusivism|WVS_F,religious_practice_and_self_identification|WVS_F,science_skepticism|WVS_I,science_technology_optimism|WVS_E,sexual_and_reproductive_morality_permissiveness|WVS_F,social_intolerance_outgroups|WVS_A,societal_change_attitudes|WVS_E,socioeconomic_insecurity_worry|WVS_H,subjective_wellbeing|WVS_A,violence_tolerance|WVS_F,voluntary_association_active_membership|WVS_A,voluntary_association_belonging|WVS_A,voting_participation|WVS_E,work_ethic|WVS_C
acceptance_of_state_surveillance|WVS_H,0.0,38.035607803049665,351.9346717021135,9956.979395671366,66.95850974434094,227.9623477297896,886.984904120767,0.0,980.7007179046494,62.651277774962615,225.298909473131,9964.147791012794,948.5799397447615,938.1940079614499,465.5813953488372,67.54776231520418,0.0,20.65314249974469,25.0229380988824,9974.71913639567,6.433122279333439,71.44131165534746,19.573141869086214,9978.311451407482,290.5030477704896,7.782001344071617,25.031536445237307,305.40533411262766,348.8062776897416,9984.140741475347,52.23668769085441,47.88424972716328,26.38460820024283,0.0,123.15863380485058,89.10036225763463,85.7715597943208,27.406158175778685,9861.377932145375,156.8376035977949,0.0,0.0,0.0,180.82388321327628,67.13038978615,0.0,85.54203550330604,83.83055359799546,9966.790196648548,18.43457487247688,8.703254794009336,34.09215444723044,21.577405608170356,9.070447447207055,26.52995491098634
authoritarian_governance_tolerance|WVS_E,38.035607803049665,0.0,9970.001221001221,23.752193203439056,935.9135017029754,331.6849816849817,146.6920940605151,0.0,9969.137637574127,9929.136977932245,9963.735829142608,41.5412324214021,9937.01685941424,9926.630927630928,9954.018315018315,9966.698967698967,0.0,82.45943545044987,54.12506883095118,215.15605606514697,45.84671131691951,342.75302647395665,24.439184007223616,62.206315002194636,9966.439967439968,27.785137924877716,32.76735354823684,308.06976700961866,18.37787749389959,191.96896549265142,9972.646396475979,9973.428087635635,53.51994056813334,0.0,16.758476505175935,225.05742844725896,9964.318369573688,9973.826271122567,851.8148518148519,72.3974547093531,0.0,0.0,0.0,108.1765456765457,9967.848011210013,0.0,73.85913434411644,9972.267473267473,60.31989982318005,20.811453134087188,962.8044854175507,137.5641618360065,190.13309922400833,9976.846210091891,46.40638382102946
autocracy_support|WVS_E,351.9346717021135,9970.001221001221,0.0,0.0,0.0,44.57939721097617,241.19593856435964,0.0,9976.768895205385,9939.286128965374,9971.367086773866,40.34096831352929,9944.648117045497,9936.205651491366,9961.649572649572,9974.330225330224,0.0,20.74475139534029,123.35052936075954,285.2873136964046,60.63872798863543,5.459206355709107,9.788092442237414,643.0462953748853,9974.071225071226,37.521160217136696,20.427015227071248,0.0,0.0,13.5568811585281,9980.277654107236,9981.059345266893,43.13581208584536,0.0,0.0,14.157217547048063,9971.949627204946,9981.457528753825,385.7618989197936,0.0,0.0,0.0,0.0,0.0,9975.47926884127,0.0,16.067871530836427,9979.89873089873,0.0,0.0,72.476559375339,29.033803305647957,0.0,9984.477467723149,72.78805998841513
basic_needs_deprivation|WVS_H,9956.979395671366,23.752193203439056,0.0,0.0,0.0,119.8129663089232,297.82905678308384,0.0,0.0,0.0,18.226625557933517,9937.878950506858,103.88139320330144,926.396788223486,0.0,115.67974589935615,0.0,168.45614203125925,20.19756459268114,9948.202408036028,22.106816258867717,5.933958569516115,0.0,9951.794723047842,0.0,15.928059701307482,958.6741706353962,27.675273934732203,0.0,9957.624013115706,102.6202846787428,29.903011035086507,791.5345465072676,0.0,0.0,44.43664327393787,126.64496317165556,958.8726230934477,9834.861203785733,0.0,0.0,0.0,441.9218098463382,3.7146832399309773,42.98445327098414,0.0,70.28938724378926,4.4836365591082625,9961.640989656427,0.0,89.70798024557388,26.37241856879153,0.0,102.73763248530695,113.71003506198272
child_qualities_autonomy_self_expression|WVS_A,66.95850974434094,935.9135017029754,0.0,0.0,0.0,9903.228520017994,9847.965362123257,0.0,0.0,100.82532643508256,16.019524955935793,7.773410305606262,255.38798395414793,69.28225742457212,9.830624933569787,45.50566392671657,0.0,226.39777283783542,76.66860716396322,96.42975312831773,46.516884919423944,28.95980788197651,9949.019017734037,43.332725736503626,4.932749410430034,116.74408664314936,105.90151572768667,19.208679679352315,38.093975660253506,164.51250382566343,946.1899348089905,85.86051485753572,331.31378415145065,0.0,71.98133092442036,46.45386826475142,62.86190790670075,423.56028564605566,824.3583901478638,51.06904266717086,0.0,0.0,34.22852001799371,3.1004392365111357,14.384250272952812,0.0,9940.139514782391,0.0,0.0,9949.993676603433,66.92697111898381,9942.441033502351,9954.64256960184,213.54764316174558,945.9572214241144
child_qualities_conformity_tradition|WVS_A,227.9623477297896,331.6849816849817,44.57939721097617,119.8129663089232,9903.228520017994,0.0,9843.736842105263,0.0,79.29772631168069,454.0075518028192,114.86902927580896,14.710423955064684,906.3318777292576,166.2162162162162,60.31963470319634,158.23620823620826,0.0,222.16925281984172,156.49805816046225,45.83062494196305,37.87763801363912,940.6976744186046,9937.109393579072,39.10420571850992,105.24651117871458,77.42784732691004,498.49839253508975,29.47120507772344,936.1878453038674,199.30293587010004,42.97151580109778,0.0,418.6603557085485,0.0,292.5507834295583,281.7897765589174,16.278015987880593,131.8205347206046,820.1298701298701,224.40422929677283,0.0,0.0,0.0,31.659683543245194,59.114249037227204,0.0,9935.910994764397,133.8901838901839,0.0,9915.662703333164,32.42267809573801,9938.212513484357,9935.225895316804,127.97941022509163,468.0444908798049
child_qualities_prosocial_diligence|WVS_A,886.984904120767,146.6920940605151,241.19593856435964,297.82905678308384,9847.965362123257,9843.736842105263,0.0,0.0,716.522831327742,121.25537901357163,877.7876895628903,46.2079996739817,851.0687198345208,72.40831115054718,868.0701754385965,547.4174947859158,0.0,305.7949838139938,883.8435959178993,190.70791648542843,79.55060613586609,85.4345165238678,9881.846235684336,16.93536663237758,880.4918278602489,213.16638722504246,887.6796790847974,850.7512570595297,0.0,20.962854898440128,341.2437114417144,12.479948055916267,887.2067216233354,0.0,36.40878058817995,650.9298016880533,878.3702299939702,887.8781315428489,764.8667122351333,164.4993751952515,0.0,0.0,0.0,239.41022427864533,881.8998716302953,0.0,9880.64783686966,886.3193336877547,245.49976995629163,9872.208898944193,48.27013894128049,9882.94935558962,9879.962737422067,123.45621004705664,886.4655435113839
civic_dishonesty_tolerance|WVS_F,0.0,0.0,0.0,0.0,0.0,0.0,0.0,0.0,0.0,0.0,0.0,0.0,0.0,0.0,0.0,0.0,0.0,0.0,0.0,0.0,0.0,0.0,0.0,0.0,0.0,0.0,0.0,0.0,0.0,0.0,0.0,0.0,0.0,0.0,0.0,0.0,0.0,0.0,0.0,0.0,0.0,0.0,0.0,0.0,0.0,0.0,0.0,0.0,0.0,0.0,0.0,0.0,0.0,0.0,0.0
confidence_in_civil_society_organizations|WVS_E,980.7007179046494,9969.137637574127,9976.768895205385,0.0,0.0,79.29772631168069,716.522831327742,0.0,0.0,9935.904652136409,9970.503503346772,56.5904801245307,9943.784533618404,9933.398601835092,9960.785989222479,9973.466641903131,0.0,27.288575375653878,221.46184872617187,448.114206459787,77.17976722932215,11.830068869841654,34.36551767631052,360.1314298965094,9973.20764164413,56.76532396357653,24.873753738244943,7.758210083918463,10.354786907298617,22.32894190636618,9979.414070680143,9980.1957618398,43.81561716822407,0.0,31.555054763936297,20.663715019446897,9971.086043777852,9980.593945326731,858.5825260190156,9.822235685573055,0.0,0.0,0.0,0.0,9974.615685414177,0.0,21.025751110164407,9979.035147471637,0.0,0.0,207.66739771695265,77.66516937350364,3.0876421150408113,9983.613884296055,71.09044820435719
confidence_in_domestic_institutions|WVS_E,62.651277774962615,9929.136977932245,9939.286128965374,0.0,100.82532643508256,454.0075518028192,121.25537901357163,0.0,9935.904652136409,0.0,9930.502843704891,30.047377418466652,9903.783873976521,9920.447824412784,9922.588213743655,9933.46598226125,0.0,498.3990268448831,80.41589291704265,131.9230706274289,944.5865149948477,17.27467066586828,5.789566932208061,10.97966692646439,9933.20698200225,328.91628082113726,179.49007132203596,911.4721358067366,0.0,4.108485470657577,9939.41341103826,9940.195102197917,357.5885424320026,0.0,0.0,198.5720813361266,9931.085384135971,9940.593285684849,727.6727754680428,24.053735928857506,0.0,0.0,242.56964330608716,464.5646750909909,9934.615025772297,0.0,560.3629910116615,9939.034487829755,0.0,0.0,64.44483630165169,101.59893596112995,50.567852710470746,9943.613224654173,148.51403098671773
confidence_in_international_organizations|WVS_E,225.298909473131,9963.735829142608,9971.367086773866,18.226625557933517,16.019524955935793,114.86902927580896,877.7876895628903,0.0,9970.503503346772,9930.502843704891,0.0,34.07557645491709,9938.382725186884,9927.996793403574,9955.384180790961,9968.064833471613,0.0,40.335404260697345,560.3928953879104,204.6171599330305,84.44852409994805,40.86261583596332,293.74088619798994,92.06545636180152,9967.805833212613,51.363515532058145,30.938739382216287,29.974353320984676,88.28631180911357,79.0363104226254,9974.012262248623,9974.79395340828,53.645726975699404,0.0,431.4217367072913,46.34891567224339,9965.684235346334,9975.192136895213,853.1807175874973,110.3130280843377,0.0,0.0,0.0,0.0,9969.21387698266,0.0,33.6561097379486,9973.63333904012,0.0,28.453708271105555,964.1703511901961,204.82150047686898,18.296350617568777,9978.212075864536,70.93339501759404
crime_victimization|WVS_H,9964.147791012794,41.5412324214021,40.34096831352929,9937.878950506858,7.773410305606262,14.710423955064684,46.2079996739817,0.0,56.5904801245307,30.047377418466652,34.07557645491709,0.0,929.2316067265476,0.0,48.27387865715392,42.947328456654134,0.0,98.87015140777496,113.52163432507767,9955.370803377455,3.1639405776385523,108.5249396477787,246.72340829064822,9958.963118389269,54.80856090612189,23.99724774030935,138.2563590802725,11.811311660254262,7.164497378080455,9964.792408457133,27.361143788286753,0.0,965.3696085153623,0.0,54.97025194658782,317.004776492168,15.356646297761714,124.77117716503444,9842.02959912716,298.47845086888907,0.0,0.0,0.0,0.0,43.39609185565539,0.0,56.89810240246457,39.10908625142335,9953.079092428607,143.64406498351468,0.0,32.53477769291572,0.0,141.47475050764805,964.6284304034107
democratic_system_evaluation|WVS_E,948.5799397447615,9937.01685941424,9944.648117045497,103.88139320330144,255.38798395414793,906.3318777292576,851.0687198345208,0.0,9943.784533618404,9903.783873976521,9938.382725186884,929.2316067265476,0.0,9901.277823675204,9928.665211062591,9941.345863743243,0.0,143.0310450790139,533.6739256595408,356.46961877608965,255.49669950714477,317.39992251823264,152.77460464166353,610.0619337879036,9941.086863484243,255.2110807180497,181.83285424367557,912.3462926835243,942.519723033125,403.7700117345558,9947.293292520255,9948.074983679911,144.88018861987894,0.0,251.0929359497359,397.839522626733,9938.965265617964,9948.473167166843,826.4617478591279,908.1554618647401,0.0,0.0,0.0,234.33859323597312,9942.49490725429,0.0,246.2731755239586,9946.91436931175,234.90431539260442,922.994581062421,437.4513814618267,106.83471379426094,212.8280433163323,9951.493106136168,211.2184738722205
democratic_values_importance|WVS_E,938.1940079614499,9926.630927630928,9936.205651491366,926.396788223486,69.28225742457212,166.2162162162162,72.40831115054718,0.0,9933.398601835092,9920.447824412784,9927.996793403574,0.0,9901.277823675204,0.0,9918.279279279279,9930.959931959933,0.0,324.9528056033945,212.83047753635987,104.85561681733928,68.66274317454267,100.57804659405878,0.0,0.0,9930.700931700932,941.794845904435,25.84530466461061,224.54100606150288,0.0,10.35201732065844,9936.907360736943,9937.6890518966,50.775376025815994,0.0,0.0,409.098612488443,9928.579333834654,9938.087235383531,585.3065853065854,30.08257019573972,0.0,0.0,0.0,0.0,9932.108975470977,0.0,39.2399194337481,9936.528437528437,847.5706488128848,48.91878964204525,20.058123886161525,54.20607847792314,932.1718412627504,9941.107174352856,50.03419791386447
economic_ideology|WVS_E,465.5813953488372,9954.018315018315,9961.649572649572,0.0,9.830624933569787,60.31963470319634,868.0701754385965,0.0,9960.785989222479,9922.588213743655,9955.384180790961,48.27387865715392,9928.665211062591,9918.279279279279,0.0,9958.34731934732,0.0,57.81489846548735,154.74777945366182,156.80440771349862,281.9678520809174,18.378833838894508,15.496780966459916,627.0633893919793,9958.08831908832,144.6208297830504,53.99546855848158,17.88348960743221,6.914543566110687,36.156082723246904,9964.29474812433,9965.076439283986,174.13654618473896,0.0,16.94231782109273,36.63140154794961,9955.966721222041,9965.474622770918,843.4632034632035,20.01620331680502,0.0,0.0,0.0,11.12681413415173,9959.496362858365,0.0,39.60940746281061,9963.915824915824,0.0,0.0,954.4528370659024,30.11341438525904,0.0,9968.494561740243,242.83981251723185
electoral_integrity|WVS_E,67.54776231520418,9966.698967698967,9974.330225330224,115.67974589935615,45.50566392671657,158.23620823620826,547.4174947859158,0.0,9973.466641903131,9933.46598226125,9968.064833471613,42.947328456654134,9941.345863743243,9930.959931959933,9958.34731934732,0.0,0.0,35.96101661160551,126.63589134177371,272.51536342445434,45.43964400207641,65.2072356538296,186.88933703986703,90.72443422949472,9970.768971768972,32.36793647752551,27.500512313908587,62.51032867909602,881.2927404087625,100.85788498602476,9976.975400804982,9977.757091964639,40.9838655320583,0.0,221.35229381001608,51.71633384632184,9968.647373902693,9978.155275451572,856.1438561438562,526.0728642671156,0.0,0.0,0.0,11.988181195498257,9972.177015539019,0.0,35.036782020619945,9976.596477596479,21.79708450245142,185.23482888203318,270.16379277685814,563.4617936159913,47.99745708836619,9981.175214420895,48.16522263137438
existential_threat_worry|WVS_H,0.0,0.0,0.0,0.0,0.0,0.0,0.0,0.0,0.0,0.0,0.0,0.0,0.0,0.0,0.0,0.0,0.0,0.0,0.0,0.0,0.0,0.0,0.0,0.0,0.0,0.0,0.0,0.0,0.0,0.0,0.0,0.0,0.0,0.0,0.0,0.0,0.0,0.0,0.0,0.0,0.0,0.0,0.0,0.0,0.0,0.0,0.0,0.0,0.0,0.0,0.0,0.0,0.0,0.0,0.0
familial_duty_obligations|WVS_D,20.65314249974469,82.45943545044987,20.74475139534029,168.45614203125925,226.39777283783542,222.16925281984172,305.7949838139938,0.0,27.288575375653878,498.3990268448831,40.335404260697345,98.87015140777496,143.0310450790139,324.9528056033945,57.81489846548735,35.96101661160551,0.0,0.0,9982.4982288547,46.35570010716073,9989.525993789648,17.24349029668145,36.264309481351525,28.403221241554974,30.397717078456722,7.132266892444829,16.746076727480514,664.6916042820449,22.95220170186355,14.83236386829876,20.136673616844504,16.633106066463373,17.82110688211765,0.0,366.5718881012519,32.37407355735011,56.14986293077098,16.772530561521016,319.06679971738856,124.78648774897505,0.0,0.0,0.0,233.18250427426966,29.863683311057382,0.0,33.93404875383027,19.08654940601247,91.88482918730277,961.0541783752274,2.392699204740527,44.57959828251964,50.061814803312785,6.400563987800984,20.84239867040692
female_income_threat_to_marriage|WVS_D,25.0229380988824,54.12506883095118,123.35052936075954,20.19756459268114,76.66860716396322,156.49805816046225,883.8435959178993,0.0,221.46184872617187,80.41589291704265,560.3928953879104,113.52163432507767,533.6739256595408,212.83047753635987,154.74777945366182,126.63589134177371,0.0,9982.4982288547,0.0,80.10470991323157,9984.24127256022,207.07715550396807,12.427414997342495,96.65207091545884,974.861739567622,12.733431548902944,39.85305900026288,98.96732261305665,122.35342264591534,87.26259116721666,45.58429763589101,45.54412727921286,34.486686240761365,0.0,38.80654671678537,219.97138318904723,42.18458614578765,31.99928703131643,859.2366239425063,79.81922683700758,0.0,0.0,0.0,267.1134693193517,452.46025952814443,0.0,154.58917714846265,115.82438053026289,10.945184741976178,7.315848898376963,20.47751382661226,27.824217792043818,12.646081965261473,8.742160623301823,35.78051016381187
freedom_security_tradeoff_perception|WVS_H,9974.71913639567,215.15605606514697,285.2873136964046,9948.202408036028,96.42975312831773,45.83062494196305,190.70791648542843,0.0,448.114206459787,131.9230706274289,204.6171599330305,9955.370803377455,356.46961877608965,104.85561681733928,156.80440771349862,272.51536342445434,0.0,46.35570010716073,80.10470991323157,0.0,14.94128217368576,90.4478185662118,52.8812809673679,9969.534463772145,385.89272680181773,26.71333926756424,214.5091494549376,48.18114150834498,60.56801059312362,9975.363753840009,25.1837329522566,3.6114406047910137,88.30050446003534,0.0,955.6514874393532,595.4332647321861,20.29595163057445,52.36993957532678,9852.600944510035,935.2946585156478,0.0,0.0,0.0,48.62638426439082,146.07270039642543,0.0,370.3820691445632,975.0535659626569,9958.013209013208,80.00390758345861,7.880621402777642,22.188538359572938,2.700270027002695,41.360697848803476,112.18607715614905
gender_role_traditionalism|WVS_D,6.433122279333439,45.84671131691951,60.63872798863543,22.106816258867717,46.516884919423944,37.87763801363912,79.55060613586609,0.0,77.17976722932215,944.5865149948477,84.44852409994805,3.1639405776385523,255.49669950714477,68.66274317454267,281.9678520809174,45.43964400207641,0.0,9989.525993789648,9984.24127256022,14.94128217368576,0.0,13.570161080627225,13.917502831107644,5.175930117585352,57.077474427381865,2.1048761959516167,12.06586147424474,87.28406883698585,10.975659180391308,6.509715689945196,12.605737460149484,8.182644003256499,11.076308378015916,0.0,218.31493180677205,27.739566242462082,22.686361571913427,10.10914151850314,144.042166655232,191.86054190745682,0.0,0.0,0.0,50.69801081107613,31.60672701657752,0.0,39.542688653224914,29.21078626368562,19.753576457550878,18.352777636303102,0.0,16.116263001172985,6.573489124921167,4.3439399255782,11.672743963228642
immigrant_origin_status|WVS_G,71.44131165534746,342.75302647395665,5.459206355709107,5.933958569516115,28.95980788197651,940.6976744186046,85.4345165238678,0.0,11.830068869841654,17.27467066586828,40.86261583596332,108.5249396477787,317.39992251823264,100.57804659405878,18.378833838894508,65.2072356538296,0.0,17.24349029668145,207.07715550396807,90.4478185662118,13.570161080627225,0.0,43.323197029935244,26.541551615461998,24.99634949397875,17.506326699075075,35.45398290072955,81.84722450800642,9975.885519722473,10.115552817440335,41.830686842737535,21.319568248045655,9982.167553936677,0.0,9961.878087477793,9976.659864770625,390.9977289739784,43.719203377148474,260.8275445484748,1.0007907178298652,0.0,0.0,0.0,124.0503018750057,24.80906075114848,0.0,47.053113627447,21.342666001096234,0.0,0.0,11.499717833713397,250.18045817323306,39.42356973540906,37.6203241453114,58.18395158230118
importance_of_life_domains|WVS_A,19.573141869086214,24.439184007223616,9.788092442237414,0.0,9949.019017734037,9937.109393579072,9881.846235684336,0.0,34.36551767631052,5.789566932208061,293.74088619798994,246.72340829064822,152.77460464166353,0.0,15.496780966459916,186.88933703986703,0.0,36.264309481351525,12.427414997342495,52.8812809673679,13.917502831107644,43.323197029935244,0.0,133.90294170121058,103.73450920418814,14.82249106842573,37.87041237678857,4.729869139399774,0.0,59.74223051923113,25.319677148349854,29.6329873346037,25.82814187542536,0.0,0.0,192.46288827891948,0.0,17.221906038241002,691.572597042276,0.0,0.0,0.0,0.0,225.73527836685733,49.89928877574642,0.0,9974.02038834347,249.9621554318344,0.0,9960.988304093567,46.15197423471851,9976.321907063431,9973.335288895876,0.0,24.883140030238337
institutional_threat_perception|WVS_H,9978.311451407482,62.206315002194636,643.0462953748853,9951.794723047842,43.332725736503626,39.10420571850992,16.93536663237758,0.0,360.1314298965094,10.97966692646439,92.06545636180152,9958.963118389269,610.0619337879036,0.0,627.0633893919793,90.72443422949472,0.0,28.403221241554974,96.65207091545884,9969.534463772145,5.175930117585352,26.541551615461998,133.90294170121058,0.0,181.1517084802984,12.152055432339644,646.6728930381802,55.4373549080437,0.0,9978.956068851823,38.54861370678561,1.979444344849714,133.37942275620543,0.0,2.5338457412105626,196.2478019662224,86.97584704812819,87.73156054999515,9856.19325952185,24.855456495355554,0.0,0.0,0.0,0.0,974.2264189170114,0.0,162.65362943939607,154.08447746569894,9961.605524025023,324.0964630955131,0.0,89.91226651270107,19.585581005079998,116.55795113222243,157.36351936952866
international_organization_knowledge|WVS_E,290.5030477704896,9966.439967439968,9974.071225071226,0.0,4.932749410430034,105.24651117871458,880.4918278602489,0.0,9973.20764164413,9933.20698200225,9967.805833212613,54.80856090612189,9941.086863484243,9930.700931700932,9958.08831908832,9970.768971768972,0.0,30.397717078456722,974.861739567622,385.89272680181773,57.077474427381865,24.99634949397875,103.73450920418814,181.1517084802984,0.0,47.39335939768527,27.47831053939803,22.41456199957497,29.085688201710298,45.31433188149607,9976.716400545982,9977.498091705638,49.14685108866088,0.0,98.78046923670892,33.32323671306722,9968.388373643693,9977.896275192572,855.8848558848559,45.33213202568042,0.0,0.0,0.0,0.0,9971.918015280018,0.0,28.531902307093155,9976.337477337478,0.0,6.364974951362385,237.14475975782508,144.45902466307274,11.506572771394907,9980.916214161896,69.22680642716156
job_scarcity_gender_discrimination|WVS_C,7.782001344071617,27.785137924877716,37.521160217136696,15.928059701307482,116.74408664314936,77.42784732691004,213.16638722504246,0.0,56.76532396357653,328.91628082113726,51.363515532058145,23.99724774030935,255.2110807180497,941.794845904435,144.6208297830504,32.36793647752551,0.0,7.132266892444829,12.733431548902944,26.71333926756424,2.1048761959516167,17.506326699075075,14.82249106842573,12.152055432339644,47.39335939768527,0.0,9987.791736938023,237.57760062704136,21.562436961961147,10.063541038801723,16.71204885353203,16.68189354959156,11.413467698270296,0.0,968.0293130176769,28.473190767130866,47.50949873154978,11.212411618296954,199.31210342169246,947.6724840939715,0.0,0.0,0.0,340.5222821318712,21.473467945059554,0.0,33.2649452279374,22.39642650601555,71.39103459153273,28.736768854566378,0.0,19.544172063536795,12.938992806157607,3.9007347863262574,9986.57760136461
job_scarcity_nativist_preference|WVS_C,25.031536445237307,32.76735354823684,20.427015227071248,958.6741706353962,105.90151572768667,498.49839253508975,887.6796790847974,0.0,24.873753738244943,179.49007132203596,30.938739382216287,138.2563590802725,181.83285424367557,25.84530466461061,53.99546855848158,27.500512313908587,0.0,16.746076727480514,39.85305900026288,214.5091494549376,12.06586147424474,35.45398290072955,37.87041237678857,646.6728930381802,27.47831053939803,9987.791736938023,0.0,124.39584842502893,223.03312130779184,38.74556934943078,35.92465993379632,94.3815951041004,20.873709405407936,0.0,96.70219740714323,36.402202472798024,135.3063835984,20.806348639342183,863.0727071094044,944.7664211150168,0.0,0.0,0.0,23.823115704640543,25.767966961187323,0.0,27.700721696085246,15.873290944470952,53.955057082663416,253.72318737152125,25.082748875368598,56.78221613553417,264.88301801062437,5.233097644508533,9983.671538385655
life_autonomy_morality_permissiveness|WVS_F,305.40533411262766,308.06976700961866,0.0,27.675273934732203,19.208679679352315,29.47120507772344,850.7512570595297,0.0,7.758210083918463,911.4721358067366,29.974353320984676,11.811311660254262,912.3462926835243,224.54100606150288,17.88348960743221,62.51032867909602,0.0,664.6916042820449,98.96732261305665,48.18114150834498,87.28406883698585,81.84722450800642,4.729869139399774,55.4373549080437,22.41456199957497,237.57760062704136,124.39584842502893,0.0,65.65905038159084,782.2404277474436,67.02344879288248,2.2013171040481794,948.4842944723389,0.0,63.47606127636962,72.84673517641735,6.5618289009931345,243.2733514506759,826.1442850841368,9928.947882187264,0.0,0.0,9955.014414954267,20.511420827653154,4.153054235396283,0.0,52.81551960877443,34.55342827588866,0.0,1.9381999570112427,9937.24277831254,2.698192806440879,0.0,246.29329041999995,947.7431163603874
multilevel_place_attachment|WVS_G,348.8062776897416,18.37787749389959,0.0,0.0,38.093975660253506,936.1878453038674,0.0,0.0,10.354786907298617,0.0,88.28631180911357,7.164497378080455,942.519723033125,0.0,6.914543566110687,881.2927404087625,0.0,22.95220170186355,122.35342264591534,60.56801059312362,10.975659180391308,9975.885519722473,0.0,0.0,29.085688201710298,21.562436961961147,223.03312130779184,65.65905038159084,0.0,0.0,53.33723001967623,5.108961725724715,9977.65772482194,0.0,9957.368258363056,9972.150035655888,35.180710316757455,291.8291347414531,119.47561017057961,0.0,0.0,0.0,0.0,209.08050656334407,21.660053572860853,0.0,142.59036549199413,41.87290098892309,0.0,0.0,0.0,25.905409293276048,6.8964992413614645,22.834903670291364,977.9165467099882
neighborhood_disorder_and_crime|WVS_H,9984.140741475347,191.96896549265142,13.5568811585281,9957.624013115706,164.51250382566343,199.30293587010004,20.962854898440128,0.0,22.32894190636618,4.108485470657577,79.0363104226254,9964.792408457133,403.7700117345558,10.35201732065844,36.156082723246904,100.85788498602476,0.0,14.83236386829876,87.26259116721666,9975.363753840009,6.509715689945196,10.115552817440335,59.74223051923113,9978.956068851823,45.31433188149607,10.063541038801723,38.74556934943078,782.2404277474436,0.0,0.0,29.899139295885465,9.000271391805171,38.272611887968836,0.0,0.9153864258416391,32.21089075427288,239.68396208539275,32.98232570494111,9862.022549589714,2.122631537346251,0.0,0.0,0.0,207.83633190349607,26.13865829363149,0.0,70.71276513333247,30.771467338631513,9967.434814092887,10.06043329805761,0.0,982.1051929442018,979.1185747766481,41.13724120008676,49.13750989822246
offline_political_participation|WVS_E,52.23668769085441,9972.646396475979,9980.277654107236,102.6202846787428,946.1899348089905,42.97151580109778,341.2437114417144,0.0,9979.414070680143,9939.41341103826,9974.012262248623,27.361143788286753,9947.293292520255,9936.907360736943,9964.29474812433,9976.975400804982,0.0,20.136673616844504,45.58429763589101,25.1837329522566,12.605737460149484,41.830686842737535,25.319677148349854,38.54861370678561,9976.716400545982,16.71204885353203,35.92465993379632,67.02344879288248,53.33723001967623,29.899139295885465,0.0,9983.70452074165,28.679081919688542,0.0,130.8084945168514,96.57066396654704,9974.594802679703,9984.102704228582,771.1821940117759,300.9278560693365,0.0,0.0,0.0,936.634796964379,9978.124444316029,0.0,96.5194683789241,9982.543906373488,223.9138058342969,114.87411812416026,7.445179691950724,11.47695857838523,6.435897678422659,9987.122643197907,38.03794228407407
online_political_participation|WVS_E,47.88424972716328,9973.428087635635,9981.059345266893,29.903011035086507,85.86051485753572,0.0,12.479948055916267,0.0,9980.1957618398,9940.195102197917,9974.79395340828,0.0,9948.074983679911,9937.6890518966,9965.076439283986,9977.757091964639,0.0,16.633106066463373,45.54412727921286,3.6114406047910137,8.182644003256499,21.319568248045655,29.6329873346037,1.979444344849714,9977.498091705638,16.68189354959156,94.3815951041004,2.2013171040481794,5.108961725724715,9.000271391805171,9983.70452074165,0.0,34.23259331186266,0.0,76.0346301209522,128.95902764595758,9975.37649383936,9984.884395388239,233.2433464508936,136.87438239382797,0.0,0.0,0.0,7.881850653125561,9978.906135475685,0.0,312.98743404838433,9983.325597533145,46.41024058369685,459.4058092838166,0.0,6.76951521664898,0.0,9987.904334357563,51.13847402344055
outgroup_trust|WVS_G,26.38460820024283,53.51994056813334,43.13581208584536,791.5345465072676,331.31378415145065,418.6603557085485,887.2067216233354,0.0,43.81561716822407,357.5885424320026,53.645726975699404,965.3696085153623,144.88018861987894,50.775376025815994,174.13654618473896,40.9838655320583,0.0,17.82110688211765,34.486686240761365,88.30050446003534,11.076308378015916,9982.167553936677,25.82814187542536,133.37942275620543,49.14685108866088,11.413467698270296,20.873709405407936,948.4842944723389,9977.65772482194,38.272611887968836,28.679081919688542,34.23259331186266,0.0,0.0,9963.65029257726,9978.432069870094,51.29123733159136,19.624774397834898,862.5997496479424,532.5287577712019,0.0,0.0,0.0,129.45095399914678,49.07735348754883,0.0,41.49267552470622,22.962876937139747,968.012014151116,110.6477343663873,17.642246686764697,35.445833862645486,46.72298571923045,5.078476346034709,25.520894973779832
perceived_corruption|WVS_E,0.0,0.0,0.0,0.0,0.0,0.0,0.0,0.0,0.0,0.0,0.0,0.0,0.0,0.0,0.0,0.0,0.0,0.0,0.0,0.0,0.0,0.0,0.0,0.0,0.0,0.0,0.0,0.0,0.0,0.0,0.0,0.0,0.0,0.0,0.0,0.0,0.0,0.0,0.0,0.0,0.0,0.0,0.0,0.0,0.0,0.0,0.0,0.0,0.0,0.0,0.0,0.0,0.0,0.0,0.0
perceived_negative_effects_of_immigration|WVS_G,123.15863380485058,16.758476505175935,0.0,0.0,71.98133092442036,292.5507834295583,36.40878058817995,0.0,31.555054763936297,0.0,431.4217367072913,54.97025194658782,251.0929359497359,0.0,16.94231782109273,221.35229381001608,0.0,366.5718881012519,38.80654671678537,955.6514874393532,218.31493180677205,9961.878087477793,0.0,2.5338457412105626,98.78046923670892,968.0293130176769,96.70219740714323,63.47606127636962,9957.368258363056,0.9153864258416391,130.8084945168514,76.0346301209522,9963.65029257726,0.0,0.0,9958.142603411208,11.369356503450561,59.66132513828313,318.5007593795343,0.0,0.0,0.0,222.18041305918797,231.6802755399247,29.765977795487657,0.0,959.0914078235859,963.7629046416796,0.0,0.0,56.39270029691167,0.0,0.0,0.0,60.99649310608542
perceived_positive_effects_of_immigration|WVS_G,89.10036225763463,225.05742844725896,14.157217547048063,44.43664327393787,46.45386826475142,281.7897765589174,650.9298016880533,0.0,20.663715019446897,198.5720813361266,46.34891567224339,317.004776492168,397.839522626733,409.098612488443,36.63140154794961,51.71633384632184,0.0,32.37407355735011,219.97138318904723,595.4332647321861,27.739566242462082,9976.659864770625,192.46288827891948,196.2478019662224,33.32323671306722,28.473190767130866,36.402202472798024,72.84673517641735,9972.150035655888,32.21089075427288,96.57066396654704,128.95902764595758,9978.432069870094,0.0,9958.142603411208,0.0,174.67721089378912,60.103479789606595,766.1829695728,59.267702198346754,0.0,0.0,0.0,59.84070073053124,28.179273931107012,0.0,50.20906297901418,25.056309841489195,7.753193763345124,28.81286360999637,50.048907199344015,360.79008845176367,44.6166570973967,28.994978391958174,67.97660604385592
political_information_sources|WVS_E,85.7715597943208,9964.318369573688,9971.949627204946,126.64496317165556,62.86190790670075,16.278015987880593,878.3702299939702,0.0,9971.086043777852,9931.085384135971,9965.684235346334,15.356646297761714,9938.965265617964,9928.579333834654,9955.966721222041,9968.647373902693,0.0,56.14986293077098,42.18458614578765,20.29595163057445,22.686361571913427,390.9977289739784,0.0,86.97584704812819,9968.388373643693,47.50949873154978,135.3063835984,6.5618289009931345,35.180710316757455,239.68396208539275,9974.594802679703,9975.37649383936,51.29123733159136,0.0,11.369356503450561,174.67721089378912,0.0,9975.774677326293,853.7632580185772,15.062362343730562,0.0,0.0,0.0,84.59991491665701,9969.79641741374,0.0,293.12502781439525,9974.2158794712,0.0,0.0,23.9244892544122,0.0,0.0,9978.794616295616,62.318611033958234
postmaterialist_values|WVS_E,27.406158175778685,9973.826271122567,9981.457528753825,958.8726230934477,423.56028564605566,131.8205347206046,887.8781315428489,0.0,9980.593945326731,9940.593285684849,9975.192136895213,124.77117716503444,9948.473167166843,9938.087235383531,9965.474622770918,9978.155275451572,0.0,16.772530561521016,31.99928703131643,52.36993957532678,10.10914151850314,43.719203377148474,17.221906038241002,87.73156054999515,9977.896275192572,11.212411618296954,20.806348639342183,243.2733514506759,291.8291347414531,32.98232570494111,9984.102704228582,9984.884395388239,19.624774397834898,0.0,59.66132513828313,60.103479789606595,9975.774677326293,0.0,863.2711595674559,230.67915928735397,0.0,0.0,0.0,122.99985679615307,9979.304318962619,0.0,46.27744976489754,9983.723781020077,168.68342407062946,84.8039927707492,12.870831780193402,17.814795829745297,18.277690590966014,9988.302517844495,22.463975806112515
precautionary_security_behaviors|WVS_H,9861.377932145375,851.8148518148519,385.7618989197936,9834.861203785733,824.3583901478638,820.1298701298701,764.8667122351333,0.0,858.5825260190156,727.6727754680428,853.1807175874973,9842.02959912716,826.4617478591279,585.3065853065854,843.4632034632035,856.1438561438562,0.0,319.06679971738856,859.2366239425063,9852.600944510035,144.042166655232,260.8275445484748,691.572597042276,9856.19325952185,855.8848558848559,199.31210342169246,863.0727071094044,826.1442850841368,119.47561017057961,9862.022549589714,771.1821940117759,233.2433464508936,862.5997496479424,0.0,318.5007593795343,766.1829695728,853.7632580185772,863.2711595674559,0.0,655.286787598686,0.0,0.0,0.0,814.8032523032523,690.6262329882356,0.0,857.040864894268,861.7123617123617,9844.672004762913,503.4592401297002,208.39223100529637,859.3423836142283,856.3557654466746,866.2910985367799,861.8585715359909
religion_versus_secularism_orientation|WVS_F,156.8376035977949,72.3974547093531,0.0,0.0,51.06904266717086,224.40422929677283,164.4993751952515,0.0,9.822235685573055,24.053735928857506,110.3130280843377,298.47845086888907,908.1554618647401,30.08257019573972,20.01620331680502,526.0728642671156,0.0,124.78648774897505,79.81922683700758,935.2946585156478,191.86054190745682,1.0007907178298652,0.0,24.855456495355554,45.33213202568042,947.6724840939715,944.7664211150168,9928.947882187264,0.0,2.122631537346251,300.9278560693365,136.87438239382797,532.5287577712019,0.0,0.0,59.267702198346754,15.062362343730562,230.67915928735397,655.286787598686,0.0,0.0,0.0,9950.823584135482,400.9824240087398,21.63124175968818,0.0,209.0048491701507,90.46489924738589,0.0,0.0,9933.483090856536,0.9163371407987597,0.0,2.5012054335958425,213.82255581187354
religious_belief|WVS_F,0.0,0.0,0.0,0.0,0.0,0.0,0.0,0.0,0.0,0.0,0.0,0.0,0.0,0.0,0.0,0.0,0.0,0.0,0.0,0.0,0.0,0.0,0.0,0.0,0.0,0.0,0.0,0.0,0.0,0.0,0.0,0.0,0.0,0.0,0.0,0.0,0.0,0.0,0.0,0.0,0.0,0.0,0.0,0.0,0.0,0.0,0.0,0.0,0.0,0.0,0.0,0.0,0.0,0.0,0.0
religious_exclusivism|WVS_F,0.0,0.0,0.0,0.0,0.0,0.0,0.0,0.0,0.0,0.0,0.0,0.0,0.0,0.0,0.0,0.0,0.0,0.0,0.0,0.0,0.0,0.0,0.0,0.0,0.0,0.0,0.0,0.0,0.0,0.0,0.0,0.0,0.0,0.0,0.0,0.0,0.0,0.0,0.0,0.0,0.0,0.0,0.0,0.0,0.0,0.0,0.0,0.0,0.0,0.0,0.0,0.0,0.0,0.0,0.0
religious_practice_and_self_identification|WVS_F,0.0,0.0,0.0,441.9218098463382,34.22852001799371,0.0,0.0,0.0,0.0,242.56964330608716,0.0,0.0,0.0,0.0,0.0,0.0,0.0,0.0,0.0,0.0,0.0,0.0,0.0,0.0,0.0,0.0,0.0,9955.014414954267,0.0,0.0,0.0,0.0,0.0,0.0,222.18041305918797,0.0,0.0,0.0,0.0,9950.823584135482,0.0,0.0,0.0,18.202793938088057,0.0,0.0,0.0,0.0,23.161182252091336,27.638313089261032,9980.119503732569,0.0,0.0,0.0,0.0
science_skepticism|WVS_I,180.82388321327628,108.1765456765457,0.0,3.7146832399309773,3.1004392365111357,31.659683543245194,239.41022427864533,0.0,0.0,464.5646750909909,0.0,0.0,234.33859323597312,0.0,11.12681413415173,11.988181195498257,0.0,233.18250427426966,267.1134693193517,48.62638426439082,50.69801081107613,124.0503018750057,225.73527836685733,0.0,0.0,340.5222821318712,23.823115704640543,20.511420827653154,209.08050656334407,207.83633190349607,936.634796964379,7.881850653125561,129.45095399914678,0.0,231.6802755399247,59.84070073053124,84.59991491665701,122.99985679615307,814.8032523032523,400.9824240087398,0.0,0.0,18.202793938088057,0.0,5.365823463120151,0.0,15.61799038315823,0.0,0.0,34.45359544720096,20.132508547460674,74.73096608027552,0.0,0.7148501012500503,140.48371623256418
science_technology_optimism|WVS_E,67.13038978615,9967.848011210013,9975.47926884127,42.98445327098414,14.384250272952812,59.114249037227204,881.8998716302953,0.0,9974.615685414177,9934.615025772297,9969.21387698266,43.39609185565539,9942.49490725429,9932.108975470977,9959.496362858365,9972.177015539019,0.0,29.863683311057382,452.46025952814443,146.07270039642543,31.60672701657752,24.80906075114848,49.89928877574642,974.2264189170114,9971.918015280018,21.473467945059554,25.767966961187323,4.153054235396283,21.660053572860853,26.13865829363149,9978.124444316029,9978.906135475685,49.07735348754883,0.0,29.765977795487657,28.179273931107012,9969.79641741374,9979.304318962619,690.6262329882356,21.63124175968818,0.0,0.0,0.0,5.365823463120151,0.0,0.0,28.128078343484056,9977.745521107523,0.0,4.587154177992524,96.48766146272936,38.48734425162626,2.6286909237078433,9982.324257931941,60.85894404590694
sexual_and_reproductive_morality_permissiveness|WVS_F,0.0,0.0,0.0,0.0,0.0,0.0,0.0,0.0,0.0,0.0,0.0,0.0,0.0,0.0,0.0,0.0,0.0,0.0,0.0,0.0,0.0,0.0,0.0,0.0,0.0,0.0,0.0,0.0,0.0,0.0,0.0,0.0,0.0,0.0,0.0,0.0,0.0,0.0,0.0,0.0,0.0,0.0,0.0,0.0,0.0,0.0,0.0,0.0,0.0,0.0,0.0,0.0,0.0,0.0,0.0
social_intolerance_outgroups|WVS_A,85.54203550330604,73.85913434411644,16.067871530836427,70.28938724378926,9940.139514782391,9935.910994764397,9880.64783686966,0.0,21.025751110164407,560.3629910116615,33.6561097379486,56.89810240246457,246.2731755239586,39.2399194337481,39.60940746281061,35.036782020619945,0.0,33.93404875383027,154.58917714846265,370.3820691445632,39.542688653224914,47.053113627447,9974.02038834347,162.65362943939607,28.531902307093155,33.2649452279374,27.700721696085246,52.81551960877443,142.59036549199413,70.71276513333247,96.5194683789241,312.98743404838433,41.49267552470622,0.0,959.0914078235859,50.20906297901418,293.12502781439525,46.27744976489754,857.040864894268,209.0048491701507,0.0,0.0,0.0,15.61799038315823,28.128078343484056,0.0,0.0,19.14389285095453,10.300019349594741,9952.573698097562,185.42180284479306,9975.123508248756,9972.136890081203,10.4694834452803,50.0682675990901
societal_change_attitudes|WVS_E,83.83055359799546,9972.267473267473,9979.89873089873,4.4836365591082625,0.0,133.8901838901839,886.3193336877547,0.0,9979.035147471637,9939.034487829755,9973.63333904012,39.10908625142335,9946.91436931175,9936.528437528437,9963.915824915824,9976.596477596479,0.0,19.08654940601247,115.82438053026289,975.0535659626569,29.21078626368562,21.342666001096234,249.9621554318344,154.08447746569894,9976.337477337478,22.39642650601555,15.873290944470952,34.55342827588866,41.87290098892309,30.771467338631513,9982.543906373488,9983.325597533145,22.962876937139747,0.0,963.7629046416796,25.056309841489195,9974.2158794712,9983.723781020077,861.7123617123617,90.46489924738589,0.0,0.0,0.0,0.0,9977.745521107523,0.0,19.14389285095453,0.0,0.0,19.22080467175261,70.74121100133515,203.01722728907197,32.45319564246539,9986.743719989401,30.930240607659957
