construct,acceptance_of_state_surveillance|WVS_H,authoritarian_governance_tolerance|WVS_E,autocracy_support|WVS_E,basic_needs_deprivation|WVS_H,child_qualities_autonomy_self_expression|WVS_A,child_qualities_conformity_tradition|WVS_A,child_qualities_prosocial_diligence|WVS_A,civic_dishonesty_tolerance|WVS_F,confidence_in_civil_society_organizations|WVS_E,confidence_in_domestic_institutions|WVS_E,confidence_in_international_organizations|WVS_E,crime_victimization|WVS_H,democratic_system_evaluation|WVS_E,democratic_values_importance|WVS_E,economic_ideology|WVS_E,electoral_integrity|WVS_E,existential_threat_worry|WVS_H,familial_duty_obligations|WVS_D,female_income_threat_to_marriage|WVS_D,freedom_security_tradeoff_perception|WVS_H,gender_role_traditionalism|WVS_D,immigrant_origin_status|WVS_G,importance_of_life_domains|WVS_A,institutional_threat_perception|WVS_H,international_organization_knowledge|WVS_E,job_scarcity_gender_discrimination|WVS_C,job_scarcity_nativist_preference|WVS_C,life_autonomy_morality_permissiveness|WVS_F,multilevel_place_attachment|WVS_G,neighborhood_disorder_and_crime|WVS_H,offline_political_participation|WVS_E,online_political_participation|WVS_E,outgroup_trust|WVS_G,perceived_corruption|WVS_E,perceived_negative_effects_of_immigration|WVS_G,perceived_positive_effects_of_immigration|WVS_G,political_information_sources|WVS_E,postmaterialist_values|WVS_E,precautionary_security_behaviors|WVS_H,religion_versus_secularism_orientation|WVS_F,religious_belief|WVS_F,religious_exclusivism|WVS_F,religious_practice_and_self_identification|WVS_F,science_skepticism|WVS_I,science_technology_optimism|WVS_E,sexual_and_reproductive_morality_permissiveness|WVS_F,social_intolerance_outgroups|WVS_A,societal_change_attitudes|WVS_E,socioeconomic_insecurity_worry|WVS_H,subjective_wellbeing|WVS_A,violence_tolerance|WVS_F,voluntary_association_active_membership|WVS_A,voluntary_association_belonging|WVS_A,voting_participation|WVS_E,work_ethic|WVS_C
acceptance_of_state_surveillance|WVS_H,0.0,11.551323185791325,13.337273561368647,0.0,0.0,0.0,11.01406573362798,521.6945684948292,10.049314817766906,0.0,1.5936679384435237,9962.665712818256,23.090579493018524,0.0,0.0,0.0,9973.294866140342,5.562754521827863,0.0,9973.924585218703,0.0,0.0,0.0,0.0,0.0,0.0,17.91541791541792,0.0,0.0,9940.19898246325,0.0,0.0,88.54628130906548,0.0,247.07871314206156,14.213068890446447,0.0,4.525415519079679,9966.928171029876,0.0,0.0,8.735426316050795,5.288395980616187,22.268190576662292,40.86289726533627,0.0,0.0,0.0,9975.654778340237,34.51272897275703,118.31897430274714,113.31738437001593,178.58066104511602,0.0,0.0
authoritarian_governance_tolerance|WVS_E,11.551323185791325,0.0,9924.417823506996,0.0,30.987346364362374,58.764494734361406,78.52075921862684,404.6226703051935,9926.000602867553,9951.97835941351,9945.693638774226,5.557572312631947,9922.107821196993,9932.788605073652,9792.86424835586,9954.132032908705,366.7363502685602,119.60917692164986,8.041845549176081,92.49149058066256,11.598885168059077,0.0,119.83849361212613,0.0,9956.79017194152,571.1264345239765,6.1469280972714415,137.89271758566315,0.0,46.01413199565002,0.0,9961.432042443412,74.17637141871569,0.0,28.08433886493839,26.387784365254838,9946.744702976732,9932.788605073652,943.7029884914269,402.2901575221866,47.24299407531784,22.481648639834347,41.8145954058849,8.403116823576497,9815.637714726887,7.958643625455352,144.81382188643187,9952.04712606077,478.7453852754708,37.466226322904674,180.54489213520824,66.03703798738132,59.167245671596234,9956.306879257223,949.391140163239
autocracy_support|WVS_E,13.337273561368647,9924.417823506996,0.0,0.0,55.61080102364505,94.22437960229342,170.19695280564846,893.7347613281125,9915.11269389047,9941.09045043643,9934.805729797146,244.78654038089928,9911.219912219913,9921.900696096573,9781.976339378778,9943.244123931623,143.26340727787385,211.75157097487198,24.32316203354071,120.56462056462058,31.735287044400977,0.0,129.59041951636613,0.0,9945.902262964439,213.01630332467337,294.4043182654897,104.99222999222998,0.0,526.7928896852358,0.0,9950.54413346633,287.8498659504067,0.0,165.86077367415243,82.269264191461,9935.856793999652,9921.900696096573,235.84538254464908,169.41493353453484,60.54419999653265,70.30020732444495,73.4692289713465,68.3485411798289,9804.749805749805,12.864120006977153,110.2612746402502,9941.159217083688,108.20835349137235,461.6519451905359,906.4990884212853,396.41897028014165,487.26089946887873,9945.418970280141,160.72545340838025
basic_needs_deprivation|WVS_H,0.0,0.0,0.0,0.0,0.0,0.0,0.0,0.0,0.0,0.0,0.0,0.0,0.0,0.0,0.0,0.0,0.0,0.0,0.0,0.0,0.0,0.0,0.0,0.0,0.0,0.0,0.0,0.0,0.0,0.0,0.0,0.0,0.0,0.0,0.0,0.0,0.0,0.0,0.0,0.0,0.0,0.0,0.0,0.0,0.0,0.0,0.0,0.0,0.0,0.0,0.0,0.0,0.0,0.0,0.0
child_qualities_autonomy_self_expression|WVS_A,0.0,30.987346364362374,55.61080102364505,0.0,0.0,9959.378579879016,9946.07600412851,224.76343297873046,55.91676730963632,6.572010330833123,16.44174201621513,66.4905471365767,47.19131679770923,43.80316287917293,369.242523466492,2.3634934147576985,12.2883979388005,64.37091900706402,7.354407658556042,13.66970214815749,9.5947405171048,0.0,9959.956511001184,0.0,1.300963719380146,32.61311833433242,107.28604122335972,18.126107125338592,0.0,199.24234500673904,0.0,0.0,216.25907359389146,0.0,226.5201655046937,42.565053105931945,15.583368139069322,39.63093323965357,37.77898221667415,14.301316857018037,10.090502442158432,26.507053360303217,15.915697710915904,46.826148276118026,233.19432860717262,0.0,9964.292004394169,8.81942621556508,8.82684713227179,9933.101971784507,940.7906490059464,9923.424552429668,9926.031187500757,0.0,17.49414579610223
child_qualities_conformity_tradition|WVS_A,0.0,58.764494734361406,94.22437960229342,0.0,9959.378579879016,0.0,9934.333574326223,145.31733998323043,90.7668363822054,31.923164356734354,41.166394028010274,940.6100377113427,930.624054711646,61.786766299149484,802.7522935779816,32.092710867802104,20.47899887755262,72.0529466681867,0.3963194801625889,78.549550933907,0.0,0.0,9950.91613063555,0.0,7.8595969455345625,1.7195911155524044,928.1930761418388,29.19347393323909,0.0,151.61474774033738,0.0,0.0,188.17677451055886,0.0,658.793179717851,64.414354569795,37.22814960613896,60.35245763592517,9.698754169822436,62.78781821181499,33.93435016163299,77.16306359701541,97.86952598844879,90.89767196220329,324.15394824153947,0.16899872617977962,9955.251624028535,39.303517055737075,19.469638840248955,9923.500532126714,125.12665057620862,9913.823112771875,9916.429747842965,17.454691719243804,16.787613198849833
child_qualities_prosocial_diligence|WVS_A,11.01406573362798,78.52075921862684,170.19695280564846,0.0,9946.07600412851,9934.333574326223,0.0,897.1377459749552,165.36947575594917,54.983595938270334,77.91965451976648,921.4626770850865,328.1433607520564,225.18778099235297,785.5238696551967,62.5485248447205,85.4973800197019,231.18937629144125,37.99092559544849,103.9448277820371,31.782207974353838,0.0,9932.071295993012,0.0,15.603489274361088,106.9091005158214,909.0457155155825,86.83607653432443,0.0,911.4890662964249,0.0,0.0,423.86183203528,0.0,316.26989587633597,132.75798159519093,65.98370573525852,144.37970018427214,128.15029275237254,124.63900288797687,58.34847673578932,105.39320933245946,88.87534086993568,120.14998094891273,805.0065876152833,14.94168238787988,9936.10426340228,61.89792666000926,72.37741605860425,9904.353171500457,916.1952650324744,9894.675752145618,9897.28238721671,44.68565313571818,99.05033563228068
civic_dishonesty_tolerance|WVS_F,521.6945684948292,404.6226703051935,893.7347613281125,0.0,224.76343297873046,145.31733998323043,897.1377459749552,0.0,895.3175406886696,54.62863056796054,259.8381628022407,0.0,0.0,902.1055428947705,355.0279018281626,0.0,921.6572504708098,158.19638501303717,0.0,0.0,0.0,90.3159579093091,912.7168349420151,0.0,238.60710976263715,0.0,35.00718690592109,9916.530410123762,0.0,169.6938424492604,0.0,0.0,184.70316838151234,0.0,406.31163708086785,915.1074151074151,332.72830746451586,527.1055428947705,0.0,9920.906796906796,9924.712585287054,9920.320176422218,9921.687396267316,241.9491554388915,694.0455616389128,9929.83019398809,371.5977828804544,20.373964871985393,692.0634920634922,9.99552230452062,9912.888888888889,0.0,0.0,0.0,76.40824245724959
confidence_in_civil_society_organizations|WVS_E,10.049314817766906,9926.000602867553,9915.11269389047,0.0,55.91676730963632,90.7668363822054,165.36947575594917,895.3175406886696,0.0,9942.673229796987,9936.388509157703,161.8839126754042,9912.80269158047,9923.48347545713,9783.559118739335,9944.826903292182,149.09788731870307,188.08182508290383,22.780159948736504,99.05937683715462,32.54178942933319,0.0,120.27995268955942,0.0,9947.485042324995,391.3667594529072,223.87171301066215,106.57500935278712,0.0,357.92112359124735,0.0,9952.126912826887,246.575502453821,0.0,127.62274666338058,77.26442826875066,9937.439573360209,9923.48347545713,319.0132434902878,151.20553080701677,54.37003042367026,57.59727239928779,75.05200833190364,51.54051594268488,9806.332585110364,13.23741702597647,111.84405400080735,9942.741996444245,128.309651370448,342.4617776911897,908.0818677818423,314.6684163073655,355.15383925724336,9947.001749640698,196.49626695697157
confidence_in_domestic_institutions|WVS_E,0.0,9951.97835941351,9941.09045043643,0.0,6.572010330833123,31.923164356734354,54.983595938270334,54.62863056796054,9942.673229796987,0.0,9962.36626570366,30.411592416446197,9938.780448126427,9949.461232003086,9813.065510597302,9970.804659838139,13.471282493944088,90.12795769723742,15.09818577253981,4.042823709557183,21.305298234727196,0.0,25.58865308258985,0.0,9973.462798870954,89.3813399344229,57.831397267463046,17.168150514129273,0.0,364.1360342874026,0.0,9978.104669372846,332.077068523588,0.0,166.91017490410297,38.314648582824134,9963.417329906166,9949.461232003086,72.73516598265844,9.06018704902295,1.513577700635917,13.547017740763515,3.2080625785469294,35.568444482937224,9832.31034165632,0.0,18.599506805018713,9968.719752990202,10.085829288597402,54.13885325233838,219.77391004208562,85.26982876730146,54.79126946287457,9972.979506186657,24.203301976393604
confidence_in_international_organizations|WVS_E,1.5936679384435237,9945.693638774226,9934.805729797146,0.0,16.44174201621513,41.166394028010274,77.91965451976648,259.8381628022407,9936.388509157703,9962.36626570366,0.0,712.7124797176098,9932.495727487143,9943.176511363805,9803.25215464601,9964.519939198855,58.496805578318686,118.67632849481937,16.500207763027035,24.95731894873525,25.491136846491166,0.0,50.94164956489486,0.0,9967.178078231671,301.3419270210237,519.3000430349837,43.63499203817305,0.0,280.2115620953245,0.0,9971.819948733562,159.12568121763826,0.0,66.69094004045058,40.52550316477999,9957.132609266882,9943.176511363805,287.42422811491093,40.09982238163681,11.342767760989538,17.41428689147928,14.554964048497894,24.784173798658635,9826.025621017037,0.24885153418238914,50.86641607008855,9962.43503235092,36.89157616601135,927.3722049022119,184.18516009877322,917.6947855473733,920.3014206184632,9966.694785547374,76.05811622083145
crime_victimization|WVS_H,9962.665712818256,5.557572312631947,244.78654038089928,0.0,66.4905471365767,940.6100377113427,921.4626770850865,0.0,161.8839126754042,30.411592416446197,712.7124797176098,0.0,48.10102111473486,45.51920552189901,0.0,0.0,9949.91130304892,504.6325427519104,67.63305120035442,9951.476901629445,65.85822124848866,25.546998560712304,123.00615065169339,0.0,171.96954800195965,776.2478395699234,0.0,69.45833413871455,0.0,9908.46887037493,0.0,41.86474225519825,103.85917997343446,0.0,74.56185157134071,208.70036363627418,944.5327746893456,456.892466259951,9939.49106020404,8.19433234687473,15.268094583340336,222.4206324585838,19.67532820287058,146.7728211892512,646.7591197728335,20.041706036353673,77.10240959491739,26.758274696459736,9952.564702717245,0.0,271.31792625383684,0.0,0.0,0.0,45.05099420353657
democratic_system_evaluation|WVS_E,23.090579493018524,9922.107821196993,9911.219912219913,0.0,47.19131679770923,930.624054711646,328.1433607520564,0.0,9912.80269158047,9938.780448126427,9932.495727487143,48.10102111473486,0.0,9919.59069378657,9779.666337068777,9940.934121621622,525.1070664324574,739.7445989679,137.44642980576484,0.0,39.939610503258734,0.0,216.91627154810055,0.0,9943.592260654437,0.0,107.47893134010272,269.3488943488943,0.0,107.81622070856676,0.0,9948.234131156329,885.5398636404044,0.0,127.98166567309325,161.00224990119088,9933.546791689649,9919.59069378657,6.262652961919471,20.016877159734307,0.0,16.624084795863382,0.0,57.70520553649324,9802.439803439804,8.179948656139139,352.2041458934663,9938.849214773687,135.31011588725238,60.03638732497805,0.0,1.6358496905694437,5.4112552151424325,9943.10896797014,293.3360860190129
democratic_values_importance|WVS_E,0.0,9932.788605073652,9921.900696096573,0.0,43.80316287917293,61.786766299149484,225.18778099235297,902.1055428947705,9923.48347545713,9949.461232003086,9943.176511363805,45.51920552189901,9919.59069378657,0.0,9795.56862745098,9951.614905498282,13.342029875680979,167.09204951122678,14.160583552112016,70.57401043655341,10.782091022955996,0.0,60.930388758094026,0.0,9954.273044531097,0.7521642564105875,65.21853874617464,30.729958337599328,0.0,45.29880638702872,0.0,9958.914915032989,896.2206475170645,0.0,275.15670242331663,242.1551972732704,9944.227575566309,9930.271477663231,7.85252774767055,46.237676576409996,46.50601797775632,201.74791196802587,119.1186685063175,943.3859894131534,9813.120587316464,3.003897104098428,30.96402581532419,9949.529998650347,12.805550152369833,96.28535301982006,110.94830136049208,493.0250459644466,433.71217639157373,9953.7897518468,8.985813995051899
economic_ideology|WVS_E,0.0,9792.86424835586,9781.976339378778,0.0,369.242523466492,802.7522935779816,785.5238696551967,355.0279018281626,9783.559118739335,9813.065510597302,9803.25215464601,0.0,9779.666337068777,9795.56862745098,0.0,9815.966721222041,45.72343756891459,777.1676927934328,816.7770419426049,141.59125188536953,816.297558205565,43.10268646164724,330.0633239904495,0.0,9817.840579710144,120.95771144278609,6.063513189407956,194.08236950003064,0.0,97.11296095787301,0.0,9823.283559577678,669.6802011526627,0.0,211.36442742777587,803.4935387876565,9805.451612903225,9790.347120945436,123.8421495245002,93.2744231713304,137.081586780876,809.7063001024586,399.3088140652054,363.3101895133981,9673.196230598669,79.16157916157917,194.58423196740958,9811.280701754386,14.069744326630797,37.299796977216346,779.2385145326322,107.28710586158911,121.01292045643032,9820.212121212122,49.5467333541732
electoral_integrity|WVS_E,0.0,9954.132032908705,9943.244123931623,0.0,2.3634934147576985,32.092710867802104,62.5485248447205,0.0,9944.826903292182,9970.804659838139,9964.519939198855,0.0,9940.934121621622,9951.614905498282,9815.966721222041,0.0,4.231673072458399,155.8267816941044,33.27244966588562,0.0,67.29354386638087,0.0,15.85777649289495,0.0,9975.616472366148,157.2604272562973,0.0,8.690179231337765,0.0,59.71222729207334,0.0,9980.25834286804,750.8974086854495,0.0,951.6725440514716,61.47842308811987,9965.571003401361,9951.614905498282,158.6077202886044,0.0,0.0,9.784531668683073,0.0,58.1873611734386,9834.464015151516,0.0,13.644640247267084,9970.873426485397,1.196015986894139,0.0,102.87996448966128,0.0,0.0,9975.13317968185,10.23424731055649
existential_threat_worry|WVS_H,9973.294866140342,366.7363502685602,143.26340727787385,0.0,12.2883979388005,20.47899887755262,85.4973800197019,921.6572504708098,149.09788731870307,13.471282493944088,58.496805578318686,9949.91130304892,525.1070664324574,13.342029875680979,45.72343756891459,4.231673072458399,0.0,63.24325790959685,1.886907817981978,9962.398298841337,0.0,0.0,20.275649480951216,0.0,17.63707236809296,0.0,40.535157805946724,11.521112740849738,0.0,9925.444749780134,0.0,8.6635260287608,537.5017260453047,0.0,232.324480458946,90.54110790634267,42.15381538487179,69.50377570366557,9956.466939609245,16.757272879079594,14.942366196811264,71.50884397611955,54.72907319716449,272.1670679413936,385.95722140025936,0.0,12.250585412794521,18.357468931163773,9965.193546919603,48.438161100655066,70.03983740507218,309.73976272483736,213.4452988948285,0.0,1.6166297425945473
familial_duty_obligations|WVS_D,5.562754521827863,119.60917692164986,211.75157097487198,0.0,64.37091900706402,72.0529466681867,231.18937629144125,158.19638501303717,188.08182508290383,90.12795769723742,118.67632849481937,504.6325427519104,739.7445989679,167.09204951122678,777.1676927934328,155.8267816941044,63.24325790959685,0.0,9936.869354157872,349.6044588277598,9936.431065237817,0.0,127.70334155847151,0.0,26.563701849178983,14.89996443163544,903.9802870647594,81.7706480835013,0.0,352.16263181699156,0.0,0.0,300.3408202033747,0.0,917.7826222360635,153.85112753533804,100.53967283803436,144.36477678395403,26.016333919099424,243.54814741430553,118.90667640583948,210.56893935519068,460.4741708961968,208.61727321057464,633.2744924977935,19.288787181662848,70.9277238403452,140.432203151404,56.214967950203445,614.5734573353491,196.44102306641008,184.72797075361956,196.24726179618915,94.45647754094988,46.33094823717603
female_income_threat_to_marriage|WVS_D,0.0,8.041845549176081,24.32316203354071,0.0,7.354407658556042,0.3963194801625889,37.99092559544849,0.0,22.780159948736504,15.09818577253981,16.500207763027035,67.63305120035442,137.44642980576484,14.160583552112016,816.7770419426049,33.27244966588562,1.886907817981978,9936.869354157872,0.0,109.82692564876824,9971.387798036465,0.0,12.911330638527758,0.0,0.5601530993113606,0.0,251.43701986340864,5.352437417654812,0.0,39.4229191374462,0.0,0.0,37.59229850339234,0.0,390.20430613095823,22.69700762559596,10.647737355811891,10.188317193596916,0.0,53.72417845856877,28.668629520761336,50.430236776655406,141.288982045484,47.84364999711872,62.1706192358366,0.0,2.9667907716882667,19.1541932491451,5.291849162576774,107.65826895173225,15.150421131641053,1.324632251021015,5.096768487612209,16.88937054303203,0.0
freedom_security_tradeoff_perception|WVS_H,9973.924585218703,92.49149058066256,120.56462056462058,0.0,13.66970214815749,78.549550933907,103.9448277820371,0.0,99.05937683715462,4.042823709557183,24.95731894873525,9951.476901629445,0.0,70.57401043655341,141.59125188536953,0.0,9962.398298841337,349.6044588277598,109.82692564876824,0.0,300.78956937301956,0.0,38.37367365066392,0.0,4.563603234475053,89.32517963354967,29.345654345654353,29.65618150181909,0.0,9933.223115193265,0.0,0.0,920.2800914584354,0.0,204.38856015779092,83.66626589518155,20.597127739984884,98.63237182824813,9956.03160373087,5.291314875493377,3.6368734587158684,20.158520818937273,3.4440579063315937,55.9410085757632,829.96632996633,0.5639300424834488,33.49257718189757,1.4634605984582052,9964.75821104123,22.574292596539543,57.976932976932986,8.657189804730777,5.632489623662153,0.0,64.76057172921284
gender_role_traditionalism|WVS_D,0.0,11.598885168059077,31.735287044400977,0.0,9.5947405171048,0.0,31.782207974353838,0.0,32.54178942933319,21.305298234727196,25.491136846491166,65.85822124848866,39.939610503258734,10.782091022955996,816.297558205565,67.29354386638087,0.0,9936.431065237817,9971.387798036465,300.78956937301956,0.0,0.0,14.035256939655298,0.0,3.860647828308103,0.0,171.05687047823625,4.488544139410074,0.0,12.67762699897392,0.0,0.0,34.977459239294646,0.0,951.4388691151207,27.802214709235578,16.071641797949148,21.540563319889827,0.0,76.67770240400976,51.606938466250746,98.02635582489118,338.1849986719402,72.0226240322842,61.7323303157805,0.0,3.1873154600860545,37.09417993984979,5.838672730052842,68.1395202615612,0.0,0.0,0.0,19.771624716246297,0.0
immigrant_origin_status|WVS_G,0.0,0.0,0.0,0.0,0.0,0.0,0.0,90.3159579093091,0.0,0.0,0.0,25.546998560712304,0.0,0.0,43.10268646164724,0.0,0.0,0.0,0.0,0.0,0.0,0.0,0.0,0.0,0.0,0.0,30.648976385147755,0.0,0.0,38.867555061787904,0.0,0.0,9929.584908685449,0.0,9963.693377384805,9972.489155411353,0.0,0.0,0.0,0.0,0.0,1.5359778615255166,0.26299453670516115,8.145387359653789,0.0,0.0,0.0,0.0,0.0,30.798645484777182,227.01190893410572,135.23244438773338,73.33959545469547,0.0,0.0
importance_of_life_domains|WVS_A,0.0,119.83849361212613,129.59041951636613,0.0,9959.956511001184,9950.91613063555,9932.071295993012,912.7168349420151,120.27995268955942,25.58865308258985,50.94164956489486,123.00615065169339,216.91627154810055,60.930388758094026,330.0633239904495,15.85777649289495,20.275649480951216,127.70334155847151,12.911330638527758,38.37367365066392,14.035256939655298,0.0,0.0,0.0,11.338882032887184,26.163045203963662,132.85263991706884,29.25008298263139,0.0,160.17498022963653,0.0,0.0,384.32719459004556,0.0,851.3360961898339,91.88603554800737,45.92895770364382,82.72784013301018,27.554728885824375,39.17220094688706,20.702744198670537,65.94937861418734,44.82784283709821,121.9687269623249,449.73187936370834,2.2263881390052873,9955.829555150705,28.255384657322523,17.995024806424382,9924.078463248883,326.7859408704479,9914.401043894044,9917.007678965134,6.894819827654196,24.59939875979215
institutional_threat_perception|WVS_H,0.0,0.0,0.0,0.0,0.0,0.0,0.0,0.0,0.0,0.0,0.0,0.0,0.0,0.0,0.0,0.0,0.0,0.0,0.0,0.0,0.0,0.0,0.0,0.0,0.0,0.0,0.0,0.0,0.0,0.0,0.0,0.0,0.0,0.0,0.0,0.0,0.0,0.0,0.0,0.0,0.0,0.0,0.0,0.0,0.0,0.0,0.0,0.0,0.0,0.0,0.0,0.0,0.0,0.0,0.0
international_organization_knowledge|WVS_E,0.0,9956.79017194152,9945.902262964439,0.0,1.300963719380146,7.8595969455345625,15.603489274361088,238.60710976263715,9947.485042324995,9973.462798870954,9967.178078231671,171.96954800195965,9943.592260654437,9954.273044531097,9817.840579710144,9975.616472366148,17.63707236809296,26.563701849178983,0.5601530993113606,4.563603234475053,3.860647828308103,0.0,11.338882032887184,0.0,0.0,81.24723761778381,219.9390598624074,11.348318264152965,0.0,112.73666669118892,0.0,9982.916481900855,43.67900450838809,0.0,19.26574801935174,4.967465294934485,9968.229142434177,9954.273044531097,66.19752895897162,12.8972647049181,0.0,1.1863561835979866,1.4756730399667362,2.3525912460551197,9837.12215418433,0.0,13.323278247188597,9973.531565518213,12.22821150444102,414.6592142599812,131.17912916350213,928.7913187146662,840.4888628766653,9977.791318714666,27.693761438864428
job_scarcity_gender_discrimination|WVS_C,0.0,571.1264345239765,213.01630332467337,0.0,32.61311833433242,1.7195911155524044,106.9091005158214,0.0,391.3667594529072,89.3813399344229,301.3419270210237,776.2478395699234,0.0,0.7521642564105875,120.95771144278609,157.2604272562973,0.0,14.89996443163544,0.0,89.32517963354967,0.0,0.0,26.163045203963662,0.0,81.24723761778381,0.0,9929.497544667087,3.4786187869888323,0.0,0.0,0.0,38.919411149977996,108.55847696738775,0.0,52.55705555685316,159.79605702662388,227.83567528690247,55.96885767535121,0.0,412.1108595620867,963.6057521899843,142.86067019327783,20.018314609289988,137.54200068165846,196.82878713715712,5.441389942976848,3.1989496966401347,962.8678281006694,1.1608036782626314,551.8050006519614,0.0,0.0,1.7014294829668444,29.62758129712271,9958.21184220314
job_scarcity_nativist_preference|WVS_C,17.91541791541792,6.1469280972714415,294.4043182654897,0.0,107.28604122335972,928.1930761418388,909.0457155155825,35.00718690592109,223.87171301066215,57.831397267463046,519.3000430349837,0.0,107.47893134010272,65.21853874617464,6.063513189407956,0.0,40.535157805946724,903.9802870647594,251.43701986340864,29.345654345654353,171.05687047823625,30.648976385147755,132.85263991706884,0.0,219.9390598624074,9929.497544667087,0.0,103.07610786948264,0.0,35.94079769431511,0.0,23.139030449116163,195.60888507059718,0.0,95.78878234138128,259.3464651298333,932.1158131198416,473.71527077231843,240.5740986345365,17.144892144892147,30.234500153795835,646.5116073970164,60.7850868267535,134.35585961974726,801.0088248699963,34.61529777319251,105.5202937604407,47.30834609398875,21.14774114774115,4.3481957329321546,901.7581075414757,12.379864360062385,7.719717707108472,0.0,9936.395937395937
life_autonomy_morality_permissiveness|WVS_F,0.0,137.89271758566315,104.99222999222998,0.0,18.126107125338592,29.19347393323909,86.83607653432443,9916.530410123762,106.57500935278712,17.168150514129273,43.63499203817305,69.45833413871455,269.3488943488943,30.729958337599328,194.08236950003064,8.690179231337765,11.521112740849738,81.7706480835013,5.352437417654812,29.65618150181909,4.488544139410074,0.0,29.25008298263139,0.0,11.348318264152965,3.4786187869888323,103.07610786948264,0.0,0.0,66.997441099272,0.0,0.0,296.8247315572924,0.0,946.3178156412632,67.4731442296083,34.18185456000582,62.97541465966303,10.08666413887181,9959.652442795299,9965.692789968653,9960.326354982613,9961.693574827712,106.43351236740838,355.86124401913867,9971.557204700062,18.46131215063253,21.203484663867556,8.07237835539722,179.89203843062916,9929.858569412787,920.2146190757904,547.8212541468805,0.15473883626948393,12.050123762901336
multilevel_place_attachment|WVS_G,0.0,0.0,0.0,0.0,0.0,0.0,0.0,0.0,0.0,0.0,0.0,0.0,0.0,0.0,0.0,0.0,0.0,0.0,0.0,0.0,0.0,0.0,0.0,0.0,0.0,0.0,0.0,0.0,0.0,0.0,0.0,0.0,0.0,0.0,0.0,0.0,0.0,0.0,0.0,0.0,0.0,0.0,0.0,0.0,0.0,0.0,0.0,0.0,0.0,0.0,0.0,0.0,0.0,0.0,0.0
neighborhood_disorder_and_crime|WVS_H,9940.19898246325,46.01413199565002,526.7928896852358,0.0,199.24234500673904,151.61474774033738,911.4890662964249,169.6938424492604,357.92112359124735,364.1360342874026,280.2115620953245,9908.46887037493,107.81622070856676,45.29880638702872,97.11296095787301,59.71222729207334,9925.444749780134,352.16263181699156,39.4229191374462,9933.223115193265,12.67762699897392,38.867555061787904,160.17498022963653,0.0,112.73666669118892,0.0,35.94079769431511,66.997441099272,0.0,0.0,0.0,0.0,886.5544887029819,0.0,76.91295740233741,485.0142909844402,340.78643582163903,910.1636712518936,9930.675372851843,206.24004162195558,938.6612707032624,173.76673483892492,169.59685612367028,89.96983059907076,793.0127809051269,80.72721617591883,58.443790025456465,698.6529614697788,9927.804661980026,97.44099744336279,34.31372549019608,883.6819454354628,886.2885805065529,7.2113572001687345,0.0
offline_political_participation|WVS_E,0.0,0.0,0.0,0.0,0.0,0.0,0.0,0.0,0.0,0.0,0.0,0.0,0.0,0.0,0.0,0.0,0.0,0.0,0.0,0.0,0.0,0.0,0.0,0.0,0.0,0.0,0.0,0.0,0.0,0.0,0.0,0.0,0.0,0.0,0.0,0.0,0.0,0.0,0.0,0.0,0.0,0.0,0.0,0.0,0.0,0.0,0.0,0.0,0.0,0.0,0.0,0.0,0.0,0.0,0.0
online_political_participation|WVS_E,0.0,9961.432042443412,9950.54413346633,0.0,0.0,0.0,0.0,0.0,9952.126912826887,9978.104669372846,9971.819948733562,41.86474225519825,9948.234131156329,9958.914915032989,9823.283559577678,9980.25834286804,8.6635260287608,0.0,0.0,0.0,0.0,0.0,0.0,0.0,9982.916481900855,38.919411149977996,23.139030449116163,0.0,0.0,0.0,0.0,0.0,0.0,0.0,0.0,0.0,9972.871012936066,9958.914915032989,131.1196210314069,0.0,0.0,0.0,0.0,0.0,9841.764024686221,0.0,2.4860098654828455,9978.173436020104,2.768980821654111,94.62576008654761,0.0,766.7665225498907,650.3255385733618,9982.433189216557,23.59437319949683
outgroup_trust|WVS_G,88.54628130906548,74.17637141871569,287.8498659504067,0.0,216.25907359389146,188.17677451055886,423.86183203528,184.70316838151234,246.575502453821,332.077068523588,159.12568121763826,103.85917997343446,885.5398636404044,896.2206475170645,669.6802011526627,750.8974086854495,537.5017260453047,300.3408202033747,37.59229850339234,920.2800914584354,34.977459239294646,9929.584908685449,384.32719459004556,0.0,43.67900450838809,108.55847696738775,195.60888507059718,296.8247315572924,0.0,886.5544887029819,0.0,0.0,0.0,0.0,9905.719933667508,9914.515711694055,148.2719835153814,253.36350465992172,209.16533396514126,914.5192401093487,639.0039612541476,306.34385762424245,923.0956928539575,197.5545846420195,779.0697571702979,86.62546228235963,281.5378033276644,471.03472405973605,581.5283049118644,182.44664408577557,660.4914566698006,147.51669947841157,135.50345150856595,586.4055883673004,268.96603974950733
perceived_corruption|WVS_E,0.0,0.0,0.0,0.0,0.0,0.0,0.0,0.0,0.0,0.0,0.0,0.0,0.0,0.0,0.0,0.0,0.0,0.0,0.0,0.0,0.0,0.0,0.0,0.0,0.0,0.0,0.0,0.0,0.0,0.0,0.0,0.0,0.0,0.0,0.0,0.0,0.0,0.0,0.0,0.0,0.0,0.0,0.0,0.0,0.0,0.0,0.0,0.0,0.0,0.0,0.0,0.0,0.0,0.0,0.0
perceived_negative_effects_of_immigration|WVS_G,247.07871314206156,28.08433886493839,165.86077367415243,0.0,226.5201655046937,658.793179717851,316.26989587633597,406.31163708086785,127.62274666338058,166.91017490410297,66.69094004045058,74.56185157134071,127.98166567309325,275.15670242331663,211.36442742777587,951.6725440514716,232.324480458946,917.7826222360635,390.20430613095823,204.38856015779092,951.4388691151207,9963.693377384805,851.3360961898339,0.0,19.26574801935174,52.55705555685316,95.78878234138128,946.3178156412632,0.0,76.91295740233741,0.0,0.0,9905.719933667508,0.0,0.0,9948.624180393412,85.13028454203402,233.35941924672312,83.10064249133656,948.6277088087043,137.39814423921743,84.04206991334149,80.66095167676986,71.53233438712664,813.1782258696534,128.67043891822308,945.2759016566496,149.58763720353608,333.585491559938,163.52480975482803,125.3691561383869,528.8473903999893,494.68931958872645,186.40552993487304,138.23934361369803
perceived_positive_effects_of_immigration|WVS_G,14.213068890446447,26.387784365254838,82.269264191461,0.0,42.565053105931945,64.414354569795,132.75798159519093,915.1074151074151,77.26442826875066,38.314648582824134,40.52550316477999,208.70036363627418,161.00224990119088,242.1551972732704,803.4935387876565,61.47842308811987,90.54110790634267,153.85112753533804,22.69700762559596,83.66626589518155,27.802214709235578,9972.489155411353,91.88603554800737,0.0,4.967465294934485,159.79605702662388,259.3464651298333,67.4731442296083,0.0,485.0142909844402,0.0,0.0,9914.515711694055,0.0,9948.624180393412,0.0,31.82114962636105,84.05243047485139,171.2614998829632,106.67721817853513,45.7474936943361,52.352017980374576,60.339562221369754,65.77383709529914,446.97400389620066,17.52852224072051,70.35074945063872,42.417028675461474,75.41294379463004,422.3205877813753,934.1649341649342,269.78602556939376,315.24980349762666,56.10111235177024,113.4575880627117
political_information_sources|WVS_E,0.0,9946.744702976732,9935.856793999652,0.0,15.583368139069322,37.22814960613896,65.98370573525852,332.72830746451586,9937.439573360209,9963.417329906166,9957.132609266882,944.5327746893456,9933.546791689649,9944.227575566309,9805.451612903225,9965.571003401361,42.15381538487179,100.53967283803436,10.647737355811891,20.597127739984884,16.071641797949148,0.0,45.92895770364382,0.0,9968.229142434177,227.83567528690247,932.1158131198416,34.18185456000582,0.0,340.78643582163903,0.0,9972.871012936066,148.2719835153814,0.0,85.13028454203402,31.82114962636105,0.0,9944.227575566309,177.36418120630486,36.70305331434899,10.678566097285312,17.433288344569142,15.606028251002925,25.835238001163674,9827.076685219543,0.0,40.17436100653853,9963.486096553424,34.291101505709904,928.423269104717,299.19633826139216,918.7458497498783,921.3524848209684,9967.745849749877,57.91748929667132
postmaterialist_values|WVS_E,4.525415519079679,9932.788605073652,9921.900696096573,0.0,39.63093323965357,60.35245763592517,144.37970018427214,527.1055428947705,9923.48347545713,9949.461232003086,9943.176511363805,456.892466259951,9919.59069378657,9930.271477663231,9790.347120945436,9951.614905498282,69.50377570366557,144.36477678395403,10.188317193596916,98.63237182824813,21.540563319889827,0.0,82.72784013301018,0.0,9954.273044531097,55.96885767535121,473.71527077231843,62.97541465966303,0.0,910.1636712518936,0.0,9958.914915032989,253.36350465992172,0.0,233.35941924672312,84.05243047485139,9944.227575566309,0.0,80.07474996989276,103.95773429646773,46.50601797775632,75.20778542789932,83.69117677273223,92.639720756437,9813.120587316464,6.637287966120411,62.49733287090163,9949.529998650347,63.54883202772717,581.1338378683049,914.869869987943,289.40513646218415,307.3963869178896,9953.7897518468,75.07914095794408
precautionary_security_behaviors|WVS_H,9966.928171029876,943.7029884914269,235.84538254464908,0.0,37.77898221667415,9.698754169822436,128.15029275237254,0.0,319.0132434902878,72.73516598265844,287.42422811491093,9939.49106020404,6.262652961919471,7.85252774767055,123.8421495245002,158.6077202886044,9956.466939609245,26.016333919099424,0.0,9956.03160373087,0.0,0.0,27.554728885824375,0.0,66.19752895897162,0.0,240.5740986345365,10.08666413887181,0.0,9930.675372851843,0.0,131.1196210314069,209.16533396514126,0.0,83.10064249133656,171.2614998829632,177.36418120630486,80.07474996989276,0.0,147.44965129177496,516.7378617129903,267.7520389755431,56.61925882064286,216.45826756776913,278.5804252796917,9.41960224477674,5.637597016282918,173.21033951492836,9958.826851809137,924.3815546194119,0.0,19.96729315930999,32.25329907129539,16.517606767163812,0.0
religion_versus_secularism_orientation|WVS_F,0.0,402.2901575221866,169.41493353453484,0.0,14.301316857018037,62.78781821181499,124.63900288797687,9920.906796906796,151.20553080701677,9.06018704902295,40.09982238163681,8.19433234687473,20.016877159734307,46.237676576409996,93.2744231713304,0.0,16.757272879079594,243.54814741430553,53.72417845856877,5.291314875493377,76.67770240400976,0.0,39.17220094688706,0.0,12.8972647049181,412.1108595620867,17.144892144892147,9959.652442795299,0.0,206.24004162195558,0.0,0.0,914.5192401093487,0.0,948.6277088087043,106.67721817853513,36.70305331434899,103.95773429646773,147.44965129177496,0.0,9965.626022109629,9962.636248150053,9964.003467995153,91.55471187556748,828.0766852195424,9970.08843537415,32.11680704970401,7.964357422990211,11.261931223352256,30.868893848200003,9932.168462580228,29.94463535700649,15.665383474666044,0.0,31.752096471497467
religious_belief|WVS_F,0.0,47.24299407531784,60.54419999653265,0.0,10.090502442158432,33.93435016163299,58.34847673578932,9924.712585287054,54.37003042367026,1.513577700635917,11.342767760989538,15.268094583340336,0.0,46.50601797775632,137.081586780876,0.0,14.942366196811264,118.90667640583948,28.668629520761336,3.6368734587158684,51.606938466250746,0.0,20.702744198670537,0.0,0.0,963.6057521899843,30.234500153795835,9965.692789968653,0.0,938.6612707032624,0.0,0.0,639.0039612541476,0.0,137.39814423921743,45.7474936943361,10.678566097285312,46.50601797775632,516.7378617129903,9965.626022109629,0.0,9972.835255009139,9974.202474854237,35.986152967086284,389.67258794845,9979.002085552482,21.463326964421015,1.7764437267770923,9.434605167399148,32.07817885300207,9942.367469439312,24.11558415734197,13.26427530319836,0.0,29.76353959025301
religious_exclusivism|WVS_F,8.735426316050795,22.481648639834347,70.30020732444495,0.0,26.507053360303217,77.16306359701541,105.39320933245946,9920.320176422218,57.59727239928779,13.547017740763515,17.41428689147928,222.4206324585838,16.624084795863382,201.74791196802587,809.7063001024586,9.784531668683073,71.50884397611955,210.56893935519068,50.430236776655406,20.158520818937273,98.02635582489118,1.5359778615255166,65.94937861418734,0.0,1.1863561835979866,142.86067019327783,646.5116073970164,9960.326354982613,0.0,173.76673483892492,0.0,0.0,306.34385762424245,0.0,84.04206991334149,52.352017980374576,17.433288344569142,75.20778542789932,267.7520389755431,9962.636248150053,9972.835255009139,0.0,9971.212700894663,39.316350116214224,494.85343187766944,9976.012311592905,62.325257324529616,13.615784388022703,49.448731755988234,273.36093530307403,9939.377695479736,151.41406927622242,177.87282122268516,10.522596408005384,153.2478829550474
religious_practice_and_self_identification|WVS_F,5.288395980616187,41.8145954058849,73.4692289713465,0.0,15.915697710915904,97.86952598844879,88.87534086993568,9921.687396267316,75.05200833190364,3.2080625785469294,14.554964048497894,19.67532820287058,0.0,119.1186685063175,399.3088140652054,0.0,54.72907319716449,460.4741708961968,141.288982045484,3.4440579063315937,338.1849986719402,0.26299453670516115,44.82784283709821,0.0,1.4756730399667362,20.018314609289988,60.7850868267535,9961.693574827712,0.0,169.59685612367028,0.0,0.0,923.0956928539575,0.0,80.66095167676986,60.339562221369754,15.606028251002925,83.69117677273223,56.61925882064286,9964.003467995153,9974.202474854237,9971.212700894663,0.0,32.7610347500464,829.5539850561025,9977.379531438006,56.889756081193994,1.2990854359216186,27.074261192730937,19.84264923989619,9940.744915324836,4.603494623655905,0.0,0.0,166.3890431455161
science_skepticism|WVS_I,22.268190576662292,8.403116823576497,68.3485411798289,0.0,46.826148276118026,90.89767196220329,120.14998094891273,241.9491554388915,51.54051594268488,35.568444482937224,24.784173798658635,146.7728211892512,57.70520553649324,943.3859894131534,363.3101895133981,58.1873611734386,272.1670679413936,208.61727321057464,47.84364999711872,55.9410085757632,72.0226240322842,8.145387359653789,121.9687269623249,0.0,2.3525912460551197,137.54200068165846,134.35585961974726,106.43351236740838,0.0,89.96983059907076,0.0,0.0,197.5545846420195,0.0,71.53233438712664,65.77383709529914,25.835238001163674,92.639720756437,216.45826756776913,91.55471187556748,35.986152967086284,39.316350116214224,32.7610347500464,0.0,414.4703931840338,21.14359475704552,122.26720108289112,35.637211130196405,147.21216532647188,283.72454009441856,110.83982243856853,916.9042635967227,919.5108986678127,90.36105372017947,958.988524502739
science_technology_optimism|WVS_E,40.86289726533627,9815.637714726887,9804.749805749805,0.0,233.19432860717262,324.15394824153947,805.0065876152833,694.0455616389128,9806.332585110364,9832.31034165632,9826.025621017037,646.7591197728335,9802.439803439804,9813.120587316464,9673.196230598669,9834.464015151516,385.95722140025936,633.2744924977935,62.1706192358366,829.96632996633,61.7323303157805,0.0,449.73187936370834,0.0,9837.12215418433,196.82878713715712,801.0088248699963,355.86124401913867,0.0,793.0127809051269,0.0,9841.764024686221,779.0697571702979,0.0,813.1782258696534,446.97400389620066,9827.076685219543,9813.120587316464,278.5804252796917,828.0766852195424,389.67258794845,494.85343187766944,829.5539850561025,414.4703931840338,0.0,83.88388614869447,355.38316223037725,9832.37910830358,388.31713360015243,797.3162808548716,797.7189796411765,696.7297705909418,699.3364056620319,9836.638861500032,356.0389118797334
sexual_and_reproductive_morality_permissiveness|WVS_F,0.0,7.958643625455352,12.864120006977153,0.0,0.0,0.16899872617977962,14.94168238787988,9929.83019398809,13.23741702597647,0.0,0.24885153418238914,20.041706036353673,8.179948656139139,3.003897104098428,79.16157916157917,0.0,0.0,19.288787181662848,0.0,0.5639300424834488,0.0,0.0,2.2263881390052873,0.0,0.0,5.441389942976848,34.61529777319251,9971.557204700062,0.0,80.72721617591883,0.0,0.0,86.62546228235963,0.0,128.67043891822308,17.52852224072051,0.0,6.637287966120411,9.41960224477674,9970.08843537415,9979.002085552482,9976.012311592905,9977.379531438006,21.14359475704552,83.88388614869447,0.0,0.0120838051551857,0.0,0.0,54.14832046189543,9945.544526023079,92.02524893314367,75.36818537409673,0.0,0.0
social_intolerance_outgroups|WVS_A,0.0,144.81382188643187,110.2612746402502,0.0,9964.292004394169,9955.251624028535,9936.10426340228,371.5977828804544,111.84405400080735,18.599506805018713,50.86641607008855,77.10240959491739,352.2041458934663,30.96402581532419,194.58423196740958,13.644640247267084,12.250585412794521,70.9277238403452,2.9667907716882667,33.49257718189757,3.1873154600860545,0.0,9955.829555150705,0.0,13.323278247188597,3.1989496966401347,105.5202937604407,18.46131215063253,0.0,58.443790025456465,0.0,2.4860098654828455,281.5378033276644,0.0,945.2759016566496,70.35074945063872,40.17436100653853,62.49733287090163,5.637597016282918,32.11680704970401,21.463326964421015,62.325257324529616,56.889756081193994,122.26720108289112,355.38316223037725,0.0120838051551857,0.0,26.08284469663638,6.181567881179866,9928.413956641867,142.58261287498112,9918.73653728703,9921.34317235812,1.8908781230419045,7.692357826072929
