construct,acceptance_of_state_surveillance|WVS_H,authoritarian_governance_tolerance|WVS_E,autocracy_support|WVS_E,basic_needs_deprivation|WVS_H,child_qualities_autonomy_self_expression|WVS_A,child_qualities_conformity_tradition|WVS_A,child_qualities_prosocial_diligence|WVS_A,civic_dishonesty_tolerance|WVS_F,confidence_in_civil_society_organizations|WVS_E,confidence_in_domestic_institutions|WVS_E,confidence_in_international_organizations|WVS_E,crime_victimization|WVS_H,democratic_system_evaluation|WVS_E,democratic_values_importance|WVS_E,economic_ideology|WVS_E,electoral_integrity|WVS_E,existential_threat_worry|WVS_H,familial_duty_obligations|WVS_D,female_income_threat_to_marriage|WVS_D,freedom_security_tradeoff_perception|WVS_H,gender_role_traditionalism|WVS_D,immigrant_origin_status|WVS_G,importance_of_life_domains|WVS_A,institutional_threat_perception|WVS_H,international_organization_knowledge|WVS_E,job_scarcity_gender_discrimination|WVS_C,job_scarcity_nativist_preference|WVS_C,life_autonomy_morality_permissiveness|WVS_F,multilevel_place_attachment|WVS_G,neighborhood_disorder_and_crime|WVS_H,offline_political_participation|WVS_E,online_political_participation|WVS_E,outgroup_trust|WVS_G,perceived_corruption|WVS_E,perceived_negative_effects_of_immigration|WVS_G,perceived_positive_effects_of_immigration|WVS_G,political_information_sources|WVS_E,postmaterialist_values|WVS_E,precautionary_security_behaviors|WVS_H,religion_versus_secularism_orientation|WVS_F,religious_belief|WVS_F,religious_exclusivism|WVS_F,religious_practice_and_self_identification|WVS_F,science_skepticism|WVS_I,science_technology_optimism|WVS_E,sexual_and_reproductive_morality_permissiveness|WVS_F,social_intolerance_outgroups|WVS_A,societal_change_attitudes|WVS_E,socioeconomic_insecurity_worry|WVS_H,subjective_wellbeing|WVS_A,violence_tolerance|WVS_F,voluntary_association_active_membership|WVS_A,voluntary_association_belonging|WVS_A,voting_participation|WVS_E,work_ethic|WVS_C
acceptance_of_state_surveillance|WVS_H,0.0,39.46908497747398,50.35699395455492,9999.0,19.646365422396855,30.581039755351682,47.80946367813672,66.54072562281782,48.7742145939978,19.267822736030826,29.08117868732335,36.334287181744806,52.66699626455724,36.76470588235294,166.66666666666666,16.366612111292962,25.705133859656858,56.16564053990054,16.556291390728475,25.075414781297134,17.035775127768314,7.621951219512194,29.58579881656805,9999.0,14.492753623188404,24.875621890547265,48.75124875124875,23.86634844868735,9999.0,58.801017536750635,9999.0,9.049773755656108,72.74404127157968,9999.0,38.63557257222416,29.8397945456769,26.881720430107528,41.98621238789707,32.07182897012344,25.77319587628866,18.832391713747647,23.62703323087477,22.259813385774997,25.57869937549082,159.13710273466373,10.582010582010582,23.364485981308412,21.05263157894737,23.345221659763766,52.443792766373406,54.09481880070115,62.121212121212125,59.51457705012207,12.121212121212121,21.88183807439825
authoritarian_governance_tolerance|WVS_E,39.46908497747398,0.0,74.58217649300451,9999.0,47.137653635637626,56.17803400127079,75.325394627527,95.37732969480652,72.99939713244738,47.02164058648986,53.306361225772946,66.90619580331008,76.89217880300683,66.21139492634666,206.13575164414064,44.86796709129512,49.93031639810645,80.39082307835014,45.43409027970092,50.365652276480304,45.87237919975702,31.847133757961785,55.600102879101925,9999.0,42.20982805847992,53.87356547602346,79.32315737281402,50.78652769735572,9999.0,87.31920133768332,9999.0,37.56795755658879,101.26222507251236,9999.0,67.15375637315684,58.35797834660958,52.25529702326791,66.21139492634666,56.297011508573036,52.25529702326791,46.21494984991581,52.14521703180745,50.77799718670768,54.0968831764235,183.36228527311332,40.350535118506,51.26460948611712,46.95287393923067,47.57040419821335,83.01570138793869,82.61300260163384,92.69312074277741,90.08648567168736,42.6931207427774,50.608859836761035
autocracy_support|WVS_E,50.35699395455492,74.58217649300451,0.0,9999.0,58.02556261271857,67.06594297835173,86.21330360460794,106.26523867188746,83.88730610952834,57.909549563570806,64.19427020285389,77.79410478039104,87.78008778008777,77.09930390342761,217.02366062122158,55.75587606837607,60.818225375187396,91.27873205543108,56.321999256781865,61.25356125356125,56.76028817683796,42.73504273504273,66.48801185618288,9999.0,53.09773703556087,64.7614744531044,90.21106634989498,61.67443667443668,9999.0,98.20711031476426,9999.0,48.455866533669735,112.1501340495933,9999.0,78.04166535023779,69.24588732369052,63.143206000348854,77.09930390342761,67.18492048565398,63.143206000348854,57.10285882699676,63.033126008888395,61.66590616378863,64.98479215350444,194.25019425019426,51.23844409558695,62.15251846319808,57.84078291631162,58.45831317529431,93.90361036501963,93.50091157871478,103.58102971985835,100.97439464876831,53.58102971985835,61.49676881384198
basic_needs_deprivation|WVS_H,9999.0,9999.0,9999.0,0.0,9999.0,9999.0,9999.0,9999.0,9999.0,9999.0,9999.0,9999.0,9999.0,9999.0,9999.0,9999.0,9999.0,9999.0,9999.0,9999.0,9999.0,9999.0,9999.0,9999.0,9999.0,9999.0,9999.0,9999.0,9999.0,9999.0,9999.0,9999.0,9999.0,9999.0,9999.0,9999.0,9999.0,9999.0,9999.0,9999.0,9999.0,9999.0,9999.0,9999.0,9999.0,9999.0,9999.0,9999.0,9999.0,9999.0,9999.0,9999.0,9999.0,9999.0,9999.0
child_qualities_autonomy_self_expression|WVS_A,19.646365422396855,47.137653635637626,58.02556261271857,9999.0,0.0,39.621420120984844,52.92399587148912,78.2668700515726,56.44278325216144,30.465026706203915,36.749747345486995,49.78852263086516,60.335564922720884,49.65478104606072,186.3130320890635,28.311353211009177,33.373702517820504,63.83420919806419,28.877476399414974,30.189946974649523,29.315765319471073,15.290519877675841,39.04348899881599,9999.0,25.653214178193977,37.316951595737514,62.205484200369106,34.229913817069786,9999.0,63.91554973010303,9999.0,14.164305949008499,77.85857346493206,9999.0,43.75010476557655,34.95432673902929,35.69868314298196,49.65478104606072,39.740397628287084,35.69868314298196,25.751791464651603,28.74156542422716,27.37434557912739,30.69323156884321,166.80567139282738,21.73913043478261,34.70799560583119,30.396260058944726,31.013790317927413,65.89802821549377,59.209350994053544,75.57544757033247,72.96881249924243,25.57544757033248,34.05224595647509
child_qualities_conformity_tradition|WVS_A,30.581039755351682,56.17803400127079,67.06594297835173,9999.0,39.621420120984844,0.0,64.66642567377596,87.24079955165328,65.4831636177946,39.50540707183708,45.790127711120164,59.3899622886573,69.37594528835405,58.69516141169388,197.24770642201833,37.35173357664234,42.414082883453666,72.87458956369736,37.917856765048136,41.932376776936366,37.735849056603776,24.330900243309003,48.08386936444914,9999.0,34.69359454382714,46.357331961370676,71.80692385816124,43.27029418270294,9999.0,75.65797953238987,9999.0,25.906735751295336,89.60100326721891,9999.0,55.49253456786339,46.69675654131613,44.739063508615125,58.69516141169388,48.78077799392025,44.739063508615125,37.49422126693844,40.483995226514,39.11677538141423,42.43566137113005,175.84605175846053,32.83430160385322,43.74837597146434,39.43664042457789,40.05417068356057,75.49946787328591,70.95178079634039,85.17688722812463,82.57025215703457,35.17688722812462,43.09262632210825
child_qualities_prosocial_diligence|WVS_A,47.80946367813672,75.325394627527,86.21330360460794,9999.0,52.92399587148912,64.66642567377596,0.0,102.86225402504472,84.63052424405082,58.65276769809329,64.93748833737638,78.53732291491352,88.52330591461026,77.84252203795009,214.47613034480338,56.499094202898554,61.56144350970988,91.39126886984904,53.75219367060656,54.78533094812164,57.503506311360454,43.47826086956522,66.92870400698766,9999.0,53.840955170083355,65.50469258762689,90.95428448441746,62.417654808959156,9999.0,88.51093370357515,9999.0,38.75968992248062,102.45395743840419,9999.0,68.34548873904868,59.54971071250141,63.88642413487134,77.84252203795009,67.92813862017647,60.54618229720829,50.34717543812373,53.33694939769928,51.96972955259951,55.28861554231533,194.99341238471675,47.17011885435615,62.89573659772056,58.584001050834104,59.20153130981679,94.64682849954212,83.80473496752566,104.32424785438084,101.71761278329079,54.324247854380836,62.23998694836447
civic_dishonesty_tolerance|WVS_F,66.54072562281782,95.37732969480652,106.26523867188746,9999.0,78.2668700515726,87.24079955165328,102.86225402504472,0.0,104.68245931133033,78.7047027653728,84.9894234046559,75.18796992481204,80.64516129032258,97.8944571052296,233.2073922894845,56.17977528089888,78.3427495291902,112.07388525723309,61.7283950617284,69.93006993006993,49.504950495049506,63.530195936844734,87.28316505798487,9999.0,73.89289023736286,44.44444444444444,91.57509157509156,82.46958987623867,9999.0,93.4640522875817,9999.0,64.1025641025641,127.79683161848767,9999.0,93.68836291913215,84.89258489258489,83.93835920215085,97.8944571052296,57.4712643678161,78.09320309320309,74.28741471294663,78.67982357778277,77.31260373268299,80.63148972239881,215.04534745199626,69.16980601191128,82.94767166500007,78.63593611811362,77.16727716727716,95.26763559021623,86.11111111111111,81.96721311475409,77.51937984496124,54.94505494505494,77.43791138890425
confidence_in_civil_society_organizations|WVS_E,48.7742145939978,72.99939713244738,83.88730610952834,9999.0,56.44278325216144,65.4831636177946,84.63052424405082,104.68245931133033,0.0,56.32677020301367,62.61149084229676,76.2113254198339,86.19730841953064,75.51652454287048,215.44088126066447,54.173096707818935,59.23544601463026,89.69595269487394,54.73921989622473,59.67078189300412,55.177508816280834,41.1522633744856,64.90523249562574,9999.0,51.514957675003735,63.17869509254727,88.62828698933785,60.09165731387954,9999.0,96.62433095420712,9999.0,46.8730871731126,110.56735468903616,9999.0,76.45888598968065,67.6631079631334,61.56042663979172,75.51652454287048,65.60214112509685,61.56042663979172,55.520079466439626,61.45034664833126,60.083126803231494,63.40201279294732,192.66741488963714,49.655664735029816,60.56973910264094,56.258003555754485,56.87553381473717,92.3208310044625,91.91813221815764,101.99825035930121,99.39161528821117,51.99825035930122,59.91398945328485
confidence_in_domestic_institutions|WVS_E,19.267822736030826,47.02164058648986,57.909549563570806,9999.0,30.465026706203915,39.50540707183708,58.65276769809329,78.7047027653728,56.32677020301367,0.0,36.63373429633923,50.23356887387638,60.21955187357312,49.53876799691295,185.9344894026975,28.195340161861406,33.25768946867274,63.71819614891642,28.761463350267203,33.69302534704659,29.1997522703233,15.174506828528072,38.927475949668214,9999.0,25.537201129046206,37.20093854658975,62.65053044338032,34.11390076792201,9999.0,70.6465744082496,9999.0,20.895330627155076,84.58959814307865,9999.0,50.48112944372313,41.685351417175866,35.582670093834196,49.53876799691295,39.62438457913932,35.582670093834196,29.542322920482096,35.472590102373736,34.10537025727397,37.424256246989785,166.6896583436796,20.242914979757085,34.59198255668341,30.280247009796955,30.89777726877964,66.34307445850499,65.94037567220012,76.02049381334369,73.41385874225364,26.02049381334369,33.93623290732732
confidence_in_international_organizations|WVS_E,29.08117868732335,53.306361225772946,64.19427020285389,9999.0,36.749747345486995,45.790127711120164,64.93748833737638,84.9894234046559,62.61149084229676,36.63373429633923,0.0,56.51828951315946,66.5042725128562,55.82348863619603,195.74784535399002,34.48006080114449,39.54241010795582,70.0029167881995,35.046183989550286,39.97774598632968,35.48447290960639,21.459227467811157,45.2121965889513,9999.0,31.82192176832929,43.485659185872834,68.9352510826634,40.3986214072051,9999.0,76.93129504753269,9999.0,27.18005126643816,90.87431878236173,9999.0,56.765850083006214,47.970072056458946,41.867390733117276,55.82348863619603,45.909105218422404,41.867390733117276,35.82704355976518,41.75731074165682,40.39009089655705,43.70897688627287,172.9743789829627,29.962628828355378,40.8767031959665,36.56496764908004,37.18249790806273,72.62779509778807,72.2250963114832,82.30521445262677,79.69857938153672,32.30521445262677,40.2209535466104
crime_victimization|WVS_H,36.334287181744806,66.90619580331008,77.79410478039104,9999.0,49.78852263086516,59.3899622886573,78.53732291491352,75.18796992481204,76.2113254198339,50.23356887387638,56.51828951315946,0.0,80.10410709039334,69.42332321373318,163.93442622950818,32.78688524590164,49.08869695107995,83.60275136573665,48.64601856708744,47.523098370556,49.08430748714353,35.0590620453483,58.81203116648845,9999.0,45.42175634586644,57.08549376340997,47.39336492890995,53.99845598474224,9999.0,90.53112962506984,9999.0,40.77988584397531,104.47415335989888,9999.0,70.36568466054335,61.5699066339961,55.46722531065443,69.42332321373318,59.50893979595955,47.361223208680826,43.55543482842437,55.35714531919396,50.25474172719935,57.30881146381002,186.57421356049983,38.437826127389016,54.476537773503644,50.164802226617184,46.4352972827549,57.14285714285714,85.82493088902035,62.11180124223603,59.880239520958085,24.213075060532685,50.18710103455866
democratic_system_evaluation|WVS_E,52.66699626455724,76.89217880300683,87.78008778008777,9999.0,60.335564922720884,69.37594528835405,88.52330591461026,80.64516129032258,86.19730841953064,60.21955187357312,66.5042725128562,80.10410709039334,0.0,79.40930621342991,219.3336629312239,58.06587837837838,63.12822768518971,93.5887343654334,58.632001566784176,60.24096385542168,59.07029048684028,45.04504504504504,68.79801416618518,9999.0,55.40773934556318,57.80346820809249,92.52106865989728,63.98443898443898,9999.0,100.51711262476658,9999.0,50.765868843672045,114.46013635959562,9999.0,80.3516676602401,71.55588963369283,65.45320831035116,79.40930621342991,69.4949227956563,65.45320831035116,54.94505494505494,65.3431283188907,50.0,67.29479446350676,196.56019656019657,53.54844640558926,64.46252077320038,60.15078522631393,60.76831548529661,96.21361267502195,94.33962264150944,105.89103202986067,103.28439695877061,55.89103202986066,63.80677112384429
democratic_values_importance|WVS_E,36.76470588235294,66.21139492634666,77.09930390342761,9999.0,49.65478104606072,58.69516141169388,77.84252203795009,97.8944571052296,75.51652454287048,49.53876799691295,55.82348863619603,69.42332321373318,79.40930621342991,0.0,203.4313725490196,47.385094501718214,52.44744380852954,82.90795048877322,47.95121769012401,52.8827796869034,48.389506610180106,34.36426116838488,58.117230289525025,9999.0,44.726955468903014,56.39069288644655,81.84028478323712,53.30365510777882,9999.0,89.83632874810641,9999.0,40.08508496701188,103.77935248293545,9999.0,69.67088378357994,60.87510575703267,54.772424433691,68.72852233676976,58.81413891899612,54.772424433691,48.732077260338905,54.66234444223054,53.29512459713077,56.61401058684659,185.8794126835364,42.867662528929095,53.781736896540224,49.470001349653764,50.08753160863645,85.53282879836178,85.13013001205692,95.2102481532005,92.60361308211046,45.210248153200496,53.12598724718413
economic_ideology|WVS_E,166.66666666666666,206.13575164414064,217.02366062122158,9999.0,186.3130320890635,197.24770642201833,214.47613034480338,233.2073922894845,215.44088126066447,185.9344894026975,195.74784535399002,163.93442622950818,219.3336629312239,203.4313725490196,0.0,183.03327877795962,192.3718005263235,222.8323072065672,183.22295805739515,191.74208144796378,183.70244179443498,174.28861788617886,196.25246548323472,9999.0,181.15942028985506,191.5422885572139,211.32779115841814,190.533015115354,9999.0,225.4676842034173,9999.0,175.71644042232276,239.41070793824633,9999.0,205.30223923889082,196.50646121234354,193.54838709677418,208.65287905456373,198.7384956367901,192.43986254295532,185.4990583804143,190.29369989754142,188.92648005244166,192.24536604215749,325.8037694013304,177.24867724867724,190.03115264797506,187.71929824561403,190.01188832643044,219.11045943304006,220.7614854673678,226.0462274717442,223.81466575046625,178.78787878787878,188.5485047410649
electoral_integrity|WVS_E,16.366612111292962,44.86796709129512,55.75587606837607,9999.0,28.311353211009177,37.35173357664234,56.499094202898554,56.17977528089888,54.173096707818935,28.195340161861406,34.48006080114449,32.78688524590164,58.06587837837838,47.385094501718214,183.03327877795962,0.0,31.104015973478,61.56452265372168,26.607789855072465,25.188916876574307,27.046078775128564,13.020833333333334,36.773802454473476,9999.0,23.383527633851468,35.04726505139501,47.61904761904761,31.960227272727273,9999.0,68.49290091305487,9999.0,18.741657131960338,82.43592464788391,9999.0,48.32745594852839,39.53167792198113,33.42899659863946,47.385094501718214,37.47071108394458,30.487804878048777,22.471910112359552,33.318916607179,27.17391304347826,35.27058275179505,164.53598484848487,17.857142857142858,32.438309061488674,28.126573514602217,28.744103773584904,51.282051282051285,63.78670217700538,58.8235294117647,52.91005291005291,23.866820318148953,31.782559412132585
existential_threat_worry|WVS_H,25.705133859656858,49.93031639810645,60.818225375187396,9999.0,33.373702517820504,42.414082883453666,61.56144350970988,78.3427495291902,59.23544601463026,33.25768946867274,39.54241010795582,49.08869695107995,63.12822768518971,52.44744380852954,192.3718005263235,31.104015973478,0.0,66.62687196053301,31.670139161883796,36.60170115866318,31.446540880503143,18.083182640144663,41.83615176128481,9999.0,28.4458769406628,33.898305084745765,61.50565852058389,37.02257657953861,9999.0,73.5552502198662,9999.0,23.804006438771665,87.49827395469524,9999.0,53.389805255339716,44.594027228792456,38.491345905450785,52.44744380852954,42.53306039075591,38.491345905450785,32.45099873209869,38.381265913990326,37.01404606889056,40.332932058606374,169.5983341552962,24.752475247524753,37.50065836830001,33.18892282141355,33.80645308039624,65.19820253570856,68.84905148381671,74.87562189054727,72.26898681945721,24.875621890547265,36.84490871894391
familial_duty_obligations|WVS_D,56.16564053990054,80.39082307835014,91.27873205543108,9999.0,63.83420919806419,72.87458956369736,91.39126886984904,112.07388525723309,89.69595269487394,63.71819614891642,70.0029167881995,83.60275136573665,93.5887343654334,82.90795048877322,222.8323072065672,61.56452265372168,66.62687196053301,0.0,62.13064584212748,67.06220783890686,62.568934762183574,48.543689320388346,72.29665844152849,9999.0,58.90638362090648,70.57012103845003,96.01971293524059,67.48308325978229,9999.0,102.38282272846295,9999.0,52.631578947368425,116.325846463292,9999.0,82.21737776393647,73.42159973738922,68.95185258569447,82.90795048877322,72.99356707099959,68.95185258569447,62.91150541234237,67.20883842258709,65.84161857748731,69.16050456720313,200.05884083553988,57.04709068093256,67.96116504854369,63.64942950165723,64.26695976063992,99.71225695036526,97.67662399241347,109.38967630520396,106.78304123411391,59.38967630520396,67.3054153991876
female_income_threat_to_marriage|WVS_D,16.556291390728475,45.43409027970092,56.321999256781865,9999.0,28.877476399414974,37.917856765048136,53.75219367060656,61.7283950617284,54.73921989622473,28.761463350267203,35.046183989550286,48.64601856708744,58.632001566784176,47.95121769012401,183.22295805739515,26.607789855072465,31.670139161883796,62.13064584212748,0.0,31.018144773766963,27.61220196353436,13.58695652173913,37.33992564287927,9999.0,23.949650822257265,21.05263157894737,61.06298013659138,32.52635046113307,9999.0,64.74374752922047,9999.0,14.992503748125937,78.68677126404951,9999.0,44.578302564693985,35.78252453814673,33.995119787045255,47.95121769012401,25.125628140703515,33.995119787045255,26.579989263769043,29.569763223344598,28.202543378244826,31.52142936796065,165.10210803689066,19.569471624266146,33.00443224989447,28.692696703008014,29.3102269619907,64.75552415171603,60.037548793170984,74.43294350655475,71.82630843546471,24.43294350655475,30.395136778115504
freedom_security_tradeoff_perception|WVS_H,25.075414781297134,50.365652276480304,61.25356125356125,9999.0,30.189946974649523,41.932376776936366,54.78533094812164,69.93006993006993,59.67078189300412,33.69302534704659,39.97774598632968,47.523098370556,60.24096385542168,52.8827796869034,191.74208144796378,25.188916876574307,36.60170115866318,67.06220783890686,31.018144773766963,0.0,32.543763960313754,18.51851851851852,42.27148763965866,9999.0,28.881212819036655,40.54495023658019,59.94005994005994,37.45791245791246,9999.0,65.77688480673555,9999.0,16.025641025641026,79.71990854156459,9999.0,45.61143984220908,36.81566181566181,38.92668178382464,52.8827796869034,42.96839626912977,37.812133400368694,27.61312654128413,30.602900500859686,29.235680655759914,32.55456664547574,170.03367003367003,24.43606995751655,37.93599424667386,33.624258699787404,34.24178895877009,63.6326039551846,61.070686070686065,73.31002331002331,70.70338823893326,23.31002331002331,37.28024459731777
gender_role_traditionalism|WVS_D,17.035775127768314,45.87237919975702,56.76028817683796,9999.0,29.315765319471073,37.735849056603776,57.503506311360454,49.504950495049506,55.177508816280834,29.1997522703233,35.48447290960639,49.08430748714353,59.07029048684028,48.389506610180106,183.70244179443498,27.046078775128564,31.446540880503143,62.568934762183574,27.61220196353436,32.543763960313754,0.0,14.025245441795231,37.778214562935375,9999.0,24.387939742313364,17.6678445229682,61.50126905664747,32.96463938118917,9999.0,66.68745236610545,9999.0,18.975332068311197,82.66959958423476,9999.0,48.56113088487925,39.76535285833199,34.43340870710135,48.389506610180106,22.172949002217294,34.43340870710135,28.393061533749254,33.55259154352986,32.18537169843009,35.50425768814591,165.54039695694675,21.459227467811157,33.44272116995057,29.130985623064113,29.748515882046803,65.19381307177214,53.763440860215056,69.44444444444444,68.02721088435375,24.87123242661085,27.932960893854748
immigrant_origin_status|WVS_G,7.621951219512194,31.847133757961785,42.73504273504273,9999.0,15.290519877675841,24.330900243309003,43.47826086956522,63.530195936844734,41.1522633744856,15.174506828528072,21.459227467811157,35.0590620453483,45.04504504504504,34.36426116838488,174.28861788617886,13.020833333333334,18.083182640144663,48.543689320388346,13.58695652173913,18.51851851851852,14.025245441795231,0.0,23.752969121140143,9999.0,10.362694300518134,22.026431718061673,47.476023614852245,18.93939393939394,9999.0,55.47206757972153,9999.0,5.720823798627002,69.41509131455058,9999.0,35.30662261519505,26.510844588647792,20.408163265306122,34.36426116838488,24.449877750611247,20.408163265306122,14.367816091954024,20.298083273845663,18.930863428745894,22.249749418461715,151.51515151515153,8.503401360544219,19.417475728155342,15.105740181268883,15.723270440251572,51.168567629976906,50.765868843672045,60.84598698481562,58.23935191372557,10.845986984815617,18.76172607879925
importance_of_life_domains|WVS_A,29.58579881656805,55.600102879101925,66.48801185618288,9999.0,39.04348899881599,48.08386936444914,66.92870400698766,87.28316505798487,64.90523249562574,38.927475949668214,45.2121965889513,58.81203116648845,68.79801416618518,58.117230289525025,196.25246548323472,36.773802454473476,41.83615176128481,72.29665844152849,37.33992564287927,42.27148763965866,37.778214562935375,23.752969121140143,0.0,9999.0,34.115663421658276,45.77940083920181,71.22899273599239,42.692363060534085,9999.0,77.92025786560157,9999.0,28.169014084507044,91.86328160043061,9999.0,57.7548129010751,48.95903487452783,44.16113238644627,58.117230289525025,48.20284687175139,44.16113238644627,38.120785213094166,42.74627355972571,41.37905371462593,44.697939704341756,175.26812063629168,32.256370481684364,43.170444849295485,38.858709302409025,39.476239561391715,74.92153675111706,73.21405912955208,84.59895610595576,81.99232103486571,34.598956105955764,42.514695199939396
institutional_threat_perception|WVS_H,9999.0,9999.0,9999.0,9999.0,9999.0,9999.0,9999.0,9999.0,9999.0,9999.0,9999.0,9999.0,9999.0,9999.0,9999.0,9999.0,9999.0,9999.0,9999.0,9999.0,9999.0,9999.0,9999.0,0.0,9999.0,9999.0,9999.0,9999.0,9999.0,9999.0,9999.0,9999.0,9999.0,9999.0,9999.0,9999.0,9999.0,9999.0,9999.0,9999.0,9999.0,9999.0,9999.0,9999.0,9999.0,9999.0,9999.0,9999.0,9999.0,9999.0,9999.0,9999.0,9999.0,9999.0,9999.0
international_organization_knowledge|WVS_E,14.492753623188404,42.20982805847992,53.09773703556087,9999.0,25.653214178193977,34.69359454382714,53.840955170083355,73.89289023736286,51.514957675003735,25.537201129046206,31.82192176832929,45.42175634586644,55.40773934556318,44.726955468903014,181.15942028985506,23.383527633851468,28.4458769406628,58.90638362090648,23.949650822257265,28.881212819036655,24.387939742313364,10.362694300518134,34.115663421658276,9999.0,0.0,32.38912601857981,57.83871791537038,29.302088239912074,9999.0,65.83476188023967,9999.0,16.083518099145138,79.77778561506871,9999.0,45.66931691571319,36.87353888916593,30.770857565824258,44.726955468903014,34.81257205112938,30.770857565824258,23.86634844868735,30.6607775743638,29.29355772926403,32.61244371897985,161.87784581566967,15.037593984962406,29.780170028673474,25.468434481787018,26.085964740769704,61.53126193049504,61.12856314419018,71.20868128533375,68.6020462142437,21.208681285333753,29.124420379317385
job_scarcity_gender_discrimination|WVS_C,24.875621890547265,53.87356547602346,64.7614744531044,9999.0,37.316951595737514,46.357331961370676,65.50469258762689,44.44444444444444,63.17869509254727,37.20093854658975,43.485659185872834,57.08549376340997,57.80346820809249,56.39069288644655,191.5422885572139,35.04726505139501,33.898305084745765,70.57012103845003,21.05263157894737,40.54495023658019,17.6678445229682,22.026431718061673,45.77940083920181,9999.0,32.38912601857981,0.0,69.50245533291391,40.96582565745561,9999.0,49.01960784313725,9999.0,27.747255516688675,91.44152303261225,9999.0,57.333054333256726,48.537276306709465,42.434594983367795,56.39069288644655,19.305019305019304,42.434594983367795,36.3942478100157,42.324514991907336,40.95729514680757,44.27618113652339,173.5415832332132,30.52983307860589,41.44390744621701,37.13217189933056,37.74970215831324,73.19499934803858,41.666666666666664,76.33587786259541,80.26578363178724,32.87241870287729,40.78815779686092
job_scarcity_nativist_preference|WVS_C,48.75124875124875,79.32315737281402,90.21106634989498,9999.0,62.205484200369106,71.80692385816124,90.95428448441746,91.57509157509156,88.62828698933785,62.65053044338032,68.9352510826634,47.39336492890995,92.52106865989728,81.84028478323712,211.32779115841814,47.61904761904761,61.50565852058389,96.01971293524059,61.06298013659138,59.94005994005994,61.50126905664747,47.476023614852245,71.22899273599239,9999.0,57.83871791537038,69.50245533291391,0.0,66.41541755424619,9999.0,102.94809119457378,9999.0,53.19684741347925,116.89111492940282,9999.0,82.7826462300473,73.98686820350004,67.88418688015837,81.84028478323712,71.92590136546349,59.77818477818477,55.97239639792831,67.7741068886979,62.6717032967033,69.72577303331396,198.9911751300038,50.854787696892956,66.89349934300759,62.58176379612113,58.85225885225885,76.95261727519792,98.24189245852429,86.63003663003663,84.02340155894657,36.63003663003663,62.604062604062605
life_autonomy_morality_permissiveness|WVS_F,23.86634844868735,50.78652769735572,61.67443667443668,9999.0,34.229913817069786,43.27029418270294,62.417654808959156,82.46958987623867,60.09165731387954,34.11390076792201,40.3986214072051,53.99845598474224,63.98443898443898,53.30365510777882,190.533015115354,31.960227272727273,37.02257657953861,67.48308325978229,32.52635046113307,37.45791245791246,32.96463938118917,18.93939393939394,42.692363060534085,9999.0,29.302088239912074,40.96582565745561,66.41541755424619,0.0,9999.0,73.8476293232632,9999.0,24.096385542168672,87.79065305809225,9999.0,53.68218435873672,44.886406332189466,39.34755720470007,53.30365510777882,43.38927169000519,39.34755720470007,33.307210031347964,38.67364501738733,37.30642517228756,40.625311162003385,170.45454545454547,27.44279529993816,38.35686966754928,34.04513412066282,34.66266437964551,70.10796156937084,69.14143058721372,79.78538092420956,77.17874585311951,29.78538092420956,37.701120018193194
multilevel_place_attachment|WVS_G,9999.0,9999.0,9999.0,9999.0,9999.0,9999.0,9999.0,9999.0,9999.0,9999.0,9999.0,9999.0,9999.0,9999.0,9999.0,9999.0,9999.0,9999.0,9999.0,9999.0,9999.0,9999.0,9999.0,9999.0,9999.0,9999.0,9999.0,9999.0,0.0,9999.0,9999.0,9999.0,9999.0,9999.0,9999.0,9999.0,9999.0,9999.0,9999.0,9999.0,9999.0,9999.0,9999.0,9999.0,9999.0,9999.0,9999.0,9999.0,9999.0,9999.0,9999.0,9999.0,9999.0,9999.0,9999.0
neighborhood_disorder_and_crime|WVS_H,58.801017536750635,87.31920133768332,98.20711031476426,9999.0,63.91554973010303,75.65797953238987,88.51093370357515,93.4640522875817,96.62433095420712,70.6465744082496,76.93129504753269,90.53112962506984,100.51711262476658,89.83632874810641,225.4676842034173,68.49290091305487,73.5552502198662,102.38282272846295,64.74374752922047,65.77688480673555,66.68745236610545,55.47206757972153,77.92025786560157,9999.0,65.83476188023967,49.01960784313725,102.94809119457378,73.8476293232632,9999.0,0.0,9999.0,49.75124378109453,113.4455112970181,9999.0,79.33704259766259,70.54126457111532,75.88023084502765,89.83632874810641,68.32462714815655,71.5377361558222,61.33872929673764,64.32850325631318,62.96128341121342,66.28016940092924,206.98721909487307,58.16167271297006,74.88954330787688,70.57780776099042,71.19533801997311,106.64063520969844,90.68627450980392,116.31805456453715,113.7114194934471,66.31805456453715,66.66666666666667
offline_political_participation|WVS_E,9999.0,9999.0,9999.0,9999.0,9999.0,9999.0,9999.0,9999.0,9999.0,9999.0,9999.0,9999.0,9999.0,9999.0,9999.0,9999.0,9999.0,9999.0,9999.0,9999.0,9999.0,9999.0,9999.0,9999.0,9999.0,9999.0,9999.0,9999.0,9999.0,9999.0,0.0,9999.0,9999.0,9999.0,9999.0,9999.0,9999.0,9999.0,9999.0,9999.0,9999.0,9999.0,9999.0,9999.0,9999.0,9999.0,9999.0,9999.0,9999.0,9999.0,9999.0,9999.0,9999.0,9999.0,9999.0
online_political_participation|WVS_E,9.049773755656108,37.56795755658879,48.455866533669735,9999.0,14.164305949008499,25.906735751295336,38.75968992248062,64.1025641025641,46.8730871731126,20.895330627155076,27.18005126643816,40.77988584397531,50.765868843672045,40.08508496701188,175.71644042232276,18.741657131960338,23.804006438771665,52.631578947368425,14.992503748125937,16.025641025641026,18.975332068311197,5.720823798627002,28.169014084507044,9999.0,16.083518099145138,27.747255516688675,53.19684741347925,24.096385542168672,9999.0,49.75124378109453,9999.0,0.0,63.69426751592357,9999.0,29.58579881656805,20.79002079002079,26.128987063933124,40.08508496701188,30.17070154923825,21.78649237472767,11.587485515643106,14.57725947521866,13.21003963011889,16.528925619834713,157.23597531377854,8.410428931875526,25.138299526782344,20.826563979895887,21.444094238878574,56.88939142860391,45.04504504504504,66.56681078344262,63.96017571235257,16.56681078344262,24.48254987742625
outgroup_trust|WVS_G,72.74404127157968,101.26222507251236,112.1501340495933,9999.0,77.85857346493206,89.60100326721891,102.45395743840419,127.79683161848767,110.56735468903616,84.58959814307865,90.87431878236173,104.47415335989888,114.46013635959562,103.77935248293545,239.41070793824633,82.43592464788391,87.49827395469524,116.325846463292,78.68677126404951,79.71990854156459,82.66959958423476,69.41509131455058,91.86328160043061,9999.0,79.77778561506871,91.44152303261225,116.89111492940282,87.79065305809225,9999.0,113.4455112970181,9999.0,63.69426751592357,0.0,9999.0,93.28006633249163,84.48428830594436,89.8232545798567,103.77935248293545,93.86496906516182,85.48075989065124,75.28175303156668,78.27152699114222,76.90430714604246,80.22319313575828,220.9302428297021,72.1046964477991,88.83256704270592,84.52083149581946,85.13836175480215,120.58365894452749,108.73931256096861,130.2610782993662,127.65444322827614,80.26107829936619,88.17681739334982
perceived_corruption|WVS_E,9999.0,9999.0,9999.0,9999.0,9999.0,9999.0,9999.0,9999.0,9999.0,9999.0,9999.0,9999.0,9999.0,9999.0,9999.0,9999.0,9999.0,9999.0,9999.0,9999.0,9999.0,9999.0,9999.0,9999.0,9999.0,9999.0,9999.0,9999.0,9999.0,9999.0,9999.0,9999.0,9999.0,0.0,9999.0,9999.0,9999.0,9999.0,9999.0,9999.0,9999.0,9999.0,9999.0,9999.0,9999.0,9999.0,9999.0,9999.0,9999.0,9999.0,9999.0,9999.0,9999.0,9999.0,9999.0
perceived_negative_effects_of_immigration|WVS_G,38.63557257222416,67.15375637315684,78.04166535023779,9999.0,43.75010476557655,55.49253456786339,68.34548873904868,93.68836291913215,76.45888598968065,50.48112944372313,56.765850083006214,70.36568466054335,80.3516676602401,69.67088378357994,205.30223923889082,48.32745594852839,53.389805255339716,82.21737776393647,44.578302564693985,45.61143984220908,48.56113088487925,35.30662261519505,57.7548129010751,9999.0,45.66931691571319,57.333054333256726,82.7826462300473,53.68218435873672,9999.0,79.33704259766259,9999.0,29.58579881656805,93.28006633249163,9999.0,0.0,50.37581960658884,55.714785880501175,69.67088378357994,59.7565003658063,51.372291191295716,41.17328433221115,44.16305829178671,42.79583844668694,46.11472443640277,186.8217741303466,37.99622774844357,54.72409834335039,50.41236279646394,51.02989305544662,86.47519024517196,74.6308438616131,96.15260960001066,93.54597452892062,46.15260960001067,54.0683486939943
perceived_positive_effects_of_immigration|WVS_G,29.8397945456769,58.35797834660958,69.24588732369052,9999.0,34.95432673902929,46.69675654131613,59.54971071250141,84.89258489258489,67.6631079631334,41.685351417175866,47.970072056458946,61.5699066339961,71.55588963369283,60.87510575703267,196.50646121234354,39.53167792198113,44.594027228792456,73.42159973738922,35.78252453814673,36.81566181566181,39.76535285833199,26.510844588647792,48.95903487452783,9999.0,36.87353888916593,48.537276306709465,73.98686820350004,44.886406332189466,9999.0,70.54126457111532,9999.0,20.79002079002079,84.48428830594436,9999.0,50.37581960658884,0.0,46.919007853953914,60.87510575703267,50.960722339259036,42.57651316474846,32.3775063056639,35.36728026523945,34.00006042013968,37.3189464098555,178.02599610379934,29.200449721896316,45.92832031680314,41.61658476991668,42.23411502889937,77.67941221862469,65.83506583506583,87.35683157346341,84.75019650237337,37.35683157346341,45.27257066744704
political_information_sources|WVS_E,26.881720430107528,52.25529702326791,63.143206000348854,9999.0,35.69868314298196,44.739063508615125,63.88642413487134,83.93835920215085,61.56042663979172,35.582670093834196,41.867390733117276,55.46722531065443,65.45320831035116,54.772424433691,193.54838709677418,33.42899659863946,38.491345905450785,68.95185258569447,33.995119787045255,38.92668178382464,34.43340870710135,20.408163265306122,44.16113238644627,9999.0,30.770857565824258,42.434594983367795,67.88418688015837,39.34755720470007,9999.0,75.88023084502765,9999.0,26.128987063933124,89.8232545798567,9999.0,55.714785880501175,46.919007853953914,0.0,54.772424433691,44.858041015917365,40.816326530612244,34.77597935726015,40.706246539151785,39.339026694052016,42.65791268376783,171.92331478045764,28.169014084507044,39.82563899346147,35.51390344657501,36.1314337055577,71.57673089528302,71.17403210897817,81.25415025012174,78.6475151790317,31.25415025012174,39.16988934410537
postmaterialist_values|WVS_E,41.98621238789707,66.21139492634666,77.09930390342761,9999.0,49.65478104606072,58.69516141169388,77.84252203795009,97.8944571052296,75.51652454287048,49.53876799691295,55.82348863619603,69.42332321373318,79.40930621342991,68.72852233676976,208.65287905456373,47.385094501718214,52.44744380852954,82.90795048877322,47.95121769012401,52.8827796869034,48.389506610180106,34.36426116838488,58.117230289525025,9999.0,44.726955468903014,56.39069288644655,81.84028478323712,53.30365510777882,9999.0,89.83632874810641,9999.0,40.08508496701188,103.77935248293545,9999.0,69.67088378357994,60.87510575703267,54.772424433691,0.0,58.81413891899612,54.772424433691,48.732077260338905,54.66234444223054,53.29512459713077,56.61401058684659,185.8794126835364,42.867662528929095,53.781736896540224,49.470001349653764,50.08753160863645,85.53282879836178,85.13013001205692,95.2102481532005,92.60361308211046,45.210248153200496,53.12598724718413
precautionary_security_behaviors|WVS_H,32.07182897012344,56.297011508573036,67.18492048565398,9999.0,39.740397628287084,48.78077799392025,67.92813862017647,57.4712643678161,65.60214112509685,39.62438457913932,45.909105218422404,59.50893979595955,69.4949227956563,58.81413891899612,198.7384956367901,37.47071108394458,42.53306039075591,72.99356707099959,25.125628140703515,42.96839626912977,22.172949002217294,24.449877750611247,48.20284687175139,9999.0,34.81257205112938,19.305019305019304,71.92590136546349,43.38927169000519,9999.0,68.32462714815655,9999.0,30.17070154923825,93.86496906516182,9999.0,59.7565003658063,50.960722339259036,44.858041015917365,58.81413891899612,0.0,44.858041015917365,38.81769384256527,44.74796102445691,43.38074117935714,46.69962716907296,175.96502926576278,32.95327911115547,43.86735347876659,39.55561793188013,40.17314819086282,75.61844538058816,50.5050505050505,85.29586473542686,82.6892296643368,35.29586473542686,30.3030303030303
religion_versus_secularism_orientation|WVS_F,25.77319587628866,52.25529702326791,63.143206000348854,9999.0,35.69868314298196,44.739063508615125,60.54618229720829,78.09320309320309,61.56042663979172,35.582670093834196,41.867390733117276,47.361223208680826,65.45320831035116,54.772424433691,192.43986254295532,30.487804878048777,38.491345905450785,68.95185258569447,33.995119787045255,37.812133400368694,34.43340870710135,20.408163265306122,44.16113238644627,9999.0,30.770857565824258,42.434594983367795,59.77818477818477,39.34755720470007,9999.0,71.5377361558222,9999.0,21.78649237472767,85.48075989065124,9999.0,51.372291191295716,42.57651316474846,40.816326530612244,54.772424433691,44.858041015917365,0.0,33.373977890370774,36.363751849946325,34.99653200484656,38.31541799456238,171.92331478045764,28.91156462585034,39.82563899346147,35.51390344657501,36.1314337055577,63.47072879330943,66.83153741977272,73.14814814814815,70.5415130770581,23.148148148148145,39.16988934410537
religious_belief|WVS_F,18.832391713747647,46.21494984991581,57.10285882699676,9999.0,25.751791464651603,37.49422126693844,50.34717543812373,74.28741471294663,55.520079466439626,29.542322920482096,35.82704355976518,43.55543482842437,54.94505494505494,48.732077260338905,185.4990583804143,22.471910112359552,32.45099873209869,62.91150541234237,26.579989263769043,27.61312654128413,28.393061533749254,14.367816091954024,38.120785213094166,9999.0,23.86634844868735,36.3942478100157,55.97239639792831,33.307210031347964,9999.0,61.33872929673764,9999.0,11.587485515643106,75.28175303156668,9999.0,41.17328433221115,32.3775063056639,34.77597935726015,48.732077260338905,38.81769384256527,33.373977890370774,0.0,26.164744990861767,24.797525145761995,28.11641113547782,165.88296760710554,19.99791444751863,33.785291820109364,29.473556273222908,30.091086532205594,59.664940413052975,56.63253056068815,69.34235976789168,66.73572469680164,19.342359767891683,33.129542170753275
religious_exclusivism|WVS_F,23.62703323087477,52.14521703180745,63.033126008888395,9999.0,28.74156542422716,40.483995226514,53.33694939769928,78.67982357778277,61.45034664833126,35.472590102373736,41.75731074165682,55.35714531919396,65.3431283188907,54.66234444223054,190.29369989754142,33.318916607179,38.381265913990326,67.20883842258709,29.569763223344598,30.602900500859686,33.55259154352986,20.298083273845663,42.74627355972571,9999.0,30.6607775743638,42.324514991907336,67.7741068886979,38.67364501738733,9999.0,64.32850325631318,9999.0,14.57725947521866,78.27152699114222,9999.0,44.16305829178671,35.36728026523945,40.706246539151785,54.66234444223054,44.74796102445691,36.363751849946325,26.164744990861767,0.0,27.787299105337553,31.106185095053373,171.8132347889972,22.987688407094186,39.715559002001,35.40382345511455,36.02135371409723,71.46665090382257,59.622304520263704,81.14407025866129,78.53743518757123,31.14407025866128,39.05980935264491
