construct,acceptance_of_state_surveillance|WVS_H,authoritarian_governance_tolerance|WVS_E,autocracy_support|WVS_E,basic_needs_deprivation|WVS_H,child_qualities_autonomy_self_expression|WVS_A,child_qualities_conformity_tradition|WVS_A,child_qualities_prosocial_diligence|WVS_A,civic_dishonesty_tolerance|WVS_F,confidence_in_civil_society_organizations|WVS_E,confidence_in_domestic_institutions|WVS_E,confidence_in_international_organizations|WVS_E,crime_victimization|WVS_H,democratic_system_evaluation|WVS_E,democratic_values_importance|WVS_E,economic_ideology|WVS_E,electoral_integrity|WVS_E,existential_threat_worry|WVS_H,familial_duty_obligations|WVS_D,female_income_threat_to_marriage|WVS_D,freedom_security_tradeoff_perception|WVS_H,gender_role_traditionalism|WVS_D,immigrant_origin_status|WVS_G,importance_of_life_domains|WVS_A,institutional_threat_perception|WVS_H,international_organization_knowledge|WVS_E,job_scarcity_gender_discrimination|WVS_C,job_scarcity_nativist_preference|WVS_C,life_autonomy_morality_permissiveness|WVS_F,multilevel_place_attachment|WVS_G,neighborhood_disorder_and_crime|WVS_H,offline_political_participation|WVS_E,online_political_participation|WVS_E,outgroup_trust|WVS_G,perceived_corruption|WVS_E,perceived_negative_effects_of_immigration|WVS_G,perceived_positive_effects_of_immigration|WVS_G,political_information_sources|WVS_E,postmaterialist_values|WVS_E,precautionary_security_behaviors|WVS_H,religion_versus_secularism_orientation|WVS_F,religious_belief|WVS_F,religious_exclusivism|WVS_F,religious_practice_and_self_identification|WVS_F,science_skepticism|WVS_I,science_technology_optimism|WVS_E,sexual_and_reproductive_morality_permissiveness|WVS_F,social_intolerance_outgroups|WVS_A,societal_change_attitudes|WVS_E,socioeconomic_insecurity_worry|WVS_H,subjective_wellbeing|WVS_A,violence_tolerance|WVS_F,voluntary_association_active_membership|WVS_A,voluntary_association_belonging|WVS_A,voting_participation|WVS_E,work_ethic|WVS_C
acceptance_of_state_surveillance|WVS_H,0.0,9.7927499685253,0.0,9969.528649742668,372.34146639098293,0.0,197.5835506724227,0.0,27.969012126961683,957.8703622180352,13.476815481921413,9956.870362218035,57.88621846324445,0.8352955802654876,10.670145955156634,9.750940169534367,9962.941092252258,5.568281079152065,75.89873684117447,9950.220343217981,130.75040067445974,0.0,294.3766295180799,9962.475119504219,364.8995187989355,94.45931403199971,507.2071786396672,31.67084299289401,961.369632436354,9961.583457252427,0.0,0.0,0.0,37.12684108319553,17.907339582349728,33.98501537964955,13.577717195027134,58.55302701034958,9967.915535613622,102.3318070874112,0.0,0.0,10.661314965858821,0.0,238.79489342184863,0.0,524.3280032459409,63.341158169848924,9935.092709128294,30.86719209559901,0.0,0.0,0.0,0.0,24.010467324689756
authoritarian_governance_tolerance|WVS_E,9.7927499685253,0.0,9947.215529096966,10.642112059396922,262.704637696968,29.911363283510454,712.0847328925665,0.0,9962.715615592526,9952.14077520741,9959.203539150907,353.14077520740966,9953.14673046252,9950.262659242286,9948.122377126349,9959.178303831555,0.0,0.33494664778395133,61.44945084099224,37.39984711644631,626.0208136638342,0.0,206.31370917412107,196.84077058883224,9942.503265121642,45.33601824410378,381.7046447691383,28.880737527296233,956.6400454257284,2.7392471277920123,9932.410762679056,9953.060844514195,0.0,9944.473417448506,20.46471359126656,104.53461121823806,9942.535984665563,9932.34151228888,80.46501837043783,941.2274262521428,0.0,0.0,15.214480600817822,0.0,9904.933279224158,0.0,52.53843590099872,9965.868451893168,44.999485754031895,29.897003581214115,0.0,0.0,0.0,0.0,7.190288269006054
autocracy_support|WVS_E,0.0,9947.215529096966,0.0,46.60724449302517,81.51916541311493,0.0,5.983887877489487,0.0,9974.461086050362,9959.8947816971,9970.899353084982,0.0,9959.799018271066,9973.597760135237,9974.230807136542,9977.933841498574,0.0,12.723291373448738,0.0,26.58678870185164,11.040736655013838,6.741050197609013,114.13598518287722,0.0,9961.92686263445,0.0,2.0475065580836223,0.0,1.488577585428974,0.0,9938.593716484764,9977.811725140682,20.75227160733923,9971.946634571335,2.2272785999291145,0.0,9971.071142512374,9934.870985489306,0.0,0.0,0.0,0.0,244.8068898170942,0.5331409546677399,9922.905313420704,0.0,51.3475428229062,9969.819940757547,128.23148833511527,178.04417997824743,0.0,0.0,0.0,0.0,0.0
basic_needs_deprivation|WVS_H,9969.528649742668,10.642112059396922,46.60724449302517,0.0,814.1582649649861,28.71713331930441,173.89122069381906,0.0,22.204617604076688,98.3656752600265,19.098360613383882,9965.786727891606,62.132305788225146,22.051469069338644,39.69140673362202,25.3706482683277,9964.46387448865,15.842777037118516,133.82470022763022,9959.13670889155,23.000099681363366,0.0,59.24537614403114,9971.39148517779,82.14921780583909,193.66210560843422,30.990523968949496,149.4126897547191,21.356337285911955,9970.340154766942,0.0,13.684606947460502,0.0,184.0801507565012,100.5538059499057,48.58576031443509,297.71755647199427,224.76524275085427,9976.831901287193,62.40026065676862,0.0,0.0,0.0,12.466509738777916,576.7023776821413,0.0,40.58189512496185,7.396125007471682,9944.009074801865,17.135474145475904,0.0,0.0,0.0,0.0,402.3499645697292
child_qualities_autonomy_self_expression|WVS_A,372.34146639098293,262.704637696968,81.51916541311493,814.1582649649861,0.0,9912.962248215284,9890.952545346274,0.0,498.68464547993074,82.33260553129548,906.8876183969026,77.78144239226033,111.6486068111455,86.3729687226979,173.37696718530532,284.2924771808663,3.6790316962730856,169.16023166023166,15.820802005012524,885.7590493493898,25.438247808205787,76.63517074660295,9904.753968253968,28.69846028573545,99.51620162016204,1.4547265176555868,71.76737683030589,2.8649356650910107,35.324666840867536,29.676258992805757,287.5762266849862,15.95473110959837,286.36572805489135,55.36397796760491,74.59291187739464,235.5708412397217,93.24037834311808,337.4218654391068,904.9267100977199,111.98979591836735,0.0,0.0,33.64553625442919,29.05632618747373,295.343137254902,0.0,9926.378542510121,34.59237498927868,220.3981054787506,9892.977326798436,0.0,0.0,0.0,0.0,0.0
child_qualities_conformity_tradition|WVS_A,0.0,29.911363283510454,0.0,28.71713331930441,9912.962248215284,0.0,9953.895608909279,0.0,6.615006287416321,287.9615204132467,7.2838654805082435,0.26527375339679793,12.150696978490927,8.24337472445032,8.373403617103456,3.180959847186603,0.0,18.113744248853607,15.635065491243434,14.445087874391518,145.88454595414225,0.0,9949.738629076452,0.2739406457329352,69.5243219752208,64.75860353059801,26.078073949346166,8.858142049853278,37.616192932505,0.0,52.972829750507515,0.0,0.9500775084467179,15.923008491308291,16.489498805747935,16.403683840173446,9.843108837499681,485.75803526298574,19.21692911138682,10.412544185667457,0.0,0.0,197.9497524274123,12.02528486935044,73.88871880351988,0.0,9965.340790725406,36.186750625216945,79.63685138988777,9948.133953558732,0.0,0.0,0.0,0.0,19.940509084849804
child_qualities_prosocial_diligence|WVS_A,197.5835506724227,712.0847328925665,5.983887877489487,173.89122069381906,9890.952545346274,9953.895608909279,0.0,0.0,4.416469206476968,67.29841894481679,32.87160587961197,943.84162882136,30.317669546555713,71.0013138519967,30.517512507537752,2.24883243340107,290.2227436950986,937.6245092160997,34.42988646235554,492.74716537686123,177.32772788384517,0.0,9946.014562788072,949.4463861075444,372.4071179117518,25.3442779938062,35.19063046346383,86.58025279130126,780.6742323730122,0.0,28.868911905847625,75.21527885744129,142.275998102574,348.868260577252,249.43317589011664,7.152404134209625,332.60815313367385,0.0,4.638045998040816,43.399246780351376,0.0,0.0,23.395941665877068,318.8921764370995,895.6290159345086,0.0,9953.74371429371,457.5693055071187,39.711034555148004,9944.409887270353,0.0,0.0,0.0,0.0,87.78587867960665
civic_dishonesty_tolerance|WVS_F,0.0,0.0,0.0,0.0,0.0,0.0,0.0,0.0,0.0,0.0,0.0,0.0,0.0,0.0,0.0,0.0,0.0,0.0,0.0,0.0,0.0,0.0,0.0,0.0,0.0,0.0,0.0,0.0,0.0,0.0,0.0,0.0,0.0,0.0,0.0,0.0,0.0,0.0,0.0,0.0,0.0,0.0,0.0,0.0,0.0,0.0,0.0,0.0,0.0,0.0,0.0,0.0,0.0,0.0,0.0
confidence_in_civil_society_organizations|WVS_E,27.969012126961683,9962.715615592526,9974.461086050362,22.204617604076688,498.68464547993074,6.615006287416321,4.416469206476968,0.0,0.0,9963.70328075209,9970.766044695587,964.7032807520894,9964.7092360072,9968.016192157163,9968.649239158469,9972.3522735205,630.558630170879,114.85147396226873,199.55425846077057,47.338976037749454,46.67422829942312,0.0,28.11717857422252,340.67840840864426,9955.12131523211,682.9388283707189,75.74423272981883,973.4981114388905,90.15377048260332,0.0,9937.619452725467,9972.230157162609,64.21805318595322,9966.365066593262,121.14967887582394,8.496148446192528,9965.4895745343,9943.90401783356,5.959934510213511,34.66327443404198,0.0,0.0,3.670847583503914,967.0186120827395,9913.12582195052,0.0,4.095394714468043,9977.430957437848,5.037428904584075,107.11660962361705,0.0,0.0,0.0,0.0,236.10724609912575
confidence_in_domestic_institutions|WVS_E,957.8703622180352,9952.14077520741,9959.8947816971,98.3656752600265,82.33260553129548,287.9615204132467,67.29841894481679,0.0,9963.70328075209,0.0,9960.191204310471,22.621591051903984,9959.016264570344,9956.547382163599,9949.885011313092,9960.165968991118,0.0,68.85717641531595,4.609736530837353,347.47842136691816,0.0,0.0,8.847766086261188,4.261883825908541,9957.363958666609,0.0,32.85419297627583,0.0,1.5098430224864714,966.175531190768,9931.83789266876,9962.80823984464,224.69002809285428,9959.8947816971,23.943915677088384,953.6561349430602,9954.334888636318,9933.329177448444,93.37874196768698,113.94605736364132,0.0,0.0,0.0,0.0,9918.342409452864,0.0,0.0,9966.856117052732,8.423659318799977,300.5242850228614,0.0,0.0,0.0,0.0,0.0
confidence_in_international_organizations|WVS_E,13.476815481921413,9959.203539150907,9970.899353084982,19.098360613383882,906.8876183969026,7.2838654805082435,32.87160587961197,0.0,9970.766044695587,9960.191204310471,0.0,136.62980080169842,9961.197159565581,9964.454459191782,9965.087506193087,9968.790540555121,44.36384398420945,47.79767750482415,144.1583947138903,37.874518643749404,40.39727683015528,0.0,103.25302716607064,289.3766067579451,9951.55958226673,381.75804778629015,221.06587445426405,233.0942732103516,208.59291355317936,0.0,9934.107376283848,9968.668424197227,8.684994055697587,9962.80333362788,60.34784690054187,21.10219079492822,9961.927841568919,9940.391941391941,19.406189026811376,71.25935462915125,0.0,0.0,5.683788759925704,52.742593403072775,9909.564088985138,0.0,20.170212859743547,9973.918880996229,58.46117026834801,57.0990854009722,0.0,0.0,0.0,0.0,969.3876183969026
crime_victimization|WVS_H,9956.870362218035,353.14077520740966,0.0,9965.786727891606,77.78144239226033,0.26527375339679793,943.84162882136,0.0,964.7032807520894,22.621591051903984,136.62980080169842,0.0,225.404665892353,20.637673782565358,23.102743015839124,34.158669721044404,9965.392219172805,40.23871774194521,0.0,9946.478421366919,21.248681919615493,0.0,5.794070337684232,9963.093643268594,12.439848273497212,11.096024481253266,1.3832751489347004,0.0,0.0,9964.034584172976,106.61604091177757,0.0,119.9839671109113,0.0,8.83514481297263,80.00859962411319,0.0,27.787121373677152,9964.17361376256,0.0,0.0,0.0,0.0,4.318395832580173,31.070316081270818,0.0,1.615200523651346,0.0,9933.333385836992,199.5991378403551,0.0,0.0,0.0,0.0,0.0
democratic_system_evaluation|WVS_E,57.88621846324445,9953.14673046252,9959.799018271066,62.132305788225146,111.6486068111455,12.150696978490927,30.317669546555713,0.0,9964.7092360072,9959.016264570344,9961.197159565581,225.404665892353,0.0,9956.451618737565,9950.264664068813,9961.171924246228,8.16980779654066,272.7934701618912,7.13321765953345,81.81770995536178,0.0,0.0,24.09680327300464,30.230643392508988,9957.268195240576,0.0,89.2058758144874,0.29315664241720185,11.245326710070643,0.0,9928.05056759546,9959.37106039435,342.3205188781032,9959.799018271066,63.079753982657806,231.63130130343245,9954.239125210286,9934.335132703554,105.06845790655791,297.3875575638604,0.0,0.0,3.920065726852826,9.12795723014591,9918.246646026832,0.0,0.0,9967.862072307842,0.0,156.70265407107513,0.0,0.0,0.0,0.0,0.0
democratic_values_importance|WVS_E,0.8352955802654876,9950.262659242286,9973.597760135237,22.051469069338644,86.3729687226979,8.24337472445032,71.0013138519967,0.0,9968.016192157163,9956.547382163599,9964.454459191782,20.637673782565358,9956.451618737565,0.0,9967.785913243344,9971.488947605376,0.0,7.614010259392906,0.0,41.75415155564039,4.130617551143935,0.0,88.75659170189326,6.8246100842536705,9958.579463100948,0.0,20.26407800431616,0.0,14.070560905803156,0.0,9937.01652892562,9971.366831247482,0.0,9965.501740678137,3.2520392352082723,8.304730076588797,9964.626248619174,9933.293797930162,3.618078442596108,24.071958097245542,0.0,0.0,70.0762421846372,0.0,9919.859310811464,0.0,13.902842951947676,9966.356237481461,106.36557028309605,54.828683860941915,0.0,0.0,0.0,0.0,0.0
economic_ideology|WVS_E,10.670145955156634,9948.122377126349,9974.230807136542,39.69140673362202,173.37696718530532,8.373403617103456,30.517512507537752,0.0,9968.649239158469,9949.885011313092,9965.087506193087,23.102743015839124,9950.264664068813,9967.785913243344,0.0,9972.121994606681,0.0,31.079006243101617,3.011004596204316,59.73909305329968,22.741539249028442,0.0,953.2829762526235,10.255149161671518,9954.89103631829,0.3717169603214714,16.06399517249139,2.422351475507476,34.3519443687488,0.0,9928.474900333098,9971.999878248787,32.7967704142981,9966.134787679443,17.57945287205643,8.101292987821232,9965.259295620479,9929.310779367383,0.0,13.252875002352702,0.0,0.0,80.29551063049854,9.52337590396187,9912.895543036699,0.0,144.41579677676654,9962.83771897167,210.81431054370134,151.6783007349045,0.0,0.0,0.0,0.0,1.6208065525094923
electoral_integrity|WVS_E,9.750940169534367,9959.178303831555,9977.933841498574,25.3706482683277,284.2924771808663,3.180959847186603,2.24883243340107,0.0,9972.3522735205,9960.165968991118,9968.790540555121,34.158669721044404,9961.171924246228,9971.488947605376,9972.121994606681,0.0,2.7004079983610936,18.41760009208702,2.279485575247673,37.16057809023667,48.68015378900539,0.0,153.01814824084767,18.05277755935316,9958.594070680323,0.6158980232453182,7.921990515572055,7.091348814813731,33.126663318595156,0.0,9934.082140964494,9975.702912610821,39.52900627881479,9969.837822041474,13.62130310231679,0.0,9968.962329982513,9940.36670607259,0.0,6.275125487725273,0.0,0.0,22.851535896713084,16.15346798757288,9916.59857739873,0.0,204.6261939983512,9973.893645676877,49.27842579148587,155.04191974780213,0.0,0.0,0.0,0.0,5.661872892367327
existential_threat_worry|WVS_H,9962.941092252258,0.0,0.0,9964.46387448865,3.6790316962730856,0.0,290.2227436950986,0.0,630.558630170879,0.0,44.36384398420945,9965.392219172805,8.16980779654066,0.0,0.0,2.7004079983610936,0.0,0.0,0.0,9945.155567963962,0.0,18.47640951557345,0.0,9975.619747382127,0.0,0.0,0.0,0.0,0.0,9977.952204468067,0.0,0.0,0.0,0.0,0.0,8.105744844132914,0.0,0.0,9962.850760359603,0.0,0.0,0.0,0.0,0.0,0.0,0.0,0.0,0.0,9954.095322562604,113.10400414316808,0.0,0.0,0.0,0.0,0.0
familial_duty_obligations|WVS_D,5.568281079152065,0.33494664778395133,12.723291373448738,15.842777037118516,169.16023166023166,18.113744248853607,937.6245092160997,0.0,114.85147396226873,68.85717641531595,47.79767750482415,40.23871774194521,272.7934701618912,7.614010259392906,31.079006243101617,18.41760009208702,0.0,0.0,9957.523328347865,35.568201547929846,9953.636728733114,0.0,64.6686933261804,17.628058306024414,77.19050974864929,8.945326634857324,129.89774466043764,0.0,56.09526238409429,0.0,0.0,0.0,0.0,22.572380994462478,12.869871097373178,61.614420822378435,18.090848818303414,31.03490337532891,72.31879070415297,84.55003590107879,0.0,0.0,215.6751513471848,0.0,119.55077086656036,0.0,22.831507945847093,122.42572343033925,78.63844610572642,51.202126012178624,0.0,0.0,0.0,0.0,0.0
female_income_threat_to_marriage|WVS_D,75.89873684117447,61.44945084099224,0.0,133.82470022763022,15.820802005012524,15.635065491243434,34.42988646235554,0.0,199.55425846077057,4.609736530837353,144.1583947138903,0.0,7.13321765953345,0.0,3.011004596204316,2.279485575247673,0.0,9957.523328347865,0.0,945.0248682792142,9980.55437607402,12.063850616381401,9.483215433502458,0.0,0.0,0.0,0.0,0.0,0.0,0.0,330.4396001287799,1.1254629325850019,293.2319064930456,0.0,0.0,0.0,0.0,87.02902074982103,3.201006679304207,0.0,0.0,0.0,0.0,0.0,9.902974347633787,0.0,0.0,0.0,46.180007918427215,107.08929957441462,0.0,0.0,0.0,0.0,0.0
freedom_security_tradeoff_perception|WVS_H,9950.220343217981,37.39984711644631,26.58678870185164,9959.13670889155,885.7590493493898,14.445087874391518,492.74716537686123,0.0,47.338976037749454,347.47842136691816,37.874518643749404,9946.478421366919,81.81770995536178,41.75415155564039,59.73909305329968,37.16057809023667,9945.155567963962,35.568201547929846,945.0248682792142,0.0,57.85845982334277,0.0,950.6513553336296,9952.083178653103,846.9318203720609,210.2389665478618,298.4025393758518,364.9528680785167,308.1205487280941,9951.031848242255,21.394593340294705,0.0,0.0,215.22696372414202,83.50691959708637,147.7037885950469,94.87198632105562,116.35840373140809,9957.523594762504,390.1105269571058,0.0,0.0,16.586390431758147,26.09049442336439,799.7683825689741,0.0,158.3805068392683,65.37276471934356,9924.700768277176,70.99789932810569,0.0,0.0,0.0,0.0,448.2590493493897
gender_role_traditionalism|WVS_D,130.75040067445974,626.0208136638342,11.040736655013838,23.000099681363366,25.438247808205787,145.88454595414225,177.32772788384517,0.0,46.67422829942312,0.0,40.39727683015528,21.248681919615493,0.0,4.130617551143935,22.741539249028442,48.68015378900539,0.0,9953.636728733114,9980.55437607402,57.85845982334277,0.0,0.0,15.328217626032448,0.0,0.0,0.0,0.0,0.0,0.0,13.107036836033934,86.47458784370066,99.58779216243857,18.297863238935427,0.6799830026088962,2.8464290199016133,4.493455630766448,9.91611026447833,18.667549238201417,9.409799240529605,0.4283843840420474,0.0,0.0,0.0,0.07458982360733302,16.7731024675288,0.0,0.0,0.0,6.181996079224405,39.429450450684016,0.0,0.0,0.0,0.0,0.0
immigrant_origin_status|WVS_G,0.0,0.0,6.741050197609013,0.0,76.63517074660295,0.0,0.0,0.0,0.0,0.0,0.0,0.0,0.0,0.0,0.0,0.0,18.47640951557345,0.0,12.063850616381401,0.0,0.0,0.0,0.0,0.0,0.0,12.898754685558767,0.0,0.4453636595693027,9979.563490401804,0.0,0.0,739.1388144160566,9959.567988757683,6.250671037442103,9960.577566898502,9963.523629964806,88.1674625569785,0.0,0.0,17.78245017558772,0.0,0.0,0.0,88.57758935159742,19.273173284732124,0.0,0.0,0.0,38.619900427078164,0.0,0.0,0.0,0.0,0.0,2.7825040263069276
importance_of_life_domains|WVS_A,294.3766295180799,206.31370917412107,114.13598518287722,59.24537614403114,9904.753968253968,9949.738629076452,9946.014562788072,0.0,28.11717857422252,8.847766086261188,103.25302716607064,5.794070337684232,24.09680327300464,88.75659170189326,953.2829762526235,153.01814824084767,0.0,64.6686933261804,9.483215433502458,950.6513553336296,15.328217626032448,0.0,0.0,0.0,22.896680039537188,11.236589379081735,48.15826349991465,0.0,3.7267276317624223,33.28337263759259,24.07657277787149,0.0,59.51399340312418,3.8595807229347585,27.198520989065145,148.8424167680653,13.136778719838667,0.0,26.486082612991087,39.132644181712365,0.0,0.0,0.0,8.39825506047135,56.85533417715986,0.0,9967.203459806035,9.196989950740267,28.116313836535042,9957.869632782676,0.0,0.0,0.0,0.0,0.0
institutional_threat_perception|WVS_H,9962.475119504219,196.84077058883224,0.0,9971.39148517779,28.69846028573545,0.2739406457329352,949.4463861075444,0.0,340.67840840864426,4.261883825908541,289.3766067579451,9963.093643268594,30.230643392508988,6.8246100842536705,10.255149161671518,18.05277755935316,9975.619747382127,17.628058306024414,0.0,9952.083178653103,0.0,0.0,0.0,0.0,0.7353983175462702,0.0,0.0,0.0,0.0,9973.78424771955,99.16299396318654,0.0,73.51898825553148,0.0,0.0,21.305737990388053,0.0,53.57029837099161,9969.778371048744,0.0,0.0,0.0,0.0,0.0,5.8519304595488535,0.0,0.0,0.0,9947.698287508672,139.87288467357791,0.0,0.0,0.0,0.0,0.0
international_organization_knowledge|WVS_E,364.8995187989355,9942.503265121642,9961.92686263445,82.14921780583909,99.51620162016204,69.5243219752208,372.4071179117518,0.0,9955.12131523211,9957.363958666609,9951.55958226673,12.439848273497212,9957.268195240576,9958.579463100948,9954.89103631829,9958.594070680323,0.0,77.19050974864929,0.0,846.9318203720609,0.0,0.0,22.896680039537188,0.7353983175462702,0.0,0.0,2.1287938928441648,0.0,0.0,0.0,9931.83789266876,9962.80823984464,856.0031594059855,9961.92686263445,16.596487234930393,28.151983996353607,9956.524901139433,9928.1151616733,104.789835020076,3.2315050407358896,0.0,0.0,0.0,9.604486045476335,9920.374490390215,0.0,0.0,9965.203276636836,95.259679532767,146.0591887301985,0.0,0.0,0.0,0.0,0.0
job_scarcity_gender_discrimination|WVS_C,94.45931403199971,45.33601824410378,0.0,193.66210560843422,1.4547265176555868,64.75860353059801,25.3442779938062,0.0,682.9388283707189,0.0,381.75804778629015,11.096024481253266,0.0,0.0,0.3717169603214714,0.6158980232453182,0.0,8.945326634857324,0.0,210.2389665478618,0.0,12.898754685558767,11.236589379081735,0.0,0.0,0.0,9973.747474747475,0.0,0.0,0.0,447.1344676307421,20.167530271492037,238.49612703034435,0.0,0.0,0.0,0.0,5.421260610791293,0.0,0.0,0.0,0.0,4.165833648029263,0.0,0.6553335422254349,0.0,0.0,0.0,0.0,72.9464080835958,0.0,0.0,0.0,0.0,9982.954726517655
job_scarcity_nativist_preference|WVS_C,507.2071786396672,381.7046447691383,2.0475065580836223,30.990523968949496,71.76737683030589,26.078073949346166,35.19063046346383,0.0,75.74423272981883,32.85419297627583,221.06587445426405,1.3832751489347004,89.2058758144874,20.26407800431616,16.06399517249139,7.921990515572055,0.0,129.89774466043764,0.0,298.4025393758518,0.0,0.0,48.15826349991465,0.0,2.1287938928441648,9973.747474747475,0.0,0.0,0.0,0.0,11.095745076377227,39.135557667275414,51.182850556468836,0.0,9.97363640250039,6.344217449508179,9.470264614256273,12.581347414252292,24.314351752818226,0.0,0.0,0.0,0.0,15.826195559494543,51.68541978357928,0.0,3.7254352073693298,0.0,848.289471978225,51.51877600857193,0.0,0.0,0.0,0.0,9974.537218100148
life_autonomy_morality_permissiveness|WVS_F,31.67084299289401,28.880737527296233,0.0,149.4126897547191,2.8649356650910107,8.858142049853278,86.58025279130126,0.0,973.4981114388905,0.0,233.0942732103516,0.0,0.29315664241720185,0.0,2.422351475507476,7.091348814813731,0.0,0.0,0.0,364.9528680785167,0.0,0.4453636595693027,0.0,0.0,0.0,0.0,0.0,0.0,0.0,0.0,69.5534657265784,0.0,55.26102508391171,0.0,0.0,0.0,0.0,945.3488070202768,4.645431200651807,9971.056702237729,0.0,0.0,9974.755075046602,0.0,0.0,0.0,0.0,0.0,6.284836003739905,242.21876457518243,0.0,0.0,0.0,0.0,0.0
multilevel_place_attachment|WVS_G,961.369632436354,956.6400454257284,1.488577585428974,21.356337285911955,35.324666840867536,37.616192932505,780.6742323730122,0.0,90.15377048260332,1.5098430224864714,208.59291355317936,0.0,11.245326710070643,14.070560905803156,34.3519443687488,33.126663318595156,0.0,56.09526238409429,0.0,308.1205487280941,0.0,9979.563490401804,3.7267276317624223,0.0,0.0,0.0,0.0,0.0,0.0,0.0,941.9831951323831,1.4435707982924342,9955.0575527787,0.0,9965.308028156465,9962.104002707963,0.0,188.2604641369249,403.45549267652973,0.0,0.0,0.0,0.0,2.975257727587671,9.974920200638394,0.0,0.0,0.0,85.50624403067074,56.28334767506032,0.0,0.0,0.0,0.0,0.0
neighborhood_disorder_and_crime|WVS_H,9961.583457252427,2.7392471277920123,0.0,9970.340154766942,29.676258992805757,0.0,0.0,0.0,0.0,966.175531190768,0.0,9964.034584172976,0.0,0.0,0.0,0.0,9977.952204468067,0.0,0.0,9951.031848242255,13.107036836033934,0.0,33.28337263759259,9973.78424771955,0.0,0.0,0.0,0.0,0.0,0.0,108.69984644028226,0.0,0.0,0.0,0.0,0.0,0.0,114.32120081500885,9968.727040637896,0.0,0.0,0.0,43.174451691765114,0.0,1.1285089575398644,0.0,79.92895116279117,0.0,9947.327052643599,83.70691581475896,0.0,0.0,0.0,0.0,0.0
offline_political_participation|WVS_E,0.0,9932.410762679056,9938.593716484764,0.0,287.5762266849862,52.972829750507515,28.868911905847625,0.0,9937.619452725467,9931.83789266876,9934.107376283848,106.61604091177757,9928.05056759546,9937.01652892562,9928.474900333098,9934.082140964494,0.0,0.0,330.4396001287799,21.394593340294705,86.47458784370066,0.0,24.07657277787149,99.16299396318654,9931.83789266876,447.1344676307421,11.095745076377227,69.5534657265784,941.9831951323831,108.69984644028226,0.0,9949.203426737722,0.0,9938.73829201102,36.43292597745851,109.48958493493883,9936.800859228075,9921.591867797348,97.81994446609401,76.50495117958725,0.0,0.0,54.56618229705071,0.0,9899.19815378667,0.0,14.479957959461345,9940.772289026108,2.4945521776435697,5.370446546917151,0.0,0.0,0.0,0.0,53.16901019014081
online_political_participation|WVS_E,0.0,9953.060844514195,9977.811725140682,13.684606947460502,15.95473110959837,0.0,75.21527885744129,0.0,9972.230157162609,9962.80823984464,9968.668424197227,0.0,9959.37106039435,9971.366831247482,9971.999878248787,9975.702912610821,0.0,0.0,1.1254629325850019,0.0,99.58779216243857,739.1388144160566,0.0,0.0,9962.80823984464,20.167530271492037,39.135557667275414,0.0,1.4435707982924342,0.0,9949.203426737722,0.0,0.0,9969.715705683582,0.0,94.65317115590341,9968.840213624619,9943.60298808125,109.53259027951128,12.9410113359328,0.0,0.0,4.675538828695711,0.0,9930.16850096255,0.0,0.0,9969.30157986924,12.763935200166323,9.89021706929961,0.0,0.0,0.0,0.0,0.0
outgroup_trust|WVS_G,0.0,0.0,20.75227160733923,0.0,286.36572805489135,0.9500775084467179,142.275998102574,0.0,64.21805318595322,224.69002809285428,8.684994055697587,119.9839671109113,342.3205188781032,0.0,32.7967704142981,39.52900627881479,0.0,0.0,293.2319064930456,0.0,18.297863238935427,9959.567988757683,59.51399340312418,73.51898825553148,856.0031594059855,238.49612703034435,51.182850556468836,55.26102508391171,9955.0575527787,0.0,0.0,0.0,0.0,69.11924872212848,9954.63366901007,9953.657395335362,19.52639349044742,0.0,152.75901498981565,155.24976226436203,0.0,0.0,0.0,0.0,177.43040616982964,0.0,69.22275689533767,2.8182480077460355,35.47955698940278,0.0,0.0,0.0,0.0,0.0,33.215860680886024
perceived_corruption|WVS_E,37.12684108319553,9944.473417448506,9971.946634571335,184.0801507565012,55.36397796760491,15.923008491308291,348.868260577252,0.0,9966.365066593262,9959.8947816971,9962.80333362788,0.0,9959.799018271066,9965.501740678137,9966.134787679443,9969.837822041474,0.0,22.572380994462478,0.0,215.22696372414202,0.6799830026088962,6.250671037442103,3.8595807229347585,0.0,9961.92686263445,0.0,0.0,0.0,0.0,0.0,9938.73829201102,9969.715705683582,69.11924872212848,0.0,2.181793319903022,23.470825346821584,9962.975123055272,9935.015561015562,130.58297483323287,4.83416322867712,0.0,0.0,0.0,0.0,9922.905313420704,0.0,0.0,9969.1309508168,74.62525051835114,533.902757513058,0.0,0.0,0.0,0.0,0.0
perceived_negative_effects_of_immigration|WVS_G,17.907339582349728,20.46471359126656,2.2272785999291145,100.5538059499057,74.59291187739464,16.489498805747935,249.43317589011664,0.0,121.14967887582394,23.943915677088384,60.34784690054187,8.83514481297263,63.079753982657806,3.2520392352082723,17.57945287205643,13.62130310231679,0.0,12.869871097373178,0.0,83.50691959708637,2.8464290199016133,9960.577566898502,27.198520989065145,0.0,16.596487234930393,0.0,9.97363640250039,0.0,9965.308028156465,0.0,36.43292597745851,0.0,9954.63366901007,2.181793319903022,0.0,9961.865902745662,4.062926827196044,126.97867160341806,19.19443829258664,13.209513455757389,0.0,0.0,38.38179725878704,0.0,43.97060197782504,0.0,0.0,9.353877461077744,66.16037219485496,184.11248455537174,0.0,0.0,0.0,0.0,0.0
perceived_positive_effects_of_immigration|WVS_G,33.98501537964955,104.53461121823806,0.0,48.58576031443509,235.5708412397217,16.403683840173446,7.152404134209625,0.0,8.496148446192528,953.6561349430602,21.10219079492822,80.00859962411319,231.63130130343245,8.304730076588797,8.101292987821232,0.0,8.105744844132914,61.614420822378435,0.0,147.7037885950469,4.493455630766448,9963.523629964806,148.8424167680653,21.305737990388053,28.151983996353607,0.0,6.344217449508179,0.0,9962.104002707963,0.0,109.48958493493883,94.65317115590341,9953.657395335362,23.470825346821584,9961.865902745662,0.0,29.815275528320903,0.0,0.0,10.848777185410853,0.0,0.0,33.48784200515542,16.798307455168562,179.82456140350877,0.0,154.04798387157172,27.89972596358895,221.5219421101774,609.8227752639517,0.0,0.0,0.0,0.0,0.0
political_information_sources|WVS_E,13.577717195027134,9942.535984665563,9971.071142512374,297.71755647199427,93.24037834311808,9.843108837499681,332.60815313367385,0.0,9965.4895745343,9954.334888636318,9961.927841568919,0.0,9954.239125210286,9964.626248619174,9965.259295620479,9968.962329982513,0.0,18.090848818303414,0.0,94.87198632105562,9.91611026447833,88.1674625569785,13.136778719838667,0.0,9956.524901139433,0.0,9.470264614256273,0.0,0.0,0.0,9936.800859228075,9968.840213624619,19.52639349044742,9962.975123055272,4.062926827196044,29.815275528320903,0.0,9933.078128232617,123.69064923949932,8.526426202703703,0.0,0.0,2.9579636494171524,0.0,9919.643641113918,0.0,0.8988299299792217,9964.481831220945,150.2523675359583,441.7999411894572,0.0,0.0,0.0,0.0,0.0
postmaterialist_values|WVS_E,58.55302701034958,9932.34151228888,9934.870985489306,224.76524275085427,337.4218654391068,485.75803526298574,0.0,0.0,9943.90401783356,9933.329177448444,9940.391941391941,27.787121373677152,9934.335132703554,9933.293797930162,9929.310779367383,9940.36670607259,0.0,31.03490337532891,87.02902074982103,116.35840373140809,18.667549238201417,0.0,0.0,53.57029837099161,9928.1151616733,5.421260610791293,12.581347414252292,945.3488070202768,188.2604641369249,114.32120081500885,9921.591867797348,9943.60298808125,0.0,9935.015561015562,126.97867160341806,0.0,9933.078128232617,0.0,0.0,155.12741122497218,0.0,0.0,12.396059086653864,5.82870965036571,9895.475422791213,0.0,0.0,9947.056854134202,5.299939843748476,97.18775847808105,0.0,0.0,0.0,0.0,471.69220036733645
precautionary_security_behaviors|WVS_H,9967.915535613622,80.46501837043783,0.0,9976.831901287193,904.9267100977199,19.21692911138682,4.638045998040816,0.0,5.959934510213511,93.37874196768698,19.406189026811376,9964.17361376256,105.06845790655791,3.618078442596108,0.0,0.0,9962.850760359603,72.31879070415297,3.201006679304207,9957.523594762504,9.409799240529605,0.0,26.486082612991087,9969.778371048744,104.789835020076,0.0,24.314351752818226,4.645431200651807,403.45549267652973,9968.727040637896,97.81994446609401,109.53259027951128,152.75901498981565,130.58297483323287,19.19443829258664,0.0,123.69064923949932,0.0,0.0,40.97956305290585,0.0,0.0,1.7261233056470644,30.48019177539156,908.6031806859552,0.0,96.55762694575223,100.85250996051258,9942.395960672817,94.94700041667937,0.0,0.0,0.0,0.0,0.0
religion_versus_secularism_orientation|WVS_F,102.3318070874112,941.2274262521428,0.0,62.40026065676862,111.98979591836735,10.412544185667457,43.399246780351376,0.0,34.66327443404198,113.94605736364132,71.25935462915125,0.0,297.3875575638604,24.071958097245542,13.252875002352702,6.275125487725273,0.0,84.55003590107879,0.0,390.1105269571058,0.4283843840420474,17.78245017558772,39.132644181712365,0.0,3.2315050407358896,0.0,0.0,9971.056702237729,0.0,0.0,76.50495117958725,12.9410113359328,155.24976226436203,4.83416322867712,13.209513455757389,10.848777185410853,8.526426202703703,155.12741122497218,40.97956305290585,0.0,0.0,0.0,9962.033946046404,23.048467249394584,45.5363963767325,0.0,23.191867840253508,0.0,147.57321368263615,88.71088609258199,0.0,0.0,0.0,0.0,0.0
religious_belief|WVS_F,0.0,0.0,0.0,0.0,0.0,0.0,0.0,0.0,0.0,0.0,0.0,0.0,0.0,0.0,0.0,0.0,0.0,0.0,0.0,0.0,0.0,0.0,0.0,0.0,0.0,0.0,0.0,0.0,0.0,0.0,0.0,0.0,0.0,0.0,0.0,0.0,0.0,0.0,0.0,0.0,0.0,0.0,0.0,0.0,0.0,0.0,0.0,0.0,0.0,0.0,0.0,0.0,0.0,0.0,0.0
religious_exclusivism|WVS_F,0.0,0.0,0.0,0.0,0.0,0.0,0.0,0.0,0.0,0.0,0.0,0.0,0.0,0.0,0.0,0.0,0.0,0.0,0.0,0.0,0.0,0.0,0.0,0.0,0.0,0.0,0.0,0.0,0.0,0.0,0.0,0.0,0.0,0.0,0.0,0.0,0.0,0.0,0.0,0.0,0.0,0.0,0.0,0.0,0.0,0.0,0.0,0.0,0.0,0.0,0.0,0.0,0.0,0.0,0.0
religious_practice_and_self_identification|WVS_F,10.661314965858821,15.214480600817822,244.8068898170942,0.0,33.64553625442919,197.9497524274123,23.395941665877068,0.0,3.670847583503914,0.0,5.683788759925704,0.0,3.920065726852826,70.0762421846372,80.29551063049854,22.851535896713084,0.0,215.6751513471848,0.0,16.586390431758147,0.0,0.0,0.0,0.0,0.0,4.165833648029263,0.0,9974.755075046602,0.0,43.174451691765114,54.56618229705071,4.675538828695711,0.0,0.0,38.38179725878704,33.48784200515542,2.9579636494171524,12.396059086653864,1.7261233056470644,9962.033946046404,0.0,0.0,0.0,32.75114673808725,0.0,0.0,0.0,0.0,69.15663027838997,7.652309431518049,0.0,0.0,0.0,0.0,0.0
science_skepticism|WVS_I,0.0,0.0,0.5331409546677399,12.466509738777916,29.05632618747373,12.02528486935044,318.8921764370995,0.0,967.0186120827395,0.0,52.742593403072775,4.318395832580173,9.12795723014591,0.0,9.52337590396187,16.15346798757288,0.0,0.0,0.0,26.09049442336439,0.07458982360733302,88.57758935159742,8.39825506047135,0.0,9.604486045476335,0.0,15.826195559494543,0.0,2.975257727587671,0.0,0.0,0.0,0.0,0.0,0.0,16.798307455168562,0.0,5.82870965036571,30.48019177539156,23.048467249394584,0.0,0.0,32.75114673808725,0.0,12.733568461122644,0.0,0.0,16.333136122569826,0.0,35.03309463063212,0.0,0.0,0.0,0.0,0.0
science_technology_optimism|WVS_E,238.79489342184863,9904.933279224158,9922.905313420704,576.7023776821413,295.343137254902,73.88871880351988,895.6290159345086,0.0,9913.12582195052,9918.342409452864,9909.564088985138,31.070316081270818,9918.246646026832,9919.859310811464,9912.895543036699,9916.59857739873,0.0,119.55077086656036,9.902974347633787,799.7683825689741,16.7731024675288,19.273173284732124,56.85533417715986,5.8519304595488535,9920.374490390215,0.6553335422254349,51.68541978357928,0.0,9.974920200638394,1.1285089575398644,9899.19815378667,9930.16850096255,177.43040616982964,9922.905313420704,43.97060197782504,179.82456140350877,9919.643641113918,9895.475422791213,908.6031806859552,45.5363963767325,0.0,0.0,0.0,12.733568461122644,0.0,0.0,1.4775483096243534,9924.909295015716,258.6367880485528,898.8957509271117,0.0,0.0,0.0,0.0,0.0
sexual_and_reproductive_morality_permissiveness|WVS_F,0.0,0.0,0.0,0.0,0.0,0.0,0.0,0.0,0.0,0.0,0.0,0.0,0.0,0.0,0.0,0.0,0.0,0.0,0.0,0.0,0.0,0.0,0.0,0.0,0.0,0.0,0.0,0.0,0.0,0.0,0.0,0.0,0.0,0.0,0.0,0.0,0.0,0.0,0.0,0.0,0.0,0.0,0.0,0.0,0.0,0.0,0.0,0.0,0.0,0.0,0.0,0.0,0.0,0.0,0.0
social_intolerance_outgroups|WVS_A,524.3280032459409,52.53843590099872,51.3475428229062,40.58189512496185,9926.378542510121,9965.340790725406,9953.74371429371,0.0,4.095394714468043,0.0,20.170212859743547,1.615200523651346,0.0,13.902842951947676,144.41579677676654,204.6261939983512,0.0,22.831507945847093,0.0,158.3805068392683,0.0,0.0,9967.203459806035,0.0,0.0,0.0,3.7254352073693298,0.0,0.0,79.92895116279117,14.479957959461345,0.0,69.22275689533767,0.0,0.0,154.04798387157172,0.8988299299792217,0.0,96.55762694575223,23.191867840253508,0.0,0.0,0.0,0.0,1.4775483096243534,0.0,0.0,0.0,0.0,9965.598784288315,0.0,0.0,0.0,0.0,0.0
societal_change_attitudes|WVS_E,63.341158169848924,9965.868451893168,9969.819940757547,7.396125007471682,34.59237498927868,36.186750625216945,457.5693055071187,0.0,9977.430957437848,9966.856117052732,9973.918880996229,0.0,9967.862072307842,9966.356237481461,9962.83771897167,9973.893645676877,0.0,122.42572343033925,0.0,65.37276471934356,0.0,0.0,9.196989950740267,0.0,9965.203276636836,0.0,0.0,0.0,0.0,0.0,9940.772289026108,9969.30157986924,2.8182480077460355,9969.1309508168,9.353877461077744,27.89972596358895,9964.481831220945,9947.056854134202,100.85250996051258,0.0,0.0,0.0,0.0,16.333136122569826,9924.909295015716,0.0,0.0,0.0,172.15117931230463,20.97076725430089,0.0,0.0,0.0,0.0,0.0
socioeconomic_insecurity_worry|WVS_H,9935.092709128294,44.999485754031895,128.23148833511527,9944.009074801865,220.3981054787506,79.63685138988777,39.711034555148004,0.0,5.037428904584075,8.423659318799977,58.46117026834801,9933.333385836992,0.0,106.36557028309605,210.81431054370134,49.27842579148587,9954.095322562604,78.63844610572642,46.180007918427215,9924.700768277176,6.181996079224405,38.619900427078164,28.116313836535042,9947.698287508672,95.259679532767,0.0,848.289471978225,6.284836003739905,85.50624403067074,9947.327052643599,2.4945521776435697,12.763935200166323,35.47955698940278,74.62525051835114,66.16037219485496,221.5219421101774,150.2523675359583,5.299939843748476,9942.395960672817,147.57321368263615,0.0,0.0,69.15663027838997,0.0,258.6367880485528,0.0,0.0,172.15117931230463,0.0,204.18931599649372,0.0,0.0,0.0,0.0,0.0
subjective_wellbeing|WVS_A,30.86719209559901,29.897003581214115,178.04417997824743,17.135474145475904,9892.977326798436,9948.133953558732,9944.409887270353,0.0,107.11660962361705,300.5242850228614,57.0990854009722,199.5991378403551,156.70265407107513,54.828683860941915,151.6783007349045,155.04191974780213,113.10400414316808,51.202126012178624,107.08929957441462,70.99789932810569,39.429450450684016,0.0,9957.869632782676,139.87288467357791,146.0591887301985,72.9464080835958,51.51877600857193,242.21876457518243,56.28334767506032,83.70691581475896,5.370446546917151,9.89021706929961,0.0,533.902757513058,184.11248455537174,609.8227752639517,441.7999411894572,97.18775847808105,94.94700041667937,88.71088609258199,0.0,0.0,7.652309431518049,35.03309463063212,898.8957509271117,0.0,9965.598784288315,20.97076725430089,204.18931599649372,0.0,0.0,0.0,0.0,0.0,160.55895945149766
violence_tolerance|WVS_F,0.0,0.0,0.0,0.0,0.0,0.0,0.0,0.0,0.0,0.0,0.0,0.0,0.0,0.0,0.0,0.0,0.0,0.0,0.0,0.0,0.0,0.0,0.0,0.0,0.0,0.0,0.0,0.0,0.0,0.0,0.0,0.0,0.0,0.0,0.0,0.0,0.0,0.0,0.0,0.0,0.0,0.0,0.0,0.0,0.0,0.0,0.0,0.0,0.0,0.0,0.0,0.0,0.0,0.0,0.0
voluntary_association_active_membership|WVS_A,0.0,0.0,0.0,0.0,0.0,0.0,0.0,0.0,0.0,0.0,0.0,0.0,0.0,0.0,0.0,0.0,0.0,0.0,0.0,0.0,0.0,0.0,0.0,0.0,0.0,0.0,0.0,0.0,0.0,0.0,0.0,0.0,0.0,0.0,0.0,0.0,0.0,0.0,0.0,0.0,0.0,0.0,0.0,0.0,0.0,0.0,0.0,0.0,0.0,0.0,0.0,0.0,0.0,0.0,0.0
voluntary_association_belonging|WVS_A,0.0,0.0,0.0,0.0,0.0,0.0,0.0,0.0,0.0,0.0,0.0,0.0,0.0,0.0,0.0,0.0,0.0,0.0,0.0,0.0,0.0,0.0,0.0,0.0,0.0,0.0,0.0,0.0,0.0,0.0,0.0,0.0,0.0,0.0,0.0,0.0,0.0,0.0,0.0,0.0,0.0,0.0,0.0,0.0,0.0,0.0,0.0,0.0,0.0,0.0,0.0,0.0,0.0,0.0,0.0
voting_participation|WVS_E,0.0,0.0,0.0,0.0,0.0,0.0,0.0,0.0,0.0,0.0,0.0,0.0,0.0,0.0,0.0,0.0,0.0,0.0,0.0,0.0,0.0,0.0,0.0,0.0,0.0,0.0,0.0,0.0,0.0,0.0,0.0,0.0,0.0,0.0,0.0,0.0,0.0,0.0,0.0,0.0,0.0,0.0,0.0,0.0,0.0,0.0,0.0,0.0,0.0,0.0,0.0,0.0,0.0,0.0,0.0
work_ethic|WVS_C,24.010467324689756,7.190288269006054,0.0,402.3499645697292,0.0,19.940509084849804,87.78587867960665,0.0,236.10724609912575,0.0,969.3876183969026,0.0,0.0,0.0,1.6208065525094923,5.661872892367327,0.0,0.0,0.0,448.2590493493897,0.0,2.7825040263069276,0.0,0.0,0.0,9982.954726517655,9974.537218100148,0.0,0.0,0.0,53.16901019014081,0.0,33.215860680886024,0.0,0.0,0.0,0.0,471.69220036733645,0.0,0.0,0.0,0.0,0.0,0.0,0.0,0.0,0.0,0.0,0.0,160.55895945149766,0.0,0.0,0.0,0.0,0.0
