construct,acceptance_of_state_surveillance|WVS_H,authoritarian_governance_tolerance|WVS_E,autocracy_support|WVS_E,basic_needs_deprivation|WVS_H,child_qualities_autonomy_self_expression|WVS_A,child_qualities_conformity_tradition|WVS_A,child_qualities_prosocial_diligence|WVS_A,civic_dishonesty_tolerance|WVS_F,confidence_in_civil_society_organizations|WVS_E,confidence_in_domestic_institutions|WVS_E,confidence_in_international_organizations|WVS_E,crime_victimization|WVS_H,democratic_system_evaluation|WVS_E,democratic_values_importance|WVS_E,economic_ideology|WVS_E,electoral_integrity|WVS_E,existential_threat_worry|WVS_H,familial_duty_obligations|WVS_D,female_income_threat_to_marriage|WVS_D,freedom_security_tradeoff_perception|WVS_H,gender_role_traditionalism|WVS_D,immigrant_origin_status|WVS_G,importance_of_life_domains|WVS_A,institutional_threat_perception|WVS_H,international_organization_knowledge|WVS_E,job_scarcity_gender_discrimination|WVS_C,job_scarcity_nativist_preference|WVS_C,life_autonomy_morality_permissiveness|WVS_F,multilevel_place_attachment|WVS_G,neighborhood_disorder_and_crime|WVS_H,offline_political_participation|WVS_E,online_political_participation|WVS_E,outgroup_trust|WVS_G,perceived_corruption|WVS_E,perceived_negative_effects_of_immigration|WVS_G,perceived_positive_effects_of_immigration|WVS_G,political_information_sources|WVS_E,postmaterialist_values|WVS_E,precautionary_security_behaviors|WVS_H,religion_versus_secularism_orientation|WVS_F,religious_belief|WVS_F,religious_exclusivism|WVS_F,religious_practice_and_self_identification|WVS_F,science_skepticism|WVS_I,science_technology_optimism|WVS_E,sexual_and_reproductive_morality_permissiveness|WVS_F,social_intolerance_outgroups|WVS_A,societal_change_attitudes|WVS_E,socioeconomic_insecurity_worry|WVS_H,subjective_wellbeing|WVS_A,violence_tolerance|WVS_F,voluntary_association_active_membership|WVS_A,voluntary_association_belonging|WVS_A,voting_participation|WVS_E,work_ethic|WVS_C
acceptance_of_state_surveillance|WVS_H,0.0,0.0,0.0,9982.850353913664,7.028372437233532,291.7953085631144,18.8987075167476,6.381064877393378,0.0,134.83155260529605,72.17197252552826,9983.554342217201,0.0,0.8333554360806588,1.9274798988722637,0.0,9977.152828585153,2.5484266061443783,9.318039250051676,9964.786901270772,50.80194913083072,0.0,16.085808712536824,9981.46309719225,60.10759362714667,10.013617249456722,6.270274995314754,39.23154906832142,0.0,9984.589835242643,4.767332834753631,0.0,2.3119455277752614,0.0,11.403706816745505,6.6495577917917466,15.666892165338055,0.882131022744197,9747.773730435945,6.422185768034176,102.07849282253562,0.0,6.657059715188108,18.855553741173445,36.93384007502047,16.165054664001005,0.0,14.233688221097282,9977.962131837307,778.2734690764889,8.000708331509536,5.479016632605472,4.847457572707853,0.0,0.9216284242840231
authoritarian_governance_tolerance|WVS_E,0.0,0.0,9975.925307152756,0.0,0.0,265.9327275932246,5.820757617782981,0.0,9968.64470359072,9917.004953659316,9897.329194212227,0.0,9971.827350818758,9966.881289621275,9965.677897908015,9977.428347729923,0.0,0.0,0.0,10.731254127515093,56.644234286611365,0.0,4.547985779400662,0.0,9874.171467764061,0.0,0.0,47.89706455117562,0.0,0.0,9964.961959496442,9973.495640068119,0.5955458514852161,0.0,0.10046073011569234,0.0,9950.76475467629,9963.411547810887,741.0865043453198,0.763212981991984,50.74800297479429,0.0,0.0,7.2308891730240745,9922.86672677826,16.942793029084335,0.0,9949.778978025113,0.0,155.20162760124805,2.7797780729720323,0.0,0.0,9982.352200432671,0.0
autocracy_support|WVS_E,0.0,9975.925307152756,0.0,0.0,0.0,90.64766191547886,8.952998370881552,0.0,9967.966427316824,9916.66520588806,9897.329194212227,0.0,9971.149074544861,9966.20301334738,9964.99962163412,9976.750071456028,0.0,0.0,0.0,29.88516702219276,0.0,0.0,10.463339044965053,0.0,9874.038473376424,0.0,0.0,37.833130075536275,0.0,0.0,9964.622211725187,9972.817363794222,0.0,0.0,0.0,0.0,9950.086478402392,9962.73327153699,21.68696936138798,0.0,50.06972670089836,0.0,0.0,9.55645352392699,9922.188450504365,10.546843707442122,0.0,9949.100701751217,0.0,769.9079667119674,0.5656562612558886,0.0,0.0,9981.673924158777,0.0
basic_needs_deprivation|WVS_H,9982.850353913664,0.0,0.0,0.0,5.029134239445977,343.6921227133915,12.521672210136522,3.8073276492244332,0.0,107.89099440755798,44.68107969454641,9985.32584308427,0.0,0.0,0.0,0.0,9978.924329452222,1.6174045641347128,6.4903627624287985,9966.558402137842,64.2517950095782,0.0,10.505023687083025,9983.23459805932,21.93994056020287,5.391507792320649,3.0174225262132914,39.37967331201394,0.0,9986.361336109712,2.0119605365781936,0.0,1.7643369328778036,0.0,7.014422823071644,4.150387334825307,0.07554285377018743,0.0,9749.545231303015,2.4319696434398104,61.607290156578664,0.0,1.8148039685006445,14.950015079226617,7.172033886512182,15.532189201816237,0.0,2.8144582503767595,9979.733632704376,280.04496994355816,6.53573048741643,2.551896651680348,1.7512624176581895,0.0,1.5384700934564286
child_qualities_autonomy_self_expression|WVS_A,7.028372437233532,0.0,0.0,5.029134239445977,0.0,9810.142587057395,9965.127283457543,15.737982854997078,6.746954986839214,235.55864810351648,73.95094782879195,2.6146194244802317,5.71737622895175,17.110452862169907,22.620367629017785,0.049164261347314664,14.176413229423531,14.467627847470617,22.269743920688462,61.32465595552844,111.56215897514899,0.0,9959.603155234028,10.052133928289429,368.3989322877553,22.37554146456802,15.17643242765812,73.73034271411656,2.654772949910722,0.0,30.379453223796787,2.1471041526812726,13.290366416556438,0.0,28.107560829423498,14.714785004020477,54.70425252639408,13.64071105178109,744.3114851207015,18.464594522522535,125.00517020966554,1.7280000903187371,19.602720958794265,47.580033735805685,70.76226858441015,37.787430929945586,9978.510043398866,39.06646122320353,23.280374326941402,9772.811223761246,22.144149677419605,9974.441323747029,9974.754670385542,0.0,5.403756717428898
child_qualities_conformity_tradition|WVS_A,291.7953085631144,265.9327275932246,90.64766191547886,343.6921227133915,9810.142587057395,0.0,9803.11550809883,479.9070442034365,159.774972666341,339.20152170116023,396.78765731856373,234.7469882099114,282.0052389419967,800.868701554039,466.3319765074461,289.7745254691275,811.6788079111964,814.2879135574599,181.3672551885034,253.85833514226994,0.0,0.0,9797.591379875315,815.9890765182944,709.6774193548388,335.1331638269619,135.42272158507413,370.0837316029208,151.94989920646935,99.56698142386696,799.4210090984285,809.4699113374835,813.1106521265458,0.0,474.2829199736344,479.3696763119741,451.4188332757188,232.18156843930234,108.66261398176289,266.9454102731407,774.3141495679337,140.6985977546671,0.0,803.6010452623386,471.13985299673857,325.75556718232133,9819.78853046595,692.8572990487853,479.154777830017,9610.799448402533,809.8811180372995,9812.429548388316,9812.74289502683,68.46784487373091,271.19946798973194
child_qualities_prosocial_diligence|WVS_A,18.8987075167476,5.820757617782981,8.952998370881552,12.521672210136522,9965.127283457543,9803.11550809883,0.0,34.01454762112849,34.94342284622944,905.9509239836613,339.65114159749965,16.733140214135133,22.642199106524174,46.63795280201825,56.143283830191734,11.346114604479922,38.092075739915856,27.75214212135066,31.341058342464166,66.65712755876126,332.5225014002319,0.0,9952.576076275463,23.88382582849535,194.7051866625237,48.547833465290175,32.76183775899682,391.3785884308763,9.70234530577509,3.0022450728810455,92.7968187096763,17.76489022947196,34.32051408960769,0.0,51.886663992830165,32.622770980520464,48.17458504290888,25.467842823971537,451.5701204478509,33.60981769074815,223.41649302690524,10.981436872312742,53.12512892508863,62.752408329153326,121.93140348057838,118.35890033829341,9971.482964440302,87.59284879577339,32.83228468768143,9765.784144802681,54.151528723161924,9967.414244788464,9967.727591426978,0.0,20.419197649303513
civic_dishonesty_tolerance|WVS_F,6.381064877393378,0.0,0.0,3.8073276492244332,15.737982854997078,479.9070442034365,34.01454762112849,0.0,6.108702996844293,132.46709776942777,172.00833426776342,0.5049056963515532,2.8875190632816796,7.363004794076772,9.439847617586615,0.0,11.889456781775863,6.566493480055481,17.84149339126435,27.938575467162032,129.0623368245669,0.0,30.268513280970808,4.02208733245946,134.56426614321347,18.79849982439375,12.162909867506158,9944.958003323361,1.1423379727347083,0.0,8.487344713273338,0.0,6.205725211011067,0.0,16.770864190101378,11.414651607963478,31.611961023725726,10.986562032742548,746.4092756000771,9975.509521565775,9937.423715406023,9981.227518431466,9973.530700117415,31.001750340933448,66.73914320973145,9962.549343546725,0.0,34.31186917278572,8.343708747470629,775.9090142406208,9972.990683875389,10.006646693937185,9.69959462288018,0.0,4.073602592389239
confidence_in_civil_society_organizations|WVS_E,0.0,9968.64470359072,9967.966427316824,0.0,6.746954986839214,159.774972666341,34.94342284622944,6.108702996844293,0.0,9908.950126223755,9889.843267753968,0.0,9963.868470982827,9958.922409785344,9957.719018072085,9969.469467893992,1.7224089331061663,2.756307142602907,11.32975006058259,116.80746201088209,14.791836585971765,0.0,46.50667326349141,0.0,9864.578865578866,10.406710420474653,0.7364781599962384,75.96747126065036,0.0,0.0,9956.90713206088,9965.536760232188,1.8580314802229836,0.0,16.95107938789348,4.205454165675931,9942.805874840358,9955.452667974956,0.0,3.3607166532639354,129.2236969683949,0.0,0.5524747341656138,42.924535230977526,9914.90784694233,27.084308572397433,0.0,9941.820098189182,15.12949741334102,762.6273631499322,9.703080957173086,3.638743496755673,6.7360637860436015,9974.39332059674,0.0
confidence_in_domestic_institutions|WVS_E,134.83155260529605,9917.004953659316,9916.66520588806,107.89099440755798,235.55864810351648,339.20152170116023,905.9509239836613,132.46709776942777,9908.950126223755,0.0,9832.364972494885,0.0,9911.845825879947,9911.352025136777,9904.488645766296,9919.147052537084,140.7869510687554,43.3086465650498,912.8323007029649,204.17859951195027,297.48916291390105,0.0,900.4267957601464,47.694622273256016,9810.794755008998,577.3194569047761,539.6774923086156,60.58844821180561,94.27434081957121,35.893759189150714,9912.728817917663,9919.114513958531,24.776131140484296,0.0,279.8220395621699,349.32103422579144,9882.914193416482,9896.529647472815,684.1351256468204,110.581984471641,876.1495654527655,29.507662351756366,412.25655016415834,814.5273702380794,9855.016165518453,78.98390967003252,18.143961358203995,9881.928416765306,200.03781276246787,380.30153095403057,88.28442237117586,193.04274205092574,178.73620564850373,9925.400821734172,68.32748268741945
confidence_in_international_organizations|WVS_E,72.17197252552826,9897.329194212227,9897.329194212227,44.68107969454641,73.95094782879195,396.78765731856373,339.65114159749965,172.00833426776342,9889.843267753968,9832.364972494885,0.0,170.74933672488578,9891.31056681331,9881.768792594852,9879.214628132022,9897.294385148642,68.10758335564014,279.8934771260603,88.06549514389783,356.49353574050735,79.95655538187097,0.0,879.5815588285304,96.97925547151011,9788.169969110972,78.4867985895123,55.12257795764472,864.2471823966446,0.0,6.505188603997851,9880.321978332011,9893.113120430935,171.87860885753923,0.0,323.38904095583575,57.62761482803138,9864.301484900294,9886.173524535452,0.0,226.72346801423524,239.91971313653403,39.547326682834324,118.68404050526954,360.7817004060305,9843.39033081903,505.4299566618529,185.9953659363689,9863.315708249118,893.4782901165661,692.7896273557479,168.64907476829308,72.99115591296051,107.4990314268541,9904.555584802556,14.450161212869588
crime_victimization|WVS_H,9983.554342217201,0.0,0.0,9985.32584308427,2.6146194244802317,234.7469882099114,16.733140214135133,0.5049056963515532,0.0,0.0,170.74933672488578,0.0,0.0,0.0,0.0,0.0,9979.62831775576,0.0,15.40738757049784,9967.26239044138,929.8206481779805,0.0,20.17246866724647,9983.938586362858,149.17911923899948,8.347923953192712,5.156072249655573,0.0,0.0,9987.06532441325,0.0,0.0,0.0,0.0,5.301395335439185,2.356453237282814,45.36791001772247,14.148691927594967,9750.249219606552,0.0,115.67745251594528,0.0,4.433300765493886,16.798342717521393,84.42058205883029,0.0,0.0,7.513775092853237,9980.437621007914,13.307097781979223,0.0,1.3184521722734637,1.3491212893036462,0.0,0.0
democratic_system_evaluation|WVS_E,0.0,9971.827350818758,9971.149074544861,0.0,5.71737622895175,282.0052389419967,22.642199106524174,2.8875190632816796,9963.868470982827,9911.845825879947,9891.31056681331,0.0,0.0,9962.105057013381,9960.901665300122,9972.65211512203,3.425218943236807,1.8803347400836614,7.92590172919207,34.62425558038218,57.738843165996656,0.0,28.359517608327153,0.0,9869.37037037037,7.075723939333834,3.5151067493063763,67.18482590516514,0.0,0.0,9959.877410957282,9968.719407460223,2.084172203945343,0.0,9.273242071235074,1.989990732444042,9945.988522068394,9958.635315202991,736.3102717374252,3.2666521270801994,128.3247115433703,0.0,4.840934388769433,29.554053280940735,9918.090494170367,22.60964760737445,0.0,9945.002745417218,3.2633790211399614,765.8100103779689,7.583501249896926,2.8409079307502267,2.3232401652160775,9977.575967824778,0.0
democratic_values_importance|WVS_E,0.8333554360806588,9966.881289621275,9966.20301334738,0.0,17.110452862169907,800.868701554039,46.63795280201825,7.363004794076772,9958.922409785344,9911.352025136777,9881.768792594852,0.0,9962.105057013381,0.0,9955.95560410264,9967.706053924547,11.76371685241682,0.0,34.13545967016232,34.584277926494735,280.3060094817426,0.0,37.745970743359955,0.0,9867.227731864095,28.304410342500447,14.42871612926973,39.388081192384384,0.0,0.0,9959.309030973904,9965.694727014772,2.392910389900699,0.0,18.43652831643434,14.312231179125291,9941.042460870913,9953.68925400551,731.3642105399438,4.939006816255194,692.6094195766581,0.0,5.449067424727438,55.75832954544839,9913.144432972886,27.224403696899103,0.0,9940.056684219737,3.97153523492873,349.0992432981344,11.23951043877927,8.839590975877208,9.990501789965542,9972.629906627295,1.7413008324574193
economic_ideology|WVS_E,1.9274798988722637,9965.677897908015,9964.99962163412,0.0,22.620367629017785,466.3319765074461,56.143283830191734,9.439847617586615,9957.719018072085,9904.488645766296,9879.214628132022,0.0,9960.901665300122,9955.95560410264,0.0,9966.502662211287,18.711514609028086,4.578233854264738,27.351144567760223,54.70087138194118,121.49820484492125,0.0,33.40901067914078,1.1636184188108984,9863.318864318864,31.866453342785363,9.412992793990178,71.50599080319151,0.25594467818151756,0.0,9953.727958046542,9962.569954549483,4.939556177016172,0.0,23.072309109013986,18.22408289127349,9939.839069157653,9952.485862292251,730.1608188266841,4.53192981446076,588.8419252992959,0.0,5.008495857547956,65.09851796339784,9911.941041259626,48.310987783433795,0.0,9938.853292506477,7.519031548800697,384.6605574672278,18.196751325012343,11.102328679224769,14.088953672319946,9971.426514914036,4.002201248839405
electoral_integrity|WVS_E,0.0,9977.428347729923,9976.750071456028,0.0,0.049164261347314664,289.7745254691275,11.346114604479922,0.0,9969.469467893992,9919.147052537084,9897.294385148642,0.0,9972.65211512203,9967.706053924547,9966.502662211287,0.0,0.0,0.0,1.8584437047359614,4.795999116445834,71.99784873517152,0.0,4.07449839494511,0.0,9875.723438767234,0.0,0.0,19.994779680223573,0.0,0.0,9967.10405837421,9974.32040437139,0.0,0.0,0.0,0.0,9951.589518979561,9964.236312114159,575.2446019819248,0.0,106.33950155798482,0.0,0.0,9.724232055918208,9923.691491081532,5.990402068176117,0.0,9950.603742328385,0.0,771.4110072891351,0.0,0.0,0.0,9983.176964735943,0.0
existential_threat_worry|WVS_H,9977.152828585153,0.0,0.0,9978.924329452222,14.176413229423531,811.6788079111964,38.092075739915856,11.889456781775863,1.7224089331061663,140.7869510687554,68.10758335564014,9979.62831775576,3.425218943236807,11.76371685241682,18.711514609028086,0.0,0.0,7.510756395741765,19.62783033940383,9960.86087680933,179.8293909561885,0.0,48.85867433344372,9977.537072730809,323.67149758454104,20.145858370670727,12.843256156898057,43.40633468788769,0.5069218535427105,9980.663810781201,22.077290239214925,0.0,9.10346439257242,0.0,25.719805075038344,10.711998765623875,51.00975246756893,13.453342159661574,9743.847705974504,12.122673129792243,90.70829962660248,0.38981468360380234,16.072578767703597,35.11455871623288,65.98247718942038,28.654440587818826,0.0,35.38411635904383,9974.036107375865,774.3474446150472,16.097236520556912,12.209428658802189,11.378610537590454,0.0,4.518465352994909
familial_duty_obligations|WVS_D,2.5484266061443783,0.0,0.0,1.6174045641347128,14.467627847470617,814.2879135574599,27.75214212135066,6.566493480055481,2.756307142602907,43.3086465650498,279.8934771260603,0.0,1.8803347400836614,0.0,4.578233854264738,0.0,7.510756395741765,0.0,9975.15398667691,23.641580088730073,9925.028240192196,0.0,28.683546669158176,2.9326707518005755,82.9568869868442,16.89293114767854,8.958930604543784,12.48199570731665,0.44033439858124623,0.0,0.0,0.0,1.2562597324506974,0.0,13.756961723123382,11.304927557597711,42.257683215130015,18.491659038034328,747.4568116207671,2.6197142280687267,177.5664895219503,0.0,7.836300654234108,28.638386642075204,80.49722145466828,13.377367372293754,0.0,28.044393336440905,7.76569494983972,332.51210581686627,6.784251642109847,8.260240751545759,7.969764327468859,0.0,3.316491647141948
female_income_threat_to_marriage|WVS_D,9.318039250051676,0.0,0.0,6.4903627624287985,22.269743920688462,181.3672551885034,31.341058342464166,17.84149339126435,11.32975006058259,912.8323007029649,88.06549514389783,15.40738757049784,7.92590172919207,34.13545967016232,27.351144567760223,1.8584437047359614,19.62783033940383,9975.15398667691,0.0,64.2717372214218,9921.737211452868,0.0,28.025020562333992,11.412196617611862,76.58656338182735,21.444868792526368,13.618655379811415,943.7145106047254,1.058770679830559,0.6282531105353044,127.45597320675772,11.81785972381666,35.217689101419126,0.0,29.7232902818412,14.569082764759187,14.36738586236902,2.2537442423204297,744.1657828814402,24.01727262823243,97.47054526803052,5.559473283160983,24.10067890136893,38.45981911171731,39.503612876530326,110.55958217137248,6.686745531189821,31.45464922116446,15.506447657287662,51.44329929976166,36.26332018900935,14.665700247925386,15.29150782882126,0.0,11.853419897062444
freedom_security_tradeoff_perception|WVS_H,9964.786901270772,10.731254127515093,29.88516702219276,9966.558402137842,61.32465595552844,253.85833514226994,66.65712755876126,27.938575467162032,116.80746201088209,204.17859951195027,356.49353574050735,9967.26239044138,34.62425558038218,34.584277926494735,54.70087138194118,4.795999116445834,9960.86087680933,23.641580088730073,64.2717372214218,0.0,111.05320723155118,0.0,83.9085839085839,9965.171145416429,213.71208297003352,72.63580688777539,51.51972054315683,140.3638397167411,12.466757042012468,9968.297883466821,39.1953924088635,2.8843632885518176,25.40452226691582,0.0,48.70741311419279,48.355164013527,71.14973531867265,81.8939409342448,9731.481778660123,36.11143639052614,480.05177402162326,11.218476427133169,139.1746317488892,64.89422527158376,529.3628185317559,60.73295771788235,3.5226308450975026,139.60840311194121,9961.670180061485,428.6481839673329,50.15327702552372,28.12774631870832,29.284441049146942,0.0,25.315614506154148
gender_role_traditionalism|WVS_D,50.80194913083072,56.644234286611365,0.0,64.2517950095782,111.56215897514899,0.0,332.5225014002319,129.0623368245669,14.791836585971765,297.48916291390105,79.95655538187097,929.8206481779805,57.738843165996656,280.3060094817426,121.49820484492125,71.99784873517152,179.8293909561885,9925.028240192196,9921.737211452868,111.05320723155118,0.0,0.0,118.6650398433838,100.1431962564784,443.127483563778,72.07285250316497,28.749069725186246,449.144319675565,11.002053798194368,17.063037755146624,910.6635600553751,301.6646407116282,188.00887349812353,0.0,151.91471947658727,124.44333628004321,250.9619613092426,91.65108248616862,0.0,93.63180778615076,886.0544762026694,16.06517577983668,0.0,824.4322809879834,160.0387233271811,466.7356598989285,39.12870456499904,215.41397267649984,308.8438224134707,723.5397750372679,421.6214446720353,137.93583246986043,163.5784597568037,0.0,24.548186232859294
immigrant_origin_status|WVS_G,0.0,0.0,0.0,0.0,0.0,0.0,0.0,0.0,0.0,0.0,0.0,0.0,0.0,0.0,0.0,0.0,0.0,0.0,0.0,0.0,0.0,0.0,0.0,0.0,0.0,0.0,0.0,0.0,0.0,0.0,0.0,0.0,0.0,0.0,0.0,0.0,0.0,0.0,0.0,0.0,0.0,0.0,0.0,0.0,0.0,0.0,0.0,0.0,0.0,0.0,0.0,0.0,0.0,0.0,0.0
importance_of_life_domains|WVS_A,16.085808712536824,4.547985779400662,10.463339044965053,10.505023687083025,9959.603155234028,9797.591379875315,9952.576076275463,30.268513280970808,46.50667326349141,900.4267957601464,879.5815588285304,20.17246866724647,28.359517608327153,37.745970743359955,33.40901067914078,4.07449839494511,48.85867433344372,28.683546669158176,28.025020562333992,83.9085839085839,118.6650398433838,0.0,0.0,26.425254451025268,55.847725105675636,52.617565171420466,28.092118284627688,764.6423389952404,9.399448099356164,0.6276647966021258,109.67412417791783,12.24076200595723,44.538433417933156,0.0,42.54690695368661,39.08665474501773,22.448436617373957,34.27622893297114,186.30573248407637,26.376652936577585,923.7747177445669,7.104212469614872,20.857312212057437,72.10923248659098,111.97465114358849,365.5670125519372,9965.958836216787,82.06872057225867,12.199935621390715,9760.260016579166,75.62075598137477,9961.89011656495,9962.203463203463,0.0,31.049646555975663
institutional_threat_perception|WVS_H,9981.46309719225,0.0,0.0,9983.23459805932,10.052133928289429,815.9890765182944,23.88382582849535,4.02208733245946,0.0,47.694622273256016,96.97925547151011,9983.938586362858,0.0,0.0,1.1636184188108984,0.0,9977.537072730809,2.9326707518005755,11.412196617611862,9965.171145416429,100.1431962564784,0.0,26.425254451025268,0.0,92.71167220550738,11.77672220538167,5.4735371196854885,18.151146749331133,0.15911850479016465,9984.9740793883,1.242491148053766,0.0,2.4408270585182805,0.0,11.511555163617842,8.973039170802824,24.12501227607474,5.443484608667724,9748.157974581602,4.0721163289369,97.42241438754665,0.0,6.433918049376864,25.40436502700653,49.24414265836302,9.401490804112242,0.0,13.310742824269823,9978.346375982963,778.6577132221452,6.064896053393511,6.67303748233552,4.467508295130212,0.0,0.9947957464078776
international_organization_knowledge|WVS_E,60.10759362714667,9874.171467764061,9874.038473376424,21.93994056020287,368.3989322877553,709.6774193548388,194.7051866625237,134.56426614321347,9864.578865578866,9810.794755008998,9788.169969110972,149.17911923899948,9869.37037037037,9867.227731864095,9863.318864318864,9875.723438767234,323.67149758454104,82.9568869868442,76.58656338182735,213.71208297003352,443.127483563778,0.0,55.847725105675636,92.71167220550738,0.0,210.9013057905352,97.6087404658833,842.6769649107582,62.85072951739616,0.0,9866.521367521367,9875.051918413921,230.05730513717737,0.0,135.142868807599,140.22962514593866,9845.68389319552,9858.330686330119,472.88938832568283,117.23922837984209,831.5704947982946,37.456445993031366,63.27543424317619,260.85739049269955,9817.785865297494,856.6961229389981,0.0,9844.698116544345,14.20600900086508,669.0557936328931,368.39708561020035,173.71619664898017,165.11688731601433,9880.821751079702,161.81545081800837
job_scarcity_gender_discrimination|WVS_C,10.013617249456722,0.0,0.0,5.391507792320649,22.37554146456802,335.1331638269619,48.547833465290175,18.79849982439375,10.406710420474653,577.3194569047761,78.4867985895123,8.347923953192712,7.075723939333834,28.304410342500447,31.866453342785363,0.0,20.145858370670727,16.89293114767854,21.444868792526368,72.63580688777539,72.07285250316497,0.0,52.617565171420466,11.77672220538167,210.9013057905352,0.0,9971.52863907838,219.3127779176478,2.634028771041372,0.8774324109210241,54.763642229081825,6.83649630020453,17.84225982618709,0.0,36.747260406008564,17.84411775444925,45.93200685291269,13.93594284465356,741.9862724165848,23.106926545547815,134.00071222252998,3.711250999268451,20.61274743897336,46.62094125026824,65.38246380336966,65.50931908663775,3.1588566687757016,39.78946452516914,23.195081981211978,540.7167802878978,34.9271578160789,16.784233313654866,15.802339037358394,0.0,9975.340576098873
job_scarcity_nativist_preference|WVS_C,6.270274995314754,0.0,0.0,3.0174225262132914,15.17643242765812,135.42272158507413,32.76183775899682,12.162909867506158,0.7364781599962384,539.6774923086156,55.12257795764472,5.156072249655573,3.5151067493063763,14.42871612926973,9.412992793990178,0.0,12.843256156898057,8.958930604543784,13.618655379811415,51.51972054315683,28.749069725186246,0.0,28.092118284627688,5.4735371196854885,97.6087404658833,9971.52863907838,0.0,130.7448873955613,0.7780151000835183,0.0,33.55648396134464,0.0,10.266732905159891,0.0,20.832468527119765,11.625541976043728,25.321239606953895,2.655816812595887,334.246268604738,10.009525537534405,101.95984052254428,2.4477740195101703,8.146004446605872,33.10178367165156,34.33720211128849,43.7962037240622,0.0,24.335462955778,14.80941449849141,684.6016222185436,22.611990605539276,10.924596897202427,11.352464836678081,0.0,9979.36527816938
life_autonomy_morality_permissiveness|WVS_F,39.23154906832142,47.89706455117562,37.833130075536275,39.37967331201394,73.73034271411656,370.0837316029208,391.3785884308763,9944.958003323361,75.96747126065036,60.58844821180561,864.2471823966446,0.0,67.18482590516514,39.388081192384384,71.50599080319151,19.994779680223573,43.40633468788769,12.48199570731665,943.7145106047254,140.3638397167411,449.144319675565,0.0,764.6423389952404,18.151146749331133,842.6769649107582,219.3127779176478,130.7448873955613,0.0,29.07863548047886,4.465019302647477,13.104178504355133,5.94177880534702,8.44695995197668,0.0,132.64157140125246,99.26678927805364,237.37704847953233,928.4118573745744,715.0173355485808,9944.385763000853,9906.031775354526,9951.862990533087,9942.138760065918,390.8641255943854,795.9892845111232,9936.452326468345,0.5170479844861262,440.1264161407503,103.9358956801014,101.65993133198168,9942.728035781709,56.03728406501839,58.820071375219946,5.592210379894361,17.070055205627938
multilevel_place_attachment|WVS_G,0.0,0.0,0.0,0.0,2.654772949910722,151.94989920646935,9.70234530577509,1.1423379727347083,0.0,94.27434081957121,0.0,0.0,0.0,0.0,0.25594467818151756,0.0,0.5069218535427105,0.44033439858124623,1.058770679830559,12.466757042012468,11.002053798194368,0.0,9.399448099356164,0.15911850479016465,62.85072951739616,2.634028771041372,0.7780151000835183,29.07863548047886,0.0,0.0,2.390843455529236,0.0,9981.596406301,0.0,9976.102007481422,9981.188763819762,3.548303902627609,0.0,751.7854639364432,2.293873167446982,24.445065032710907,0.0,2.737938682091716,6.309390798919509,0.0,7.239708128302567,0.0,0.658173422510302,2.5077462412957843,103.86584773827715,3.119841332894385,0.15668187311568715,1.2142607120759052,0.0,0.0
neighborhood_disorder_and_crime|WVS_H,9984.589835242643,0.0,0.0,9986.361336109712,0.0,99.56698142386696,3.0022450728810455,0.0,0.0,35.893759189150714,6.505188603997851,9987.06532441325,0.0,0.0,0.0,0.0,9980.663810781201,0.0,0.6282531105353044,9968.297883466821,17.063037755146624,0.0,0.6276647966021258,9984.9740793883,0.0,0.8774324109210241,0.0,4.465019302647477,0.0,0.0,0.0,0.0,0.0,0.0,0.0,0.0,0.0,0.0,9751.284712631994,0.0,40.452998591785175,0.0,0.0,6.698630913800901,0.0,1.4760626299245843,0.0,0.0,9981.473114033355,781.7844512725376,0.0,0.0,0.0,0.0,0.0
offline_political_participation|WVS_E,4.767332834753631,9964.961959496442,9964.622211725187,2.0119605365781936,30.379453223796787,799.4210090984285,92.7968187096763,8.487344713273338,9956.90713206088,9912.728817917663,9880.321978332011,0.0,9959.877410957282,9959.309030973904,9953.727958046542,9967.10405837421,22.077290239214925,0.0,127.45597320675772,39.1953924088635,910.6635600553751,0.0,109.67412417791783,1.242491148053766,9866.521367521367,54.763642229081825,33.55648396134464,13.104178504355133,2.390843455529236,0.0,0.0,9967.071519795658,0.0,0.0,34.33175195200269,40.62043136726544,9938.814814814816,9951.461607949414,732.0921314839466,6.183827374903693,924.1065712898917,0.0,13.902821040775741,104.9086184994481,9910.916786916787,14.407361924668507,0.0,9937.82903816364,14.12493648518494,0.0,10.307782212123506,16.13202302032707,15.618650082121171,9973.357827571299,3.7954630636149886
online_political_participation|WVS_E,0.0,9973.495640068119,9972.817363794222,0.0,2.1471041526812726,809.4699113374835,17.76489022947196,0.0,9965.536760232188,9919.114513958531,9893.113120430935,0.0,9968.719407460223,9965.694727014772,9962.569954549483,9974.32040437139,0.0,0.0,11.81785972381666,2.8843632885518176,301.6646407116282,0.0,12.24076200595723,0.0,9875.051918413921,6.83649630020453,0.0,5.94177880534702,0.0,0.0,9967.071519795658,0.0,0.0,0.0,0.6947400734842617,2.779432492879657,9947.656811317756,9960.303604452354,155.14449419148167,0.0,315.10765194614476,0.0,0.0,17.5826312332575,9919.758783419727,4.9656818807022205,0.0,9946.67103466658,0.0,80.47756616535861,0.0,0.0,0.0,9979.743523612167,0.0
outgroup_trust|WVS_G,2.3119455277752614,0.5955458514852161,0.0,1.7643369328778036,13.290366416556438,813.1106521265458,34.32051408960769,6.205725211011067,1.8580314802229836,24.776131140484296,171.87860885753923,0.0,2.084172203945343,2.392910389900699,4.939556177016172,0.0,9.10346439257242,1.2562597324506974,35.217689101419126,25.40452226691582,188.00887349812353,0.0,44.538433417933156,2.4408270585182805,230.05730513717737,17.84225982618709,10.266732905159891,8.44695995197668,9981.596406301,0.0,0.0,0.0,0.0,0.0,9970.596093734832,9975.682850073172,90.22107686375904,29.590367143389408,655.3704592807619,5.965594972118588,216.07176777357577,0.0,11.031011337227525,37.02533013464738,159.57321663843405,7.667405747120995,0.0,36.88580501128688,8.416833380352077,132.92214597325372,6.755695307269182,7.804525594296045,8.8753834297721,0.0,1.209985559384549
perceived_corruption|WVS_E,0.0,0.0,0.0,0.0,0.0,0.0,0.0,0.0,0.0,0.0,0.0,0.0,0.0,0.0,0.0,0.0,0.0,0.0,0.0,0.0,0.0,0.0,0.0,0.0,0.0,0.0,0.0,0.0,0.0,0.0,0.0,0.0,0.0,0.0,0.0,0.0,0.0,0.0,0.0,0.0,0.0,0.0,0.0,0.0,0.0,0.0,0.0,0.0,0.0,0.0,0.0,0.0,0.0,0.0,0.0
perceived_negative_effects_of_immigration|WVS_G,11.403706816745505,0.10046073011569234,0.0,7.014422823071644,28.107560829423498,474.2829199736344,51.886663992830165,16.770864190101378,16.95107938789348,279.8220395621699,323.38904095583575,5.301395335439185,9.273242071235074,18.43652831643434,23.072309109013986,0.0,25.719805075038344,13.756961723123382,29.7232902818412,48.70741311419279,151.91471947658727,0.0,42.54690695368661,11.511555163617842,135.142868807599,36.747260406008564,20.832468527119765,132.64157140125246,9976.102007481422,0.0,34.33175195200269,0.6947400734842617,9970.596093734832,0.0,0.0,9970.188451253594,51.70270942083023,30.16146836739405,740.7851513702749,21.136653617379647,277.62717738311665,4.458547405005838,22.67001674782803,56.42610951213446,125.45952785849973,53.16331455501883,3.231666051709592,67.81094986367142,17.702524734253604,770.2848900108186,33.30162458065093,19.534037615650234,21.247944478253544,0.0,11.904160934916767
perceived_positive_effects_of_immigration|WVS_G,6.6495577917917466,0.0,0.0,4.150387334825307,14.714785004020477,479.3696763119741,32.622770980520464,11.414651607963478,4.205454165675931,349.32103422579144,57.62761482803138,2.356453237282814,1.989990732444042,14.312231179125291,18.22408289127349,0.0,10.711998765623875,11.304927557597711,14.569082764759187,48.355164013527,124.44333628004321,0.0,39.08665474501773,8.973039170802824,140.22962514593866,17.84411775444925,11.625541976043728,99.26678927805364,9981.188763819762,0.0,40.62043136726544,2.779432492879657,9975.682850073172,0.0,9970.188451253594,0.0,25.83967529173009,4.148568882949107,745.8719077086146,14.882659510888153,89.40149902971129,1.2214005400028896,21.612379845000255,30.867510724888255,39.89286690589731,39.93505257834019,2.6221901247105386,31.060795192278334,16.060309109976444,442.0383130158249,19.11541644054667,10.785530118726069,12.037315195678183,0.0,5.040107172541209
political_information_sources|WVS_E,15.666892165338055,9950.76475467629,9950.086478402392,0.07554285377018743,54.70425252639408,451.4188332757188,48.17458504290888,31.611961023725726,9942.805874840358,9882.914193416482,9864.301484900294,45.36791001772247,9945.988522068394,9941.042460870913,9939.839069157653,9951.589518979561,51.00975246756893,42.257683215130015,14.36738586236902,71.14973531867265,250.9619613092426,0.0,22.448436617373957,24.12501227607474,9845.68389319552,45.93200685291269,25.321239606953895,237.37704847953233,3.548303902627609,0.0,9938.814814814816,9947.656811317756,90.22107686375904,0.0,51.70270942083023,25.83967529173009,0.0,9937.572719060525,115.24767559495683,37.69206995013447,433.5779048745861,9.822320002526894,41.28058442779253,60.005801218763715,9897.027898027898,932.3877435416055,0.0,9923.94014927475,5.316316517276761,161.4140809021672,104.33296681850851,27.88000670353611,25.48733893800197,9956.51337168231,29.620073054706083
postmaterialist_values|WVS_E,0.882131022744197,9963.411547810887,9962.73327153699,0.0,13.64071105178109,232.18156843930234,25.467842823971537,10.986562032742548,9955.452667974956,9896.529647472815,9886.173524535452,14.148691927594967,9958.635315202991,9953.68925400551,9952.485862292251,9964.236312114159,13.453342159661574,18.491659038034328,2.2537442423204297,81.8939409342448,91.65108248616862,0.0,34.27622893297114,5.443484608667724,9858.330686330119,13.93594284465356,2.655816812595887,928.4118573745744,0.0,0.0,9951.461607949414,9960.303604452354,29.590367143389408,0.0,30.16146836739405,4.148568882949107,9937.572719060525,0.0,727.8944687295549,21.22438275073995,58.797797424388875,0.0,22.791846426859422,26.71518407486616,9909.674691162496,130.21972186138868,0.5613939524246305,9936.586942409349,20.975951891922975,27.664477640368773,36.99025038059145,5.981345292679585,7.6281796916475955,9969.160164816907,0.0
precautionary_security_behaviors|WVS_H,9747.773730435945,741.0865043453198,21.68696936138798,9749.545231303015,744.3114851207015,108.66261398176289,451.5701204478509,746.4092756000771,0.0,684.1351256468204,0.0,9750.249219606552,736.3102717374252,731.3642105399438,730.1608188266841,575.2446019819248,9743.847705974504,747.4568116207671,744.1657828814402,9731.481778660123,0.0,0.0,186.30573248407637,9748.157974581602,472.88938832568283,741.9862724165848,334.246268604738,715.0173355485808,751.7854639364432,9751.284712631994,732.0921314839466,155.14449419148167,655.3704592807619,0.0,740.7851513702749,745.8719077086146,115.24767559495683,727.8944687295549,0.0,745.5688537909933,707.4830476312409,751.286850656684,0.0,403.43660999231236,687.349647696929,732.6086757719443,135.28255071884521,714.261898943781,9744.657009226657,544.9683464658393,743.0500161006067,579.9317797849567,746.911793090137,757.7343039126479,204.36836605303907
religion_versus_secularism_orientation|WVS_F,6.422185768034176,0.763212981991984,0.0,2.4319696434398104,18.464594522522535,266.9454102731407,33.60981769074815,9975.509521565775,3.3607166532639354,110.581984471641,226.72346801423524,0.0,3.2666521270801994,4.939006816255194,4.53192981446076,0.0,12.122673129792243,2.6197142280687267,24.01727262823243,36.11143639052614,93.63180778615076,0.0,26.376652936577585,4.0721163289369,117.23922837984209,23.106926545547815,10.009525537534405,9944.385763000853,2.293873167446982,0.0,6.183827374903693,0.0,5.965594972118588,0.0,21.136653617379647,14.882659510888153,37.69206995013447,21.22438275073995,745.5688537909933,0.0,9936.58329359694,9980.387096622382,9972.690278308331,44.9951892913434,101.52213378019833,9961.708921737642,0.0,34.33550145448251,6.909903167433043,400.068592431537,9972.150262066305,12.034381463257397,12.599227667934322,0.0,4.860813333631338
religious_belief|WVS_F,102.07849282253562,50.74800297479429,50.06972670089836,61.607290156578664,125.00517020966554,774.3141495679337,223.41649302690524,9937.423715406023,129.2236969683949,876.1495654527655,239.91971313653403,115.67745251594528,128.3247115433703,692.6094195766581,588.8419252992959,106.33950155798482,90.70829962660248,177.5664895219503,97.47054526803052,480.05177402162326,886.0544762026694,0.0,923.7747177445669,97.42241438754665,831.5704947982946,134.00071222252998,101.95984052254428,9906.031775354526,24.445065032710907,40.452998591785175,924.1065712898917,315.10765194614476,216.07176777357577,0.0,277.62717738311665,89.40149902971129,433.5779048745861,58.797797424388875,707.4830476312409,9936.58329359694,0.0,9942.301290462628,9934.60447214858,191.94227786843294,355.5545636933503,9923.62311557789,155.44756335621418,306.27633874972605,372.45405772825484,451.2685005574988,9934.064455906551,90.12803777272,95.17623289608215,0.0,60.88497036114873
religious_exclusivism|WVS_F,0.0,0.0,0.0,0.0,1.7280000903187371,140.6985977546671,10.981436872312742,9981.227518431466,0.0,29.507662351756366,39.547326682834324,0.0,0.0,0.0,0.0,0.0,0.38981468360380234,0.0,5.559473283160983,11.218476427133169,16.06517577983668,0.0,7.104212469614872,0.0,37.456445993031366,3.711250999268451,2.4477740195101703,9951.862990533087,0.0,0.0,0.0,0.0,0.0,0.0,4.458547405005838,1.2214005400028896,9.822320002526894,0.0,751.286850656684,9980.387096622382,9942.301290462628,0.0,9978.408275174022,11.95826489719149,10.709286765346775,9967.426918603333,0.0,1.8971033107819864,2.136409082839158,550.0173585279969,9977.868258931994,1.1432810433112301,1.7053679898364784,0.0,0.0
religious_practice_and_self_identification|WVS_F,6.657059715188108,0.0,0.0,1.8148039685006445,19.602720958794265,0.0,53.12512892508863,9973.530700117415,0.5524747341656138,412.25655016415834,118.68404050526954,4.433300765493886,4.840934388769433,5.449067424727438,5.008495857547956,0.0,16.072578767703597,7.836300654234108,24.10067890136893,139.1746317488892,0.0,0.0,20.857312212057437,6.433918049376864,63.27543424317619,20.61274743897336,8.146004446605872,9942.138760065918,2.737938682091716,0.0,13.902821040775741,0.0,11.031011337227525,0.0,22.67001674782803,21.612379845000255,41.28058442779253,22.791846426859422,0.0,9972.690278308331,9934.60447214858,9978.408275174022,0.0,62.93058352925826,58.98953171420462,9959.730100289282,0.0,41.210558692367584,10.678802747685555,130.2326281260345,9970.171440617945,14.245562668566102,16.699884274141695,0.0,5.79948922826518
science_skepticism|WVS_I,18.855553741173445,7.2308891730240745,9.55645352392699,14.950015079226617,47.580033735805685,803.6010452623386,62.752408329153326,31.001750340933448,42.924535230977526,814.5273702380794,360.7817004060305,16.798342717521393,29.554053280940735,55.75832954544839,65.09851796339784,9.724232055918208,35.11455871623288,28.638386642075204,38.45981911171731,64.89422527158376,824.4322809879834,0.0,72.10923248659098,25.40436502700653,260.85739049269955,46.62094125026824,33.10178367165156,390.8641255943854,6.309390798919509,6.698630913800901,104.9086184994481,17.5826312332575,37.02533013464738,0.0,56.42610951213446,30.867510724888255,60.005801218763715,26.71518407486616,403.43660999231236,44.9951892913434,191.94227786843294,11.95826489719149,62.93058352925826,0.0,158.65098319727903,112.64017000245312,9.562486566216641,99.49766067363919,31.893409662072493,266.2696819661894,57.80929552619043,30.79286371297969,29.188738346584636,0.0,21.62929751298511
