construct,acceptance_of_state_surveillance|WVS_H,authoritarian_governance_tolerance|WVS_E,autocracy_support|WVS_E,basic_needs_deprivation|WVS_H,child_qualities_autonomy_self_expression|WVS_A,child_qualities_conformity_tradition|WVS_A,child_qualities_prosocial_diligence|WVS_A,civic_dishonesty_tolerance|WVS_F,confidence_in_civil_society_organizations|WVS_E,confidence_in_domestic_institutions|WVS_E,confidence_in_international_organizations|WVS_E,crime_victimization|WVS_H,democratic_system_evaluation|WVS_E,democratic_values_importance|WVS_E,economic_ideology|WVS_E,electoral_integrity|WVS_E,existential_threat_worry|WVS_H,familial_duty_obligations|WVS_D,female_income_threat_to_marriage|WVS_D,freedom_security_tradeoff_perception|WVS_H,gender_role_traditionalism|WVS_D,immigrant_origin_status|WVS_G,importance_of_life_domains|WVS_A,institutional_threat_perception|WVS_H,international_organization_knowledge|WVS_E,job_scarcity_gender_discrimination|WVS_C,job_scarcity_nativist_preference|WVS_C,life_autonomy_morality_permissiveness|WVS_F,multilevel_place_attachment|WVS_G,neighborhood_disorder_and_crime|WVS_H,offline_political_participation|WVS_E,online_political_participation|WVS_E,outgroup_trust|WVS_G,perceived_corruption|WVS_E,perceived_negative_effects_of_immigration|WVS_G,perceived_positive_effects_of_immigration|WVS_G,political_information_sources|WVS_E,postmaterialist_values|WVS_E,precautionary_security_behaviors|WVS_H,religion_versus_secularism_orientation|WVS_F,religious_belief|WVS_F,religious_exclusivism|WVS_F,religious_practice_and_self_identification|WVS_F,science_skepticism|WVS_I,science_technology_optimism|WVS_E,sexual_and_reproductive_morality_permissiveness|WVS_F,social_intolerance_outgroups|WVS_A,societal_change_attitudes|WVS_E,socioeconomic_insecurity_worry|WVS_H,subjective_wellbeing|WVS_A,violence_tolerance|WVS_F,voluntary_association_active_membership|WVS_A,voluntary_association_belonging|WVS_A,voting_participation|WVS_E,work_ethic|WVS_C
acceptance_of_state_surveillance|WVS_H,0.0,19.047619047619047,18.38235294117647,16.149646086335867,22.38339226864882,184.39516762736181,29.410471227213755,20.28560178927329,30.395136778115504,82.55975174253004,103.2666239656998,15.445657782798488,26.954177897574123,34.62763747172076,36.534058562666196,16.75041876046901,21.84717141484684,19.23806576858329,22.52909450791011,34.21309872922776,72.65484099262608,9999.0,34.934599450728484,17.536902807748824,125.07759155803849,24.7086049727655,20.68390290225937,51.6775418407695,14.771048744460858,14.41016475735646,34.60274590540385,21.008403361344538,20.41532719949747,9999.0,25.909726019075393,20.822969680735724,51.44720179439349,38.80040865979549,251.22626956405466,21.12602359835701,59.21182975810954,13.927576601671309,23.104845046716655,29.924934063704605,79.34522969242138,34.086201617406026,13.966480446927374,52.43297844556939,21.037868162692845,221.726530923511,23.644861288743627,20.096430937727007,19.783084299213332,8.960573476702509,16.8719658817658
authoritarian_governance_tolerance|WVS_E,19.047619047619047,0.0,23.0746928472442,16.077170418006432,27.397260273972606,188.61272695222985,37.097697317839334,24.271844660194173,30.355296409279493,81.99504634068393,101.67080578777386,14.880952380952381,27.172649181242818,32.11871037872434,33.322102091983865,21.57165227007662,26.525198938992045,21.321961620469086,27.47252747252747,41.90032481985333,80.34206708325165,9999.0,42.621825541354056,18.484288354898336,124.82853223593965,31.847133757961785,23.52941176470588,51.112836438923395,13.175230566534916,11.19820828667413,34.038040503557745,25.504359931881567,24.785164808413263,9999.0,33.569572939917975,25.510204081632654,48.23524532371117,35.588452189113156,258.9134956546802,26.559191389592716,66.89905584873512,13.94700139470014,27.3224043715847,37.612160154330184,76.13327322173906,41.19674185463659,13.717421124828531,49.22102197488706,25.125628140703515,229.4137570141366,31.118527011773732,23.52941176470588,23.474178403755868,16.647799567328082,17.271157167530223
autocracy_support|WVS_E,18.38235294117647,23.0746928472442,0.0,15.105740181268883,28.248587570621467,187.1301158622989,37.77597359173527,23.419203747072597,31.033572683175436,82.33479411193855,101.67080578777386,15.220700152207003,27.85092545513876,32.79698665262028,34.000378365879804,22.249928543972562,27.027027027027028,22.573363431151243,28.81844380403458,42.57860109374927,77.51937984496124,9999.0,43.30010181525,19.841269841269842,124.96152662357649,31.152647975077883,23.474178403755868,51.45258421017802,13.175230566534916,11.876484560570072,34.37778827481237,26.18263620577751,23.86634844868735,9999.0,33.898305084745765,24.875621890547265,48.91352159760711,36.266728463009095,256.0908084163898,26.17801047120419,67.57733212263105,13.60544217687075,25.839793281653748,38.29043642822612,76.811549495635,41.536489625891214,13.850415512465373,49.899298248783,27.247956403269754,230.09203328803252,31.796803285669675,23.58490566037736,23.809523809523807,17.326075841224025,17.241379310344826
basic_needs_deprivation|WVS_H,16.149646086335867,16.077170418006432,15.105740181268883,0.0,20.611891401579665,182.62366676029268,27.638970360144604,18.51410092220414,25.31645569620253,80.78825087546089,100.24645653733765,13.674156915729338,23.364485981308412,30.487804878048777,31.948881789137378,14.619883040935672,20.075670547777687,17.46656490151414,20.757593640840955,32.44159786215861,70.88334012555693,9999.0,33.163098583659334,15.76540194067967,122.98759567168119,22.93710410569635,18.912402035190215,49.90604097370035,11.750881316098708,12.638663890287308,32.8312450383347,17.064846416382252,18.64382633242832,9999.0,24.13822515200624,19.051468813666574,49.67570092732434,31.25,249.45476869698552,19.354522731287858,57.44032889104039,11.737089201877934,21.3333441796475,28.153433196635454,77.57372882535223,32.314700750336876,11.876484560570072,50.66147757850024,19.266367295623695,219.95503005644187,21.873360421674477,18.324930070657857,18.01158343214418,7.1890726096333575,15.100465014696649
child_qualities_autonomy_self_expression|WVS_A,22.38339226864882,27.397260273972606,28.248587570621467,20.611891401579665,0.0,188.8574129426056,33.87271654245755,24.747847104517092,37.30590844928413,87.02199705777385,107.86723398938989,19.90790309804229,34.12326122124745,39.06932241872897,40.2727141319885,28.522264310081255,26.30941673009064,23.70031108382709,26.991339823153908,38.67534404447156,77.11708630786988,9999.0,39.39684476597228,21.999148122992622,131.60106771224469,29.1708502880093,25.146148217503168,56.1397871560133,19.37165876815095,18.148820326678766,39.064991220647656,32.4549719718862,24.877572514741267,9999.0,30.37197133431919,25.285214995979523,55.185857363715805,42.53906422911779,255.68851487929845,25.58826891360081,63.674075073353336,19.870272047910206,27.567090361960453,34.3871793789484,83.08388526174369,38.548446932649824,20.48995660113359,56.171634014891694,25.500113477936647,226.1887762387548,28.107106603987425,24.558676252970805,24.245329614457134,13.422818791946309,21.3342111970096
child_qualities_conformity_tradition|WVS_A,184.39516762736181,188.61272695222985,187.1301158622989,182.62366676029268,188.8574129426056,0.0,195.88449190117055,186.7596224632301,197.36788447651617,249.03377241648684,269.8790093481029,181.9196784567553,194.1852372484795,199.13129844596102,200.33469015922054,186.41595072134868,188.32119208880363,185.71208644254008,189.00311518186692,200.68711940318457,212.7659574468085,9999.0,201.40862012468529,184.01092348170562,290.3225806451613,191.1826256467223,187.15792357621618,218.1515625147263,181.38343412686396,178.2107963539108,200.57899090157153,190.5300886625165,186.88934787345426,9999.0,192.38374669303218,187.29699035469253,215.24783339094785,202.60104025634985,391.3373860182371,187.60004427231382,225.68585043206633,181.8820474066232,161.29032258064515,196.3989547376614,243.14586128897574,200.56022229136283,179.21146953405017,216.23361004212373,187.51188883664963,388.2005515974678,190.1188819627004,186.5704516116838,186.25710497317013,175.4345941506593,183.3459865557226
child_qualities_prosocial_diligence|WVS_A,29.410471227213755,37.097697317839334,37.77597359173527,27.638970360144604,33.87271654245755,195.88449190117055,0.0,31.774926063082027,45.05657715377056,94.04907601633877,114.89431294795483,26.934982056607225,41.87392992573389,46.8199911232154,48.02338283647494,36.27293301456769,33.336495688655575,30.72739004239203,34.01841878171885,45.7024230030365,84.14416526643481,9999.0,46.42392372453722,29.02622708155756,138.62814667080963,36.19792924657424,32.17322717606811,63.16686611457824,26.398737726715886,25.8994890311652,46.09207017921259,39.70637413834414,31.90465147330621,9999.0,37.39905029288413,32.312293954544465,62.936526068202234,50.28973293360423,262.7155938378634,32.61534787216575,70.70115403191828,26.89735100647514,34.594169320525396,41.414258337513346,90.83455396623012,45.57552589121477,27.517035559698527,63.92230271937813,32.527192436501586,233.21585519731974,35.13418556255237,31.585755211535748,31.27240857302207,20.449897750511248,28.361290155574537
civic_dishonesty_tolerance|WVS_F,20.28560178927329,24.271844660194173,23.419203747072597,18.51410092220414,24.747847104517092,186.7596224632301,31.774926063082027,0.0,34.541703507220745,84.92420657839831,105.76944351001436,17.81011261866676,31.359056279184074,36.305117476665586,37.50850918992512,22.123893805309734,24.211626250715113,21.602520604451563,24.893549343778382,36.57755356509603,75.01929582849435,9999.0,37.29905428659676,19.901357643617096,128.5936285936286,27.073059808633772,23.048357738127642,54.04199667663777,17.27386828877542,15.384615384615383,36.96720074127212,25.125628140703515,22.77978203536574,9999.0,28.274180854943666,23.187424516603997,52.421652421652425,39.77485928705441,253.59072439992295,23.49047843422528,61.57628459397781,17.772481568534676,25.469299882584927,32.28938889957288,80.31968031968032,36.4506564532743,17.482517482517483,53.40742907282831,23.402322998561118,224.0909857593793,26.0093161246119,22.46088577359528,22.147539135081605,11.325028312570781,19.236420717634072
confidence_in_civil_society_organizations|WVS_E,30.395136778115504,30.355296409279493,31.033572683175436,25.31645569620253,37.30590844928413,197.36788447651617,45.05657715377056,34.541703507220745,0.0,90.0498737762453,109.15673224603233,22.93577981651376,35.13152901717405,40.07759021465557,41.28098192791509,29.530532106007854,37.49327734140364,32.45496046303089,38.175200434466916,49.859204655784566,88.30094691918288,9999.0,50.580705377285284,32.154340836012864,134.4211344211344,40.354710899322306,36.1638908436938,59.167663874484774,20.66115702479339,19.157088122605362,42.092867939119124,33.4632397678128,32.74404464434449,9999.0,41.52845277584921,36.28037579383824,56.1941251596424,43.54733202504438,238.0952380952381,34.51807122552395,74.85793568466634,21.83406113537118,36.077561895871014,45.57103999026141,84.09215305767029,49.25156929019798,23.31002331002331,57.17990181081829,36.68397408924965,237.3726368500678,39.077406847704964,34.24004438203221,34.75771214756636,24.606679403259314,26.595744680851062
confidence_in_domestic_institutions|WVS_E,82.55975174253004,81.99504634068393,82.33479411193855,80.78825087546089,87.02199705777385,249.03377241648684,94.04907601633877,84.92420657839831,90.0498737762453,0.0,166.635027505116,67.11409395973155,87.15417412005219,87.64797486322232,94.51135423370415,79.85294746291626,86.48577620397187,81.6913534349502,87.16769929703513,98.85170351835278,137.2934457817511,9999.0,99.57320423985351,82.17550759687384,188.20524499100236,89.34720976189053,85.32250769138439,103.34597801770256,78.13945228387708,79.04876954648148,86.2711820823369,79.88548604146845,81.60684758291995,9999.0,90.54833080820042,85.46157446986075,116.08580658351852,102.47035252718608,315.8648743531797,85.49644690090801,123.85043454723456,78.01921936867375,87.74344983584167,94.56353885282962,143.9838344815464,93.42988343341577,77.09413387989123,117.07158323469442,85.67647295181787,286.36513571263606,87.15417412005219,84.73503572685203,84.42168908833835,73.59917826582753,80.92624865586414
confidence_in_international_organizations|WVS_E,103.2666239656998,101.67080578777386,101.67080578777386,100.24645653733765,107.86723398938989,269.8790093481029,114.89431294795483,105.76944351001436,109.15673224603233,166.635027505116,0.0,99.52093354538447,107.68943318669,117.23120740514699,119.78537186797855,101.70561485135782,107.33101313558791,104.72190748932435,108.01293622865117,119.69694044996882,158.13868271336713,9999.0,120.41844117146955,103.02074452848989,210.83003088902794,110.19244669350657,106.16774462300043,135.75281760335548,88.49557522123894,97.66147806266882,118.67802166798984,105.88687956906503,105.89916892023854,9999.0,111.39356773981646,106.30681140147679,134.69851509970584,112.82647546454794,303.03030303030306,106.60986531909808,144.6956714788506,99.34156220605456,108.58868676745772,115.40877578444568,155.60966918097049,119.57004333814709,99.71891977791682,135.68429175088175,106.52170988343391,307.21037264425206,109.1287030094847,105.58027265846808,105.2669260199544,94.44441519744358,101.82890855457227
crime_victimization|WVS_H,15.445657782798488,14.880952380952381,15.220700152207003,13.674156915729338,19.90790309804229,181.9196784567553,26.934982056607225,17.81011261866676,22.93577981651376,67.11409395973155,99.52093354538447,0.0,20.04008016032064,20.53388090349076,27.397260273972606,12.738853503184714,19.37168224424031,14.57725947521866,20.05360533730358,31.73760955862123,70.17935182201956,9999.0,32.459110280121955,15.061413637142293,121.0911510312708,22.23311580215897,18.20841373165284,36.231884057971016,11.025358324145534,11.93467558674993,19.157088122605362,12.77139208173691,14.492753623188404,9999.0,23.434236848468863,18.347480510129195,48.97171262378696,35.35625856745454,248.75078039344814,18.38235294117647,56.73634058750301,10.905125408942203,20.629355876110125,27.449444893098075,76.86974052181486,26.315789473684212,9.980039920159681,49.95748927496286,18.562378992086316,219.25104175290448,20.04008016032064,17.620941767120478,17.307595128606803,6.485084306095979,13.812154696132595
democratic_system_evaluation|WVS_E,26.954177897574123,27.172649181242818,27.85092545513876,23.364485981308412,34.12326122124745,194.1852372484795,41.87392992573389,31.359056279184074,35.13152901717405,87.15417412005219,107.68943318669,20.04008016032064,0.0,36.894942986618894,38.09833469987842,26.34788487797118,34.31063011336697,29.272313234994222,34.992553206430244,46.676557427747895,85.1182996911462,9999.0,47.39805814924861,26.455026455026456,129.62962962962962,37.172063671285635,32.98124361565713,56.27196421829166,19.193857965451055,15.974440894568689,39.12258904271683,30.280592539776126,29.56139741630782,9999.0,38.34580554781254,33.09772856580157,53.011477931605725,40.36468479700771,263.6897282625748,31.335423997487275,71.67528845662967,19.880715705765407,32.89491466783434,42.38839276222474,80.90950582963362,46.355869634004854,18.51851851851852,53.997254582781615,33.50132686121298,234.18998962203113,35.89475961966829,31.057397153995538,31.575064919529687,21.424032175222642,24.096385542168672
democratic_values_importance|WVS_E,34.62763747172076,32.11871037872434,32.79698665262028,30.487804878048777,39.06932241872897,199.13129844596102,46.8199911232154,36.305117476665586,40.07759021465557,87.64797486322232,117.23120740514699,20.53388090349076,36.894942986618894,0.0,43.04439589735994,31.293946075452695,39.25669131084849,32.362459546925564,39.93861440391176,51.62261862522941,90.06436088862773,9999.0,52.34411934673013,31.948881789137378,131.7722681359045,42.118124868767154,37.92730481313865,56.76576496146178,28.73563218390805,20.920502092050206,39.69096902609613,33.305272985227674,34.50745861378934,9999.0,43.29186674529406,38.04378976328309,57.957539129087245,45.31074599448923,268.6357894600563,36.213256558230405,76.62134965411119,24.630541871921185,37.840975865315855,47.33445395970625,85.85556702711514,46.849670377174974,20.66115702479339,58.943315780263134,36.189107335352396,239.13605081951266,40.5739610638114,36.00345835147705,36.52112611701121,26.370093372704158,32.388392000307086
economic_ideology|WVS_E,36.534058562666196,33.322102091983865,34.000378365879804,31.948881789137378,40.2727141319885,200.33469015922054,48.02338283647494,37.50850918992512,41.28098192791509,94.51135423370415,119.78537186797855,27.397260273972606,38.09833469987842,43.04439589735994,0.0,32.49733778871222,40.460083024108016,35.42176614573526,41.142006117171285,52.826010338488935,91.26775260188725,9999.0,53.54751105998966,36.14981441701,135.6811356811357,43.321516582026675,39.13069652639817,63.62914433194362,31.289796646739617,22.123893805309734,45.27204195345788,36.43004545051717,35.71085032704887,9999.0,44.49525845855358,39.24718147654261,59.16093084234677,46.51413770774876,269.83918117331586,37.484876908228316,77.82474136737072,27.855153203342617,39.04436757857539,48.53784567296579,87.05895874037466,52.6991132266672,24.57002457002457,60.14670749352266,39.65077977195402,240.33944253277218,42.04421253040934,37.206850064736585,37.72451783027073,27.573485085963686,33.59178371356661
electoral_integrity|WVS_E,16.75041876046901,21.57165227007662,22.249928543972562,14.619883040935672,28.522264310081255,186.41595072134868,36.27293301456769,22.123893805309734,29.530532106007854,79.85294746291626,101.70561485135782,12.738853503184714,26.34788487797118,31.293946075452695,32.49733778871222,0.0,25.974025974025974,18.90359168241966,29.39155629526404,41.07556051658169,79.51730277998001,9999.0,41.797061238082414,17.18213058419244,123.27656123276562,31.152647975077883,23.255813953488374,48.97073756115573,13.21003963011889,10.37344398340249,31.895941625790076,24.679595628609928,21.008403361344538,9999.0,31.948881789137378,26.109660574412533,47.410481020439526,34.76368788584151,258.08873135140857,21.05263157894737,66.07429154546347,13.003901170351106,25.125628140703515,36.78739585105854,75.30850891846742,39.05464297686893,12.165450121654501,48.396257671615416,22.471910112359552,228.58899271086494,29.41176470588235,22.779043280182233,23.809523809523807,15.823035264056442,15.89825119236884
existential_threat_worry|WVS_H,21.84717141484684,26.525198938992045,27.027027027027028,20.075670547777687,26.30941673009064,188.32119208880363,33.336495688655575,24.211626250715113,37.49327734140364,86.48577620397187,107.33101313558791,19.37168224424031,34.31063011336697,39.25669131084849,40.460083024108016,25.974025974025974,0.0,23.16409023002511,26.45511896935193,38.13912319066958,76.5808654540679,9999.0,38.860623912170304,21.462927269190644,130.8739569609135,28.634629434207323,24.60992736370119,55.60356630221132,18.835437914348972,18.336189218798282,38.52877036684568,29.850746268656714,24.34135166093929,9999.0,29.835750480517213,24.748994142177544,55.37322625583532,42.72643312123731,255.15229402549647,25.05204805979883,63.13785421955136,19.334051194108227,27.030869508158474,33.850958525146424,83.27125415386321,38.012226078847846,19.76284584980237,56.35900290701122,24.96389262413467,225.65255538495282,27.570885750185447,24.022455399168827,23.709108760655155,12.88659793814433,20.797990343207623
familial_duty_obligations|WVS_D,19.23806576858329,21.321961620469086,22.573363431151243,17.46656490151414,23.70031108382709,185.71208644254008,30.72739004239203,21.602520604451563,32.45496046303089,81.6913534349502,104.72190748932435,14.57725947521866,29.272313234994222,32.362459546925564,35.42176614573526,18.90359168241966,23.16409023002511,0.0,23.84601332308838,35.53001754440603,73.97175980780435,9999.0,36.25151826590675,18.853821622927093,125.37644634648915,26.025523787943776,22.00082171743764,50.809143533189676,16.22633226808542,13.297872340425531,33.67003367003367,20.2020202020202,21.73224601467574,9999.0,27.226644834253662,22.139888495913997,50.334909377462566,37.68811624286455,252.54318837923293,22.442942413535285,60.528748573287814,15.600624024960997,24.421763861894924,31.24185287888288,78.23293727549046,35.403120432584295,14.265335235378032,51.32068602863846,22.35478697787112,223.04344973868928,24.9617801039219,21.41334975290528,21.100003114391605,10.277492291880781,18.188884696944072
female_income_threat_to_marriage|WVS_D,22.52909450791011,27.47252747252747,28.81844380403458,20.757593640840955,26.991339823153908,189.00311518186692,34.01841878171885,24.893549343778382,38.175200434466916,87.16769929703513,108.01293622865117,20.05360533730358,34.992553206430244,39.93861440391176,41.142006117171285,29.39155629526404,26.45511896935193,23.84601332308838,0.0,38.82104628373285,77.26278854713117,9999.0,39.54254700523357,22.144850362253912,131.746769951506,29.31655252727059,25.291850456764458,56.285489395274595,19.51736100741224,19.01811231186155,39.21069345990894,32.824997419040486,25.023274754002557,9999.0,30.51767357358048,25.430917235240813,56.05514934889858,43.408356214300575,255.83421711855976,25.7339711528621,63.81977731261463,20.015974287171495,27.712792601221743,34.5328816182097,83.95317724692647,38.694149171911114,20.63565884039488,57.04092600007448,25.645815717197937,226.3344784780161,28.252808843248715,24.704378492232095,24.391031853718424,13.568521031207599,21.47991343627089
freedom_security_tradeoff_perception|WVS_H,34.21309872922776,41.90032481985333,42.57860109374927,32.44159786215861,38.67534404447156,200.68711940318457,45.7024230030365,36.57755356509603,49.859204655784566,98.85170351835278,119.69694044996882,31.73760955862123,46.676557427747895,51.62261862522941,52.826010338488935,41.07556051658169,38.13912319066958,35.53001754440603,38.82104628373285,0.0,88.94679276844882,9999.0,51.22655122655122,33.82885458357156,143.43077417282365,41.00055674858824,36.97585467808211,67.96949361659225,31.20136522872989,30.7021165331792,50.89469768122659,44.509001640358136,36.70727897532021,9999.0,42.20167779489813,37.11492145655846,67.73915357021623,55.092360435618225,267.5182213398774,37.41797537417975,75.50378153393228,31.699978508489146,39.39679682253939,46.21688583952735,95.63718146824412,50.378153393228764,32.31966306171253,68.72493022139213,37.329819938515584,238.01848269933376,39.936813064566365,36.388382713549746,36.075036075036074,25.25252525252525,33.16391765758854
gender_role_traditionalism|WVS_D,72.65484099262608,80.34206708325165,77.51937984496124,70.88334012555693,77.11708630786988,212.7659574468085,84.14416526643481,75.01929582849435,88.30094691918288,137.2934457817511,158.13868271336713,70.17935182201956,85.1182996911462,90.06436088862773,91.26775260188725,79.51730277998001,76.5808654540679,73.97175980780435,77.26278854713117,88.94679276844882,0.0,9999.0,89.66829348994955,72.27059684696988,181.87251643622196,79.44229901198656,75.41759694148043,106.41123587999056,69.64310749212821,69.14385879657752,89.33643994462491,82.95074390375646,75.14902123871853,9999.0,80.64342005829646,75.55666371995679,106.18089583361456,93.53410269901654,178.57142857142858,75.85971763757807,113.9455237973306,70.14172077188746,71.94244604316548,84.65862810292566,134.07892373164245,88.81989565662708,70.76140532511084,107.16667248479045,75.77156220191391,276.46022496273207,78.37855532796469,74.83012497694807,74.51677833843439,63.69426751592357,71.60565992098687
immigrant_origin_status|WVS_G,9999.0,9999.0,9999.0,9999.0,9999.0,9999.0,9999.0,9999.0,9999.0,9999.0,9999.0,9999.0,9999.0,9999.0,9999.0,9999.0,9999.0,9999.0,9999.0,9999.0,9999.0,0.0,9999.0,9999.0,9999.0,9999.0,9999.0,9999.0,9999.0,9999.0,9999.0,9999.0,9999.0,9999.0,9999.0,9999.0,9999.0,9999.0,9999.0,9999.0,9999.0,9999.0,9999.0,9999.0,9999.0,9999.0,9999.0,9999.0,9999.0,9999.0,9999.0,9999.0,9999.0,9999.0,9999.0
importance_of_life_domains|WVS_A,34.934599450728484,42.621825541354056,43.30010181525,33.163098583659334,39.39684476597228,201.40862012468529,46.42392372453722,37.29905428659676,50.580705377285284,99.57320423985351,120.41844117146955,32.459110280121955,47.39805814924861,52.34411934673013,53.54751105998966,41.797061238082414,38.860623912170304,36.25151826590675,39.54254700523357,51.22655122655122,89.66829348994955,9999.0,0.0,34.55035530507229,144.15227489432436,41.72205747008897,37.69735539958283,68.69099433809296,31.922865950230616,31.423617254679925,51.61619840272732,45.23050236185887,37.42877969682093,9999.0,42.923178516398856,37.83642217805919,68.46065429171696,55.81386115711895,268.23972206137813,38.13947609568048,76.225282255433,32.42147922998987,40.11829754404012,46.93838656102807,96.35868218974485,51.09965411472949,33.04116378321325,69.44643094289286,38.051320660016316,238.73998342083448,40.65831378606709,37.10988343505047,36.7965367965368,25.974025974025974,33.885418379089266
institutional_threat_perception|WVS_H,17.536902807748824,18.484288354898336,19.841269841269842,15.76540194067967,21.999148122992622,184.01092348170562,29.02622708155756,19.901357643617096,32.154340836012864,82.17550759687384,103.02074452848989,15.061413637142293,26.455026455026456,31.948881789137378,36.14981441701,17.18213058419244,21.462927269190644,18.853821622927093,22.144850362253912,33.82885458357156,72.27059684696988,9999.0,34.55035530507229,0.0,124.67963214231871,24.324360827109306,20.299658756603172,51.29329769511331,14.525169307250954,14.025920611700265,34.21850175974765,19.607843137254903,20.03108305384127,9999.0,25.525481873419196,20.438725535079527,51.062957648737296,38.41616451413929,250.84202541839846,20.741779452700815,58.82758561245335,14.025245441795231,22.720600901060457,29.54068991804841,78.96098554676519,33.70195747174983,13.568521031207599,52.04873429991319,20.653624017036652,221.3422867778548,23.26061714308743,19.71218679207081,19.39884015355714,8.576329331046313,16.487721736109606
international_organization_knowledge|WVS_E,125.07759155803849,124.82853223593965,124.96152662357649,122.98759567168119,131.60106771224469,290.3225806451613,138.62814667080963,128.5936285936286,134.4211344211344,188.20524499100236,210.83003088902794,121.0911510312708,129.62962962962962,131.7722681359045,135.6811356811357,123.27656123276562,130.8739569609135,125.37644634648915,131.746769951506,143.43077417282365,181.87251643622196,9999.0,144.15227489432436,124.67963214231871,0.0,133.92628041636138,129.66398680684395,157.3230350892418,122.334455667789,116.27906976744185,132.47863247863248,123.94808158607903,127.0855520056798,9999.0,135.12740146267126,130.0406451243316,153.3161068044789,140.66931366988086,360.44394500765054,126.66321064454813,168.4295052017054,121.27371273712737,129.03225806451613,139.14260950730048,181.21413470250678,143.3038770610019,111.11111111111111,154.30188345565477,126.63906142167012,330.94420636710686,131.60291438979965,129.3141063813229,129.0007597428092,118.17824892029839,123.89883489627735
job_scarcity_gender_discrimination|WVS_C,24.7086049727655,31.847133757961785,31.152647975077883,22.93710410569635,29.1708502880093,191.1826256467223,36.19792924657424,27.073059808633772,40.354710899322306,89.34720976189053,110.19244669350657,22.23311580215897,37.172063671285635,42.118124868767154,43.321516582026675,31.152647975077883,28.634629434207323,26.025523787943776,29.31655252727059,41.00055674858824,79.44229901198656,9999.0,41.72205747008897,24.324360827109306,133.92628041636138,0.0,27.47136092161985,58.464999860129986,21.69687147226763,21.197622776716944,41.390203924764336,35.00450788389588,27.202785218857954,9999.0,32.69718403843588,27.61042770009621,58.23465981375398,45.587866679155965,258.0137275834152,27.913481617717494,65.99928777747002,22.195484752026886,29.892303066077137,36.71239208306509,86.13268771178187,40.873659636766504,22.815169305250272,59.220436464929875,27.82532618205333,228.5139889428715,30.432319308104113,26.883888957087493,26.570542318573814,15.748031496062993,23.65942390112628
job_scarcity_nativist_preference|WVS_C,20.68390290225937,23.52941176470588,23.474178403755868,18.912402035190215,25.146148217503168,187.15792357621618,32.17322717606811,23.048357738127642,36.1638908436938,85.32250769138439,106.16774462300043,18.20841373165284,32.98124361565713,37.92730481313865,39.13069652639817,23.255813953488374,24.60992736370119,22.00082171743764,25.291850456764458,36.97585467808211,75.41759694148043,9999.0,37.69735539958283,20.299658756603172,129.66398680684395,27.47136092161985,0.0,54.440297789623855,17.6721694017615,17.006802721088437,37.3655018542582,30.959752321981423,23.178083148351817,9999.0,28.67248196792974,23.585725629590073,54.04383975812547,41.39704662352746,253.98902551290902,23.88877954721136,61.97458570696389,18.170782681520755,25.867600995571003,32.68769001255896,81.94186765615336,36.848957566260374,18.552875695732837,55.02961640930137,23.800624111547197,224.48928687236537,26.407617237597975,22.859186886581355,22.545840248067684,11.723329425556859,19.63472183062015
life_autonomy_morality_permissiveness|WVS_F,51.6775418407695,51.112836438923395,51.45258421017802,49.90604097370035,56.1397871560133,218.1515625147263,63.16686611457824,54.04199667663777,59.167663874484774,103.34597801770256,135.75281760335548,36.231884057971016,56.27196421829166,56.76576496146178,63.62914433194362,48.97073756115573,55.60356630221132,50.809143533189676,56.285489395274595,67.96949361659225,106.41123587999056,9999.0,68.69099433809296,51.29329769511331,157.3230350892418,58.464999860129986,54.440297789623855,0.0,47.25724238211655,48.16655964472095,55.388972180576374,49.00327613970792,50.72463768115942,9999.0,59.66612090643987,54.57936456810021,85.20359668175797,71.58814262542555,284.98266445141917,54.61423699914749,92.96822464547402,47.13700946691322,56.86123993408114,63.68132895106909,113.10162457978586,62.54767353165523,46.2119239781307,86.18937333293388,54.79426305005733,255.48292581087549,56.27196421829166,53.85282582509149,53.539479186577815,42.71696836406699,50.04403875410361
multilevel_place_attachment|WVS_G,14.771048744460858,13.175230566534916,13.175230566534916,11.750881316098708,19.37165876815095,181.38343412686396,26.398737726715886,17.27386828877542,20.66115702479339,78.13945228387708,88.49557522123894,11.025358324145534,19.193857965451055,28.73563218390805,31.289796646739617,13.21003963011889,18.835437914348972,16.22633226808542,19.51736100741224,31.20136522872989,69.64310749212821,9999.0,31.922865950230616,14.525169307250954,122.334455667789,21.69687147226763,17.6721694017615,47.25724238211655,0.0,9.165902841429881,30.182446446750895,17.391304347826086,17.4035936989996,9999.0,22.897992518577524,17.811236180237856,46.20293987846692,24.330900243309003,248.2145360635568,18.11429009785914,56.20009625761167,10.845986984815617,20.093111546218786,26.913200563206736,67.11409395973155,31.074468116908157,11.22334455667789,47.18871652964281,18.026134662194977,218.71479742301315,20.63312778824576,17.08469743722914,16.771350798715464,5.94883997620464,13.333333333333334
neighborhood_disorder_and_crime|WVS_H,14.41016475735646,11.19820828667413,11.876484560570072,12.638663890287308,18.148820326678766,178.2107963539108,25.8994890311652,15.384615384615383,19.157088122605362,79.04876954648148,97.66147806266882,11.93467558674993,15.974440894568689,20.920502092050206,22.123893805309734,10.37344398340249,18.336189218798282,13.297872340425531,19.01811231186155,30.7021165331792,69.14385879657752,9999.0,31.423617254679925,14.025920611700265,116.27906976744185,21.197622776716944,17.006802721088437,48.16655964472095,9.165902841429881,0.0,23.148148148148145,14.306151645207438,13.58695652173913,9999.0,22.371364653243848,17.123287671232877,37.03703703703704,24.390243902439025,247.7152873680061,15.360983102918585,55.700847562060986,8.389261744966444,16.920473773265652,26.41395186765605,64.93506493506493,30.575219421357467,8.718395815170009,38.02281368821293,17.52688596664429,218.21554872746245,19.9203187250996,15.082956259426847,15.600624024960997,5.4495912806539515,11.46788990825688
offline_political_participation|WVS_E,34.60274590540385,34.038040503557745,34.37778827481237,32.8312450383347,39.064991220647656,200.57899090157153,46.09207017921259,36.96720074127212,42.092867939119124,86.2711820823369,118.67802166798984,19.157088122605362,39.12258904271683,39.69096902609613,45.27204195345788,31.895941625790076,38.52877036684568,33.67003367003367,39.21069345990894,50.89469768122659,89.33643994462491,9999.0,51.61619840272732,34.21850175974765,132.47863247863248,41.390203924764336,37.3655018542582,55.388972180576374,30.182446446750895,23.148148148148145,0.0,31.92848020434227,29.498525073746315,9999.0,42.59132497107423,37.50456863273456,60.18518518518518,47.53839205058717,267.9078685160535,36.91962090095838,75.89342871010837,24.271844660194173,39.288668320926384,46.60653301570344,88.08321308321308,45.47287759628958,21.367521367521366,61.17096183636107,36.89547167808037,232.5581395348837,39.197168282926,36.77802988972584,36.464683251212165,25.642172428701343,32.96924281873795
online_political_participation|WVS_E,21.008403361344538,25.504359931881567,26.18263620577751,17.064846416382252,32.4549719718862,190.5300886625165,39.70637413834414,25.125628140703515,33.4632397678128,79.88548604146845,105.88687956906503,12.77139208173691,30.280592539776126,33.305272985227674,36.43004545051717,24.679595628609928,29.850746268656714,20.2020202020202,32.824997419040486,44.509001640358136,82.95074390375646,9999.0,45.23050236185887,19.607843137254903,123.94808158607903,35.00450788389588,30.959752321981423,49.00327613970792,17.391304347826086,14.306151645207438,31.92848020434227,0.0,21.413276231263385,9999.0,36.205628930205776,31.118872591866108,51.343188682244474,38.69639554764646,261.522172475185,26.109660574412533,69.50773266923991,14.727540500736376,29.239766081871345,40.22083697483499,79.24121658027236,39.087181555421125,12.836970474967908,52.32896533342036,23.474178403755868,232.0224338346414,29.239766081871345,26.455026455026456,27.62430939226519,19.25647638783289,20.0
outgroup_trust|WVS_G,20.41532719949747,24.785164808413263,23.86634844868735,18.64382633242832,24.877572514741267,186.88934787345426,31.90465147330621,22.77978203536574,32.74404464434449,81.60684758291995,105.89916892023854,14.492753623188404,29.56139741630782,34.50745861378934,35.71085032704887,21.008403361344538,24.34135166093929,21.73224601467574,25.023274754002557,36.70727897532021,75.14902123871853,9999.0,37.42877969682093,20.03108305384127,127.0855520056798,27.202785218857954,23.178083148351817,50.72463768115942,17.4035936989996,13.58695652173913,29.498525073746315,21.413276231263385,0.0,9999.0,28.40390626516784,23.317149926828176,50.62399355877617,37.97720042417816,253.7204498101471,23.620203844449463,61.70601000420199,17.035775127768314,25.599025292809102,32.41911430979706,78.52202145680405,36.580381863498474,15.974440894568689,51.60977020995206,23.5320484087853,224.22071116960345,26.13904153483608,22.59061118381946,22.277264545305783,11.45475372279496,19.36614612785825
perceived_corruption|WVS_E,9999.0,9999.0,9999.0,9999.0,9999.0,9999.0,9999.0,9999.0,9999.0,9999.0,9999.0,9999.0,9999.0,9999.0,9999.0,9999.0,9999.0,9999.0,9999.0,9999.0,9999.0,9999.0,9999.0,9999.0,9999.0,9999.0,9999.0,9999.0,9999.0,9999.0,9999.0,9999.0,9999.0,0.0,9999.0,9999.0,9999.0,9999.0,9999.0,9999.0,9999.0,9999.0,9999.0,9999.0,9999.0,9999.0,9999.0,9999.0,9999.0,9999.0,9999.0,9999.0,9999.0,9999.0,9999.0
perceived_negative_effects_of_immigration|WVS_G,25.909726019075393,33.569572939917975,33.898305084745765,24.13822515200624,30.37197133431919,192.38374669303218,37.39905029288413,28.274180854943666,41.52845277584921,90.54833080820042,111.39356773981646,23.434236848468863,38.34580554781254,43.29186674529406,44.49525845855358,31.948881789137378,29.835750480517213,27.226644834253662,30.51767357358048,42.20167779489813,80.64342005829646,9999.0,42.923178516398856,25.525481873419196,135.12740146267126,32.69718403843588,28.67248196792974,59.66612090643987,22.897992518577524,22.371364653243848,42.59132497107423,36.205628930205776,28.40390626516784,9999.0,0.0,28.811548746406096,59.40840169028088,46.76160855568287,259.21484862972505,29.114602664027384,67.20040882377991,23.39660579833678,31.093424112387027,37.91351312937498,87.30642958830877,42.0747806830764,24.016290351560162,60.39417834145678,29.02644722836322,229.71510998918137,31.633440354414,28.08501000339738,27.771663364883707,16.949152542372882,24.860544947436175
perceived_positive_effects_of_immigration|WVS_G,20.822969680735724,25.510204081632654,24.875621890547265,19.051468813666574,25.285214995979523,187.29699035469253,32.312293954544465,23.187424516603997,36.28037579383824,85.46157446986075,106.30681140147679,18.347480510129195,33.09772856580157,38.04378976328309,39.24718147654261,26.109660574412533,24.748994142177544,22.139888495913997,25.430917235240813,37.11492145655846,75.55666371995679,9999.0,37.83642217805919,20.438725535079527,130.0406451243316,27.61042770009621,23.585725629590073,54.57936456810021,17.811236180237856,17.123287671232877,37.50456863273456,31.118872591866108,23.317149926828176,9999.0,28.811548746406096,0.0,54.16032470826991,41.5135315736719,254.12809229138537,24.02784632568772,62.11365248544025,18.30984945999711,26.006667774047358,32.826756791035315,82.0583526062978,36.98802434473673,18.929534013220497,55.14610135944581,23.939690890023556,224.62835365084172,26.546684016074334,22.998253665057714,22.68490702654404,11.862396204033216,19.773788609096506
political_information_sources|WVS_E,51.44720179439349,48.23524532371117,48.91352159760711,49.67570092732434,55.185857363715805,215.24783339094785,62.936526068202234,52.421652421652425,56.1941251596424,116.08580658351852,134.69851509970584,48.97171262378696,53.011477931605725,57.957539129087245,59.16093084234677,47.410481020439526,55.37322625583532,50.334909377462566,56.05514934889858,67.73915357021623,106.18089583361456,9999.0,68.46065429171696,51.062957648737296,153.3161068044789,58.23465981375398,54.04383975812547,85.20359668175797,46.20293987846692,37.03703703703704,60.18518518518518,51.343188682244474,50.62399355877617,9999.0,59.40840169028088,54.16032470826991,0.0,61.42728093947606,284.75232440504317,52.39802013995562,92.73788459909801,45.426298782003485,53.95751081030269,63.450988904693084,101.97210197210197,67.6122564583945,43.47826086956522,75.05985072524996,54.563923003681325,255.25258576449949,56.95735576213664,52.11999329646389,52.63766106199803,42.486628317690986,48.50492694529392
postmaterialist_values|WVS_E,38.80040865979549,35.588452189113156,36.266728463009095,31.25,42.53906422911779,202.60104025634985,50.28973293360423,39.77485928705441,43.54733202504438,102.47035252718608,112.82647546454794,35.35625856745454,40.36468479700771,45.31074599448923,46.51413770774876,34.76368788584151,42.72643312123731,37.68811624286455,43.408356214300575,55.092360435618225,93.53410269901654,9999.0,55.81386115711895,38.41616451413929,140.66931366988086,45.587866679155965,41.39704662352746,71.58814262542555,24.330900243309003,24.390243902439025,47.53839205058717,38.69639554764646,37.97720042417816,9999.0,46.76160855568287,41.5135315736719,61.42728093947606,0.0,272.1055312704451,39.751227005357606,80.09109146450001,29.498525073746315,41.31071767570468,50.80419577009508,89.32530883750395,54.96546332379649,33.10863971760904,62.41305759065195,41.91712986908331,242.6057926299015,44.31056262753863,39.473200161865876,39.99086792740002,29.839835183092976,35.587188612099645
