construct,acceptance_of_state_surveillance|WVS_H,authoritarian_governance_tolerance|WVS_E,autocracy_support|WVS_E,basic_needs_deprivation|WVS_H,child_qualities_autonomy_self_expression|WVS_A,child_qualities_conformity_tradition|WVS_A,child_qualities_prosocial_diligence|WVS_A,civic_dishonesty_tolerance|WVS_F,confidence_in_civil_society_organizations|WVS_E,confidence_in_domestic_institutions|WVS_E,confidence_in_international_organizations|WVS_E,crime_victimization|WVS_H,democratic_system_evaluation|WVS_E,democratic_values_importance|WVS_E,economic_ideology|WVS_E,electoral_integrity|WVS_E,existential_threat_worry|WVS_H,familial_duty_obligations|WVS_D,female_income_threat_to_marriage|WVS_D,freedom_security_tradeoff_perception|WVS_H,gender_role_traditionalism|WVS_D,immigrant_origin_status|WVS_G,importance_of_life_domains|WVS_A,institutional_threat_perception|WVS_H,international_organization_knowledge|WVS_E,job_scarcity_gender_discrimination|WVS_C,job_scarcity_nativist_preference|WVS_C,life_autonomy_morality_permissiveness|WVS_F,multilevel_place_attachment|WVS_G,neighborhood_disorder_and_crime|WVS_H,offline_political_participation|WVS_E,online_political_participation|WVS_E,outgroup_trust|WVS_G,perceived_corruption|WVS_E,perceived_negative_effects_of_immigration|WVS_G,perceived_positive_effects_of_immigration|WVS_G,political_information_sources|WVS_E,postmaterialist_values|WVS_E,precautionary_security_behaviors|WVS_H,religion_versus_secularism_orientation|WVS_F,religious_belief|WVS_F,religious_exclusivism|WVS_F,religious_practice_and_self_identification|WVS_F,science_skepticism|WVS_I,science_technology_optimism|WVS_E,sexual_and_reproductive_morality_permissiveness|WVS_F,social_intolerance_outgroups|WVS_A,societal_change_attitudes|WVS_E,socioeconomic_insecurity_worry|WVS_H,subjective_wellbeing|WVS_A,violence_tolerance|WVS_F,voluntary_association_active_membership|WVS_A,voluntary_association_belonging|WVS_A,voting_participation|WVS_E,work_ethic|WVS_C
acceptance_of_state_surveillance|WVS_H,0.0,26.67388410563335,24.650068128328996,58.29715240832467,41.483770241218934,58.65625107068215,79.6409472880061,24.405203400467848,28.940030056288357,29.4541944277824,34.45168343453146,57.08260314011534,29.278290147855365,41.08172287628015,59.393102871363745,50.93388252762961,21.435357453883302,37.93712071669163,55.85814572742677,65.79480526888374,45.286922108292856,16.10305958132045,27.082119976703552,38.402564817396154,32.74199468947353,57.865538460494115,57.99592564298447,104.41025144735514,54.075961093098655,66.59452092553916,35.15277857871183,36.38304056300139,55.52220888355342,9999.0,35.07248113094525,67.8973717146433,38.384509996256185,46.31453994385822,46.31453994385822,24.606872451951077,32.232091839384964,28.02146158063758,85.5475040257649,33.753501400560225,51.31432718695425,82.73309323729492,40.67990832696715,93.02613650439737,21.84873949579832,104.45851974142896,37.80057057465018,38.180060756697046,49.83706639075295,14.705882352941176,51.74291938997821
authoritarian_governance_tolerance|WVS_E,26.67388410563335,0.0,19.117833071321442,52.764917351317116,35.95153518421137,53.1240160136746,80.15057129867184,23.507435132333597,23.407794999280803,23.921959370774843,28.919448377523906,51.96045938933155,23.74605509084781,35.95957912549636,53.86086781435619,45.81173877684583,16.31321370309951,32.404885659684076,51.96045938933155,60.67266151809994,45.79654611895859,10.570824524312895,24.69511830962363,38.91218882806188,27.209759632465975,53.161725452646195,58.43480985569586,99.28810769657134,54.58558510376439,61.472377174755366,30.03063482792804,31.260896812217595,56.03183289421915,9999.0,35.58210514161098,68.40699572530903,33.09334704683542,40.78230488685066,40.78230488685066,21.346686593278413,26.69985678237741,23.261179854262135,80.01526896875734,34.26312541122595,45.7820921299467,83.24271724796066,41.189532337632876,87.49390144738982,16.181229773462782,104.96814375209469,36.81754368441788,38.68968476736277,44.71492263996916,15.215506363606904,48.99295226519102
autocracy_support|WVS_E,24.650068128328996,19.117833071321442,0.0,50.741101374012764,33.92771920690703,51.100200036370246,78.12675532136748,15.974440894568689,21.383979021976455,21.898143393470498,26.895632400219554,46.68477328005102,21.722239113543463,30.68389301621584,51.83705183705184,40.5360526675653,11.037527593818984,30.381069682379724,35.08771929824561,55.39697540881942,31.746031746031747,8.547008547008547,22.67130233231928,30.487804878048777,25.185943655161623,35.2112676056338,53.15912374641533,94.01242158729082,52.561769126460035,56.19669106547484,24.754948718647515,25.98521070293707,53.68604172786782,9999.0,33.55828916430663,66.38317974800468,27.986680136191865,38.758488909546315,38.758488909546315,18.248175182481752,24.676040805073065,21.237363876957787,77.99145299145299,24.213075060532685,43.758276152642345,81.2189012706563,33.78378378378378,85.47008547008546,12.87001287001287,90.91762937916785,34.602076124567475,27.47252747252747,37.03703703703704,13.191690386302556,34.72222222222222
basic_needs_deprivation|WVS_H,58.29715240832467,52.764917351317116,50.741101374012764,0.0,67.5748034869027,75.69654890227217,111.77383960136316,46.23531341088593,55.031063301972125,55.52156877083043,60.54271668021523,47.27935375623632,55.36932339353913,45.87155963302752,85.48413611704751,61.77239249227844,40.39297572998323,64.0281539623754,45.24886877828054,54.857057326747494,70.81928913009091,42.19409282700422,56.31838661231495,44.17188438116476,58.8330279351573,62.77032924999265,52.6192056643434,93.4725035052189,86.20885340645572,55.6567729834029,29.32551319648094,25.44529262086514,53.14612364579588,9999.0,64.05533123090375,100.03026402800035,50.25125628140703,72.40557318954198,72.40557318954198,52.969954895969735,58.32312508506874,54.88444815695346,87.94529262086513,38.398660496512804,77.40536043263802,114.86598555065197,56.02633237621682,100.8140961302554,49.46153468746934,121.94192688312874,66.59755599535075,35.97122302158274,32.78688524590164,46.83877466629823,50.25918840250286
child_qualities_autonomy_self_expression|WVS_A,41.483770241218934,35.95153518421137,33.92771920690703,67.5748034869027,0.0,67.93390214926018,94.43359000881125,38.31732126791918,38.21768113486639,38.73184550636043,43.72933451310949,68.00479258529046,38.5559412264334,52.70756763375462,68.67075394994177,62.55972728510409,33.061202211357774,47.214771795269655,68.49216002134784,75.58249615580162,60.079564829098,25.38071065989848,39.50500444520921,53.19520753820129,42.01964576805156,67.97161158823178,72.78856836378961,114.19794233427302,68.8686038139038,76.38221181245704,46.65730640457933,46.17073144991927,70.31485160435855,9999.0,49.86512385175039,82.69001443544843,47.903233182421005,55.592191022436246,55.592191022436246,36.156572728864,41.509742917962996,38.07106598984772,94.82515510434293,48.54614412136536,60.591978265532276,97.52573595810006,55.472551047772285,102.3037875829754,32.648152520363595,119.2511624622341,51.627429820003464,52.97270347750218,59.72086695127429,29.498525073746315,65.74094077344928
child_qualities_conformity_tradition|WVS_A,58.65625107068215,53.1240160136746,51.100200036370246,75.69654890227217,67.93390214926018,0.0,112.13293826372063,55.4898020973824,55.39016196432961,55.904326335823654,60.90181534257271,68.9655172413793,55.728422055896615,62.893081761006286,85.843234779405,79.7322081145673,50.23368304082099,64.38725262473288,72.57268485283561,79.66302098728939,77.7789130840074,42.5531914893617,56.677485274672435,68.97784804170665,59.19212659751478,85.14409241769499,77.42516932488529,118.27846716576079,86.56795206881318,80.4627366439448,56.81818181818181,50.25125628140703,77.95208730633777,9999.0,67.56447210665979,100.38936269035784,65.07571401188423,72.76467185189946,72.76467185189946,53.32905355832722,58.68222374742622,55.24354681931094,111.99763593380615,63.204624157054695,77.7644590949955,115.22508421300947,73.17189930268168,119.47626841243863,49.82063334982682,136.9505107171435,68.79991064946668,63.94988641839333,63.801391782762046,47.19787332865571,75.06515206304475
child_qualities_prosocial_diligence|WVS_A,79.6409472880061,80.15057129867184,78.12675532136748,111.77383960136316,94.43359000881125,112.13293826372063,0.0,74.6343859825916,82.41671724932684,82.93088162082088,87.92837062756995,107.3117857222391,82.75497734089384,91.31090545840391,112.86979006440222,101.16306510975338,71.66454003600705,89.38494268567618,106.08732830955053,116.02398785100749,95.51610469041661,69.57974677435894,77.31130255882731,88.63174739951991,86.21868188251202,108.09472104261786,108.22510822510822,154.63943402947888,104.30514367522241,116.82370350766291,85.38196116083559,86.61222314512514,105.75139146567717,9999.0,85.301663713069,118.12655429676705,88.61369257837994,99.79122713689671,99.79122713689671,74.83605503407483,85.34322820037104,78.25064416276133,139.02419121880337,83.98268398268398,104.79101437999273,132.96227581941866,90.9090909090909,146.50282369743587,72.07792207792207,154.6877023235527,88.02975315677394,88.4092433388208,100.0662489728767,64.93506493506493,101.97210197210197
civic_dishonesty_tolerance|WVS_F,24.405203400467848,23.507435132333597,15.974440894568689,46.23531341088593,38.31732126791918,55.4898020973824,74.6343859825916,0.0,25.773581082988606,21.367521367521366,30.211480362537767,42.62408192539197,23.752969121140143,25.77319587628866,56.226653898063994,40.48582995951417,14.471780028943561,34.14919879813792,43.11144936144936,50.20178549590314,40.280360802878356,12.9366106080207,22.075558671289052,33.39600351198165,29.575545716173778,50.607287449392715,47.963933833499055,88.81723167437454,49.069399787684155,51.00150115255856,21.186440677966104,20.79002079002079,48.49085181495154,9999.0,30.06591982553075,62.8908104092288,23.696682464454977,43.14809097055847,43.14809097055847,19.600311146536576,29.065642866085216,23.014900275223077,82.38105505246514,28.74694009514572,48.1478782136545,77.72653193188043,35.673347021552644,89.85968753109762,16.722408026755854,99.45195843601445,32.79400926923568,33.17349945128254,34.340156291375806,9.699321047526674,44.77134633834346
confidence_in_civil_society_organizations|WVS_E,28.940030056288357,23.407794999280803,21.383979021976455,55.031063301972125,38.21768113486639,55.39016196432961,82.41671724932684,25.773581082988606,0.0,26.18810532142986,31.185594328178915,55.461052400359875,26.012201041502824,39.76708976847331,56.1270137650112,49.61924941982277,20.120724346076457,34.671031610339085,55.7679700323085,63.03875597087105,48.0626920696136,12.836970474967908,26.96126426027864,41.17833477871689,29.475905583120984,55.427871403301204,60.77169560430521,101.65420214934244,56.851731054419396,63.83847162752646,33.83814547090499,33.626991264988696,58.29797884487416,9999.0,37.84825109226599,70.67314167596405,35.35949299749043,43.048450837505676,43.048450837505676,23.612832543933425,28.966002733032425,25.527325804917147,82.28141491941236,36.52927136188096,48.048238080601706,85.50886319861567,43.455678288287885,89.76004739804483,19.047619047619047,107.23428970274969,39.08368963507289,40.95583071801778,47.17712676634371,17.481652314261915,52.800462908167965
confidence_in_domestic_institutions|WVS_E,29.4541944277824,23.921959370774843,21.898143393470498,55.52156877083043,38.73184550636043,55.904326335823654,82.93088162082088,21.367521367521366,26.18810532142986,0.0,31.69975869967296,43.66812227074236,26.526365412996867,34.774958463244054,56.641178136505246,44.627118114593515,15.1285930408472,35.18519598183313,35.97122302158274,59.48804085584764,28.57142857142857,13.35113484646195,27.475428631772683,27.700831024930746,29.990069954615027,29.239766081871345,42.016806722689076,98.10348703431904,57.365895425913436,60.28775651250305,28.846014165675733,30.076276149965288,57.77710717489603,9999.0,38.36241546376003,71.18730604745808,32.07774558322008,43.562615208999716,43.562615208999716,24.12699691542747,29.480167104526465,26.041490176411187,82.79557929090639,24.154589371980677,48.56240245209575,86.0230275701097,38.75968992248062,90.27421176953887,19.960079840319363,87.74302620456467,39.59785400656693,23.419203747072597,28.98550724637681,17.99581668575596,32.78688524590164
confidence_in_international_organizations|WVS_E,34.45168343453146,28.919448377523906,26.895632400219554,60.54271668021523,43.72933451310949,60.90181534257271,87.92837062756995,30.211480362537767,31.185594328178915,31.69975869967296,0.0,57.433738060959705,31.523854419745923,41.43285779712453,61.6386671432543,51.28501744847398,21.78649237472767,40.18268498858219,57.433738060959705,66.14594018972811,53.191489361702125,18.34862385321101,32.47291763852174,44.642857142857146,34.98755896136409,60.24096385542168,63.90808852732401,104.76138636819951,62.3633844326625,66.94565584638352,35.5039134995562,36.73417548384575,63.80963222311726,9999.0,43.35990447050909,76.18479505420714,38.73564491710055,48.56010421574878,48.56010421574878,29.124485922176525,34.47765611127552,31.03897918316025,87.79306829765545,35.587188612099645,53.55989145884481,91.02051657685877,48.967331666530995,95.27170077628793,25.616065713676125,112.36308699483823,44.595343013316,38.314176245210724,40.816326530612244,22.993305692505018,54.054054054054056
crime_victimization|WVS_H,57.08260314011534,51.96045938933155,46.68477328005102,47.27935375623632,68.00479258529046,68.9655172413793,107.3117857222391,42.62408192539197,55.461052400359875,43.66812227074236,57.433738060959705,0.0,53.7304283263767,22.88329519450801,78.45596432552955,43.66812227074236,35.64724568623204,56.17977528089888,37.3134328358209,51.245825841253534,31.847133757961785,42.62408192539197,54.75295841093654,40.5606528956708,59.26301703354505,27.17391304347826,39.52569169960474,89.86127201972494,81.74679952733165,52.04554149790894,21.929824561403507,21.83406113537118,49.53489216030192,9999.0,60.09776349270121,94.33962264150944,27.3224043715847,72.41195156858498,46.077504725897924,52.27771088618407,42.918454935622314,55.31443725534121,84.33406113537117,29.32551319648094,77.48824987033245,110.40393167152791,50.501253132832076,91.74311926605505,49.5195779300313,86.34551067661437,60.689514483884125,25.06265664160401,24.390243902439025,42.376720787174165,40.32258064516129
democratic_system_evaluation|WVS_E,29.278290147855365,23.74605509084781,21.722239113543463,55.36932339353913,38.5559412264334,55.728422055896615,82.75497734089384,23.752969121140143,26.012201041502824,26.526365412996867,31.523854419745923,53.7304283263767,0.0,37.72954806254152,56.46527385657821,47.58170771389098,18.083182640144663,35.00929170190609,53.7304283263767,62.44263045514511,48.400952161180605,13.175230566534916,27.299524351845648,39.21568627450981,29.81416567468799,55.76613149486821,47.84688995215311,101.05807663361651,57.189991145986404,63.242346111800515,31.800603764973197,33.03086574926275,58.63623893644117,9999.0,38.186511183833,71.01140176753105,35.03233518251754,43.386710929072684,43.386710929072684,23.951092635500434,29.304262824599434,25.865585896484156,82.61967501097936,36.86753145344797,48.386498172168714,85.84712329018268,43.79393837985489,90.09830748961184,18.65671641791045,107.5725497943167,39.4219497266399,41.29409080958479,46.48489157701432,17.819912405828923,50.76292120223617
democratic_values_importance|WVS_E,41.08172287628015,35.95957912549636,30.68389301621584,45.87155963302752,52.70756763375462,62.893081761006286,91.31090545840391,25.77319587628866,39.76708976847331,34.774958463244054,41.43285779712453,22.88329519450801,37.72954806254152,0.0,70.61690026389944,45.13449215302559,19.646365422396855,49.160918109227325,28.73563218390805,42.19409282700422,34.013605442176875,27.326856973856145,38.75207814710136,22.075055187637968,43.96579208200922,33.11258278145695,25.974025974025974,98.29975441246462,65.74591926349646,33.11258278145695,30.765852473415684,30.272543528110866,52.35602094240838,9999.0,43.66812227074236,79.5673298850411,35.40482332022739,56.4110713047498,52.01617446387661,36.27683062234888,43.455889231920665,39.69141975103538,92.77254352811087,18.315018315018314,61.48736960649727,94.40305140769273,42.37288135593221,84.74961891110961,33.51869766619612,88.49557522123894,49.01960784313725,17.123287671232877,16.722408026755854,26.37584052333898,30.211480362537767
economic_ideology|WVS_E,59.393102871363745,53.86086781435619,51.83705183705184,85.48413611704751,68.67075394994177,85.843234779405,112.86979006440222,56.226653898063994,56.1270137650112,56.641178136505246,61.6386671432543,78.45596432552955,56.46527385657821,70.61690026389944,0.0,80.46905991524889,50.970534841502584,65.12410442541447,86.40149265149266,93.49182878594644,60.6060606060606,43.29004329004329,57.41433707535403,71.63140759379228,59.92897839819637,51.282051282051285,91.2247684193806,132.10727496441785,87.30480386949478,94.29154444260186,64.56663903472415,64.08006408006409,88.75105165994955,9999.0,68.30132390734138,101.12621449103943,65.81256581256582,73.50152365258106,58.13953488372093,54.06590535900881,59.41907554810781,55.980398619992535,112.73448773448774,66.98234417695635,78.5013108956771,115.96193601369106,73.90875110336327,120.21312021312022,50.55748515050841,110.45364891518739,69.53676245014827,71.40890353309317,77.6301995814191,47.9347251293373,83.6502734035941
electoral_integrity|WVS_E,50.93388252762961,45.81173877684583,40.5360526675653,61.77239249227844,62.55972728510409,79.7322081145673,101.16306510975338,40.48582995951417,49.61924941982277,44.627118114593515,51.28501744847398,43.66812227074236,47.58170771389098,45.13449215302559,80.46905991524889,0.0,29.498525073746315,59.013077760576785,49.75124378109453,57.4712643678161,66.80903993004011,37.179016625205605,48.60423779845082,37.735849056603776,53.81795173335868,59.96008627093009,51.282051282051285,109.73704550313276,75.59807891484593,63.8287128212897,41.65376928397552,41.70983461877901,58.13953488372093,9999.0,56.594598952692515,89.41948953639056,46.29274013078723,66.26323095609925,67.39049698774338,46.12899027369834,53.30804888327012,49.54357940238484,104.20983461877903,28.81844380403458,71.33952925784672,104.25521105904218,61.3456588317081,97.01271813073056,43.370857317545585,119.1316839040662,59.322688396397446,28.011204481792713,28.98550724637681,36.22800017468844,58.13168640950356
existential_threat_worry|WVS_H,21.435357453883302,16.31321370309951,11.037527593818984,40.39297572998323,33.061202211357774,50.23368304082099,71.66454003600705,14.471780028943561,20.120724346076457,15.1285930408472,21.78649237472767,35.64724568623204,18.083182640144663,19.646365422396855,50.970534841502584,29.498525073746315,0.0,29.51455268683047,35.64724568623204,44.359447815000436,37.31051485629381,7.680491551459292,19.105712724704503,30.4261575653971,24.31942665961237,44.368359122718545,42.12159615259635,82.97489399347184,46.099553841099606,45.15916347165585,13.717421124828531,14.947683109118087,42.64851413404883,9999.0,27.0960738789462,59.92096446264425,16.949152542372882,36.76470588235294,37.89197191399706,16.630465199952027,23.80952380952381,20.045054328638532,77.12493599590374,21.05263157894737,41.84100418410041,74.75668598529587,31.847133757961785,84.60356847453622,13.872332243799267,96.48211248942991,29.82416332265113,23.58490566037736,28.40170893686965,6.729475100942126,32.67973856209151
familial_duty_obligations|WVS_D,37.93712071669163,32.404885659684076,30.381069682379724,64.0281539623754,47.214771795269655,64.38725262473288,89.38494268567618,34.14919879813792,34.671031610339085,35.18519598183313,40.18268498858219,56.17977528089888,35.00929170190609,49.160918109227325,65.12410442541447,59.013077760576785,29.51455268683047,0.0,64.94551049682055,72.03584663127432,55.03091750596293,21.83406113537118,35.95835492068191,48.14656021506622,38.47299624352426,64.42496206370447,67.73992104065454,110.65129280974571,63.81995649076873,71.94244604316548,43.110656880052034,42.62408192539197,65.2662042812235,9999.0,44.816476528615325,77.64136711231338,44.3565836578937,52.04554149790894,52.04554149790894,32.609923204336695,37.9630933934357,34.52441646532042,91.27850557981563,43.497496798230294,57.04532874100498,92.477088634965,50.42390372463722,97.08737864077669,29.101502995836295,114.20251513909903,47.54456597232026,47.924056154367115,50.25125628140703,24.449877750611247,61.48691478764829
female_income_threat_to_marriage|WVS_D,55.85814572742677,51.96045938933155,35.08771929824561,45.24886877828054,68.49216002134784,72.57268485283561,106.08732830955053,43.11144936144936,55.7679700323085,35.97122302158274,57.433738060959705,37.3134328358209,53.7304283263767,28.73563218390805,86.40149265149266,49.75124378109453,35.64724568623204,64.94551049682055,0.0,51.733193277310924,48.165804964300904,43.11144936144936,53.52850099824798,41.048020331728196,59.75038446960244,35.587188612099645,49.495341614906835,90.34863945578232,80.52234211464308,52.53290893396634,21.929824561403507,22.321428571428573,50.02225959635932,9999.0,60.09776349270121,94.34375273618772,31.25,72.41195156858498,54.490780294519304,51.0532534734955,59.24048161951387,54.467842602182,84.82142857142857,28.08988764044944,77.48824987033245,109.17947425883935,50.25125628140703,96.92894498839999,47.95773216825848,94.75878624523574,60.689514483884125,28.409090909090907,28.901734104046245,41.1522633744856,34.602076124567475
freedom_security_tradeoff_perception|WVS_H,65.79480526888374,60.67266151809994,55.39697540881942,54.857057326747494,75.58249615580162,79.66302098728939,116.02398785100749,50.20178549590314,63.03875597087105,59.48804085584764,66.14594018972811,51.245825841253534,62.44263045514511,42.19409282700422,93.49182878594644,57.4712643678161,44.359447815000436,72.03584663127432,51.733193277310924,0.0,74.0546218487395,50.20178549590314,63.46516053970494,48.138356466181975,66.84072060405622,66.23170129941334,56.58567774936061,97.4389755902361,90.45900165610004,59.62324506842012,32.78688524590164,29.41176470588235,57.1125957308131,9999.0,68.02180331592096,104.28041227764469,44.642857142857146,80.41326585844091,80.41326585844091,60.97764756486866,66.33081775396765,62.89214082585238,91.91176470588235,42.36513258153002,85.41305310153695,119.11613380029631,59.99280446123403,110.22130371135796,57.46922735636826,125.40329893254943,70.56402808036795,42.5531914893617,42.19409282700422,51.08892291594256,54.22566048752007
gender_role_traditionalism|WVS_D,45.286922108292856,45.79654611895859,31.746031746031747,70.81928913009091,60.079564829098,77.7789130840074,95.51610469041661,40.280360802878356,48.0626920696136,28.57142857142857,53.191489361702125,31.847133757961785,48.400952161180605,34.013605442176875,60.6060606060606,66.80903993004011,37.31051485629381,55.03091750596293,48.165804964300904,74.0546218487395,0.0,35.22572159464569,42.95727737911406,44.642857142857146,51.86465670279877,12.578616352201257,44.052863436123346,117.82965379620538,69.95111849550916,67.12618822363382,41.49377593360996,52.258197965411895,52.91005291005291,9999.0,50.94763853335576,75.18796992481204,29.41176470588235,65.43720195718346,20.2020202020202,40.482029854361585,50.989203020657804,43.896618983048086,104.67016603909013,48.64253393665158,70.4369892002795,98.60825063970543,49.26108374384237,112.14879851772261,37.72389689820882,59.1715976331361,44.642857142857146,39.682539682539684,44.24778761061947,30.581039755351682,31.055900621118013
immigrant_origin_status|WVS_G,16.10305958132045,10.570824524312895,8.547008547008547,42.19409282700422,25.38071065989848,42.5531914893617,69.57974677435894,12.9366106080207,12.836970474967908,13.35113484646195,18.34862385321101,42.62408192539197,13.175230566534916,27.326856973856145,43.29004329004329,37.179016625205605,7.680491551459292,21.83406113537118,43.11144936144936,50.20178549590314,35.22572159464569,0.0,14.124293785310734,28.341364303748986,16.638935108153078,42.5909009283333,47.9347251293373,88.81723167437454,44.01476057945149,51.00150115255856,21.27659574468085,20.79002079002079,45.46100836990625,9999.0,25.011280617298084,57.836171200996134,22.52252252252252,30.211480362537767,30.211480362537767,10.775862068965518,16.129032258064516,12.69035532994924,69.44444444444444,23.692300886913056,35.2112676056338,72.67189272364776,30.618707813319983,76.92307692307692,7.267441860465116,94.3973192277818,26.246719160104984,28.118860243049877,34.340156291375806,4.644681839294009,40.3602301135508
importance_of_life_domains|WVS_A,27.082119976703552,24.69511830962363,22.67130233231928,56.31838661231495,39.50500444520921,56.677485274672435,77.31130255882731,22.075558671289052,26.96126426027864,27.475428631772683,32.47291763852174,54.75295841093654,27.299524351845648,38.75207814710136,57.41433707535403,48.60423779845082,19.105712724704503,35.95835492068191,53.52850099824798,63.46516053970494,42.95727737911406,14.124293785310734,0.0,36.07292008821735,30.76322889346381,55.53589373131532,55.66628091380567,102.08060671817634,51.74631636391986,64.26487619636036,32.823133849533036,34.05339583382259,53.19256415437462,9999.0,32.74283640176645,65.5677269854645,36.05486526707738,44.3357741478485,44.3357741478485,22.277227722772277,30.25332604337525,25.691816851458782,83.56873822975518,31.423856671381422,49.335561390944534,80.40344850811613,38.35026359778835,91.04737070838766,19.519094766619517,102.12887501225016,35.470925845471385,35.85041602751824,47.507421661574156,12.376237623762377,49.413274660799416
institutional_threat_perception|WVS_H,38.402564817396154,38.91218882806188,30.487804878048777,44.17188438116476,53.19520753820129,68.97784804170665,88.63174739951991,33.39600351198165,41.17833477871689,27.700831024930746,44.642857142857146,40.5606528956708,39.21568627450981,22.075055187637968,71.63140759379228,37.735849056603776,30.4261575653971,48.14656021506622,41.048020331728196,48.138356466181975,44.642857142857146,28.341364303748986,36.07292008821735,0.0,44.98029941190207,48.543689320388346,35.46099290780142,86.75380264465338,63.06676120461246,48.93807212283739,19.68503937007874,18.726591760299623,46.42742278523037,9999.0,44.063281242459055,76.8881718261571,24.096385542168672,58.55284466628676,58.55284466628676,33.597672563464876,44.104845729761095,37.012261692151384,81.22659176029963,28.57142857142857,63.55263190938278,91.72389334880873,48.25646794150731,86.95652173913044,30.83953960731212,103.81445477599325,46.79137068616399,26.455026455026456,26.881720430107528,23.696682464454977,43.2699450304561
international_organization_knowledge|WVS_E,32.74199468947353,27.209759632465975,25.185943655161623,58.8330279351573,42.01964576805156,59.19212659751478,86.21868188251202,29.575545716173778,29.475905583120984,29.990069954615027,34.98755896136409,59.26301703354505,29.81416567468799,43.96579208200922,59.92897839819637,53.81795173335868,24.31942665961237,38.47299624352426,59.75038446960244,66.84072060405622,51.86465670279877,16.638935108153078,30.76322889346381,44.98029941190207,0.0,59.229836036486375,64.57366023749037,105.45616678252762,60.65369568760457,67.64043626071164,37.915530852833925,37.42895589817387,62.09994347805933,9999.0,41.65021572545116,74.47510630914921,39.1614576306756,46.85041547069085,46.85041547069085,27.414797177118594,32.76796736621759,29.32929043810232,86.08337955259752,40.33123599506614,51.85020271378688,89.31082783180084,47.257642921473064,93.56201203123,23.58490566037736,111.03625433593487,42.885654268258065,44.75779535120296,50.97909139952888,21.283616947447086,56.999165221703876
job_scarcity_gender_discrimination|WVS_C,57.865538460494115,53.161725452646195,35.2112676056338,62.77032924999265,67.97161158823178,85.14409241769499,108.09472104261786,50.607287449392715,55.427871403301204,29.239766081871345,60.24096385542168,27.17391304347826,55.76613149486821,33.11258278145695,51.282051282051285,59.96008627093009,44.368359122718545,64.42496206370447,35.587188612099645,66.23170129941334,12.578616352201257,42.5909009283333,55.53589373131532,48.543689320388346,59.229836036486375,0.0,56.631479788324604,109.78069391610711,82.52973484771042,58.8235294117647,33.44481605351171,45.647511926123684,52.083333333333336,9999.0,60.6060606060606,68.4931506849315,33.333333333333336,72.80238129087107,18.90359168241966,53.06064620656284,55.267228046056026,55.28125625828254,108.14751192612368,40.16064257028113,77.80216853396709,111.1868669919067,46.948356807511736,101.81099466813754,48.08128047564667,59.1715976331361,44.642857142857146,31.948881789137378,33.78378378378378,43.15965610755294,43.63451697331927
job_scarcity_nativist_preference|WVS_C,57.99592564298447,58.43480985569586,53.15912374641533,52.6192056643434,72.78856836378961,77.42516932488529,108.22510822510822,47.963933833499055,60.77169560430521,42.016806722689076,63.90808852732401,39.52569169960474,47.84688995215311,25.974025974025974,91.2247684193806,51.282051282051285,42.12159615259635,67.73992104065454,49.495341614906835,56.58567774936061,44.052863436123346,47.9347251293373,55.66628091380567,35.46099290780142,64.57366023749037,56.631479788324604,0.0,95.20112392783201,82.66012203020077,55.55555555555556,30.211480362537767,27.17391304347826,54.87474406840901,9999.0,63.65664206804737,96.48153265174543,30.211480362537767,78.14620549187507,51.282051282051285,53.191033389053196,55.865921787709496,56.6056225177397,89.67391304347827,40.12728091912593,83.1459927349711,111.31725417439705,57.75495279882995,75.18796992481204,50.43290043290044,103.22446106925945,66.3847315117523,34.96503496503497,33.333333333333336,43.29004329004329,51.98780882511598
life_autonomy_morality_permissiveness|WVS_F,104.41025144735514,99.28810769657134,94.01242158729082,93.4725035052189,114.19794233427302,118.27846716576079,154.63943402947888,88.81723167437454,101.65420214934244,98.10348703431904,104.76138636819951,89.86127201972494,101.05807663361651,98.29975441246462,132.10727496441785,109.73704550313276,82.97489399347184,110.65129280974571,90.34863945578232,97.4389755902361,117.82965379620538,88.81723167437454,102.08060671817634,86.75380264465338,105.45616678252762,109.78069391610711,95.20112392783201,0.0,129.07444783457146,98.23869124689152,76.33587786259541,68.02721088435375,95.7280419092845,9999.0,106.63724949439236,142.8958584561161,99.92404653584472,119.02871203691231,119.02871203691231,99.59309374334006,104.94626393243905,101.50758700432378,130.52721088435374,80.98057876000142,124.02849928000833,157.7315799787677,98.60825063970543,149.60455727006251,96.08467353483965,168.95229154924323,109.17947425883935,81.72584102134005,81.57734638570876,89.70436909441396,92.84110666599146
multilevel_place_attachment|WVS_G,54.075961093098655,54.58558510376439,52.561769126460035,86.20885340645572,68.8686038139038,86.56795206881318,104.30514367522241,49.069399787684155,56.851731054419396,57.365895425913436,62.3633844326625,81.74679952733165,57.189991145986404,65.74591926349646,87.30480386949478,75.59807891484593,46.099553841099606,63.81995649076873,80.52234211464308,90.45900165610004,69.95111849550916,44.01476057945149,51.74631636391986,63.06676120461246,60.65369568760457,82.52973484771042,82.66012203020077,129.07444783457146,0.0,91.25871731275546,59.81697496592814,61.047236950217695,80.18640527076973,9999.0,59.73667751816156,92.5615681018596,63.04870638347249,74.22624094198926,74.22624094198926,49.271068839167384,59.7782420054636,52.685657967853885,113.45920502389593,58.41769778777653,79.22602818508528,107.39728962451123,65.34410471418346,120.93783750252841,46.51293588301462,129.12271612864527,62.46476696186649,62.84425714391335,74.50126277796926,39.37007874015748,76.40711577719452
neighborhood_disorder_and_crime|WVS_H,66.59452092553916,61.472377174755366,56.19669106547484,55.6567729834029,76.38221181245704,80.4627366439448,116.82370350766291,51.00150115255856,63.83847162752646,60.28775651250305,66.94565584638352,52.04554149790894,63.242346111800515,33.11258278145695,94.29154444260186,63.8287128212897,45.15916347165585,71.94244604316548,52.53290893396634,59.62324506842012,67.12618822363382,51.00150115255856,64.26487619636036,48.93807212283739,67.64043626071164,58.8235294117647,55.55555555555556,98.23869124689152,91.25871731275546,0.0,32.25806451612903,30.211480362537767,57.91231138746851,9999.0,68.82151897257637,105.08012793430011,39.21568627450981,81.21298151509633,77.72712109418435,61.77736322152407,60.975609756097555,63.6918564825078,92.71148036253777,43.164848238185435,86.21276875819235,119.91584945695173,60.79252011788945,102.87041645926664,58.26894301302367,117.99512704490081,71.01775443860964,37.87878787878788,34.84320557491289,51.88863857259798,55.02537614417548
offline_political_participation|WVS_E,35.15277857871183,30.03063482792804,24.754948718647515,29.32551319648094,46.65730640457933,56.81818181818181,85.38196116083559,21.186440677966104,33.83814547090499,28.846014165675733,35.5039134995562,21.929824561403507,31.800603764973197,30.765852473415684,64.56663903472415,41.65376928397552,13.717421124828531,43.110656880052034,21.929824561403507,32.78688524590164,41.49377593360996,21.27659574468085,32.823133849533036,19.68503937007874,37.915530852833925,33.44481605351171,30.211480362537767,76.33587786259541,59.81697496592814,32.25806451612903,0.0,27.097639445661812,35.2112676056338,9999.0,38.167938931297705,73.63838558747278,30.666573667201412,50.482127007181475,51.48807610721862,30.34788632478056,37.40562800274537,33.76247545346706,81.96721311475409,14.144271570014144,55.558425308928946,88.47410711012441,28.57142857142857,82.71149869639487,27.5897533686278,92.6164136866478,38.75968992248062,13.64256480218281,14.684287812041118,20.446896225770658,23.58490566037736
online_political_participation|WVS_E,36.38304056300139,31.260896812217595,25.98521070293707,25.44529262086514,46.17073144991927,50.25125628140703,86.61222314512514,20.79002079002079,33.626991264988696,30.076276149965288,36.73417548384575,21.83406113537118,33.03086574926275,30.272543528110866,64.08006408006409,41.70983461877901,14.947683109118087,42.62408192539197,22.321428571428573,29.41176470588235,52.258197965411895,20.79002079002079,34.05339583382259,18.726591760299623,37.42895589817387,45.647511926123684,27.17391304347826,68.02721088435375,61.047236950217695,30.211480362537767,27.097639445661812,0.0,27.700831024930746,9999.0,38.61003861003861,74.86864757176234,31.896835651490967,51.00150115255856,51.00150115255856,31.565882858986306,36.9190530480853,33.48037611997003,62.5,12.953367875647668,56.00128839565459,89.70436909441396,30.581039755351682,81.57734638570876,28.057462650485906,104.81910955925977,41.1522633744856,13.698630136986303,13.550135501355014,21.677158210060213,24.813895781637715
outgroup_trust|WVS_G,55.52220888355342,56.03183289421915,53.68604172786782,53.14612364579588,70.31485160435855,77.95208730633777,105.75139146567717,48.49085181495154,58.29797884487416,57.77710717489603,63.80963222311726,49.53489216030192,58.63623893644117,52.35602094240838,88.75105165994955,58.13953488372093,42.64851413404883,65.2662042812235,50.02225959635932,57.1125957308131,52.91005291005291,45.46100836990625,53.19256415437462,46.42742278523037,62.09994347805933,52.083333333333336,54.87474406840901,95.7280419092845,80.18640527076973,57.91231138746851,35.2112676056338,27.700831024930746,0.0,9999.0,61.18292530861632,94.00781589231437,56.81818181818181,75.67248873244402,59.523809523809526,50.71731662962215,61.224489795918366,54.13190575830865,90.20083102493075,40.654198900578415,80.67227597554006,108.843537414966,58.28187078028243,109.2781774106395,47.95918367346938,111.25493096646943,63.91101475232125,41.399461161917046,41.25096652628576,40.816326530612244,52.51472680656846
perceived_corruption|WVS_E,9999.0,9999.0,9999.0,9999.0,9999.0,9999.0,9999.0,9999.0,9999.0,9999.0,9999.0,9999.0,9999.0,9999.0,9999.0,9999.0,9999.0,9999.0,9999.0,9999.0,9999.0,9999.0,9999.0,9999.0,9999.0,9999.0,9999.0,9999.0,9999.0,9999.0,9999.0,9999.0,9999.0,0.0,9999.0,9999.0,9999.0,9999.0,9999.0,9999.0,9999.0,9999.0,9999.0,9999.0,9999.0,9999.0,9999.0,9999.0,9999.0,9999.0,9999.0,9999.0,9999.0,9999.0,9999.0
perceived_negative_effects_of_immigration|WVS_G,35.07248113094525,35.58210514161098,33.55828916430663,64.05533123090375,49.86512385175039,67.56447210665979,85.301663713069,30.06591982553075,37.84825109226599,38.36241546376003,43.35990447050909,60.09776349270121,38.186511183833,43.66812227074236,68.30132390734138,56.594598952692515,27.0960738789462,44.816476528615325,60.09776349270121,68.02180331592096,50.94763853335576,25.011280617298084,32.74283640176645,44.063281242459055,41.65021572545116,60.6060606060606,63.65664206804737,106.63724949439236,59.73667751816156,68.82151897257637,38.167938931297705,38.61003861003861,61.18292530861632,9999.0,0.0,73.5580881397062,40.48582995951417,55.222760979835854,55.222760979835854,30.267588877013978,40.7747620433102,33.68217800570048,94.45572506174253,39.414217825623126,60.222548222931884,88.39380966235782,46.34062475203005,101.934357540375,27.509455920861217,110.11923616649186,43.46128699971308,43.84077718175995,52.16017411139362,20.366598778004075,57.40363581504111
perceived_positive_effects_of_immigration|WVS_G,67.8973717146433,68.40699572530903,66.38317974800468,100.03026402800035,82.69001443544843,100.38936269035784,118.12655429676705,62.8908104092288,70.67314167596405,71.18730604745808,76.18479505420714,94.33962264150944,71.01140176753105,79.5673298850411,101.12621449103943,89.41948953639056,59.92096446264425,77.64136711231338,94.34375273618772,104.28041227764469,75.18796992481204,57.836171200996134,65.5677269854645,76.8881718261571,74.47510630914921,68.4931506849315,96.48153265174543,142.8958584561161,92.5615681018596,105.08012793430011,73.63838558747278,74.86864757176234,94.00781589231437,9999.0,73.5580881397062,0.0,76.87011700501714,88.0476515635339,64.51612903225806,63.09247946071203,73.52941176470588,66.50706858939853,127.28061564544058,72.23910840932118,93.04743880662994,121.21870024605587,79.1655153357281,134.75924812407305,60.334346504559264,127.66474831806761,76.28617758341113,76.665667765458,88.3226733995139,53.191489361702125,90.22852639873916
political_information_sources|WVS_E,38.384509996256185,33.09334704683542,27.986680136191865,50.25125628140703,47.903233182421005,65.07571401188423,88.61369257837994,23.696682464454977,35.35949299749043,32.07774558322008,38.73564491710055,27.3224043715847,35.03233518251754,35.40482332022739,65.81256581256582,46.29274013078723,16.949152542372882,44.3565836578937,31.25,44.642857142857146,29.41176470588235,22.52252252252252,36.05486526707738,24.096385542168672,39.1614576306756,33.333333333333336,30.211480362537767,99.92404653584472,63.04870638347249,39.21568627450981,30.666573667201412,31.896835651490967,56.81818181818181,9999.0,40.48582995951417,76.87011700501714,0.0,52.73400288506029,49.613784907902556,33.29838459148804,38.651554780587034,35.21287785247176,91.96696696696696,19.23076923076923,57.73379012815632,91.70583852766876,36.90036900369004,87.71225025443249,29.789964382987637,88.58336233901845,45.87155963302752,18.281535648994517,19.68503937007874,23.678627643315007,29.58579881656805
postmaterialist_values|WVS_E,46.31453994385822,40.78230488685066,38.758488909546315,72.40557318954198,55.592191022436246,72.76467185189946,99.79122713689671,43.14809097055847,43.048450837505676,43.562615208999716,48.56010421574878,72.41195156858498,43.386710929072684,56.4110713047498,73.50152365258106,66.26323095609925,36.76470588235294,52.04554149790894,72.41195156858498,80.41326585844091,65.43720195718346,30.211480362537767,44.3357741478485,58.55284466628676,46.85041547069085,72.80238129087107,78.14620549187507,119.02871203691231,74.22624094198926,81.21298151509633,50.482127007181475,51.00150115255856,75.67248873244402,9999.0,55.222760979835854,88.0476515635339,52.73400288506029,0.0,60.422960725075534,40.987342431503286,46.34051262060228,42.901835692487005,99.65592480698221,53.90378124945083,65.42274796817156,102.88337308618553,60.83018817585776,107.13455728561469,37.47892222300288,124.60879959031956,56.45819952264275,58.33034060558765,64.55163665391358,34.85616220183178,69.44444444444446
