construct,acceptance_of_state_surveillance|WVS_H,authoritarian_governance_tolerance|WVS_E,autocracy_support|WVS_E,basic_needs_deprivation|WVS_H,child_qualities_autonomy_self_expression|WVS_A,child_qualities_conformity_tradition|WVS_A,child_qualities_prosocial_diligence|WVS_A,civic_dishonesty_tolerance|WVS_F,confidence_in_civil_society_organizations|WVS_E,confidence_in_domestic_institutions|WVS_E,confidence_in_international_organizations|WVS_E,crime_victimization|WVS_H,democratic_system_evaluation|WVS_E,democratic_values_importance|WVS_E,economic_ideology|WVS_E,electoral_integrity|WVS_E,existential_threat_worry|WVS_H,familial_duty_obligations|WVS_D,female_income_threat_to_marriage|WVS_D,freedom_security_tradeoff_perception|WVS_H,gender_role_traditionalism|WVS_D,immigrant_origin_status|WVS_G,importance_of_life_domains|WVS_A,institutional_threat_perception|WVS_H,international_organization_knowledge|WVS_E,job_scarcity_gender_discrimination|WVS_C,job_scarcity_nativist_preference|WVS_C,life_autonomy_morality_permissiveness|WVS_F,multilevel_place_attachment|WVS_G,neighborhood_disorder_and_crime|WVS_H,offline_political_participation|WVS_E,online_political_participation|WVS_E,outgroup_trust|WVS_G,perceived_corruption|WVS_E,perceived_negative_effects_of_immigration|WVS_G,perceived_positive_effects_of_immigration|WVS_G,political_information_sources|WVS_E,postmaterialist_values|WVS_E,precautionary_security_behaviors|WVS_H,religion_versus_secularism_orientation|WVS_F,religious_belief|WVS_F,religious_exclusivism|WVS_F,religious_practice_and_self_identification|WVS_F,science_skepticism|WVS_I,science_technology_optimism|WVS_E,sexual_and_reproductive_morality_permissiveness|WVS_F,social_intolerance_outgroups|WVS_A,societal_change_attitudes|WVS_E,socioeconomic_insecurity_worry|WVS_H,subjective_wellbeing|WVS_A,violence_tolerance|WVS_F,voluntary_association_active_membership|WVS_A,voluntary_association_belonging|WVS_A,voting_participation|WVS_E,work_ethic|WVS_C
acceptance_of_state_surveillance|WVS_H,0.0,97.69560362197461,79.15767181962691,9937.862734386297,25.5941543466123,124.15678586720317,72.62652513375753,35.07917218627634,845.674258270476,674.0519878038779,219.96513898018688,9947.680867695915,809.5785690656596,17.97902090409403,318.5685204331065,305.6958802824696,9922.736617934845,52.32472582109067,651.6077505382318,9941.831678125796,56.99967387273888,0.0,198.82134573237147,9883.813678783528,135.76914174071138,0.0,535.4584065948429,75.26516224467316,464.4970025529753,9918.537263356055,9.024023323691445,0.0,934.5090148735551,11.483804913697355,110.73945579289636,919.6690170321002,24.08677489518918,80.2995346467424,9866.893103187222,15.980144294743155,218.27845357257127,36.20696066037035,73.40705179274327,506.218487394958,287.705257939818,94.48332977744744,39.68229128075676,51.223735400970696,9913.504932407746,361.8293471234648,267.6601670984902,62.50689252078784,335.8592994720012,915.512314950638,39.868541327276006
authoritarian_governance_tolerance|WVS_E,97.69560362197461,0.0,9900.984126984127,76.62787723221179,133.67369345630215,234.21529838443783,74.31605353006401,424.3827160493827,9808.221349790598,9877.015350877193,9889.128968253968,0.0,9880.294471811712,9854.928689883915,9881.708665603403,9885.502692119433,271.8990940703517,47.06871676145418,96.94755914518842,54.36148818501759,52.29178578235181,12.43435199460346,885.5105105105105,865.6204906204906,9894.953479430987,0.0,784.7197838292504,41.95906432748539,171.99857486968327,100.34407519301779,9915.838134430727,9920.530284797433,201.08640942398,9907.957283417327,280.0832208726946,597.5018228379364,9914.607872446437,9908.591194968554,191.54456654456658,71.25447707481655,249.1656124327604,8.225113354503378,31.957474425456766,217.37726098191212,9859.899390243903,34.72039798754601,874.1140965128275,9890.185476815399,592.3377382135819,658.70977197692,768.7861863787789,31.863715340837118,143.3088300165133,9878.05940647076,142.10451982274532
autocracy_support|WVS_E,79.15767181962691,9900.984126984127,0.0,4.18914296239771,241.39162911541428,20.49513840443535,0.29859705133696224,623.9858906525574,9851.615543535481,9929.367155000904,9941.48077237768,0.0,9921.167487684728,9895.80170575693,9922.581681476418,9926.375707992449,19.17347842108917,8.055216283865306,7.554460758028924,4.42253824606766,0.0,77.87231837371746,514.6188205011734,229.07415165479682,9942.923773820681,0.0,503.63539321324623,0.0,0.0,129.89633634905255,9957.936284246036,9963.924478542316,0.0,9948.830299290343,56.82277984116919,9.254930396278823,9959.201558681916,9949.46421084157,463.5100193923723,41.922821186817,48.77171428828591,0.0,8.649629210285383,113.60372382533487,9912.251194367615,1.191514809352256,127.0411160816395,9931.058492688415,9.165515918364804,106.86587048370794,51.04715844646195,0.0,1.2801169007489435,9930.30834918809,605.6667807945192
basic_needs_deprivation|WVS_H,9937.862734386297,76.62787723221179,4.18914296239771,0.0,87.56134201608185,44.94642143475087,24.903866862556157,914.852401191199,868.5706061021517,4.0534442673796605,15.588759539135282,9970.577215527592,62.454847644220166,901.9539305812856,928.7339063007743,33.53803382690505,9945.632965766521,10.938446167891676,26.885050750859897,9964.72802595747,6.259658068050939,67.95219068163618,331.53575120788236,9910.645731317862,0.0,0.0,844.0690401408043,11.77653355052724,17.895742729148623,9945.36931589039,0.0,0.0,32.03222837687254,19.498653146956528,64.9498670781386,38.71921101762205,0.0,8.807925027627434,9889.789451018896,223.19632597896296,66.3496265790721,6.58230008868469,34.65452218606785,34.337485034220265,114.68323842455494,16.884934257236914,69.6527321545993,154.602021860596,9936.40128023942,339.27114950059496,243.18717586044318,7.281873228538863,42.08898063701021,938.4086627823137,462.8916846310311
child_qualities_autonomy_self_expression|WVS_A,25.5941543466123,133.67369345630215,241.39162911541428,87.56134201608185,0.0,9945.171820123569,9946.19211549908,0.0,854.5112048630617,150.93228579508693,81.11051589312459,71.36994435480025,402.77480307465316,0.0,2.0725947499402935,701.0233164226653,170.66880262266892,33.55931456137823,158.9249402919117,42.06326737672255,32.76682604000077,6.072817571941364,9929.800365582974,365.45580023840887,941.2433345034518,0.0,100.27990917198449,80.49786454762847,947.0181596718768,21.391506023057318,27.487466627373806,17.840548033161888,147.42759411920196,17.94140600571395,48.284573050203825,928.5059636246858,127.56439418556789,40.35113551110269,6.273842955185813,74.21628981923803,257.4184304681871,116.09128100327972,158.99838435024122,207.11156049882035,667.2655532676742,618.4717915215482,9918.403951585291,15.215489368176804,84.63220158097651,9869.66629371605,182.7629101381114,9952.696780289843,9943.696246064586,341.0159282098904,238.1043140432821
child_qualities_conformity_tradition|WVS_A,124.15678586720317,234.21529838443783,20.49513840443535,44.94642143475087,9945.171820123569,0.0,9940.67311436661,43.468863110521596,0.0,257.68273133462947,292.1157312848707,4.7734439425834125,921.0653257517066,295.69954382390716,27.742677438132702,18.01666532548066,552.0545633949605,46.0440582078219,940.6399817126328,39.98921594798653,7.818559576625738,652.2688687797722,9927.686709454641,94.0705898435029,306.0947037413518,0.0,130.9179857936691,59.507696045256566,10.752065894126574,112.52872223645949,0.0,1.1417761876254175,66.03208853879855,18.172581801764466,24.524404483017648,50.47552987511759,49.71834902794031,58.057701082459914,290.8392300083695,134.17347916295813,162.4685350267737,14.735202901656912,153.47938321777087,931.810314987885,114.7380051266568,946.2861237224112,9915.764018691589,0.0,146.0245292020993,9897.917282094852,61.37981955738965,9947.177779157373,9938.177244932116,0.0,99.11914209052664
child_qualities_prosocial_diligence|WVS_A,72.62652513375753,74.31605353006401,0.29859705133696224,24.903866862556157,9946.19211549908,9940.67311436661,0.0,166.02856621958819,137.46953198474688,36.236331907219,31.91778331911803,2.3602119759289906,477.64117668277333,896.7198391994184,923.4998149189071,44.94090025846623,80.39675651398085,23.21857376502186,51.43963228911067,20.53645685069521,12.507361299423415,64.16538735676298,9925.301659826015,306.41163993599525,10.824826652488667,0.0,403.41246470595365,20.928096723156465,18.877814156427775,74.46855784185576,0.0,0.0,27.97646436072108,5.614354520540729,48.61853613461233,56.13654921173295,0.0,26.139920041633843,222.75143996455472,48.21387048017673,81.7006902181528,5.759682654477508,41.47810786832278,147.8415300546448,46.216562753681586,27.784320946802794,9923.259648723924,44.33617669270045,69.3632691850796,9882.354350567466,76.11672246088416,9965.384837141259,9956.384302916002,0.0,905.9647846878004
civic_dishonesty_tolerance|WVS_F,35.07917218627634,424.3827160493827,623.9858906525574,914.852401191199,0.0,43.468863110521596,166.02856621958819,0.0,14.589437895631562,4.257130693912302,36.749379886634784,356.219196798907,106.40182554225532,0.0,5.3672437217506825,663.4495107329176,94.99975883768312,475.20518656459063,27.632796202974518,119.26708005139376,233.61894627617897,19.150341579342268,39.725873780323624,873.3365400032067,82.2409573851327,0.0,183.7450919072935,9915.341780376868,918.5733707442654,66.79028330589257,23.564084803542087,156.51906145287612,114.10548910972634,26.56344269015254,64.47420822067114,224.26549126827146,48.32392182915352,917.3072443512694,0.847917514584168,9892.785341272347,9885.511291445106,9918.787316583373,9917.435591741785,151.6167832028228,336.6514545376334,9914.339616509587,0.0,0.0,284.32172078580925,291.4879779520664,9911.283848747937,825.2138836910053,291.73782499022377,0.0,156.36288419973437
confidence_in_civil_society_organizations|WVS_E,845.674258270476,9808.221349790598,9851.615543535481,868.5706061021517,854.5112048630617,0.0,137.46953198474688,14.589437895631562,0.0,9834.306227483274,9872.451017068039,53.827335902997845,9828.4047104912,9803.038928563401,9853.341203351105,9833.61293079892,288.22709834635157,182.17304697514714,11.957444200255821,31.269708571808735,150.84895973000724,0.0,19.18790362037035,248.51333799562966,9865.11030478955,711.9991275683758,167.80612634634483,121.63970062719403,0.0,151.4846169028077,9863.948373110214,9886.691064993165,120.6271429996657,9856.067522096813,36.52049643129226,143.49453580677795,9882.47955506815,9856.70143364804,798.2297515941752,90.32531018060183,844.9560222581224,261.2445027058949,0.0,0.0,9816.413129655672,0.0,14.399572237988082,9838.295715494885,61.60410847142603,130.18093960368998,0.0,197.14835057440297,235.93754155822575,9876.53036437247,70.51282051282053
confidence_in_domestic_institutions|WVS_E,674.0519878038779,9877.015350877193,9929.367155000904,4.0534442673796605,150.93228579508693,257.68273133462947,36.236331907219,4.257130693912302,9834.306227483274,0.0,9923.394319131161,0.0,9903.377196585878,9866.901869960542,9893.68184568003,9897.47587219606,4.334569219386921,8.185086642858977,0.0,0.0,0.2453531392157089,322.7995637573361,141.38612961152907,127.59367069711897,9924.837320574163,0.0,540.783083157228,0.0,0.0,912.3172552696461,9939.849830999518,9945.838025295798,0.0,9924.652545999144,621.7267306196526,2.86347169209634,9941.115105435398,9920.564375045182,89.30607474059127,113.94625805018876,116.8689400075634,0.0,3.6756371727359465,12.423547400611625,9894.164741121096,0.0,0.0,9902.158656892027,29.942042907245067,850.9069215829531,888.3694590454907,0.0,6.681344605241989,9919.836991513022,37.229039491794765
confidence_in_international_organizations|WVS_E,219.96513898018688,9889.128968253968,9941.48077237768,15.588759539135282,81.11051589312459,292.1157312848707,31.91778331911803,36.749379886634784,9872.451017068039,9923.394319131161,0.0,0.0,9901.157867675109,9875.79208574731,9919.099912726835,9906.366087982828,0.4626430876829062,17.269502517150293,0.0,7.494395036981324,26.298972746391314,4.8432510641813025,0.0,189.51418951418955,9936.950937950938,79.62407962407963,182.28278444002416,0.0,44.96152748471657,215.3251181152372,9951.963448376293,9957.951642672573,3.2482459192556945,9936.76616337592,582.9978987873724,112.94515873505449,9953.228722812173,9929.454590831949,868.8615525824828,39.69623906332765,80.15102616703834,0.0,0.0,50.53059004099394,9906.278358497872,0.0,15.827730383717693,9911.048872678793,25.363491693117567,428.9145593736859,437.137330754352,0.0,0.0,9942.289073748201,33.3114269284482
crime_victimization|WVS_H,9947.680867695915,0.0,0.0,9970.577215527592,71.36994435480025,4.7734439425834125,2.3602119759289906,356.219196798907,53.827335902997845,0.0,0.0,0.0,558.9038994211407,241.87145082667467,54.3657122604491,22.445453062193153,9955.45109907614,4.730938451868681,4.7587396160334805,9974.546159267089,1.5230839985341191,13.607569687654845,938.1199381199381,9917.229918229918,0.0,0.0,418.2974779784238,1.5280304827410731,0.0,9951.953502802446,0.0,0.0,0.0,0.0,18.499799078005154,4.46683150672726,0.0,1.5707013181385463,9899.607584328514,0.0,14.187797246475817,0.0,1.4967634631900815,45.935769656699875,0.0,1.0633700634881187,93.7347099678784,6.687986185831974,9946.219413549039,18.000618388215287,21.90624562097645,0.0,0.7281214493077783,0.0,144.42698965782085
democratic_system_evaluation|WVS_E,809.5785690656596,9880.294471811712,9921.167487684728,62.454847644220166,402.77480307465316,921.0653257517066,477.64117668277333,106.40182554225532,9828.4047104912,9903.377196585878,9901.157867675109,558.9038994211407,0.0,9875.112050584516,9901.892026304005,9905.686052820034,140.02520969045284,39.643824047351245,58.03878984310451,0.0,66.91959092739835,751.0085172929067,905.6938712111125,123.89908941633081,9915.13684013159,0.0,816.2265938948564,37.50474386866718,546.9116653000151,223.55773892392293,9936.021495131328,9940.713645498035,318.239467094279,9928.140644117928,915.651196957912,135.95760878770787,9934.79123314704,9928.774555669155,187.9184034356448,0.0,398.9786027629922,254.83527306254962,228.58885967534925,8.543863252544625,9871.928289665044,44.345689306549275,0.0,9910.368837516,352.78083917392416,178.89313267752203,102.10086021069418,261.9236192513157,919.5897516927251,9909.566216536366,76.50356679785719
democratic_values_importance|WVS_E,17.97902090409403,9854.928689883915,9895.80170575693,901.9539305812856,0.0,295.69954382390716,896.7198391994184,0.0,9803.038928563401,9866.901869960542,9875.79208574731,241.87145082667467,9875.112050584516,0.0,9876.526244376206,9880.320270892234,63.919470045951556,341.5337690947739,42.74553007485383,436.60596754261553,908.2204756662655,0.0,76.40652065586217,336.6285455837695,9889.77105820379,0.0,328.6482011853685,903.4433097669547,28.124830740636696,20.161653965820435,9910.65571320353,9915.347863570236,0.0,9902.77486219013,247.42827217296977,63.218872510209906,9909.42545121924,9903.408773741356,0.0,12.101703642381551,873.6128208351927,177.15911624373013,334.97538341289896,878.8615064213815,9846.562507737244,118.72415290304654,0.0,9885.0030555882,13.714673123205444,826.7419644231238,864.2045018856613,88.40968917536813,48.070123611079566,9895.672034353194,18.876351811543657
economic_ideology|WVS_E,318.5685204331065,9881.708665603403,9922.581681476418,928.7339063007743,2.0725947499402935,27.742677438132702,923.4998149189071,5.3672437217506825,9853.341203351105,9893.68184568003,9919.099912726835,54.3657122604491,9901.892026304005,9876.526244376206,0.0,9907.100246611724,47.770152836147275,842.6220452095195,0.0,706.3009230191893,157.2226736079765,196.86715552904036,0.0,75.89729039580084,9916.551033923279,0.0,79.83963738975683,314.83867010182803,923.3258590917044,154.49976922019283,9937.435688923018,9942.127839289724,89.14518630969711,9929.554837909618,52.20052588473641,904.8136630445134,9936.205426938728,9930.188749460845,310.5447184394552,307.6668463819227,900.3927965546814,76.52596455009142,0.0,461.1970376964257,9873.342483456732,0.0,57.00197358576399,9911.78303130769,75.08817491138697,854.2491901011963,135.61416658812402,79.25821105295525,37.283015251856256,9923.179260031266,60.88465989456091
electoral_integrity|WVS_E,305.6958802824696,9885.502692119433,9926.375707992449,33.53803382690505,701.0233164226653,18.01666532548066,44.94090025846623,663.4495107329176,9833.61293079892,9897.47587219606,9906.366087982828,22.445453062193153,9905.686052820034,9880.320270892234,9907.100246611724,0.0,121.00862379662149,72.46029776977528,196.5309790512308,0.0,0.0,0.0,55.82962775071567,0.0,9920.34506043931,0.0,345.55719250554887,55.96853151466826,0.0,550.7356562013389,9941.229715439049,9945.921865805754,8.917772872083503,9933.348864425649,63.7165601227739,0.0,9939.999453454759,9933.982775976874,42.5276477908057,22.571984009063613,207.21712610101423,21.496461654356466,57.34905543377786,187.21328643467768,9877.136509972763,931.9068507907389,0.0,9915.577057823719,44.28867535872389,850.7680196519077,93.42019162952433,9.556081983277181,97.21176510389246,9912.581025673375,0.0
existential_threat_worry|WVS_H,9922.736617934845,271.8990940703517,19.17347842108917,9945.632965766521,170.66880262266892,552.0545633949605,80.39675651398085,94.99975883768312,288.22709834635157,4.334569219386921,0.4626430876829062,9955.45109907614,140.02520969045284,63.919470045951556,47.770152836147275,121.00862379662149,0.0,52.99856453425308,16.014253448343695,9949.601909506018,40.41925590231287,468.03075259275687,124.44906630117495,9890.793088964347,0.0,60.894820566078174,543.2286379750662,34.44782300342756,39.4093883847481,9925.516673536873,18.198702699395007,0.0,24.92387435295194,127.43757406887488,922.2751637879691,74.49807194173529,0.0,62.346071793422055,9874.663334567444,930.2924317497328,173.01838192249153,15.667087510976934,21.026907233116987,92.42009132420091,189.59313637886487,10.618649163477315,19.355682506209902,239.93872032054432,9921.275163787968,869.5995785036881,890.8150138633289,11.801662710617855,39.78337700607067,95.69633943430964,892.2100126240232
familial_duty_obligations|WVS_D,52.32472582109067,47.06871676145418,8.055216283865306,10.938446167891676,33.55931456137823,46.0440582078219,23.21857376502186,475.20518656459063,182.17304697514714,8.185086642858977,17.269502517150293,4.730938451868681,39.643824047351245,341.5337690947739,842.6220452095195,72.46029776977528,52.99856453425308,0.0,9960.320824957189,0.0,9966.362098941046,25.511088011088006,222.04726674000418,166.44296113569857,0.0,0.0,845.1714810137996,6.091260186292004,25.07308354496847,26.9241214658015,0.0,0.0,42.54141702360427,12.689806842587473,52.673285495922144,44.67790674687225,0.0,3.8919263533266246,186.00953895071544,146.52098907418056,59.728866957782614,7.15191913729813,22.96975027185043,20.722139462296944,296.3194312598737,10.445227836532183,107.93151142271188,138.08637870315502,241.53402414271983,441.38369138369137,625.3968253968254,10.180936451516267,56.94546681744894,32.10369624790166,908.4385699484709
female_income_threat_to_marriage|WVS_D,651.6077505382318,96.94755914518842,7.554460758028924,26.885050750859897,158.9249402919117,940.6399817126328,51.43963228911067,27.632796202974518,11.957444200255821,0.0,0.0,4.7587396160334805,58.03878984310451,42.74553007485383,0.0,196.5309790512308,16.014253448343695,9960.320824957189,0.0,7.85545009443382,9963.718959934271,72.94744026027448,38.904890808402456,905.378507282019,0.0,35.67304934126688,212.89397860298112,13.792529114286005,40.18202406750939,284.92967806144264,28.024722520826764,0.0,20.799729506515675,85.70160144871794,935.8605821056414,61.50659444083925,0.0,22.341912360008777,722.5820862184498,777.2111834007386,103.27046690683053,8.927302576616782,1.3516930535156249,29.428933065296697,179.33117790798397,0.0,3.718772186629195,59.148621682054596,57.811801617836494,892.475945107524,346.6051492367282,8.05648757925453,22.150014104961805,0.0,387.05009947549286
freedom_security_tradeoff_perception|WVS_H,9941.831678125796,54.36148818501759,4.42253824606766,9964.72802595747,42.06326737672255,39.98921594798653,20.53645685069521,119.26708005139376,31.269708571808735,0.0,7.494395036981324,9974.546159267089,0.0,436.60596754261553,706.3009230191893,0.0,9949.601909506018,0.0,7.85545009443382,0.0,0.0,130.30154873375216,262.45264385681844,9918.981978805508,0.0,0.0,865.9778376759509,1.2646529500462051,13.590193970853392,9953.705563378035,0.0,0.0,23.10270150645738,17.666597689300737,48.83922543242656,8.262703665002526,0.0,0.0,9893.758394758395,72.84428206414023,44.154258439972736,6.359827848110115,31.58647775650244,0.0,914.5705495109919,3.7317749182155993,0.0,945.5469650004156,9940.37022397892,723.7207237207238,483.4054834054834,6.568330843345251,48.19467651326058,0.0,30.35269186259285
gender_role_traditionalism|WVS_D,56.99967387273888,52.29178578235181,0.0,6.259658068050939,32.76682604000077,7.818559576625738,12.507361299423415,233.61894627617897,150.84895973000724,0.2453531392157089,26.298972746391314,1.5230839985341191,66.91959092739835,908.2204756662655,157.2226736079765,0.0,40.41925590231287,9966.362098941046,9963.718959934271,0.0,0.0,78.9887142441322,82.7298325247464,51.245609736175794,0.0,0.0,234.72020641831966,5.560636651064236,5.578136761044526,41.13143619660855,0.0,0.0,14.261959497716838,2.742845133288391,20.752322769588773,15.559091398785114,0.0,5.551103021647634,265.66039723934455,172.14134627348514,42.6450742240216,1.4184410591194876,44.9826038636514,36.289207868155245,64.35591296485501,18.67428068801067,74.12500406873168,31.19656084336392,51.79196597960899,127.32150890045627,67.54176410926983,1.5822705754927782,28.19128808881952,0.0,124.60266237236178
immigrant_origin_status|WVS_G,0.0,12.43435199460346,77.87231837371746,67.95219068163618,6.072817571941364,652.2688687797722,64.16538735676298,19.150341579342268,0.0,322.7995637573361,4.8432510641813025,13.607569687654845,751.0085172929067,0.0,196.86715552904036,0.0,468.03075259275687,25.511088011088006,72.94744026027448,130.30154873375216,78.9887142441322,0.0,484.5307154544102,27.001202768350794,36.35618257711281,0.9498731455925906,874.7961798276264,36.833251018644276,9955.159558263518,0.0,122.710372002316,0.0,9951.487360057783,0.0,9931.483277591973,9936.647362216328,0.0,32.928428855544055,0.0,0.0,141.55982905982907,25.875201314981148,0.0,132.03996983408746,228.26424828533587,13.856576356576355,0.0,154.8389162359855,210.261055369751,333.98834123471806,936.6682700016033,49.04507543321011,181.11037192895597,0.0,0.0
importance_of_life_domains|WVS_A,198.82134573237147,885.5105105105105,514.6188205011734,331.53575120788236,9929.800365582974,9927.686709454641,9925.301659826015,39.725873780323624,19.18790362037035,141.38612961152907,0.0,938.1199381199381,905.6938712111125,76.40652065586217,0.0,55.82962775071567,124.44906630117495,222.04726674000418,38.904890808402456,262.45264385681844,82.7298325247464,484.5307154544102,0.0,94.10152267295126,109.03212411340635,0.0,151.21402050249515,933.0251303935514,196.81924169535677,181.1537310026736,19.362533830126424,945.9296841968322,279.5983629359335,87.20283666287986,49.7373655268392,407.61550795162145,93.85342569199071,278.8181805748494,358.8011088011088,910.4686912890309,903.1946414617895,936.4706666000566,3.4536378861046018,831.8932294835909,877.1443283638406,29.924570171916216,9906.756024096385,2.5413979539279126,349.57692108032603,9888.90928749965,131.45345761524766,9931.80632461678,9922.805790391523,0.0,116.6262990104749
institutional_threat_perception|WVS_H,9883.813678783528,865.6204906204906,229.07415165479682,9910.645731317862,365.45580023840887,94.0705898435029,306.41163993599525,873.3365400032067,248.51333799562966,127.59367069711897,189.51418951418955,9917.229918229918,123.89908941633081,336.6285455837695,75.89729039580084,0.0,9890.793088964347,166.44296113569857,905.378507282019,9918.981978805508,51.245609736175794,27.001202768350794,94.10152267295126,0.0,525.4628589403676,0.0,704.8611765592897,207.2527575623551,70.1721103383007,9903.853454702397,22.357614950207534,164.13490240205044,172.83575617332673,913.4666629267061,170.2474860369597,69.54366987978344,147.38997922854423,136.3227967001552,9837.911088911089,42.093822914162445,716.637954905103,286.95101708040704,56.9433989832354,258.92367752832865,766.3452175647296,437.3404387654815,63.80866120739219,350.24031087023207,9881.561403437247,829.8858181529662,633.4354260280187,246.24963806009316,903.9157705015026,0.0,0.0
international_organization_knowledge|WVS_E,135.76914174071138,9894.953479430987,9942.923773820681,0.0,941.2433345034518,306.0947037413518,10.824826652488667,82.2409573851327,9865.11030478955,9924.837320574163,9936.950937950938,0.0,9915.13684013159,9889.77105820379,9916.551033923279,9920.34506043931,0.0,0.0,0.0,0.0,0.0,36.35618257711281,109.03212411340635,525.4628589403676,0.0,0.0,466.6087388282026,0.0,13.241815352633303,76.03151393542996,9953.406449819295,9959.394644115575,0.8179473106131354,9942.799651737203,314.9255891925716,25.173251375518277,9954.671724255175,9943.43356328843,870.3045540254843,344.16954353663215,54.64590275039464,0.0,0.0,0.3946441155743514,9907.721359940871,0.0,0.0,9925.027845135275,61.843919477893195,866.0182915396421,429.79661847586374,0.0,4.937416976931289,9934.948361469713,799.9264886057338
job_scarcity_gender_discrimination|WVS_C,0.0,0.0,0.0,0.0,0.0,0.0,0.0,0.0,711.9991275683758,0.0,79.62407962407963,0.0,0.0,0.0,0.0,0.0,60.894820566078174,0.0,35.67304934126688,0.0,0.0,0.9498731455925906,0.0,0.0,0.0,0.0,9853.164228273696,0.0,2.818318664110617,0.0,0.0,0.0,25.980083001864074,0.0,0.0,2.4117967777610616,0.0,0.0,0.0,83.71886453920405,8.480650362256206,0.0,63.315215610127495,0.0,192.45964367915587,14.56975283690085,300.7013981001291,0.0,947.496468372312,83.50012837104997,29.139721732314328,0.4758040509650314,51.49546353574108,11.794990155710678,9916.431317208366
job_scarcity_nativist_preference|WVS_C,535.4584065948429,784.7197838292504,503.63539321324623,844.0690401408043,100.27990917198449,130.9179857936691,403.41246470595365,183.7450919072935,167.80612634634483,540.783083157228,182.28278444002416,418.2974779784238,816.2265938948564,328.6482011853685,79.83963738975683,345.55719250554887,543.2286379750662,845.1714810137996,212.89397860298112,865.9778376759509,234.72020641831966,874.7961798276264,151.21402050249515,704.8611765592897,466.6087388282026,9853.164228273696,0.0,847.1381346658466,334.0278214327409,498.79763226045134,16.500844807737366,233.55986940218799,851.6063233044365,155.14660129675627,199.20591228333586,835.7303074284207,293.76059780245447,833.1998676866929,568.8389791335836,439.25086273296824,820.4544562967749,685.4608854624962,135.75484429506275,701.9566736547869,801.7663126667707,233.39146979546538,198.4046302320538,23.127482866870764,860.6153323134455,835.7303074284207,273.1928448909581,850.0661394517651,841.065605226508,0.0,9853.113985605913
life_autonomy_morality_permissiveness|WVS_F,75.26516224467316,41.95906432748539,0.0,11.77653355052724,80.49786454762847,59.507696045256566,20.928096723156465,9915.341780376868,121.63970062719403,0.0,0.0,1.5280304827410731,37.50474386866718,903.4433097669547,314.83867010182803,55.96853151466826,34.44782300342756,6.091260186292004,13.792529114286005,1.2646529500462051,5.560636651064236,36.833251018644276,933.0251303935514,207.2527575623551,0.0,0.0,847.1381346658466,0.0,22.970184847773794,43.09679031415395,0.0,0.0,24.168724746196595,8.285374802958223,56.61881977671451,39.09240331405182,0.0,2.977374484621919,328.641154239591,9947.487642726228,9940.213592898986,9971.886688731374,9966.79354678104,26.59326373320245,176.82859503337806,9967.933620619015,35.96440091855801,323.3154813138236,96.72037476446367,363.9852656706589,9909.908261068005,4.723581138722167,33.76718787188463,20.21791478767095,910.4052236005178
multilevel_place_attachment|WVS_G,464.4970025529753,171.99857486968327,0.0,17.895742729148623,947.0181596718768,10.752065894126574,18.877814156427775,918.5733707442654,0.0,0.0,44.96152748471657,0.0,546.9116653000151,28.124830740636696,923.3258590917044,0.0,39.4093883847481,25.07308354496847,40.18202406750939,13.590193970853392,5.578136761044526,9955.159558263518,196.81924169535677,70.1721103383007,13.241815352633303,2.818318664110617,334.0278214327409,22.970184847773794,0.0,710.192037912089,0.0,0.0,9955.723841398225,14.933954029811531,9935.719758932415,9940.883843556769,0.0,32.17560157160945,556.7745963785567,157.50298434098727,67.33310693706733,0.28872087440321437,87.4997210724483,252.6980198019802,20.16604768992623,35.605539998232786,61.69247741238779,13.769883418454057,11.346624604056771,76.30571270217416,48.88133878169346,0.0,12.71893473983986,0.0,37.218126511850684
neighborhood_disorder_and_crime|WVS_H,9918.537263356055,100.34407519301779,129.89633634905255,9945.36931589039,21.391506023057318,112.52872223645949,74.46855784185576,66.79028330589257,151.4846169028077,912.3172552696461,215.3251181152372,9951.953502802446,223.55773892392293,20.161653965820435,154.49976922019283,550.7356562013389,9925.516673536873,26.9241214658015,284.92967806144264,9953.705563378035,41.13143619660855,0.0,181.1537310026736,9903.853454702397,76.03151393542996,0.0,498.79763226045134,43.09679031415395,710.192037912089,0.0,37.37191152076378,1.0858295245007739,937.2890704755836,24.526125361828704,104.19232576294546,922.4490726341287,11.020611809243029,30.124972058590217,9872.634673483615,64.19114486042696,188.298476414567,43.89682387515648,74.47828989648065,105.09507354866733,891.9778930463478,77.32718123274552,126.11301804154269,102.83223400075303,9916.284988009775,864.6094027254933,898.9282413697765,69.5911088114821,938.6393550740297,0.0,83.30837300025988
offline_political_participation|WVS_E,9.024023323691445,9915.838134430727,9957.936284246036,0.0,27.487466627373806,0.0,0.0,23.564084803542087,9863.948373110214,9939.849830999518,9951.963448376293,0.0,9936.021495131328,9910.65571320353,9937.435688923018,9941.229715439049,18.198702699395007,0.0,28.024722520826764,0.0,0.0,122.710372002316,19.362533830126424,22.357614950207534,9953.406449819295,0.0,16.500844807737366,0.0,0.0,37.37191152076378,0.0,9976.257308117049,0.0,9963.684306736943,0.0,0.0,9970.334895766053,9964.31821828817,90.1287327213253,6.617951397884042,8.051677146711882,0.0,40.46729862913939,89.0246823114783,9922.733870366226,8.113852735061236,554.8411198324434,9945.912500135015,0.0,0.0,0.0,0.0,0.0,9948.550144868601,31.91902428866588
online_political_participation|WVS_E,0.0,9920.530284797433,9963.924478542316,0.0,17.840548033161888,1.1417761876254175,0.0,156.51906145287612,9886.691064993165,9945.838025295798,9957.951642672573,0.0,9940.713645498035,9915.347863570236,9942.127839289724,9945.921865805754,0.0,0.0,0.0,0.0,0.0,0.0,945.9296841968322,164.13490240205044,9959.394644115575,0.0,233.55986940218799,0.0,0.0,1.0858295245007739,9976.257308117049,0.0,0.0,9968.376457103648,0.0,0.0,9975.67242897681,9969.010368654875,0.0,0.0,0.0,0.0,0.0,0.0,9928.722064662506,0.0,34.810777457836274,9950.60465050172,0.0,0.0,16.80470847184968,0.0,0.0,9956.529121673328,77.97173948164048
outgroup_trust|WVS_G,934.5090148735551,201.08640942398,0.0,32.03222837687254,147.42759411920196,66.03208853879855,27.97646436072108,114.10548910972634,120.6271429996657,0.0,3.2482459192556945,0.0,318.239467094279,0.0,89.14518630969711,8.917772872083503,24.92387435295194,42.54141702360427,20.799729506515675,23.10270150645738,14.261959497716838,9951.487360057783,279.5983629359335,172.83575617332673,0.8179473106131354,25.980083001864074,851.6063233044365,24.168724746196595,9955.723841398225,937.2890704755836,0.0,0.0,0.0,45.90227869989245,9932.047560726678,9937.211645351033,0.0,51.79934814585614,231.2633177130506,441.06482868844273,97.72520509070958,2.6385958831803364,29.81517718769988,186.52582159624413,36.32123021175218,18.653663724086258,23.94803308691357,231.16077512826695,6.576972491384794,150.64224571266823,126.24437092522197,0.7158948520125392,10.581703071833275,0.0,78.42100605396114
perceived_corruption|WVS_E,11.483804913697355,9907.957283417327,9948.830299290343,19.498653146956528,17.94140600571395,18.172581801764466,5.614354520540729,26.56344269015254,9856.067522096813,9924.652545999144,9936.76616337592,0.0,9928.140644117928,9902.77486219013,9929.554837909618,9933.348864425649,127.43757406887488,12.689806842587473,85.70160144871794,17.666597689300737,2.742845133288391,0.0,87.20283666287986,913.4666629267061,9942.799651737203,0.0,155.14660129675627,8.285374802958223,14.933954029811531,24.526125361828704,9963.684306736943,9968.376457103648,45.90227869989245,0.0,29.52090511524959,73.91942371558045,9962.454044752652,9956.43736727477,13.826829076345945,7.444875960552778,56.51154423873544,0.0,28.40933817547166,159.16282722752157,9907.536585365853,23.80588653307774,78.21026881904301,9938.031649121614,125.89819623408309,77.30424360286338,35.74657779921358,0.0,43.40640945218474,9925.905578776976,121.43522044512144
perceived_negative_effects_of_immigration|WVS_G,110.73945579289636,280.0832208726946,56.82277984116919,64.9498670781386,48.284573050203825,24.524404483017648,48.61853613461233,64.47420822067114,36.52049643129226,621.7267306196526,582.9978987873724,18.499799078005154,915.651196957912,247.42827217296977,52.20052588473641,63.7165601227739,922.2751637879691,52.673285495922144,935.8605821056414,48.83922543242656,20.752322769588773,9931.483277591973,49.7373655268392,170.2474860369597,314.9255891925716,0.0,199.20591228333586,56.61881977671451,9935.719758932415,104.19232576294546,0.0,0.0,9932.047560726678,29.52090511524959,0.0,9917.207562885224,53.057381097790945,72.1530483198805,191.33907970919853,148.3334734953606,199.50098210967778,30.46160579223421,273.6999836107794,632.686367080492,244.24451125349717,941.5067241154197,220.97082165902634,15.632292051686989,389.23395445134577,295.4545454545455,94.82184482184483,44.408480560483284,256.97849048641535,0.0,297.1715569653714
perceived_positive_effects_of_immigration|WVS_G,919.6690170321002,597.5018228379364,9.254930396278823,38.71921101762205,928.5059636246858,50.47552987511759,56.13654921173295,224.26549126827146,143.49453580677795,2.86347169209634,112.94515873505449,4.46683150672726,135.95760878770787,63.218872510209906,904.8136630445134,0.0,74.49807194173529,44.67790674687225,61.50659444083925,8.262703665002526,15.559091398785114,9936.647362216328,407.61550795162145,69.54366987978344,25.173251375518277,2.4117967777610616,835.7303074284207,39.09240331405182,9940.883843556769,922.4490726341287,0.0,0.0,9937.211645351033,73.91942371558045,9917.207562885224,0.0,0.0,46.63872114529663,204.9290669980325,238.72483084698786,175.36103743000297,10.504116373092494,223.30851267957837,171.68582375478928,248.55074556015353,62.94987850721611,17.11428267444863,199.00475997079477,65.26638641463583,490.53197760094315,193.87134164010433,11.455545935743068,49.452039839589425,0.0,19.721359089699263
political_information_sources|WVS_E,24.08677489518918,9914.607872446437,9959.201558681916,0.0,127.56439418556789,49.71834902794031,0.0,48.32392182915352,9882.47955506815,9941.115105435398,9953.228722812173,0.0,9934.79123314704,9909.42545121924,9936.205426938728,9939.999453454759,0.0,0.0,0.0,0.0,0.0,0.0,93.85342569199071,147.38997922854423,9954.671724255175,0.0,293.76059780245447,0.0,0.0,11.020611809243029,9970.334895766053,9975.67242897681,0.0,9962.454044752652,53.057381097790945,0.0,0.0,9963.08795630388,415.2142602107199,166.00288395342278,0.0,0.0,0.0,0.0,9923.999144802106,0.0,0.0,9944.682238150725,11.934325587559158,205.96818697953208,829.9409883716883,0.0,0.0,9952.31761174831,150.56747391197567
postmaterialist_values|WVS_E,80.2995346467424,9908.591194968554,9949.46421084157,8.807925027627434,40.35113551110269,58.057701082459914,26.139920041633843,917.3072443512694,9856.70143364804,9920.564375045182,9929.454590831949,1.5707013181385463,9928.774555669155,9903.408773741356,9930.188749460845,9933.982775976874,62.346071793422055,3.8919263533266246,22.341912360008777,0.0,5.551103021647634,32.928428855544055,278.8181805748494,136.3227967001552,9943.43356328843,0.0,833.1998676866929,2.977374484621919,32.17560157160945,30.124972058590217,9964.31821828817,9969.010368654875,51.79934814585614,9956.43736727477,72.1530483198805,46.63872114529663,9963.08795630388,0.0,409.19758273283594,934.5493757470738,60.60865925316577,6.8476473543958605,37.88889324726462,7.711981430833191,9900.225012821884,8.47128946873714,40.24123919379926,9938.66556067284,926.5321077853099,873.856522501029,908.1753611453122,5.43069839521101,79.46542221798646,9926.539490328203,422.7827460950483
precautionary_security_behaviors|WVS_H,9866.893103187222,191.54456654456658,463.5100193923723,9889.789451018896,6.273842955185813,290.8392300083695,222.75143996455472,0.847917514584168,798.2297515941752,89.30607474059127,868.8615525824828,9899.607584328514,187.9184034356448,0.0,310.5447184394552,42.5276477908057,9874.663334567444,186.00953895071544,722.5820862184498,9893.758394758395,265.66039723934455,0.0,358.8011088011088,9837.911088911089,870.3045540254843,0.0,568.8389791335836,328.641154239591,556.7745963785567,9872.634673483615,90.1287327213253,0.0,231.2633177130506,13.826829076345945,191.33907970919853,204.9290669980325,415.2142602107199,409.19758273283594,0.0,0.0,636.4056364056364,148.84796300725503,156.9127157937633,703.2432432432433,427.86726869006407,421.21068436857905,0.0,39.91467159722441,9865.431649040345,490.6844292809204,417.03585563234685,281.40193494524203,887.7860161046002,893.9478325443238,16.152150002673665
religion_versus_secularism_orientation|WVS_F,15.980144294743155,71.25447707481655,41.922821186817,223.19632597896296,74.21628981923803,134.17347916295813,48.21387048017673,9892.785341272347,90.32531018060183,113.94625805018876,39.69623906332765,0.0,0.0,12.101703642381551,307.6668463819227,22.571984009063613,930.2924317497328,146.52098907418056,777.2111834007386,72.84428206414023,172.14134627348514,0.0,910.4686912890309,42.093822914162445,344.16954353663215,83.71886453920405,439.25086273296824,9947.487642726228,157.50298434098727,64.19114486042696,6.617951397884042,0.0,441.06482868844273,7.444875960552778,148.3334734953606,238.72483084698786,166.00288395342278,934.5493757470738,0.0,0.0,9920.803964357156,9952.477060189543,9947.38391823921,124.53900709219857,9.18984797869598,9948.523992077184,0.0,0.8894203057827781,153.61888575751706,57.2433031449425,9911.887658789297,30.780726877225455,67.41511328688884,0.0,0.0
religious_belief|WVS_F,218.27845357257127,249.1656124327604,48.77171428828591,66.3496265790721,257.4184304681871,162.4685350267737,81.7006902181528,9885.511291445106,844.9560222581224,116.8689400075634,80.15102616703834,14.187797246475817,398.9786027629922,873.6128208351927,900.3927965546814,207.21712610101423,173.01838192249153,59.728866957782614,103.27046690683053,44.154258439972736,42.6450742240216,141.55982905982907,903.1946414617895,716.637954905103,54.64590275039464,8.480650362256206,820.4544562967749,9940.213592898986,67.33310693706733,188.298476414567,8.051677146711882,0.0,97.72520509070958,56.51154423873544,199.50098210967778,175.36103743000297,0.0,60.60865925316577,636.4056364056364,9920.803964357156,0.0,9945.203010362302,9940.109868411968,202.979242979243,303.65368859413104,9941.249942249942,451.1686978609393,293.4849923820617,226.28669639539206,575.3968253968254,9881.326546470751,37.599541610138424,101.8077301263142,684.0248481690537,883.7215452314463
religious_exclusivism|WVS_F,36.20696066037035,8.225113354503378,0.0,6.58230008868469,116.09128100327972,14.735202901656912,5.759682654477508,9918.787316583373,261.2445027058949,0.0,0.0,0.0,254.83527306254962,177.15911624373013,76.52596455009142,21.496461654356466,15.667087510976934,7.15191913729813,8.927302576616782,6.359827848110115,1.4184410591194876,25.875201314981148,936.4706666000566,286.95101708040704,0.0,0.0,685.4608854624962,9971.886688731374,0.28872087440321437,43.89682387515648,0.0,0.0,2.6385958831803364,0.0,30.46160579223421,10.504116373092494,0.0,6.8476473543958605,148.84796300725503,9952.477060189543,9945.203010362302,0.0,9971.782964244356,57.63370527125818,0.0,9972.92303808233,95.71344280439081,29.102154644074616,4.98360175158944,31.673095832387858,9923.608967674661,0.0,5.2756977535738585,8.19556983240063,470.95019661938966
