construct,acceptance_of_state_surveillance|WVS_H,authoritarian_governance_tolerance|WVS_E,autocracy_support|WVS_E,basic_needs_deprivation|WVS_H,child_qualities_autonomy_self_expression|WVS_A,child_qualities_conformity_tradition|WVS_A,child_qualities_prosocial_diligence|WVS_A,civic_dishonesty_tolerance|WVS_F,confidence_in_civil_society_organizations|WVS_E,confidence_in_domestic_institutions|WVS_E,confidence_in_international_organizations|WVS_E,crime_victimization|WVS_H,democratic_system_evaluation|WVS_E,democratic_values_importance|WVS_E,economic_ideology|WVS_E,electoral_integrity|WVS_E,existential_threat_worry|WVS_H,familial_duty_obligations|WVS_D,female_income_threat_to_marriage|WVS_D,freedom_security_tradeoff_perception|WVS_H,gender_role_traditionalism|WVS_D,immigrant_origin_status|WVS_G,importance_of_life_domains|WVS_A,institutional_threat_perception|WVS_H,international_organization_knowledge|WVS_E,job_scarcity_gender_discrimination|WVS_C,job_scarcity_nativist_preference|WVS_C,life_autonomy_morality_permissiveness|WVS_F,multilevel_place_attachment|WVS_G,neighborhood_disorder_and_crime|WVS_H,offline_political_participation|WVS_E,online_political_participation|WVS_E,outgroup_trust|WVS_G,perceived_corruption|WVS_E,perceived_negative_effects_of_immigration|WVS_G,perceived_positive_effects_of_immigration|WVS_G,political_information_sources|WVS_E,postmaterialist_values|WVS_E,precautionary_security_behaviors|WVS_H,religion_versus_secularism_orientation|WVS_F,religious_belief|WVS_F,religious_exclusivism|WVS_F,religious_practice_and_self_identification|WVS_F,science_skepticism|WVS_I,science_technology_optimism|WVS_E,sexual_and_reproductive_morality_permissiveness|WVS_F,social_intolerance_outgroups|WVS_A,societal_change_attitudes|WVS_E,socioeconomic_insecurity_worry|WVS_H,subjective_wellbeing|WVS_A,violence_tolerance|WVS_F,voluntary_association_active_membership|WVS_A,voluntary_association_belonging|WVS_A,voting_participation|WVS_E,work_ethic|WVS_C
acceptance_of_state_surveillance|WVS_H,0.0,0.0,0.0,0.0,25.244047015419085,959.2779349266866,930.2255478912883,0.5023325724354066,76.98061883713022,38.64406918438372,131.70568355666296,9954.399678768796,0.0,721.0240158217038,45.029725272157066,0.0,9950.658016132267,33.24073706072913,14.251506058056549,9938.383057048797,12.963424628998595,212.01073506929254,42.642405849437424,9961.42523900957,28.611651160412748,0.0,615.6331635314621,154.99520631463332,55.85751041176758,9942.281514545175,266.35856115624904,9.590627256367725,0.0,0.0,314.74584638563954,179.03777440257002,65.99872949017248,133.42327032622137,9943.434059857647,18.490694955411513,9.555859988867304,194.92278097668898,45.03677682110097,167.36887305317128,2.5878646370902203,8.471378336090318,0.0,3.8194084658984693,9964.240035081659,13.664728667643587,0.0,6.944723807720067,12.964081455038496,0.0,18.528972402391915
authoritarian_governance_tolerance|WVS_E,0.0,0.0,0.0,0.0,0.0,0.0,0.0,0.0,0.0,0.0,0.0,0.0,0.0,0.0,0.0,0.0,0.0,0.0,0.0,0.0,0.0,0.0,0.0,0.0,0.0,0.0,0.0,0.0,0.0,0.0,0.0,0.0,0.0,0.0,0.0,0.0,0.0,0.0,0.0,0.0,0.0,0.0,0.0,0.0,0.0,0.0,0.0,0.0,0.0,0.0,0.0,0.0,0.0,0.0,0.0
autocracy_support|WVS_E,0.0,0.0,0.0,0.0,78.25605740782468,31.160681204101067,233.2863466243813,9.88509453936161,9963.955460515897,9959.744336077172,9963.91379095551,0.0,9956.640741352194,9956.41514709323,9957.654952236468,9962.746005498795,2.7952606335408703,22.525808215779804,68.32636283730588,0.0,110.74524205756637,0.07241801137064385,106.98494603189306,0.0,9957.993491552166,15.935852672759275,15.713116747157372,960.617106816929,0.0,0.0,9967.950158628242,9974.798736195595,0.0,0.0,7.472677355697549,0.0,9965.357472097732,9956.226989010334,0.0,17.71263948256382,3.555965753114034,58.076632034191086,19.93760319001651,0.5178695212851068,9943.55558352433,29.51501354417768,0.0,9972.806467387982,0.0,0.0,0.0,0.0,0.0,9974.143452974626,55.10490452165956
basic_needs_deprivation|WVS_H,0.0,0.0,0.0,0.0,0.0,0.0,0.0,0.0,0.0,0.0,0.0,0.0,0.0,0.0,0.0,0.0,0.0,0.0,0.0,0.0,0.0,0.0,0.0,0.0,0.0,0.0,0.0,0.0,0.0,0.0,0.0,0.0,0.0,0.0,0.0,0.0,0.0,0.0,0.0,0.0,0.0,0.0,0.0,0.0,0.0,0.0,0.0,0.0,0.0,0.0,0.0,0.0,0.0,0.0,0.0
child_qualities_autonomy_self_expression|WVS_A,25.244047015419085,0.0,78.25605740782468,0.0,0.0,9978.825450150198,9951.488570551683,3.921762830457844,0.0,56.546081762392646,0.08232065648333631,30.2950200792633,42.81710755957621,9.793945335045272,27.73479299540214,56.24087287713789,640.5877054593282,59.806547902921494,0.7670420248697631,870.7369888001008,0.0,485.08350281805656,9975.983024521225,6.613416171616262,35.195345374720894,0.0,5.8346948446856715,20.791590316425417,367.0932428004289,63.968466446031115,1.6062698033582699,0.0,639.7959891237366,0.0,3.531215126192418,3.4705810229363507,4.867992479324556,20.461782475512454,70.86374918470881,14.909716949306258,22.001421984735885,12.410681739063172,972.1263481193789,20.068884902863697,61.583773572153376,3.5550079920893864,0.0,0.996844949252564,4.726944244565187,9963.282173961084,0.0,9963.734918726224,9964.85411599721,29.443521212478718,0.0
child_qualities_conformity_tradition|WVS_A,959.2779349266866,0.0,31.160681204101067,0.0,9978.825450150198,0.0,9951.94243469426,0.0,20.85940759282436,960.9587491719758,26.62454986940081,48.81695976616972,0.0,10.71565390981397,54.728027504557176,60.1142647474455,0.01592857626403088,9.722010239540698,0.0,1.315630126278478,0.0325205373043822,29.579118643715645,9972.516912432493,29.257885925444043,56.29528328774632,0.0,10.293422277805231,11.16461425194396,85.84935293391862,242.0499734049177,0.0,0.0,240.404852729516,0.0,5.0283601377471605,0.0,6.718708834260969,1.4037216761777849,0.0,3.9194529654326544,16.168075661912564,0.0,17.21570629975978,0.0,35.45994090481645,0.0,0.0,5.0049112642759646,4.160331674868356,9960.287433963262,0.0,9960.7401787284,9963.392307982924,24.05646658127207,6.307971006605303
child_qualities_prosocial_diligence|WVS_A,930.2255478912883,0.0,233.2863466243813,0.0,9951.488570551683,9951.94243469426,0.0,21.475835991965027,716.5933453437509,66.33518858606408,363.98757321926223,44.43879587827705,107.59499997446812,339.8222626903153,251.21911873002847,525.9932047569137,32.91815769277004,65.00152508555868,5.076209249068903,33.9366515837104,56.256165646039115,23.591726619382968,9943.464525397094,151.18969540406812,488.5609522481924,7.43646073929596,248.5111787437369,94.14214194823508,317.9080770096315,836.3742097461427,2.6393255073781177,0.0,658.2177887906273,0.0,122.08512633642536,51.747343307445604,52.93125436148314,89.29979416685723,18.467818551247476,28.703148744207397,30.12493025738059,36.60355203056899,38.35692215973906,41.61963695185805,169.46155227870534,7.303883224344354,0.0,35.1229739242954,21.10643138527228,9934.084926008929,0.0,9934.537670774067,9936.368258340126,74.75521076759327,44.674669274849315
civic_dishonesty_tolerance|WVS_F,0.5023325724354066,0.0,9.88509453936161,0.0,3.921762830457844,0.0,21.475835991965027,0.0,24.444899911183988,6.670298354903803,14.540764464121636,0.0,67.36533701439106,22.50682738487616,0.8849068082517562,10.69258422886455,5.419202227712866,0.0,0.0,50.86297882908053,0.0,70.96385410277244,30.812093754658665,0.0,7.444035280867599,0.0,24.720263776351324,9977.089739489527,7.112496938819206,0.0,2.474155666811189,0.0,0.0,0.0,15.299598542243935,13.231031719666511,3.2099497315700276,20.70161297093966,32.89661398779486,9984.405452849407,9981.42352666725,9984.459174616699,9978.631889698849,1.329453461190699,81.8525566774409,9987.830868775942,0.0,0.0,0.0,3.634849298516947,0.0,10.26327399390674,14.45732557995975,0.0,0.0
confidence_in_civil_society_organizations|WVS_E,76.98061883713022,0.0,9963.955460515897,0.0,0.0,20.85940759282436,716.5933453437509,24.444899911183988,0.0,9959.543002167982,9975.751097602162,498.85249646417265,9958.2175066313,9968.739036857682,9966.827130852342,9962.544671589605,93.79504435396055,132.00089961078064,5.00358517245801,200.42252429488104,0.0,481.6730158162383,0.0,19.722909801544837,9957.792157642976,0.0,0.27335451340651673,45.66164630103249,54.542970852374054,956.3913127775462,9979.465286347639,9982.992612743019,28.890433088387812,0.0,0.6467532157710068,0.0,9976.872599817129,9967.742116729733,21.45132760029925,120.29301831874113,689.9581943330096,19.98749962301276,17.025039861521982,34.31210282525218,9945.522655426765,13.642594591971658,0.0,9980.586357947433,39.519920446210115,960.871686959267,0.0,48.280953463536044,0.0,9977.863222889906,0.0
confidence_in_domestic_institutions|WVS_E,38.64406918438372,0.0,9959.744336077172,0.0,56.546081762392646,960.9587491719758,66.33518858606408,6.670298354903803,9959.543002167982,0.0,9959.501332607595,0.0,9952.22828300428,9952.002688745315,9953.242493888552,9958.333547150882,956.1887094586219,10.474460978976175,137.98797856346522,200.3240067854086,8.59615819524835,12.230690519901074,18.99464470362802,15.181072916528713,9953.581033204251,972.3077080503348,0.0,956.2046484690143,21.900061127226508,7.082613926115755,9963.537700280327,9970.38627784768,0.0,0.0,0.0,0.0,9960.945013749817,9954.011446202847,49.974854194103536,0.1022698475658288,0.0,108.50161982807033,0.0,36.897951965911176,9939.372713997636,17.56012904918564,0.0,9968.394009040067,0.0,13.47874433872461,0.0,0.0,0.0,9969.73099462671,463.7359244346144
confidence_in_international_organizations|WVS_E,131.70568355666296,0.0,9963.91379095551,0.0,0.08232065648333631,26.62454986940081,363.98757321926223,14.540764464121636,9975.751097602162,9959.501332607595,0.0,95.95182755355916,9960.836980181006,9968.347277316985,9966.785461291955,9962.50300202922,246.53115257135218,213.8044681456326,1.584959957458949,145.15766099312356,0.0,1.8333664578724012,0.0,25.81689396717386,9957.750488082589,0.0,0.0,30.91409438770517,159.7403770183663,956.3496432171601,9979.423616787253,9982.950943182632,36.791259854597115,0.0,0.0,0.0,9976.830930256743,9967.700447169347,26.888895643138042,157.97770690724838,102.2130889679218,9.133590607563487,20.22058330975181,11.591891288946535,9948.142128976471,12.330219336101067,0.0,9980.544688387048,33.355801906232145,960.8300173988808,0.0,32.204747979622304,1.5315936585807748,9977.821553329519,2.8998079650542756
crime_victimization|WVS_H,9954.399678768796,0.0,0.0,0.0,30.2950200792633,48.81695976616972,44.43879587827705,0.0,498.85249646417265,0.0,95.95182755355916,0.0,0.0,78.63275720418576,14.913657770800633,0.0,9963.861163109155,2.7767706879564535,1.5999521802433812,9951.586204025685,18.50009964326946,53.7625263842982,79.52876616471086,9974.628385986458,0.107145176450544,0.0,67.43280173642,52.94411600338541,30.553154441307427,9960.188220606595,42.756570665747574,0.5086292487239277,0.0,0.0,73.89891972482471,51.18549489422703,32.76224798408801,70.07139337966407,9956.637206834535,0.0,0.0,56.868601426823055,0.0,972.2386866967256,0.0,0.0,0.0,0.0,9977.443182058547,2.6610161971124526,0.0,0.0,0.0,0.0,4.956007182979974
democratic_system_evaluation|WVS_E,0.0,0.0,9956.640741352194,0.0,42.81710755957621,0.0,107.59499997446812,67.36533701439106,9958.2175066313,9952.22828300428,9960.836980181006,0.0,0.0,9954.97636574971,9950.138899163574,9955.229952425903,0.0,732.157191040323,8.217717171820617,0.0,368.3165636026971,23.060892599467792,17.43443848812261,0.0,9951.267167320932,75.58709204876104,0.0,72.14867279165539,0.0,0.0,9965.297607575314,9967.786440113277,0.0,0.0,0.0,0.0,9957.841419024839,9957.840432724814,0.0,131.81820803129276,3.562857662417045,0.0,174.167099400667,0.0,9943.201700519603,238.2151766875012,0.0,9965.29041431509,0.0,0.0,0.0,0.0,0.0,9966.627399901732,26.857495272550345
democratic_values_importance|WVS_E,721.0240158217038,0.0,9956.41514709323,0.0,9.793945335045272,10.71565390981397,339.8222626903153,22.50682738487616,9968.739036857682,9952.002688745315,9968.347277316985,78.63275720418576,9954.97636574971,0.0,9959.286817429675,9955.00435816694,27.921397597960848,134.87725285478095,0.5237730276851629,60.09088295893557,0.0,373.1226013834709,22.007005168765446,112.86702423113255,9950.251844220309,0.0,2.388866699731068,40.34949687123601,69.34590557940744,91.70814221202268,9971.924972924973,9975.452299320352,27.537999156768365,0.0,0.0,0.0,9969.332286394463,9960.201803307067,171.4220790045009,92.38956218438294,180.89812407143745,3.808489998794009,130.66707311862308,2.189301498730668,9942.281514545175,10.794043307875949,0.0,9973.046044524768,131.08674988068663,112.06153226675933,0.0,16.677200062745527,0.09872644317056967,9970.322909467239,16.72644345367297
economic_ideology|WVS_E,45.029725272157066,0.0,9957.654952236468,0.0,27.73479299540214,54.728027504557176,251.21911873002847,0.8849068082517562,9966.827130852342,9953.242493888552,9966.785461291955,14.913657770800633,9950.138899163574,9959.286817429675,0.0,9956.244163310175,960.1515869710074,21.75225097099686,2.292463212138781,781.209961220871,7.090483052047457,917.4740028777296,55.83817104554433,7.150693906281546,9951.491649363546,0.0,243.17435341782132,67.65544382004009,113.81122824021881,38.65694630368392,9970.821828964687,9974.349155360065,17.472381229876234,0.0,183.48786442934858,121.65519240863557,9968.229142434177,9959.09865934678,452.92763069638795,13.907938789114823,11.87207199169638,39.351362965476916,27.774829962314108,100.86244389191143,9937.05374133571,2.319794080237152,0.0,9971.942900564482,0.0,35.21633997016,0.0,37.668551544149636,66.15972217423605,9969.219765506952,12.75763195104912
electoral_integrity|WVS_E,0.0,0.0,9962.746005498795,0.0,56.24087287713789,60.1142647474455,525.9932047569137,10.69258422886455,9962.544671589605,9958.333547150882,9962.50300202922,0.0,9955.229952425903,9955.00435816694,9956.244163310175,0.0,0.0,57.5272611773942,974.3229813184221,3.733601614957543,69.4554652324853,913.191543614994,53.23921346631038,0.0,9956.582702625876,13.045226528562047,5.279347417651735,625.8729845573044,7.616579573859497,0.0,9966.53936970195,9973.387947269302,0.0,0.0,2.2999307783010536,0.0,9963.94668317144,9954.816200084044,8.463597746869006,10.016495433708194,0.0,31.091882050067866,13.802702396756295,0.0,9942.14479459804,21.897060515985537,0.0,9971.395678461691,0.0,0.0,0.0,0.0,0.0,9972.732664048333,20.21352968511492
existential_threat_worry|WVS_H,9950.658016132267,0.0,2.7952606335408703,0.0,640.5877054593282,0.01592857626403088,32.91815769277004,5.419202227712866,93.79504435396055,956.1887094586219,246.53115257135218,9963.861163109155,0.0,27.921397597960848,960.1515869710074,0.0,0.0,6.354676670039716,0.0,9956.329904138414,38.91969675234066,115.38650278958455,42.23287150066842,9971.622163645046,87.77119826694909,3.6012248906913626,25.39287611815542,16.59270973672526,87.4919926637957,9950.939680077514,0.0,0.0,91.94682122690448,0.0,9.417977719166672,1.5258201365563089,26.182635244073964,0.0,9961.380906947265,11.609834346035456,82.66850960947059,0.0,10.210227264759872,0.0,0.0,0.0,0.0,34.547659225475826,9977.022770593992,39.8507275832404,0.0,10.446074843922723,3.643775908458487,49.03845586151522,191.75532259759925
familial_duty_obligations|WVS_D,33.24073706072913,0.0,22.525808215779804,0.0,59.806547902921494,9.722010239540698,65.00152508555868,0.0,132.00089961078064,10.474460978976175,213.8044681456326,2.7767706879564535,732.157191040323,134.87725285478095,21.75225097099686,57.5272611773942,6.354676670039716,0.0,9982.189816051361,46.72956715842837,9981.651792263561,37.757322197967056,195.07507111711533,1.3651011292727588,5.601486059112332,0.0,134.04053665221033,10.771053128091626,22.59312060465283,15.487525118478636,13.87529055589032,0.0,0.0197456034393646,0.0,66.88916053483797,61.66669566377275,28.434962474666733,84.3014978726612,13.88285215951592,0.0,0.0,1.5830021965117957,0.0,5.527074217665209,949.84126398169,0.0,0.0,0.2841450510761625,0.0,21.003510068986294,0.0,19.16746703336392,11.182678087204415,0.0,24.726596038817306
female_income_threat_to_marriage|WVS_D,14.251506058056549,0.0,68.32636283730588,0.0,0.7670420248697631,0.0,5.076209249068903,0.0,5.00358517245801,137.98797856346522,1.584959957458949,1.5999521802433812,8.217717171820617,0.5237730276851629,2.292463212138781,974.3229813184221,0.0,9982.189816051361,0.0,0.0,9989.212503855608,936.9941652550348,12.986850389219374,0.0,969.5704673717923,0.0,0.0,0.0,83.38724124203821,21.816518941694504,0.0,0.0,8.352298387411096,0.0,0.0,0.0,0.0,0.0,0.0,0.0,0.0,0.0,0.0,0.0,30.890135101532586,0.0,0.0,0.0,0.0,20.19368600847207,0.0,164.4104337609147,80.78120684723427,0.0,0.0
freedom_security_tradeoff_perception|WVS_H,9938.383057048797,0.0,0.0,0.0,870.7369888001008,1.315630126278478,33.9366515837104,50.86297882908053,200.42252429488104,200.3240067854086,145.15766099312356,9951.586204025685,0.0,60.09088295893557,781.209961220871,3.733601614957543,9956.329904138414,46.72956715842837,0.0,0.0,210.3062128378395,0.0,77.07882467806009,9959.347204561578,17.350875774958055,20.64081209525214,61.021363594347264,49.698771501566114,31.232252833807323,9935.71769114247,0.0,0.0,31.214583662422115,0.0,22.119981630992555,0.3188202992795013,33.679672609901395,0.0,9949.105947863796,23.474756085496445,128.77396483861858,0.5585539556769987,27.38560684059766,0.0,40.56891891150943,9.50963337616571,0.0,199.7310930778691,9964.747811510524,23.607514531516728,0.0,2.8471111533662636,0.0,261.94302295540547,225.2469539031455
gender_role_traditionalism|WVS_D,12.963424628998595,0.0,110.74524205756637,0.0,0.0,0.0325205373043822,56.256165646039115,0.0,0.0,8.59615819524835,0.0,18.50009964326946,368.3165636026971,0.0,7.090483052047457,69.4554652324853,38.91969675234066,9981.651792263561,9989.212503855608,210.3062128378395,0.0,935.4584939945929,0.0,1.1044483174268063,20.0408763827131,0.0,0.0,4.095783830711575,197.81942080911512,51.01150367594116,0.0,0.0,289.1197281080327,0.0,0.0,0.0,0.0,0.0,184.2207340691081,3.5309711331793316,6.786447760608944,0.0,642.9373341498265,1.2670839499834372,955.6217123981625,0.0,0.0,0.0,0.6415923197702984,24.269754753290847,0.0,153.41050956237171,1.8570303575994096,9.183319289759282,0.0
immigrant_origin_status|WVS_G,212.01073506929254,0.0,0.07241801137064385,0.0,485.08350281805656,29.579118643715645,23.591726619382968,70.96385410277244,481.6730158162383,12.230690519901074,1.8333664578724012,53.7625263842982,23.060892599467792,373.1226013834709,917.4740028777296,913.191543614994,115.38650278958455,37.757322197967056,936.9941652550348,0.0,935.4584939945929,0.0,923.2194095447952,29.209139256652364,0.0,771.2154994763691,922.2329701659709,921.7791065617153,9895.724294813466,22.37858822651087,0.0,87.48563861456078,9918.36570748064,0.0,9925.196920994755,9932.501505626287,55.72460004764578,87.96717216024513,0.0,137.42815325492793,74.57308341596755,931.8017584005781,206.3685816882748,200.70174403110673,0.0,934.3909126517822,0.0,840.324139063732,72.86900575127683,43.851892317988955,0.0,9.010519436068762,4.315986664495213,0.0,73.80118665499465
importance_of_life_domains|WVS_A,42.642405849437424,0.0,106.98494603189306,0.0,9975.983024521225,9972.516912432493,9943.464525397094,30.812093754658665,0.0,18.99464470362802,0.0,79.52876616471086,17.43443848812261,22.007005168765446,55.83817104554433,53.23921346631038,42.23287150066842,195.07507111711533,12.986850389219374,77.07882467806009,0.0,923.2194095447952,0.0,19.767664791238253,37.19491993521817,0.0,15.985647091692293,74.49734171517593,194.1180384160564,186.05140159654235,8.719883606829644,3.617084549653285,128.11110732000935,0.0,13.335742682198102,9.555481230583368,9.696771323463615,55.12978029955959,8.42428114454816,77.5599981904194,94.72564884360288,38.71542018984709,48.46243850084666,205.83265676052744,46.902030112820796,28.755800911731413,0.0,5.570027661654294,28.022701907853794,9956.97363624338,0.0,9957.426381008518,9958.545578279503,975.9651721740182,0.0
institutional_threat_perception|WVS_H,9961.42523900957,0.0,0.0,0.0,6.613416171616262,29.257885925444043,151.18969540406812,0.0,19.722909801544837,15.181072916528713,25.81689396717386,9974.628385986458,0.0,112.86702423113255,7.150693906281546,0.0,9971.622163645046,1.3651011292727588,0.0,9959.347204561578,1.1044483174268063,29.209139256652364,19.767664791238253,0.0,5.173879928988505,0.0,91.88186388977034,20.47278231057674,9.377332748942244,9963.404730307588,18.279187565831105,0.0,0.0,0.0,87.72180635055514,87.13833516714368,13.859015655203777,971.8337957257024,9964.398207370428,0.8211625411700432,0.0,11.918861855949125,0.7092742175764641,66.22076867663128,0.0,0.0,0.0,0.0,9984.468742299323,0.0,0.0,0.0,4.063509139205138,0.0,0.0
international_organization_knowledge|WVS_E,28.611651160412748,0.0,9957.993491552166,0.0,35.195345374720894,56.29528328774632,488.5609522481924,7.444035280867599,9957.792157642976,9953.581033204251,9957.750488082589,0.107145176450544,9951.267167320932,9950.251844220309,9951.491649363546,9956.582702625876,87.77119826694909,5.601486059112332,969.5704673717923,17.350875774958055,20.0408763827131,0.0,37.19491993521817,5.173879928988505,0.0,970.5568635253286,4.032765564692063,954.4538039440081,0.0,0.0,9961.786855755321,9968.635433322674,0.0,0.0,0.0,0.0,9959.194169224811,9951.143569292124,59.57345922079412,24.307759772690353,11.000074576776797,125.75766530068826,4.594896337930706,20.739224934862975,9937.39228065141,28.821466141012237,0.0,9966.64316451506,0.0,4.414668490586131,0.0,0.0,0.0,9967.980150101705,118.2350799096082
job_scarcity_gender_discrimination|WVS_C,0.0,0.0,15.935852672759275,0.0,0.0,0.0,7.43646073929596,0.0,0.0,972.3077080503348,0.0,0.0,75.58709204876104,0.0,0.0,13.045226528562047,3.6012248906913626,0.0,0.0,20.64081209525214,0.0,771.2154994763691,0.0,0.0,970.5568635253286,0.0,9976.868230968841,0.0,122.71522124380506,3.998312566709153,0.0,0.0,9.031750703995833,0.0,0.0,0.0,0.0,0.0,70.4231726024708,0.0,0.0,0.0,1.270587789934357,0.0,72.58069858376626,0.0,0.0,0.0,0.0,3.031529619735398,0.0,61.584712827997485,76.24915120427504,0.0,9984.318905264203
job_scarcity_nativist_preference|WVS_C,615.6331635314621,0.0,15.713116747157372,0.0,5.8346948446856715,10.293422277805231,248.5111787437369,24.720263776351324,0.27335451340651673,0.0,0.0,67.43280173642,0.0,2.388866699731068,243.17435341782132,5.279347417651735,25.39287611815542,134.04053665221033,0.0,61.021363594347264,0.0,922.2329701659709,15.985647091692293,91.88186388977034,4.032765564692063,9976.868230968841,0.0,32.04943295524431,40.34972320452016,64.99391560746325,0.0,0.0,7.7180685234651065,0.0,0.0,0.0,8.18026800968671,0.0,111.20453919494489,75.91001555122736,239.13614950115794,2.447055331182476,74.50262156144508,1.5386012085772585,0.0,10.209915372835624,0.0,18.161396032839658,112.31755269638434,67.46223861879893,0.0,3.298227590711207,0.0,116.11429218426501,9970.672498982301
life_autonomy_morality_permissiveness|WVS_F,154.99520631463332,0.0,960.617106816929,0.0,20.791590316425417,11.16461425194396,94.14214194823508,9977.089739489527,45.66164630103249,956.2046484690143,30.91409438770517,52.94411600338541,72.14867279165539,40.34949687123601,67.65544382004009,625.8729845573044,16.59270973672526,10.771053128091626,0.0,49.698771501566114,4.095783830711575,921.7791065617153,74.49734171517593,20.47278231057674,954.4538039440081,0.0,32.04943295524431,0.0,942.6777354329764,246.17060613740222,3.904710426449558,0.0,119.22663560243804,0.0,24.455717819562217,9.906137485271138,19.405805751188936,27.296844791771605,36.47980030999484,9974.109594197238,9970.334126348327,9974.163315964532,9965.448426760262,8.43248837455064,118.76999780643254,9977.535010123773,0.0,7.735809126515562,3.1643377450889822,189.09147279518317,0.0,956.9860780254381,111.95142914257781,10.888505554574586,17.522729298310303
multilevel_place_attachment|WVS_G,55.85751041176758,0.0,0.0,0.0,367.0932428004289,85.84935293391862,317.9080770096315,7.112496938819206,54.542970852374054,21.900061127226508,159.7403770183663,30.553154441307427,0.0,69.34590557940744,113.81122824021881,7.616579573859497,87.4919926637957,22.59312060465283,83.38724124203821,31.232252833807323,197.81942080911512,9895.724294813466,194.1180384160564,9.377332748942244,0.0,122.71522124380506,40.34972320452016,942.6777354329764,0.0,13.708167014032412,13.122588486525146,668.8238279253825,9954.299395805021,0.0,9944.285518361126,9948.328999173087,148.41810071377876,23.902336168897847,40.55571091506606,49.28244925342876,31.973615950013148,200.0471705601484,34.01701977547185,41.7619516028459,131.40001380854454,48.70097159930388,0.0,47.55565957695795,0.0,12.498104337276317,0.0,0.0,0.0,0.0,946.6594797334097
neighborhood_disorder_and_crime|WVS_H,9942.281514545175,0.0,0.0,0.0,63.968466446031115,242.0499734049177,836.3742097461427,0.0,956.3913127775462,7.082613926115755,956.3496432171601,9960.188220606595,0.0,91.70814221202268,38.65694630368392,0.0,9950.939680077514,15.487525118478636,21.816518941694504,9935.71769114247,51.01150367594116,22.37858822651087,186.05140159654235,9963.404730307588,0.0,3.998312566709153,64.99391560746325,246.17060613740222,13.708167014032412,0.0,60.38601088989135,23.437146809079877,0.0,0.0,44.75083209681782,18.94518667411097,727.0240935901503,19.66648158038953,9943.667776665932,11.937097876569169,5.670463934754558,959.4223942057506,17.290952094029493,63.180531330342944,4.534100077451342,9.652771821482688,0.0,0.0,9969.093145649722,5.457917597618909,0.0,0.0,0.0,0.0,48.25572381230039
offline_political_participation|WVS_E,266.35856115624904,0.0,9967.950158628242,0.0,1.6062698033582699,0.0,2.6393255073781177,2.474155666811189,9979.465286347639,9963.537700280327,9979.423616787253,42.756570665747574,9965.297607575314,9971.924972924973,9970.821828964687,9966.53936970195,0.0,13.87529055589032,0.0,0.0,0.0,0.0,8.719883606829644,18.279187565831105,9961.786855755321,0.0,0.0,3.904710426449558,13.122588486525146,60.38601088989135,0.0,9986.987310855364,33.954497423018566,0.0,0.0,0.0,9980.867297929473,9971.823472823473,0.8205930225624662,2.346237690970767,14.269254284207946,0.0,37.50212206094559,0.0,9952.602756370778,0.0,0.0,9984.58105605978,5.239685944000035,118.71253891776597,0.0,11.615426133047066,0.0,9981.85792100225,0.0
online_political_participation|WVS_E,9.590627256367725,0.0,9974.798736195595,0.0,0.0,0.0,0.0,0.0,9982.992612743019,9970.38627784768,9982.950943182632,0.5086292487239277,9967.786440113277,9975.452299320352,9974.349155360065,9973.387947269302,0.0,0.0,0.0,0.0,0.0,87.48563861456078,3.617084549653285,0.0,9968.635433322674,0.0,0.0,0.0,668.8238279253825,23.437146809079877,9986.987310855364,0.0,21.047941094463752,0.0,0.0,0.0,9984.394624324854,9975.67609945361,0.0,0.0,0.0,0.0,0.0,0.0,9955.091588908743,0.0,0.0,9988.108382455159,0.0,18.884773959719546,0.0,972.1677074041035,14.98190152753902,9985.38524739763,0.0
outgroup_trust|WVS_G,0.0,0.0,0.0,0.0,639.7959891237366,240.404852729516,658.2177887906273,0.0,28.890433088387812,0.0,36.791259854597115,0.0,0.0,27.537999156768365,17.472381229876234,0.0,91.94682122690448,0.0197456034393646,8.352298387411096,31.214583662422115,289.1197281080327,9918.36570748064,128.11110732000935,0.0,0.0,9.031750703995833,7.7180685234651065,119.22663560243804,9954.299395805021,0.0,33.954497423018566,21.047941094463752,0.0,0.0,9966.988264684433,9971.031745496395,971.1208470370865,2.973970507067463,40.785214570446016,2.8116800367724366,0.0,295.3305620447465,0.0,80.2063193857152,0.0,1.188695016480903,0.0,3.2003841992585187,0.0,0.0,0.0,0.0,0.0,0.0,99.49403620289695
perceived_corruption|WVS_E,0.0,0.0,0.0,0.0,0.0,0.0,0.0,0.0,0.0,0.0,0.0,0.0,0.0,0.0,0.0,0.0,0.0,0.0,0.0,0.0,0.0,0.0,0.0,0.0,0.0,0.0,0.0,0.0,0.0,0.0,0.0,0.0,0.0,0.0,0.0,0.0,0.0,0.0,0.0,0.0,0.0,0.0,0.0,0.0,0.0,0.0,0.0,0.0,0.0,0.0,0.0,0.0,0.0,0.0,0.0
perceived_negative_effects_of_immigration|WVS_G,314.74584638563954,0.0,7.472677355697549,0.0,3.531215126192418,5.0283601377471605,122.08512633642536,15.299598542243935,0.6467532157710068,0.0,0.0,73.89891972482471,0.0,0.0,183.48786442934858,2.2999307783010536,9.417977719166672,66.88916053483797,0.0,22.119981630992555,0.0,9925.196920994755,13.335742682198102,87.72180635055514,0.0,0.0,0.0,24.455717819562217,9944.285518361126,44.75083209681782,0.0,0.0,9966.988264684433,0.0,0.0,9976.05292750562,6.53716582442598,0.0,37.409256964042456,46.68289436676679,640.6085759431435,0.44683585413138616,120.21088757534832,0.03628357139125882,0.0,7.2524536263349795,0.0,16.756156180305883,61.9473055406646,63.30778285511518,0.0,2.6973092294492247,0.0,155.70408069051587,9.992649334609098
perceived_positive_effects_of_immigration|WVS_G,179.03777440257002,0.0,0.0,0.0,3.4705810229363507,0.0,51.747343307445604,13.231031719666511,0.0,0.0,0.0,51.18549489422703,0.0,0.0,121.65519240863557,0.0,1.5258201365563089,61.66669566377275,0.0,0.3188202992795013,0.0,9932.501505626287,9.555481230583368,87.13833516714368,0.0,0.0,0.0,9.906137485271138,9948.328999173087,18.94518667411097,0.0,0.0,9971.031745496395,0.0,9976.05292750562,0.0,1.106011950322241,0.0,16.460328907918942,24.67931287297136,255.76316786621618,0.0,76.8991971150575,0.0,0.0,3.501292178902318,0.0,9.151793241102656,46.801774586732115,16.094649910462977,0.0,0.0,0.0,46.53561005523186,2.4222734125611467
political_information_sources|WVS_E,65.99872949017248,0.0,9965.357472097732,0.0,4.867992479324556,6.718708834260969,52.93125436148314,3.2099497315700276,9976.872599817129,9960.945013749817,9976.830930256743,32.76224798408801,9957.841419024839,9969.332286394463,9968.229142434177,9963.94668317144,26.182635244073964,28.434962474666733,0.0,33.679672609901395,0.0,55.72460004764578,9.696771323463615,13.859015655203777,9959.194169224811,0.0,8.18026800968671,19.405805751188936,148.41810071377876,727.0240935901503,9980.867297929473,9984.394624324854,971.1208470370865,0.0,6.53716582442598,1.106011950322241,0.0,9969.144128311567,58.593271515031205,9.751693582086986,16.91512907932931,6.284391905231875,52.76250079856899,9.021120403869205,9944.938934515807,0.6957366525231539,0.0,9981.988369529268,4.699576977237989,212.27369854110177,0.0,155.03413561393273,15.127691859277562,9979.26523447174,0.0
postmaterialist_values|WVS_E,133.42327032622137,0.0,9956.226989010334,0.0,20.461782475512454,1.4037216761777849,89.29979416685723,20.70161297093966,9967.742116729733,9954.011446202847,9967.700447169347,70.07139337966407,9957.840432724814,9960.201803307067,9959.09865934678,9954.816200084044,0.0,84.3014978726612,0.0,0.0,0.0,87.96717216024513,55.12978029955959,971.8337957257024,9951.143569292124,0.0,0.0,27.296844791771605,23.902336168897847,19.66648158038953,9971.823472823473,9975.67609945361,2.973970507067463,0.0,0.0,0.0,9969.144128311567,0.0,6.233683211925587,56.46523910250906,494.2597980154182,0.0,679.42732648615,0.0,9945.145581520279,6.5636664514644885,0.0,9972.857886441872,187.41454924460018,26.135916183632673,0.0,0.0,0.0,9970.715856481482,21.390414118417336
precautionary_security_behaviors|WVS_H,9943.434059857647,0.0,0.0,0.0,70.86374918470881,0.0,18.467818551247476,32.89661398779486,21.45132760029925,49.974854194103536,26.888895643138042,9956.637206834535,0.0,171.4220790045009,452.92763069638795,8.463597746869006,9961.380906947265,13.88285215951592,0.0,9949.105947863796,184.2207340691081,0.0,8.42428114454816,9964.398207370428,59.57345922079412,70.4231726024708,111.20453919494489,36.47980030999484,40.55571091506606,9943.667776665932,0.8205930225624662,0.0,40.785214570446016,0.0,37.409256964042456,16.460328907918942,58.593271515031205,6.233683211925587,0.0,9.778570972535064,47.66677555707342,2.289666935686107,1.215849001310282,0.0,15.435023855232366,6.021050137831221,0.0,494.76801587581286,9969.798814319374,18.737882419732145,0.0,10.052679073114156,11.419678227827639,383.80635344495767,967.1400619751538
religion_versus_secularism_orientation|WVS_F,18.490694955411513,0.0,17.71263948256382,0.0,14.909716949306258,3.9194529654326544,28.703148744207397,9984.405452849407,120.29301831874113,0.1022698475658288,157.97770690724838,0.0,131.81820803129276,92.38956218438294,13.907938789114823,10.016495433708194,11.609834346035456,0.0,0.0,23.474756085496445,3.5309711331793316,137.42815325492793,77.5599981904194,0.8211625411700432,24.307759772690353,0.0,75.91001555122736,9974.109594197238,49.28244925342876,11.937097876569169,2.346237690970767,0.0,2.8116800367724366,0.0,46.68289436676679,24.67931287297136,9.751693582086986,56.46523910250906,9.778570972535064,0.0,9978.219632007584,9981.47902932441,9975.427995039183,8.315571266600585,45.524327461995945,9984.850723483652,0.0,0.0,0.0,15.312792843506028,0.0,24.285184430558232,31.932279283708667,0.0,3.3625945631421352
religious_belief|WVS_F,9.555859988867304,0.0,3.555965753114034,0.0,22.001421984735885,16.168075661912564,30.12493025738059,9981.42352666725,689.9581943330096,0.0,102.2130889679218,0.0,3.562857662417045,180.89812407143745,11.87207199169638,0.0,82.66850960947059,0.0,0.0,128.77396483861858,6.786447760608944,74.57308341596755,94.72564884360288,0.0,11.000074576776797,0.0,239.13614950115794,9970.334126348327,31.973615950013148,5.670463934754558,14.269254284207946,0.0,0.0,0.0,640.6085759431435,255.76316786621618,16.91512907932931,494.2597980154182,47.66677555707342,9978.219632007584,0.0,9977.7035614755,9974.469232596817,46.93160045934056,0.0,9981.075255634742,0.0,0.0,0.0,5.21904340092869,0.0,6.539341665199785,6.466725781545655,0.0,7.566553526248114
religious_exclusivism|WVS_F,194.92278097668898,0.0,58.076632034191086,0.0,12.410681739063172,0.0,36.60355203056899,9984.459174616699,19.98749962301276,108.50161982807033,9.133590607563487,56.868601426823055,0.0,3.808489998794009,39.351362965476916,31.091882050067866,0.0,1.5830021965117957,0.0,0.5585539556769987,0.0,931.8017584005781,38.71542018984709,11.918861855949125,125.75766530068826,0.0,2.447055331182476,9974.163315964532,200.0471705601484,959.4223942057506,0.0,0.0,295.3305620447465,0.0,0.44683585413138616,0.0,6.284391905231875,0.0,2.289666935686107,9981.47902932441,9977.7035614755,0.0,9973.602159704462,0.0,6.234612811274573,9984.904445250946,0.0,2.5707607400911883,1.5632335845461398,463.90276838747144,0.0,65.36561416271107,10.879998527418003,8.6322722325487,5.0410372452151115
religious_practice_and_self_identification|WVS_F,45.03677682110097,0.0,19.93760319001651,0.0,972.1263481193789,17.21570629975978,38.35692215973906,9978.631889698849,17.025039861521982,0.0,20.22058330975181,0.0,174.167099400667,130.66707311862308,27.774829962314108,13.802702396756295,10.210227264759872,0.0,0.0,27.38560684059766,642.9373341498265,206.3685816882748,48.46243850084666,0.7092742175764641,4.594896337930706,1.270587789934357,74.50262156144508,9965.448426760262,34.01701977547185,17.290952094029493,37.50212206094559,0.0,0.0,0.0,120.21088757534832,76.8991971150575,52.76250079856899,679.42732648615,1.215849001310282,9975.427995039183,9974.469232596817,9973.602159704462,0.0,25.05123938066087,50.35680045252534,9978.221360091788,0.0,4.233534656312916,0.0,25.43948207618223,0.0,15.537422516667313,0.0,0.0,50.080952836014
science_skepticism|WVS_I,167.36887305317128,0.0,0.5178695212851068,0.0,20.068884902863697,0.0,41.61963695185805,1.329453461190699,34.31210282525218,36.897951965911176,11.591891288946535,972.2386866967256,0.0,2.189301498730668,100.86244389191143,0.0,0.0,5.527074217665209,0.0,0.0,1.2670839499834372,200.70174403110673,205.83265676052744,66.22076867663128,20.739224934862975,0.0,1.5386012085772585,8.43248837455064,41.7619516028459,63.180531330342944,0.0,0.0,80.2063193857152,0.0,0.03628357139125882,0.0,9.021120403869205,0.0,0.0,8.315571266600585,46.93160045934056,0.0,25.05123938066087,0.0,0.0,0.0,0.0,9.14349085701405,10.52264671009777,56.70715623771579,0.0,11.42675625980872,0.0,45.93612938596492,16.629117835307532
science_technology_optimism|WVS_E,2.5878646370902203,0.0,9943.55558352433,0.0,61.583773572153376,35.45994090481645,169.46155227870534,81.8525566774409,9945.522655426765,9939.372713997636,9948.142128976471,0.0,9943.201700519603,9942.281514545175,9937.05374133571,9942.14479459804,0.0,949.84126398169,30.890135101532586,40.56891891150943,955.6217123981625,0.0,46.902030112820796,0.0,9937.39228065141,72.58069858376626,0.0,118.76999780643254,131.40001380854454,4.534100077451342,9952.602756370778,9955.091588908743,0.0,0.0,0.0,0.0,9944.938934515807,9945.145581520279,15.435023855232366,45.524327461995945,0.0,6.234612811274573,50.35680045252534,0.0,0.0,954.8597485893672,0.0,9952.205256487227,0.0,0.0,0.0,0.0,0.0,9953.542242073869,14.213838548439313
sexual_and_reproductive_morality_permissiveness|WVS_F,8.471378336090318,0.0,29.51501354417768,0.0,3.5550079920893864,0.0,7.303883224344354,9987.830868775942,13.642594591971658,17.56012904918564,12.330219336101067,0.0,238.2151766875012,10.794043307875949,2.319794080237152,21.897060515985537,0.0,0.0,0.0,9.50963337616571,0.0,934.3909126517822,28.755800911731413,0.0,28.821466141012237,0.0,10.209915372835624,9977.535010123773,48.70097159930388,9.652771821482688,0.0,0.0,1.188695016480903,0.0,7.2524536263349795,3.501292178902318,0.6957366525231539,6.5636664514644885,6.021050137831221,9984.850723483652,9981.075255634742,9984.904445250946,9978.221360091788,0.0,954.8597485893672,0.0,0.0,0.0,0.0,10.592872208003858,0.0,32.4359913046933,144.7229880439451,0.0,0.0
social_intolerance_outgroups|WVS_A,0.0,0.0,0.0,0.0,0.0,0.0,0.0,0.0,0.0,0.0,0.0,0.0,0.0,0.0,0.0,0.0,0.0,0.0,0.0,0.0,0.0,0.0,0.0,0.0,0.0,0.0,0.0,0.0,0.0,0.0,0.0,0.0,0.0,0.0,0.0,0.0,0.0,0.0,0.0,0.0,0.0,0.0,0.0,0.0,0.0,0.0,0.0,0.0,0.0,0.0,0.0,0.0,0.0,0.0,0.0
societal_change_attitudes|WVS_E,3.8194084658984693,0.0,9972.806467387982,0.0,0.996844949252564,5.0049112642759646,35.1229739242954,0.0,9980.586357947433,9968.394009040067,9980.544688387048,0.0,9965.29041431509,9973.046044524768,9971.942900564482,9971.395678461691,34.547659225475826,0.2841450510761625,0.0,199.7310930778691,0.0,840.324139063732,5.570027661654294,0.0,9966.64316451506,0.0,18.161396032839658,7.735809126515562,47.55565957695795,0.0,9984.58105605978,9988.108382455159,3.2003841992585187,0.0,16.756156180305883,9.151793241102656,9981.988369529268,9972.857886441872,494.76801587581286,0.0,0.0,2.5707607400911883,4.233534656312916,9.14349085701405,9952.205256487227,0.0,0.0,0.0,0.0,8.482383753833197,0.0,19.926682377585756,95.76452691265986,9982.978992602046,0.0
socioeconomic_insecurity_worry|WVS_H,9964.240035081659,0.0,0.0,0.0,4.726944244565187,4.160331674868356,21.10643138527228,0.0,39.519920446210115,0.0,33.355801906232145,9977.443182058547,0.0,131.08674988068663,0.0,0.0,9977.022770593992,0.0,0.0,9964.747811510524,0.6415923197702984,72.86900575127683,28.022701907853794,9984.468742299323,0.0,0.0,112.31755269638434,3.1643377450889822,0.0,9969.093145649722,5.239685944000035,0.0,0.0,0.0,61.9473055406646,46.801774586732115,4.699576977237989,187.41454924460018,9969.798814319374,0.0,0.0,1.5632335845461398,0.0,10.52264671009777,0.0,0.0,0.0,0.0,0.0,0.0,0.0,0.0,0.0,0.0,0.0
subjective_wellbeing|WVS_A,13.664728667643587,0.0,0.0,0.0,9963.282173961084,9960.287433963262,9934.084926008929,3.634849298516947,960.871686959267,13.47874433872461,960.8300173988808,2.6610161971124526,0.0,112.06153226675933,35.21633997016,0.0,39.8507275832404,21.003510068986294,20.19368600847207,23.607514531516728,24.269754753290847,43.851892317988955,9956.97363624338,0.0,4.414668490586131,3.031529619735398,67.46223861879893,189.09147279518317,12.498104337276317,5.457917597618909,118.71253891776597,18.884773959719546,0.0,0.0,63.30778285511518,16.094649910462977,212.27369854110177,26.135916183632673,18.737882419732145,15.312792843506028,5.21904340092869,463.90276838747144,25.43948207618223,56.70715623771579,0.0,10.592872208003858,0.0,8.482383753833197,0.0,0.0,0.0,9956.441992076967,9958.529751101893,0.0,34.98659504150239
violence_tolerance|WVS_F,0.0,0.0,0.0,0.0,0.0,0.0,0.0,0.0,0.0,0.0,0.0,0.0,0.0,0.0,0.0,0.0,0.0,0.0,0.0,0.0,0.0,0.0,0.0,0.0,0.0,0.0,0.0,0.0,0.0,0.0,0.0,0.0,0.0,0.0,0.0,0.0,0.0,0.0,0.0,0.0,0.0,0.0,0.0,0.0,0.0,0.0,0.0,0.0,0.0,0.0,0.0,0.0,0.0,0.0,0.0
