construct,acceptance_of_state_surveillance|WVS_H,authoritarian_governance_tolerance|WVS_E,autocracy_support|WVS_E,basic_needs_deprivation|WVS_H,child_qualities_autonomy_self_expression|WVS_A,child_qualities_conformity_tradition|WVS_A,child_qualities_prosocial_diligence|WVS_A,civic_dishonesty_tolerance|WVS_F,confidence_in_civil_society_organizations|WVS_E,confidence_in_domestic_institutions|WVS_E,confidence_in_international_organizations|WVS_E,crime_victimization|WVS_H,democratic_system_evaluation|WVS_E,democratic_values_importance|WVS_E,economic_ideology|WVS_E,electoral_integrity|WVS_E,existential_threat_worry|WVS_H,familial_duty_obligations|WVS_D,female_income_threat_to_marriage|WVS_D,freedom_security_tradeoff_perception|WVS_H,gender_role_traditionalism|WVS_D,immigrant_origin_status|WVS_G,importance_of_life_domains|WVS_A,institutional_threat_perception|WVS_H,international_organization_knowledge|WVS_E,job_scarcity_gender_discrimination|WVS_C,job_scarcity_nativist_preference|WVS_C,life_autonomy_morality_permissiveness|WVS_F,multilevel_place_attachment|WVS_G,neighborhood_disorder_and_crime|WVS_H,offline_political_participation|WVS_E,online_political_participation|WVS_E,outgroup_trust|WVS_G,perceived_corruption|WVS_E,perceived_negative_effects_of_immigration|WVS_G,perceived_positive_effects_of_immigration|WVS_G,political_information_sources|WVS_E,postmaterialist_values|WVS_E,precautionary_security_behaviors|WVS_H,religion_versus_secularism_orientation|WVS_F,religious_belief|WVS_F,religious_exclusivism|WVS_F,religious_practice_and_self_identification|WVS_F,science_skepticism|WVS_I,science_technology_optimism|WVS_E,sexual_and_reproductive_morality_permissiveness|WVS_F,social_intolerance_outgroups|WVS_A,societal_change_attitudes|WVS_E,socioeconomic_insecurity_worry|WVS_H,subjective_wellbeing|WVS_A,violence_tolerance|WVS_F,voluntary_association_active_membership|WVS_A,voluntary_association_belonging|WVS_A,voting_participation|WVS_E,work_ethic|WVS_C
acceptance_of_state_surveillance|WVS_H,0.0,49.469555983135145,43.54583818140771,21.7850644650089,38.52436851521898,72.79428392200198,75.03486647346537,38.49742519533615,80.76142127125387,65.45595054095827,55.95861271925045,23.789283874291606,57.61757815344757,37.53100572859624,44.954475614704585,61.118050997579275,55.8240179943242,55.11050525217581,31.73350059145432,87.12798122870099,25.016179986464962,20.04008016032064,64.9356664939921,25.24068635309134,23.17199992367432,23.761598381489833,41.16289141499426,28.860776278223685,44.78146373743921,22.28188910751117,9999.0,20.980812419411308,34.9491279288725,125.34606043106815,77.47798756065424,31.10540281012885,21.621178654398467,52.507612627853106,36.91517800876943,26.62913489850017,36.77791216142735,28.003001983869186,27.056878615204212,36.24597133097906,34.686719771727496,36.42031112796037,15.45595054095827,104.78584287218506,64.23643834583632,28.98550724637681,49.585643373722775,9999.0,35.42249357531669,46.06828545931067,38.08038493009854
authoritarian_governance_tolerance|WVS_E,49.469555983135145,0.0,62.103493082626315,34.36426116838488,49.54018897601635,89.9918792462158,92.23246179767919,50.81874647092039,99.31907617247248,84.01360544217687,74.51626762046905,42.34693877551021,76.17523305466617,56.08866062981484,63.51213051592319,79.67570589879787,73.02161331853803,72.30810057638965,48.931095915668145,104.8450744102918,43.57383488768357,31.055900621118013,83.4933213952107,43.798341254309946,40.33233846898443,42.31925328270844,58.79696444465606,47.418431179442294,58.93428573840945,40.839544008729774,9999.0,38.17840774362514,53.506782830091105,143.90371533228677,94.67558288486808,49.663057711347456,39.874242772793494,63.52343308865048,55.47283290998803,45.186789799718774,55.335567062645964,46.55361712385964,45.61453351642282,54.803626232197665,53.24437467294611,54.97796602917897,34.013605442176875,115.80166333298243,82.79409324705492,43.84362440628425,63.5187801188222,9999.0,51.75983436853002,64.62594036052928,56.638039831317144
autocracy_support|WVS_E,43.54583818140771,62.103493082626315,0.0,32.362459546925564,49.48574721815844,85.42822102149316,87.66880357295653,51.13136229482732,93.39535837074504,78.08988764044943,68.59254981874162,36.423220973782776,70.25151525293873,50.164942828087405,57.588412714195755,73.75198809707044,68.45795509381537,67.74444235166698,44.36743769094549,99.76191832819217,37.65011708595613,32.67973856209151,77.56960359348327,37.87462345258251,35.80593702316549,36.395535480981,53.79682851448543,41.49471337771486,56.932484116950135,34.91582620700234,9999.0,33.61474951890248,47.58306502836367,137.97999753055933,90.1119246601454,43.73933990962002,34.25511575388964,65.14727102962397,49.549115108260594,39.26307199799134,49.41184926091853,40.63693908336036,39.69081571469538,48.87990843047023,47.320656871218674,49.05424822745154,28.08988764044944,115.69579288025889,76.87037544532748,44.94107589912682,61.516978497362885,9999.0,48.05643067480786,58.70222255880184,50.71432202958971
basic_needs_deprivation|WVS_H,21.7850644650089,34.36426116838488,32.362459546925564,0.0,17.123287671232877,59.1826682601441,61.42325081160748,19.305019305019304,71.63458465434623,55.865921787709496,46.6551468532923,14.662447257383967,48.49074153653993,25.839793281653748,35.827638997796946,51.991214380671636,42.21240233246632,41.49888959031793,18.121884929596437,74.0358634242201,13.623978201634877,7.49063670411985,54.09816872017025,16.113849736183706,9.191176470588236,12.091898428053206,27.987753458584354,19.73393966131605,24.57002457002457,13.155052490603534,9999.0,7.369196757553428,19.267822736030826,116.21922381416051,63.86637189879636,19.53125,8.561643835616438,33.557046979865774,27.788341391861792,15.89825119236884,27.65107554451972,15.744406137787934,17.753412749246056,25.099693211454138,25.559883154819865,26.489655648566814,6.329113924050633,83.33333333333333,55.10960172892868,12.578616352201257,29.15451895043732,9999.0,19.9203187250996,36.76481959335252,27.44951804269399
child_qualities_autonomy_self_expression|WVS_A,38.52436851521898,49.54018897601635,49.48574721815844,17.123287671232877,0.0,70.26365600443569,72.50423855589908,36.42830697625218,80.75124708579169,72.98920945894237,57.73613459758389,27.027027027027028,57.60740396798539,42.96308095288663,52.950926669029826,64.46580774905321,53.293390076757916,52.57987733460952,29.20287267388803,84.31810923027787,22.321428571428573,18.484288354898336,65.17915646446184,33.23713740741658,22.93577981651376,19.801980198019802,39.06874120287594,33.442688249970956,41.693312241257445,22.271714922048996,9999.0,18.45018450184502,35.456987222933456,133.3425114853934,74.94735964308795,36.65453767123287,22.075055187637968,50.68033465109865,44.911629063094665,28.37081942247994,44.7743632157526,26.825393882079524,28.834400493537647,36.18068095574573,42.683170826052745,37.5706433928584,23.45240159528351,100.4566210045662,72.23288940016155,29.701904023434132,46.277806621670194,9999.0,35.41231938985452,47.84580733764411,38.530505786985586
child_qualities_conformity_tradition|WVS_A,72.79428392200198,89.9918792462158,85.42822102149316,59.1826682601441,70.26365600443569,0.0,105.86752555664472,78.48768756516341,122.6438041113393,107.33833338104371,76.33587786259541,65.67166671437704,99.49996099353301,79.41338856868168,86.83685845479002,103.00043383766472,86.65667707750356,85.94316433535518,62.56615967463368,118.48013816925734,62.53158511459496,58.935978625097796,88.13004416019491,67.12306919317679,65.05438276375976,62.82668736162151,72.4320282036216,66.80597525071661,83.75269283016867,64.16427194759662,9999.0,51.81347150259067,68.8202742236791,167.2284432711536,108.3106466438336,72.98778565021429,62.184430505750704,91.40351109263025,78.79756084885487,61.7341064232256,78.6602950015128,60.18868088282518,50.25125628140703,69.54396795649139,76.56910261181294,70.93393039360406,57.33833338104371,142.51600159347743,106.11882118592176,64.568573543407,88.3338409990862,9999.0,77.30487641540213,51.02040816326531,71.89379278773123
child_qualities_prosocial_diligence|WVS_A,75.03486647346537,92.23246179767919,87.66880357295653,61.42325081160748,72.50423855589908,105.86752555664472,0.0,80.72827011662679,124.88438666280268,109.5789159325071,93.34000414979293,67.91224926584043,101.7405435449964,81.65397112014506,89.07744100625341,105.2410163891281,88.89725962896695,88.18374688681857,64.80674222609707,120.72072072072072,64.77216766605835,61.17656117656118,100.78302601667087,69.36365174464017,67.29496531522314,65.06726991308489,74.67261075508497,69.04655780217999,85.99327538163206,66.40485449906,9999.0,54.054054054054056,71.0608567751425,169.46902582261697,110.551229195297,75.22836820167767,65.7441440459473,93.64409364409364,81.03814340031825,63.97468897468897,80.90087755297618,62.42926343428856,64.43827004574669,71.78455050795476,78.80968516327633,73.17451294506745,59.578915932507094,144.7565841449408,108.35940373738515,66.80915609487039,90.5777697620448,9999.0,79.54545896686551,83.44967688985315,74.13437533919462
civic_dishonesty_tolerance|WVS_F,38.49742519533615,50.81874647092039,51.13136229482732,19.305019305019304,36.42830697625218,78.48768756516341,80.72827011662679,0.0,80.12455380876433,73.04147465437788,56.17977528089888,31.374807987711215,56.98071069095805,45.11652984201585,52.539999728124194,63.83911447202587,61.517421637485626,60.80390889533724,37.42690423461574,93.34088272923941,32.60170409988457,19.76284584980237,72.52119060741171,32.82621046651095,25.510204081632654,31.347122494909442,47.29277276360366,36.44630039164329,41.1522633744856,21.645021645021647,9999.0,26.674216062572732,38.57284204105013,132.93158454448775,83.17139120381566,34.84320557491289,27.866663140635744,52.23037831733484,44.50070212218904,34.21465901191978,44.36343627484696,35.049425442807234,34.64240272862382,43.83149544439867,42.272243885147105,44.00583524137998,23.04147465437788,102.63835263835263,71.82196245925593,31.88363565722056,48.45953825545662,9999.0,34.78562611282717,28.653295128939828,45.66590904351815
confidence_in_civil_society_organizations|WVS_E,80.76142127125387,99.31907617247248,93.39535837074504,71.63458465434623,80.75124708579169,122.6438041113393,124.88438666280268,80.12455380876433,0.0,112.53358621779674,105.80813290858778,73.63880406362892,93.8152212096791,87.38052591793357,94.8039958040419,100.6736249907469,105.67353818366152,104.96002544151314,81.58302078079164,136.97750141803832,74.86570017580229,69.16329284750337,114.78518668332941,75.09020654242867,73.02152011301165,73.61111857082716,91.01241160433159,78.71029646756101,85.80193653532739,58.47953216374269,9999.0,70.83033260874863,84.79864811820983,175.19558062040548,127.32750774999157,73.20707266447907,70.41270638808636,101.63082531503584,86.76469819810676,76.4786550878375,86.62743235076468,77.85252217320651,76.90639880454154,86.09549152031639,84.53623996106482,86.2698313172977,65.3054707302956,153.9090555593678,114.08595853517365,72.48513440463904,92.96229078443234,9999.0,71.6201366315482,95.37990116743273,87.92990511943586
confidence_in_domestic_institutions|WVS_E,65.45595054095827,84.01360544217687,78.08988764044943,55.865921787709496,72.98920945894237,107.33833338104371,109.5789159325071,73.04147465437788,112.53358621779674,0.0,90.50266217829218,58.333333333333336,89.38974309999045,72.07505518763797,79.49852507374632,95.662100456621,90.36806745336594,89.65455471121754,66.27755005049605,121.67203068774272,59.56022944550669,56.32111251580278,99.47971595303383,59.78473581213307,57.71604938271605,58.30564784053156,75.706940874036,63.40482573726541,79.32551319648094,54.054054054054056,9999.0,55.52486187845304,69.49317738791423,159.8901098901099,112.02203701969597,65.64945226917058,56.16522811344019,88.78864498333525,71.45922746781116,61.1731843575419,71.32196162046908,62.54705144291091,61.60092807424594,70.79002079002079,69.23076923076923,70.96436058700209,50.0,139.19925512104282,98.78048780487805,68.05965629495041,84.1296928327645,9999.0,67.19465852185958,80.6123349183524,72.62443438914028
confidence_in_international_organizations|WVS_E,55.95861271925045,74.51626762046905,68.59254981874162,46.6551468532923,57.73613459758389,76.33587786259541,93.34000414979293,56.17977528089888,105.80813290858778,90.50266217829218,0.0,48.83599551162552,82.66428979078148,62.577717365930155,70.0011872520385,86.16476263491319,74.12915567065177,73.41564292850337,45.45454545454546,83.33333333333333,49.75124378109453,46.408457218246,66.78052198283413,50.287397990425255,48.218711561008234,48.80831001882375,59.904506796769795,53.907487915557596,69.82817537477312,47.32860074484508,9999.0,39.28595009573887,56.29275281682731,150.39277206840205,95.7831252369818,56.152114447462765,40.83490832838992,78.87598968577846,61.961889646103344,49.20658501637379,61.824623798761266,47.66115947597338,28.901734104046245,52.8251790801228,59.73343140906141,56.81818181818181,40.502662178292184,129.98848018662562,89.28314998317023,52.041052136555194,74.63235501105669,9999.0,60.46920521265061,47.91314094815271,59.36627138087944
crime_victimization|WVS_H,23.789283874291606,42.34693877551021,36.423220973782776,14.662447257383967,27.027027027027028,65.67166671437704,67.91224926584043,31.374807987711215,73.63880406362892,58.333333333333336,48.83599551162552,0.0,50.49496094582263,30.4083885209713,37.83185840707965,53.99543378995434,48.70140078669927,47.98788804455088,24.610883383829382,80.00536402107605,17.893562778840028,14.326647564469914,57.81304928636716,18.118069145466407,16.049382716049383,16.638981173864895,34.04027420736933,21.738159070598748,37.65884652981428,15.159271899886235,9999.0,13.858195211786374,27.826510721247566,118.22344322344321,70.3553703530293,23.982785602503913,13.531799729364007,46.79418003200238,29.79256080114449,19.506517690875235,29.655294953802418,20.88038477624425,19.934261407579275,29.123354123354126,27.564102564102562,29.297693920335433,8.333333333333334,97.99578059071729,57.113821138211385,21.50537634408602,42.46302616609784,9999.0,25.188916876574307,38.94566825168574,30.957767722473605
democratic_system_evaluation|WVS_E,57.61757815344757,76.17523305466617,70.25151525293873,48.49074153653993,57.60740396798539,99.49996099353301,101.7405435449964,56.98071069095805,93.8152212096791,89.38974309999045,82.66428979078148,50.49496094582263,0.0,64.23668280012727,71.66015268623562,77.52978187294062,82.52969506585524,81.81618232370684,58.439177662985344,113.83365830023202,51.72185705799599,46.01944972969708,91.64134356552313,49.26108374384237,49.87767699520535,50.46727545302086,67.86856848652529,55.56645334975471,62.6580934175211,35.3356890459364,9999.0,47.686489490942336,61.65480500040353,152.05173750259917,104.18366463218527,50.06322954667277,47.26886327028007,78.48698219722954,63.62085508030046,53.3348119700312,63.48358923295838,54.70867905540021,53.76255568673524,62.95164840251009,61.392396843258524,63.125988199491395,42.1616276124893,130.7652124415615,90.94211541736735,49.34129128683276,69.81844766662604,9999.0,48.476293513741915,72.23605804962644,64.78606200162957
democratic_values_importance|WVS_E,37.53100572859624,56.08866062981484,50.164942828087405,25.839793281653748,42.96308095288663,79.41338856868168,81.65397112014506,45.11652984201585,87.38052591793357,72.07505518763797,62.577717365930155,30.4083885209713,64.23668280012727,0.0,51.57358026138428,67.73715564425898,62.443122641003896,61.729609898855514,38.35260523813402,93.74708587538069,31.63528463314466,25.57544757033248,71.55477114067179,31.859790999771043,29.79110457035402,30.380703028169528,47.781996061673965,35.479880924903384,50.40981785167832,28.90099375419087,9999.0,27.599917066091006,41.5682325755522,131.96516507774786,84.09709220733394,37.724507456808546,28.240283301078165,58.04298003786494,43.534282655449125,33.24823954517987,43.397016808107054,34.622106630548885,33.67598326188391,42.86507597765876,41.3058244184072,43.03941577464006,22.075055187637968,109.17312661498707,70.85554299251602,38.36317135549872,54.99431223209107,9999.0,42.04159822199639,52.687390105990374,44.699489576778234
economic_ideology|WVS_E,44.954475614704585,63.51213051592319,57.588412714195755,35.827638997796946,52.950926669029826,86.83685845479002,89.07744100625341,52.539999728124194,94.8039958040419,79.49852507374632,70.0011872520385,37.83185840707965,71.66015268623562,51.57358026138428,0.0,75.16062553036733,69.86659252711225,69.15307978496386,45.77607512424237,101.17055576148903,39.05875451925301,35.819637589549096,78.97824102678014,39.283260885879386,37.214574456462366,37.80417291427788,55.20546594778231,42.903350811011734,58.824038270227256,36.324463640299214,9999.0,35.02338695219935,48.991702461660545,139.3886349638562,91.5205620934423,45.147977342916896,35.663753187186515,68.28717005708157,50.95775254155747,40.671709431288214,50.820486694215404,42.045576516657235,41.09945314799226,50.288545863767105,48.72929430451555,50.46288566074841,29.498525073746315,119.16097233113027,78.27901287862437,47.778488993015685,63.62821790651082,9999.0,49.46506810810473,60.11085999209872,52.122959462886584
electoral_integrity|WVS_E,61.118050997579275,79.67570589879787,73.75198809707044,51.991214380671636,64.46580774905321,103.00043383766472,105.2410163891281,63.83911447202587,100.6736249907469,95.662100456621,86.16476263491319,53.99543378995434,77.52978187294062,67.73715564425898,75.16062553036733,0.0,86.03016790998694,85.31665516783855,61.93965050711705,117.33413114436372,55.2223299021277,51.983212972423786,95.14181640965484,49.75124378109453,53.378149839337055,53.96774829715257,71.369041330657,59.06692619388642,69.51649719858892,42.19409282700422,9999.0,51.18696233507404,65.15527784453523,155.55221034673087,107.68413747631698,56.921633327740594,51.8273285700612,84.45074543995625,67.12132792443217,56.835284814162904,66.98406207709009,58.20915189953192,57.26302853086695,66.4521212466418,64.89286968739023,66.6264610436231,45.662100456621005,135.32454771400495,94.44258826149905,56.19969506790058,76.67685144769388,9999.0,55.334697294809736,76.27443537497341,68.28653484576128
existential_threat_worry|WVS_H,55.8240179943242,73.02161331853803,68.45795509381537,42.21240233246632,53.293390076757916,86.65667707750356,88.89725962896695,61.517421637485626,105.67353818366152,90.36806745336594,74.12915567065177,48.70140078669927,82.52969506585524,62.443122641003896,69.86659252711225,86.03016790998694,0.0,68.9728984076774,45.5958937469559,101.50987224157956,45.56131918691718,41.96571269742002,81.57217753752971,50.152803265499,48.08411683608198,45.85642143394373,55.46176227594382,49.83570932303883,66.7824269024909,47.19400601991883,9999.0,34.84320557491289,51.850008296001334,150.2581773434758,91.34038071615583,56.01751972253651,46.53329556680613,74.43324516495248,61.827294921177085,44.76384049554781,61.69002907383502,43.218414955147395,45.22742156660552,52.5737020288136,59.598836684135165,53.96366446592628,40.36806745336593,125.54573566579964,89.14855525824399,47.59830761572922,71.36692128290363,9999.0,60.33461048772435,64.23882841071199,54.92352686005346
familial_duty_obligations|WVS_D,55.11050525217581,72.30810057638965,67.74444235166698,41.49888959031793,52.57987733460952,85.94316433535518,88.18374688681857,60.80390889533724,104.96002544151314,89.65455471121754,73.41564292850337,47.98788804455088,81.81618232370684,61.729609898855514,69.15307978496386,85.31665516783855,68.9728984076774,0.0,44.88238100480751,100.79635949943118,44.84780644476879,41.25219995527163,80.85866479538133,49.439290523350614,47.37060409393359,45.14290869179534,54.74824953379543,49.122196580890446,66.0689141603425,46.48049327777044,9999.0,34.129692832764505,51.13649555385294,149.54466460132744,90.62686797400744,55.304006980388124,45.819782824657736,73.7197324228041,61.1137821790287,44.05032775339943,60.976516331686625,42.50490221299901,44.51390882445713,51.86018928666522,58.88532394198677,53.25015172377789,39.65455471121754,124.83222292365126,88.43504251609559,46.88479487358083,70.65340854075525,9999.0,59.621097745575966,63.52531566856359,54.21001411790507
female_income_threat_to_marriage|WVS_D,31.73350059145432,48.931095915668145,44.36743769094549,18.121884929596437,29.20287267388803,62.56615967463368,64.80674222609707,37.42690423461574,81.58302078079164,66.27755005049605,45.45454545454546,24.610883383829382,58.439177662985344,38.35260523813402,45.77607512424237,61.93965050711705,45.5958937469559,44.88238100480751,0.0,77.41935483870968,21.470801784047296,17.87519529455013,57.48166013465983,26.062285862629125,23.9935994332121,21.765904031073845,31.371244873073934,25.74519192016895,42.69190949962101,23.103488617048953,9999.0,10.75268817204301,27.75949089313145,126.16765994060593,67.24986331328594,31.927002319666627,18.248175182481752,50.342727762082596,37.73677751830721,20.673323092677933,37.599511670965136,19.127897552277517,21.136904163735636,28.48318462594372,35.50831928126528,29.873147063056393,16.27755005049605,101.010101010101,65.0580378553741,23.507790212859337,47.276403880033754,9999.0,36.24409308485447,40.148311007842096,30.83300945718357
freedom_security_tradeoff_perception|WVS_H,87.12798122870099,104.8450744102918,99.76191832819217,74.0358634242201,84.31810923027787,118.48013816925734,120.72072072072072,93.34088272923941,136.97750141803832,121.67203068774272,83.33333333333333,80.00536402107605,113.83365830023202,93.74708587538069,101.17055576148903,117.33413114436372,101.50987224157956,100.79635949943118,77.41935483870968,0.0,62.11180124223603,73.78917378917379,113.3956386292835,81.4567664998758,78.24083350030054,64.51612903225806,87.2852233676976,81.65917041479261,98.60588799424467,78.49796925429563,9999.0,66.66666666666667,83.6734693877551,181.5621405778526,123.1638418079096,87.3214829569133,77.35309950722598,106.25670625670625,93.13125815555388,76.5873015873016,92.9939923082118,75.04187604690118,77.0508826583593,84.39716312056738,90.90279991851195,85.78712555768006,71.67203068774272,157.36919675755342,120.45251849262077,79.421768707483,101.5531660692951,9999.0,91.63857372210114,86.95652173913044,86.74698795180723
gender_role_traditionalism|WVS_D,25.016179986464962,43.57383488768357,37.65011708595613,13.623978201634877,22.321428571428573,62.53158511459496,64.77216766605835,32.60170409988457,74.86570017580229,59.56022944550669,49.75124378109453,17.893562778840028,51.72185705799599,31.63528463314466,39.05875451925301,55.2223299021277,45.56131918691718,44.84780644476879,21.470801784047296,62.11180124223603,0.0,15.197568389057752,57.44708557462111,19.344965257639764,16.129032258064516,12.391573729863694,31.336670313035214,22.965055182772108,38.19400277165945,16.386168012059592,9999.0,10.718113612004288,27.724916333092725,119.45033933561658,67.21528875324722,25.209681714677274,15.698587127158554,47.18102518150065,31.01945691331785,20.63874853263921,30.88219106597578,19.093322992238793,21.102329603696916,28.448610065904997,28.790998676275922,29.838572503017673,9.560229445506693,96.9573115349682,58.34071725038474,23.473215652820613,42.7784971520722,9999.0,29.526772479865112,40.113736447803376,30.79843489714485
immigrant_origin_status|WVS_G,20.04008016032064,31.055900621118013,32.67973856209151,7.49063670411985,18.484288354898336,58.935978625097796,61.17656117656118,19.76284584980237,69.16329284750337,56.32111251580278,46.408457218246,14.326647564469914,46.01944972969708,25.57544757033248,35.819637589549096,51.983212972423786,41.96571269742002,41.25219995527163,17.87519529455013,73.78917378917379,15.197568389057752,0.0,53.85147908512395,16.105848327935853,9.276437847866418,12.330456226880393,27.74106382353805,19.725938253068197,32.06066127414442,10.683760683760683,9999.0,7.122507122507122,24.12930984359556,116.21122240591266,63.61968226375006,21.970564784973362,8.818342151675484,32.467532467532465,27.78033998361394,16.155088852988694,27.643074136271867,15.497716502741628,17.50672311419975,24.853003576407833,25.55188174657201,26.24296601352051,6.321112515802781,84.74576271186442,55.10160032068083,12.78772378516624,33.333333333333336,9999.0,20.70393374741201,36.51812995830622,27.202828407647687
importance_of_life_domains|WVS_A,64.9356664939921,83.4933213952107,77.56960359348327,54.09816872017025,65.17915646446184,88.13004416019491,100.78302601667087,72.52119060741171,114.78518668332941,99.47971595303383,66.78052198283413,57.81304928636716,91.64134356552313,71.55477114067179,78.97824102678014,95.14181640965484,81.57217753752971,80.85866479538133,57.48166013465983,113.3956386292835,57.44708557462111,53.85147908512395,0.0,59.264451765166896,57.195765335749876,57.74218782164766,67.34752866364775,61.721475710742766,78.66819329019482,56.305654519586724,9999.0,46.728971962616825,63.73577468370526,159.3698258431437,103.22614710385976,65.1291682222044,49.811962103131556,86.3190115526564,70.93894342084498,56.64960688325175,70.80167757350291,55.104181342851334,37.87878787878788,61.80223285486444,68.71048518380306,65.84943085363021,49.479715953033825,137.43150205350358,98.26020375791188,59.48407400343315,83.25268767060757,9999.0,69.44625898739224,49.26108374384237,66.80929324775738
institutional_threat_perception|WVS_H,25.24068635309134,43.798341254309946,37.87462345258251,16.113849736183706,33.23713740741658,67.12306919317679,69.36365174464017,32.82621046651095,75.09020654242867,59.78473581213307,50.287397990425255,18.118069145466407,49.26108374384237,31.859790999771043,39.283260885879386,49.75124378109453,50.152803265499,49.439290523350614,26.062285862629125,81.4567664998758,19.344965257639764,16.105848327935853,59.264451765166896,0.0,17.500785194849122,18.090383652664634,35.491676686169065,23.18956154939849,39.11024900861401,16.610674378685975,9999.0,15.309597690586113,29.2779132000473,119.67484570224296,71.80677283182905,25.434188081303652,14.55604075691412,48.57338079546832,31.243963279944232,20.95792016967497,31.10669743260216,22.33178725504399,21.385663886379014,30.57475660215386,29.015505042902305,30.74909639913517,9.784735812133073,99.44718306951704,58.56522361701112,19.960079840319363,43.914428644897576,9999.0,18.832391713747647,40.397070730485474,32.40917020127334
international_organization_knowledge|WVS_E,23.17199992367432,40.33233846898443,35.80593702316549,9.191176470588236,22.93577981651376,65.05438276375976,67.29496531522314,25.510204081632654,73.02152011301165,57.71604938271605,48.218711561008234,16.049382716049383,49.87767699520535,29.79110457035402,37.214574456462366,53.378149839337055,48.08411683608198,47.37060409393359,23.9935994332121,78.24083350030054,16.129032258064516,9.276437847866418,57.195765335749876,17.500785194849122,0.0,16.0,33.422990256752044,21.120875119981466,31.746031746031747,14.54198794926895,9999.0,13.240911261169089,20.618556701030926,117.60615927282593,58.13953488372093,23.36550165188663,13.881277496156248,41.74397031539888,29.175276850527208,17.421602787456447,29.038011003185137,15.673981191222571,19.31697745696199,28.50607017273684,26.94681861348528,28.68040996971815,7.71604938271605,92.52450980392156,56.4965371875941,15.290519877675841,38.34569542102555,9999.0,27.68259241707447,38.32838430106845,30.34048377185632
job_scarcity_gender_discrimination|WVS_C,23.761598381489833,42.31925328270844,36.395535480981,12.091898428053206,19.801980198019802,62.82668736162151,65.06726991308489,31.347122494909442,73.61111857082716,58.30564784053156,48.80831001882375,16.638981173864895,50.46727545302086,30.380703028169528,37.80417291427788,53.96774829715257,45.85642143394373,45.14290869179534,21.765904031073845,64.51612903225806,12.391573729863694,12.330456226880393,57.74218782164766,18.090383652664634,16.0,0.0,31.631772560061762,21.710473577796975,36.66192299807778,15.131586407084463,9999.0,11.013215859030836,27.798825228445793,118.19575773064145,67.51039100027377,23.95510010970214,12.836970474967908,44.79798869441286,29.764875308342717,19.478832198073462,29.627609461000645,19.38842523926534,19.906575914777502,28.743712312931546,27.53641707130079,29.27000842753366,8.305647840531561,95.42523176138653,57.08613564540961,23.768317899847162,37.03703703703704,9999.0,28.27219087488998,38.917982758883966,30.930082229671832
job_scarcity_nativist_preference|WVS_C,41.16289141499426,58.79696444465606,53.79682851448543,27.987753458584354,39.06874120287594,72.4320282036216,74.67261075508497,47.29277276360366,91.01241160433159,75.706940874036,59.904506796769795,34.04027420736933,67.86856848652529,47.781996061673965,55.20546594778231,71.369041330657,55.46176227594382,54.74824953379543,31.371244873073934,87.2852233676976,31.336670313035214,27.74106382353805,67.34752866364775,35.491676686169065,33.422990256752044,31.631772560061762,0.0,35.61106044915687,52.55777802860892,32.53287944058889,9999.0,20.618556701030926,37.62535942211936,135.59705076414588,77.11573184227386,41.356393143206574,31.847133757961785,60.20859629107051,47.166168341847154,30.539191621665847,47.028902494505076,28.99376608126543,31.002772692723553,38.34905315493164,44.93771010480522,39.73901559204431,25.706940874035993,111.32108679191768,74.48742867891404,33.37365874184725,57.14227240902167,9999.0,45.67348390839442,50.014179536830014,40.69887798617149
life_autonomy_morality_permissiveness|WVS_F,28.860776278223685,47.418431179442294,41.49471337771486,19.73393966131605,33.442688249970956,66.80597525071661,69.04655780217999,36.44630039164329,78.71029646756101,63.40482573726541,53.907487915557596,21.738159070598748,55.56645334975471,35.479880924903384,42.903350811011734,59.06692619388642,49.83570932303883,49.122196580890446,25.74519192016895,81.65917041479261,22.965055182772108,19.725938253068197,61.721475710742766,23.18956154939849,21.120875119981466,21.710473577796975,35.61106044915687,0.0,42.73033893374635,20.23076430381832,9999.0,14.992503748125937,31.999306469214375,123.2949356273753,71.48967888936888,29.054278006435993,16.025641025641026,52.19347072060066,34.86405320507657,24.578010094807315,34.7267873577345,23.367713128360442,25.005753811511354,32.72300020202665,32.635594968034646,34.112962639139326,13.404825737265416,103.06727299464937,62.18531354214346,27.747605788942266,47.53451857002992,9999.0,33.371368771623835,44.017160655617815,35.0728250332665
multilevel_place_attachment|WVS_G,44.78146373743921,58.93428573840945,56.932484116950135,24.57002457002457,41.693312241257445,83.75269283016867,85.99327538163206,41.1522633744856,85.80193653532739,79.32551319648094,69.82817537477312,37.65884652981428,62.6580934175211,50.40981785167832,58.824038270227256,69.51649719858892,66.7824269024909,66.0689141603425,42.69190949962101,98.60588799424467,38.19400277165945,32.06066127414442,78.66819329019482,39.11024900861401,31.746031746031747,36.66192299807778,52.55777802860892,42.73033893374635,0.0,27.3224043715847,9999.0,31.939221327578,43.837847306055394,139.21562308659082,88.43639646882093,42.04994487232108,33.13166840564101,58.127071549890346,50.7847406642921,40.46827576239341,50.64747481695002,40.314430707812505,40.92644127072688,49.66971778147871,48.55628242725017,50.28987378348304,29.32551319648094,107.9033579033579,78.10600100135899,37.14864092222583,53.72454352046189,9999.0,40.46300883939022,41.49377593360996,51.94994758562121
neighborhood_disorder_and_crime|WVS_H,22.28188910751117,40.839544008729774,34.91582620700234,13.155052490603534,22.271714922048996,64.16427194759662,66.40485449906,21.645021645021647,58.47953216374269,54.054054054054056,47.32860074484508,15.159271899886235,35.3356890459364,28.90099375419087,36.324463640299214,42.19409282700422,47.19400601991883,46.48049327777044,23.103488617048953,78.49796925429563,16.386168012059592,10.683760683760683,56.305654519586724,16.610674378685975,14.54198794926895,15.131586407084463,32.53287944058889,20.23076430381832,27.3224043715847,0.0,9999.0,12.350800445005941,26.31911595446713,116.71604845666279,68.84797558624888,14.727540500736376,11.933174224343675,43.151293151293146,28.28516603436406,17.9991229240948,28.14790018702199,19.37299000946382,18.426866640798842,27.61595935657369,26.056707797322133,27.790299153554997,6.825938566552901,95.4295233956251,55.60642637143095,14.005602240896357,34.48275862068965,9999.0,13.140604467805518,36.90036900369004,29.45037295569317
offline_political_participation|WVS_E,9999.0,9999.0,9999.0,9999.0,9999.0,9999.0,9999.0,9999.0,9999.0,9999.0,9999.0,9999.0,9999.0,9999.0,9999.0,9999.0,9999.0,9999.0,9999.0,9999.0,9999.0,9999.0,9999.0,9999.0,9999.0,9999.0,9999.0,9999.0,9999.0,9999.0,0.0,9999.0,9999.0,9999.0,9999.0,9999.0,9999.0,9999.0,9999.0,9999.0,9999.0,9999.0,9999.0,9999.0,9999.0,9999.0,9999.0,9999.0,9999.0,9999.0,9999.0,9999.0,9999.0,9999.0,9999.0
online_political_participation|WVS_E,20.980812419411308,38.17840774362514,33.61474951890248,7.369196757553428,18.45018450184502,51.81347150259067,54.054054054054056,26.674216062572732,70.83033260874863,55.52486187845304,39.28595009573887,13.858195211786374,47.686489490942336,27.599917066091006,35.02338695219935,51.18696233507404,34.84320557491289,34.129692832764505,10.75268817204301,66.66666666666667,10.718113612004288,7.122507122507122,46.728971962616825,15.309597690586113,13.240911261169089,11.013215859030836,20.618556701030926,14.992503748125937,31.939221327578,12.350800445005941,9999.0,0.0,17.006802721088437,115.41497176856292,56.497175141242934,21.17431414762362,11.690089991893235,39.59003959003959,26.984089346264195,9.920634920634921,26.846823498922124,8.375209380234505,10.384215991692628,17.73049645390071,24.755631109222268,19.120458891013385,5.524861878453039,90.70253009088675,54.30534968333109,12.755102040816327,36.523715707990746,9999.0,25.491404912811458,29.39562283579909,20.080321285140563
outgroup_trust|WVS_G,34.9491279288725,53.506782830091105,47.58306502836367,19.267822736030826,35.456987222933456,68.8202742236791,71.0608567751425,38.57284204105013,84.79864811820983,69.49317738791423,56.29275281682731,27.826510721247566,61.65480500040353,41.5682325755522,48.991702461660545,65.15527784453523,51.850008296001334,51.13649555385294,27.75949089313145,83.6734693877551,27.724916333092725,24.12930984359556,63.73577468370526,29.2779132000473,20.618556701030926,27.798825228445793,37.62535942211936,31.999306469214375,43.837847306055394,26.31911595446713,9999.0,17.006802721088437,0.0,129.3832872780241,73.50397786233137,35.14262965708481,23.20185614849188,52.8248697158966,40.95240485572539,26.92743764172336,40.81513900838331,25.382012101322942,27.391018712781065,34.73729917498915,38.723946618683456,36.12726161210182,19.49317738791423,102.60115606936415,68.27366519279228,29.761904761904766,48.422341686468144,9999.0,39.18814146113043,46.40242555688753,37.087124006229004
perceived_corruption|WVS_E,125.34606043106815,143.90371533228677,137.97999753055933,116.21922381416051,133.3425114853934,167.2284432711536,169.46902582261697,132.93158454448775,175.19558062040548,159.8901098901099,150.39277206840205,118.22344322344321,152.05173750259917,131.96516507774786,139.3886349638562,155.55221034673087,150.2581773434758,149.54466460132744,126.16765994060593,181.5621405778526,119.45033933561658,116.21122240591266,159.3698258431437,119.67484570224296,117.60615927282593,118.19575773064145,135.59705076414588,123.2949356273753,139.21562308659082,116.71604845666279,9999.0,115.41497176856292,129.3832872780241,0.0,171.91214690980587,125.53956215928046,116.05533800355008,148.67875487344514,131.34933735792103,121.06329424765178,131.21207151057897,122.4371613330208,121.49103796435583,130.68013068013067,129.12087912087912,130.854470477112,109.89010989010988,199.55255714749384,158.67059769498792,128.17007380937926,144.01980272287437,9999.0,129.8566529244683,140.5024448084623,132.51454427925015
perceived_negative_effects_of_immigration|WVS_G,77.47798756065424,94.67558288486808,90.1119246601454,63.86637189879636,74.94735964308795,108.3106466438336,110.551229195297,83.17139120381566,127.32750774999157,112.02203701969597,95.7831252369818,70.3553703530293,104.18366463218527,84.09709220733394,91.5205620934423,107.68413747631698,91.34038071615583,90.62686797400744,67.24986331328594,123.1638418079096,67.21528875324722,63.61968226375006,103.22614710385976,71.80677283182905,58.13953488372093,67.51039100027377,77.11573184227386,71.48967888936888,88.43639646882093,68.84797558624888,9999.0,56.497175141242934,73.50397786233137,171.91214690980587,0.0,77.67148928886655,68.18726513313617,96.08721473128253,83.48126448750713,66.41781006187786,83.34399864016505,64.87238452147744,66.88139113293556,74.22767159514365,81.2528062504652,75.61763403225632,62.02203701969597,147.1997052321297,110.80252482457402,69.25227718205926,93.02089084923368,9999.0,81.9885800540544,85.89279797704202,76.5774964263835
perceived_positive_effects_of_immigration|WVS_G,31.10540281012885,49.663057711347456,43.73933990962002,19.53125,36.65453767123287,72.98778565021429,75.22836820167767,34.84320557491289,73.20707266447907,65.64945226917058,56.152114447462765,23.982785602503913,50.06322954667277,37.724507456808546,45.147977342916896,56.921633327740594,56.01751972253651,55.304006980388124,31.927002319666627,87.3214829569133,25.209681714677274,21.970564784973362,65.1291682222044,25.434188081303652,23.36550165188663,23.95510010970214,41.356393143206574,29.054278006435993,42.04994487232108,14.727540500736376,9999.0,21.17431414762362,35.14262965708481,125.53956215928046,77.67148928886655,0.0,21.814680382610774,53.088296979865774,36.90036900369004,26.82263662671248,36.97141388963966,28.196503712081494,27.25038034341652,36.43947305919137,34.88022149993981,36.61381285617268,15.64945226917058,102.86458333333333,64.42994007404863,28.733142741632733,48.68576895043732,9999.0,27.868144968541895,41.1522633744856,38.27388665831085
political_information_sources|WVS_E,21.621178654398467,39.874242772793494,34.25511575388964,8.561643835616438,22.075055187637968,62.184430505750704,65.7441440459473,27.866663140635744,70.41270638808636,56.16522811344019,40.83490832838992,13.531799729364007,47.26886327028007,28.240283301078165,35.663753187186515,51.8273285700612,46.53329556680613,45.819782824657736,18.248175182481752,77.35309950722598,15.698587127158554,8.818342151675484,49.811962103131556,14.55604075691412,13.881277496156248,12.836970474967908,31.847133757961785,16.025641025641026,33.13166840564101,11.933174224343675,9999.0,11.690089991893235,23.20185614849188,116.05533800355008,68.18726513313617,21.814680382610774,0.0,41.285874619207945,27.624455581251354,12.836970474967908,24.630541871921185,13.054830287206267,11.933174224343675,22.123893805309734,25.395997344209427,19.49317738791423,6.165228113440197,91.89497716894977,54.94571591831824,12.738853503184714,37.71616278605376,9999.0,21.05263157894737,30.94458106845014,28.789662502580466
postmaterialist_values|WVS_E,52.507612627853106,63.52343308865048,65.14727102962397,33.557046979865774,50.68033465109865,91.40351109263025,93.64409364409364,52.23037831733484,101.63082531503584,88.78864498333525,78.87598968577846,46.79418003200238,78.48698219722954,58.04298003786494,68.28717005708157,84.45074543995625,74.43324516495248,73.7197324228041,50.342727762082596,106.25670625670625,47.18102518150065,32.467532467532465,86.3190115526564,48.57338079546832,41.74397031539888,44.79798869441286,60.20859629107051,52.19347072060066,58.127071549890346,43.151293151293146,9999.0,39.59003959003959,52.8248697158966,148.67875487344514,96.08721473128253,53.088296979865774,41.285874619207945,0.0,60.24787245114641,48.62262132052116,60.11060660380433,47.96524897027409,49.974255581732216,57.320536043940294,58.01941421410447,58.71049848105297,38.788644983335246,116.8903803131991,87.5691327882133,45.2552562526987,62.711565930303095,9999.0,53.17146621494447,68.98566242583868,59.67036087518015
