construct,acceptance_of_state_surveillance|WVS_H,authoritarian_governance_tolerance|WVS_E,autocracy_support|WVS_E,basic_needs_deprivation|WVS_H,child_qualities_autonomy_self_expression|WVS_A,child_qualities_conformity_tradition|WVS_A,child_qualities_prosocial_diligence|WVS_A,civic_dishonesty_tolerance|WVS_F,confidence_in_civil_society_organizations|WVS_E,confidence_in_domestic_institutions|WVS_E,confidence_in_international_organizations|WVS_E,crime_victimization|WVS_H,democratic_system_evaluation|WVS_E,democratic_values_importance|WVS_E,economic_ideology|WVS_E,electoral_integrity|WVS_E,existential_threat_worry|WVS_H,familial_duty_obligations|WVS_D,female_income_threat_to_marriage|WVS_D,freedom_security_tradeoff_perception|WVS_H,gender_role_traditionalism|WVS_D,immigrant_origin_status|WVS_G,importance_of_life_domains|WVS_A,institutional_threat_perception|WVS_H,international_organization_knowledge|WVS_E,job_scarcity_gender_discrimination|WVS_C,job_scarcity_nativist_preference|WVS_C,life_autonomy_morality_permissiveness|WVS_F,multilevel_place_attachment|WVS_G,neighborhood_disorder_and_crime|WVS_H,offline_political_participation|WVS_E,online_political_participation|WVS_E,outgroup_trust|WVS_G,perceived_corruption|WVS_E,perceived_negative_effects_of_immigration|WVS_G,perceived_positive_effects_of_immigration|WVS_G,political_information_sources|WVS_E,postmaterialist_values|WVS_E,precautionary_security_behaviors|WVS_H,religion_versus_secularism_orientation|WVS_F,religious_belief|WVS_F,religious_exclusivism|WVS_F,religious_practice_and_self_identification|WVS_F,science_skepticism|WVS_I,science_technology_optimism|WVS_E,sexual_and_reproductive_morality_permissiveness|WVS_F,social_intolerance_outgroups|WVS_A,societal_change_attitudes|WVS_E,socioeconomic_insecurity_worry|WVS_H,subjective_wellbeing|WVS_A,violence_tolerance|WVS_F,voluntary_association_active_membership|WVS_A,voluntary_association_belonging|WVS_A,voting_participation|WVS_E,work_ethic|WVS_C
acceptance_of_state_surveillance|WVS_H,0.0,225.47750973010767,0.0,9935.120463898242,426.0331088310462,135.87301059011105,167.04660146674507,55.075572415279055,0.0,0.0,0.0,9903.840204842294,0.0,117.89489795267625,86.1581920903955,98.30893362536133,9900.444859899368,61.95289551899455,472.82495943735324,9921.821556654066,0.0,0.0,393.0717859574774,9914.89026915114,474.507143169374,16.759698592397996,80.32362848645369,125.11108590564538,865.6741551899111,9939.862125114723,357.6661313455485,228.0815417586513,0.0,0.0,60.59392937995665,135.6001569644748,15.799957164275,0.0,9936.155762655882,0.0,134.6908100237206,0.0,93.70702133037163,47.70881626245692,863.7846461905962,913.6760633589653,10.221570913290236,0.0,9918.165196942975,32.15318155895406,53.20416384214957,393.1764421976045,37.78883906271358,0.0,41.52554920141395
authoritarian_governance_tolerance|WVS_E,225.47750973010767,0.0,9815.855523485629,871.8005784306828,266.1863250904347,712.3454954880553,116.84894053315105,316.1986661986662,9849.353663419191,9881.01438848921,9852.488372093023,102.53685943914138,0.0,9841.347386652114,9858.803730421785,9856.446808510638,58.46524679505879,230.2675585284281,39.48553605165199,186.96557969588537,103.98647861056068,0.0,645.2499538830475,60.796982218734314,9827.115642098992,241.39482564679417,20.39885192850855,268.35748792270533,324.812030075188,0.0,9832.847736625514,9882.766233766233,0.0,9883.917043740574,478.0978223717691,862.1216452642051,9888.594172736732,9874.55012224939,162.25362816381204,222.12257100149475,674.9150669279632,236.30952380952385,0.580067467484696,138.66677475051108,9824.995807127883,423.5042735042735,881.7184643510054,9871.067039106145,851.8888686644714,710.8108108108108,41.84831081816009,0.0,0.0,0.0,457.4965205620483
autocracy_support|WVS_E,0.0,9815.855523485629,0.0,0.0,201.71009757425037,72.92934016688466,459.06038808699475,2.065080190080181,9914.413533834586,9921.327672327672,9896.922998986829,0.0,0.0,9878.695467930762,9908.467756442846,9904.01519756839,10.432690922709071,207.33528360556784,361.3076366441406,189.91053548582582,922.8327228327229,0.0,0.0,21.433347905967025,9863.35319066898,169.80241980241982,26.36390818467723,0.0,675.0008868941492,916.8555234856278,9889.410136311775,9922.456672916716,3.6482204995680263,9923.605047304434,417.0807898576159,0.0,9926.261350748895,9921.066439307819,10.360366615535128,119.21381703595861,110.34530771372874,0.0,187.09590344336385,651.4470749346194,9848.392623536525,40.272592078720635,356.0845846294571,9919.054945054944,0.0,248.8024795717103,0.0,85.0501727954452,239.77499121059415,0.0,0.0
basic_needs_deprivation|WVS_H,9935.120463898242,871.8005784306828,0.0,0.0,266.7357976805956,8.1207454769031,452.0859383880868,0.0,0.0,0.0,0.0,9950.246653371969,0.0,0.0,0.0,33.41405360798771,9915.023723298169,24.97963406415633,41.07231640882037,9966.077812653102,0.0,0.0,132.3180861564387,9956.330783803403,919.2982456140351,0.0,1.1496160640501003,105.30958150490324,896.6126085058708,9970.800578430682,0.0,0.0,46.997728134789966,0.0,20.336921000628465,954.7338782214227,0.0,0.0,9968.151575406744,0.0,22.80174207654116,0.0,62.70965139753734,27.251450738995217,73.77006217758625,77.72957071216985,0.0,0.0,9943.95081066963,0.0,0.0,16.67241795360195,32.24304693920398,0.0,0.0
child_qualities_autonomy_self_expression|WVS_A,426.0331088310462,266.1863250904347,201.71009757425037,266.7357976805956,0.0,9954.115126785195,9912.121845710166,523.1858570899667,52.37189206972553,932.1009005820938,103.00803051679127,245.74933320628136,0.0,154.62058955566314,34.25640823040837,495.20176105205337,892.9169481500993,895.1718323368115,68.10655288712324,128.07842908780185,66.07704925300351,0.0,9940.887076208846,299.62318884679553,199.51670900845275,54.84269072699834,81.51206554798534,901.2104796798067,540.9983551656226,182.07779795865173,83.06182908157722,0.0,107.74720509525059,119.6314612979816,509.54427433073687,127.55094951044559,0.0,59.258906814069576,152.0730679677891,68.5006946956121,750.3510170974848,262.56087394253586,65.62958898209139,909.0833953219275,267.1657150173055,166.07197403268736,9953.800522138366,115.64247091144844,272.4641130673374,9950.38560856558,350.2847770717794,9947.775495964835,9934.335261260647,0.0,699.5991373982367
child_qualities_conformity_tradition|WVS_A,135.87301059011105,712.3454954880553,72.92934016688466,8.1207454769031,9954.115126785195,0.0,9935.73012318029,68.85295808950377,0.0,21.267514499352302,4.442980290910711,74.73730686344985,0.0,0.0,0.0,0.0,0.0,324.6643360677655,12.349750992169206,6.340678428424269,0.0,0.0,9969.038144456748,28.644931630006255,0.0,0.0,13.109323734364104,301.07335378113095,126.04641445213218,6.039189181749016,89.96166879063321,0.0,372.5835527408145,0.0,20.489206620593478,12.231225478646579,0.0,0.0,3.8356866033106236,3.837617329415121,420.235890312291,10.373937340229478,69.32746326655223,24.372944372944374,4.197823558320692,12.956196069300688,9978.42797942798,0.0,16.53381597751789,9974.643884734794,117.68187441768113,9971.38377343496,9963.827764991602,0.0,268.2935344225667
child_qualities_prosocial_diligence|WVS_A,167.04660146674507,116.84894053315105,459.06038808699475,452.0859383880868,9912.121845710166,9935.73012318029,0.0,314.5834621807162,107.40460998381022,54.56096739972631,31.681850441300355,110.62942800439058,0.0,249.47600406922743,107.17575245159264,70.39964514768548,874.5319445451967,170.90447579073236,82.18908174975306,382.42069821017185,650.8666488227041,0.0,9922.502072603944,71.46220983194056,378.101402373247,937.4477861319966,68.68261749863821,205.40612123619428,126.21695516432356,9.874812299180306,40.75338050059801,0.0,67.76975884527371,189.69854614516737,902.9239766081871,446.8024900962082,73.02078541345976,200.00591044243998,215.3207174241109,142.1699546566009,731.9660134925821,224.62552820664598,169.19580488938382,416.6004277143776,64.16532679701817,920.4142431550574,9935.415518533464,470.99484104391945,60.87067854908571,9932.000604960678,119.33938699344677,9929.390492359933,9915.950257655744,0.0,847.8808004600007
civic_dishonesty_tolerance|WVS_F,55.075572415279055,316.1986661986662,2.065080190080181,0.0,523.1858570899667,68.85295808950377,314.5834621807162,0.0,19.05089984462373,19.62965498357063,203.02037162502276,0.0,0.0,66.07640358918998,0.0,873.6454747093045,859.5959559249975,861.8508401117097,94.30937018583097,627.2249693302325,36.58747465242277,0.0,152.46852300813532,59.258461648899896,863.1654137530479,81.24195624195625,0.0,9866.889487454704,198.15355341671133,825.2895752895752,0.0,0.0,898.9876163789207,9.755445149434806,272.60337260337263,431.86650147600903,6.61520448661021,0.0,22.19732481005616,9917.90063270307,9716.030024872383,9905.659236556145,9909.357377244794,542.0153162871609,47.208637710461545,9904.478254534859,22.48963092336585,0.0,132.0002636993784,44.64689482149106,9881.181176151025,0.0,27.014269035545638,0.0,11.516240411230143
confidence_in_civil_society_organizations|WVS_E,0.0,9849.353663419191,9914.413533834586,0.0,52.37189206972553,0.0,107.40460998381022,19.05089984462373,0.0,9935.250948646597,9931.384151869035,0.0,0.0,9919.647149460709,9926.787518670044,9938.476350450595,0.0,113.39714168006081,56.97806174951221,3.4434153444039666,0.0,0.0,0.0,0.0,9910.850957391754,0.0,89.52032001770816,0.0,187.6656934943792,950.3536634191912,9900.905996863994,9959.036188931179,30.7580395443336,9945.299714717234,123.59612585654497,0.0,9959.092476221509,9939.591490833622,113.70431260096888,538.4755535903871,0.0,18.28896138428577,282.7887199504372,78.98185740597161,9875.833094675565,0.0,25.29043615631052,9943.289262529113,0.0,124.88980010974147,0.0,943.0582602384792,412.3597424465469,0.0,0.0
confidence_in_domestic_institutions|WVS_E,0.0,9881.01438848921,9921.327672327672,0.0,932.1009005820938,21.267514499352302,54.56096739972631,19.62965498357063,9935.250948646597,0.0,9934.502760582232,940.6488089039598,0.0,9930.828767413304,9949.893768407546,9938.461196999848,498.0866835786566,12.412325114116527,475.9687745802137,1.0679061448796148,0.0,0.0,124.70023980815347,18.144581776372533,9916.59702286018,0.0,29.417944771999863,368.48781844089945,177.09668883466685,0.0,9921.627918529557,9965.34747592456,0.0,9965.931432229781,12.035287784054617,658.421748039128,9970.608561225941,9959.309804029657,0.0,0.0,4.714791179759686,0.0,944.2724207369216,5.5378344852029215,9903.936909565082,74.96310643792658,0.0,9956.755381848614,0.0,0.0,31.91421837830677,949.36954723186,6.589681248568681,0.0,23.78596265219977
confidence_in_international_organizations|WVS_E,0.0,9852.488372093023,9896.922998986829,0.0,103.00803051679127,4.442980290910711,31.681850441300355,203.02037162502276,9931.384151869035,9934.502760582232,0.0,124.88874995458289,0.0,9894.83575874514,9912.292102514808,9920.985815602837,0.0,52.98669985222057,39.607734088846016,837.0448608798176,284.9111325626544,0.0,118.1868020283203,584.8735896058752,9880.604014192015,200.89823533380235,753.3744035087113,262.3220504919191,100.52262439043344,0.0,9888.48926946912,9936.254605859256,0.0,9937.405415833597,276.9565648351626,11.763863511074504,9942.082544829756,9928.038494342412,0.9497003581523842,10.770760446116192,27.215825648076503,0.0,218.2098537019221,374.22797597518695,9878.3034500309,143.65931226396344,935.2068364440288,9924.555411199168,0.0,555.9658495705007,138.8854594277601,42.22789667875264,0.0,0.0,29.11034234522475
crime_victimization|WVS_H,9903.840204842294,102.53685943914138,0.0,9950.246653371969,245.74933320628136,74.73730686344985,110.62942800439058,0.0,0.0,940.6488089039598,124.88874995458289,0.0,0.0,300.0533077323628,314.8179082982579,53.06753029525245,9918.84481957069,182.06437210557237,946.4158132888783,9952.911654637172,39.05079009267699,0.0,0.0,9943.16462578747,79.77760713528352,6.634067535109359,23.51815286860193,0.0,11.26520030452049,9957.634420414752,0.0,0.0,95.62166202286737,88.47900038720836,255.1245424743454,10.533237446870409,0.0,189.61855930498396,9954.985417390812,2.478074219293397,691.8113084155805,950.313655917719,11.362520098437116,323.99520263297353,0.0,9.41635387270884,90.62918505642963,130.85175398666416,9932.096339174295,88.59947632815633,0.0,0.0,0.0,0.0,0.0
democratic_system_evaluation|WVS_E,0.0,0.0,0.0,0.0,0.0,0.0,0.0,0.0,0.0,0.0,0.0,0.0,0.0,0.0,0.0,0.0,0.0,0.0,0.0,0.0,0.0,0.0,0.0,0.0,0.0,0.0,0.0,0.0,0.0,0.0,0.0,0.0,0.0,0.0,0.0,0.0,0.0,0.0,0.0,0.0,0.0,0.0,0.0,0.0,0.0,0.0,0.0,0.0,0.0,0.0,0.0,0.0,0.0,0.0,0.0
democratic_values_importance|WVS_E,117.89489795267625,9841.347386652114,9878.695467930762,0.0,154.62058955566314,0.0,249.47600406922743,66.07640358918998,9919.647149460709,9930.828767413304,9894.83575874514,300.0533077323628,0.0,0.0,9921.913343965976,9898.794195162753,93.60867947952786,657.2303297959279,31.363018560863267,24.731478737067945,0.0,0.0,154.2905577504465,636.1514302690773,9896.272680225638,0.0,7.39003343085642,294.03820790815377,211.98700293419967,21.087544132430082,9885.834533806554,9943.964725873739,911.519909820227,9937.599553727288,73.83575130350425,146.19787523915937,9945.397675438959,9930.539137328848,0.0,0.04285764156425387,745.2085529694807,13.519019616230963,511.1249648037478,88.02734466451282,9864.269907727989,109.45896681883501,0.0,9933.610563340755,274.34126137510845,0.42565381436340033,46.22862110748318,3.7443729386149442,382.70844403444903,0.0,416.6788954924548
economic_ideology|WVS_E,86.1581920903955,9858.803730421785,9908.467756442846,0.0,34.25640823040837,0.0,107.17575245159264,0.0,9926.787518670044,9949.893768407546,9912.292102514808,314.8179082982579,0.0,9921.913343965976,0.0,9916.250538932423,0.0,493.6911984524752,0.0,9.870480042370843,0.0,0.0,68.36470952462706,274.58592132505174,9902.641679957469,0.0,0.0,155.3969907022135,207.1964056582629,9.308680916834135,9921.746144721234,9958.80733139896,39.99887898181299,9953.647880642331,85.95624822053637,227.8073955911508,9960.162276004854,9950.445021129357,0.0,0.0,585.6822555121488,0.0,0.0,471.6727865153652,9890.401953081155,81.89552505668784,0.0,9947.890598948314,14.114123749933157,0.0,0.0,0.0,258.6388708630759,0.0,37.75523456996282
electoral_integrity|WVS_E,98.30893362536133,9856.446808510638,9904.01519756839,33.41405360798771,495.20176105205337,0.0,70.39964514768548,873.6454747093045,9938.476350450595,9938.461196999848,9920.985815602837,53.06753029525245,0.0,9898.794195162753,9916.250538932423,0.0,0.0,153.09898242368178,294.88892182921234,931.9123882065237,61.689041596902285,0.0,409.6564693533927,52.03548922695346,9886.122416534181,46.961934909312156,833.0904156839019,194.85191548096267,29.317662115238022,0.0,9886.757026976042,9940.213042276871,362.31368076881483,9941.363852251212,345.32723957805956,73.41460762099723,9946.040981247372,9931.996930760028,126.29384326785691,19.765457943505616,76.53775395936651,57.09540288814833,0.0,98.07436757487483,9882.34347737878,480.9510820149118,127.84451814466266,9928.513847616783,0.0,461.24007546179996,515.961785995465,19.473208822267807,0.0,0.0,379.95254092678505
existential_threat_worry|WVS_H,9900.444859899368,58.46524679505879,10.432690922709071,9915.023723298169,892.9169481500993,0.0,874.5319445451967,859.5959559249975,0.0,498.0866835786566,0.0,9918.84481957069,0.0,93.60867947952786,0.0,0.0,0.0,866.0221826128642,280.83940304490534,9910.845009875682,0.0,0.0,634.1305338564032,9902.546288871068,0.0,0.0,105.66726242223183,882.32074438971,245.18203877500866,9919.370008699821,0.0,47.64545120340844,6.841069598729234,504.85746989264055,120.54471365284469,79.93015252543384,9.228687194788904,0.0,9916.488189485946,196.6716598339115,312.5630167372454,626.4622765845716,0.0,12.478538140789809,166.541074398242,126.99379476928203,89.95486130676815,57.56072162034437,9935.623167113185,912.795707400611,67.48308166259454,910.1855947998656,209.21591456700318,0.0,179.93979200875754
familial_duty_obligations|WVS_D,61.95289551899455,230.2675585284281,207.33528360556784,24.97963406415633,895.1718323368115,324.6643360677655,170.90447579073236,861.8508401117097,113.39714168006081,12.412325114116527,52.98669985222057,182.06437210557237,0.0,657.2303297959279,493.6911984524752,153.09898242368178,866.0221826128642,0.0,9911.723916861247,67.1765771383406,9931.247348175779,0.0,178.08161497557808,64.21687860538262,873.7678160120354,53.360932540437275,745.5382053287316,485.57828928672916,287.1308706548981,0.0,230.13110172903737,455.7341971529614,49.81974547191936,21.478308562707554,176.5277740625903,907.7738191772486,60.246346649776044,96.64089265366029,10.687091583808709,9.068277252846713,553.90057417434,30.08199847444699,621.6290667773536,140.201301604731,368.57469498891663,246.93422519509474,96.8621636877778,81.6536392486969,53.79104257751487,131.4629847238543,879.1671513978702,150.53571708181585,17.674673301647047,0.0,836.4820278084252
female_income_threat_to_marriage|WVS_D,472.82495943735324,39.48553605165199,361.3076366441406,41.07231640882037,68.10655288712324,12.349750992169206,82.18908174975306,94.30937018583097,56.97806174951221,475.9687745802137,39.607734088846016,946.4158132888783,0.0,31.363018560863267,0.0,294.88892182921234,280.83940304490534,9911.723916861247,0.0,54.721422703146644,9971.518022666329,0.0,81.3903802454777,721.7307129510817,99.22367568777057,22.6459580051774,14.750424582224952,506.99785832188945,129.97901111862978,142.5103394394318,0.0,0.0,32.505321227631796,31.701241866830877,197.28947165615264,84.62891695699062,0.0,0.0,50.289282551027966,32.27370945260594,767.9031016219205,77.69659289817916,18.70171836214808,932.3305205658147,37.08871629621957,84.55645948952403,17.807152117347833,17.16584730191282,367.6559491445681,24.186311874546305,38.317410795299764,15.347188332407711,47.226968426592585,0.0,883.8178885893391
freedom_security_tradeoff_perception|WVS_H,9921.821556654066,186.96557969588537,189.91053548582582,9966.077812653102,128.07842908780185,6.340678428424269,382.42069821017185,627.2249693302325,3.4434153444039666,1.0679061448796148,837.0448608798176,9952.911654637172,0.0,24.731478737067945,9.870480042370843,931.9123882065237,9910.845009875682,67.1765771383406,54.721422703146644,0.0,0.0,0.0,8.96982286747771,9958.995785068606,13.048587200087454,0.0,86.38892029266032,54.36152915705222,299.27760977107334,9973.465579695885,589.0432972115673,0.0,224.83978433635184,0.0,30.342269708943384,30.928291251331217,0.0,0.6529752918106979,9970.816576671947,0.0,769.5252866894332,5.360501473362987,83.4317674244478,22.470990013281316,897.3881007717586,17.392321897012465,2.055310012621071,0.0,9938.843817042822,10.00780811253308,555.2555663306787,519.0844494749418,3.3846308086268735,0.0,107.66229587907398
gender_role_traditionalism|WVS_D,0.0,103.98647861056068,922.8327228327229,0.0,66.07704925300351,0.0,650.8666488227041,36.58747465242277,0.0,0.0,284.9111325626544,39.05079009267699,0.0,0.0,0.0,61.689041596902285,0.0,9931.247348175779,9971.518022666329,0.0,0.0,0.0,10.17612392491461,4.084017404242509,0.0,0.0,16.082265485920338,142.36762817183447,911.4072043379225,0.0,931.082321417173,0.0,39.80131087622459,0.0,0.6607405915922939,23.413899432473258,0.0,0.0,0.0,0.0,551.5980799125371,0.0,681.4231725824345,0.0,88.0891239100363,7.7372555187791185,0.0,0.0,948.2186786153576,0.0,138.96125720295112,49.157661714735575,11.936468799218758,0.0,564.9487643158529
immigrant_origin_status|WVS_G,0.0,0.0,0.0,0.0,0.0,0.0,0.0,0.0,0.0,0.0,0.0,0.0,0.0,0.0,0.0,0.0,0.0,0.0,0.0,0.0,0.0,0.0,0.0,0.0,0.0,0.0,0.0,0.0,0.0,0.0,0.0,0.0,0.0,0.0,0.0,0.0,0.0,0.0,0.0,0.0,0.0,0.0,0.0,0.0,0.0,0.0,0.0,0.0,0.0,0.0,0.0,0.0,0.0,0.0,0.0
importance_of_life_domains|WVS_A,393.0717859574774,645.2499538830475,0.0,132.3180861564387,9940.887076208846,9969.038144456748,9922.502072603944,152.46852300813532,0.0,124.70023980815347,118.1868020283203,0.0,0.0,154.2905577504465,68.36470952462706,409.6564693533927,634.1305338564032,178.08161497557808,81.3903802454777,8.96982286747771,10.17612392491461,0.0,0.0,0.0,34.73730543679116,2.61358047078388,958.5589591084304,0.0,100.83121472746615,0.0,76.7336182142863,0.0,124.50701731598278,19.759757804616036,97.96995851995003,20.71519513379978,0.0,49.60852258794144,27.08913427536295,3.235470757523686,782.7203993246715,75.52992691482369,29.816172121250446,135.57510999371465,84.12689091333648,14.051816789005514,9969.63014504875,69.171588087332,933.8675692863012,9965.846050355563,52.464673750918266,9958.155722858613,9960.834787489157,0.0,0.0
institutional_threat_perception|WVS_H,9914.89026915114,60.796982218734314,21.433347905967025,9956.330783803403,299.62318884679553,28.644931630006255,71.46220983194056,59.258461648899896,0.0,18.144581776372533,584.8735896058752,9943.16462578747,0.0,636.1514302690773,274.58592132505174,52.03548922695346,9902.546288871068,64.21687860538262,721.7307129510817,9958.995785068606,4.084017404242509,0.0,0.0,0.0,82.87861840817845,0.0,80.28803166020306,0.0,25.044223517505955,9963.718550846186,11.06965503250332,0.0,402.9050226867653,5.954816460135611,77.51691663337812,20.64455136685227,0.0,84.00195694716243,9961.069547822246,0.0,766.421868625051,32.15536210672887,52.221883778386974,63.412666397741035,18.506999639075104,11.824013715907704,18.325857481144865,85.10050280264852,9932.337726234406,29.843424111188654,0.0,5.394241638542596,0.0,0.0,0.0
international_organization_knowledge|WVS_E,474.507143169374,9827.115642098992,9863.35319066898,919.2982456140351,199.51670900845275,0.0,378.101402373247,863.1654137530479,9910.850957391754,9916.59702286018,9880.604014192015,79.77760713528352,0.0,9896.272680225638,9902.641679957469,9886.122416534181,0.0,873.7678160120354,99.22367568777057,13.048587200087454,0.0,0.0,34.73730543679116,82.87861840817845,0.0,0.0,347.94089757338537,264.4218479704152,441.16296629182693,68.9607125215271,9871.602789253431,9929.732981320616,897.2881652671038,9923.367809174164,139.57201954526306,19.63593214894108,9931.165930885836,9916.307392775725,68.09096574226011,82.88951545530493,450.69807518624066,354.70480439368055,325.32459279964417,87.53186384765334,9850.038163174864,36.62431556153928,13.005999848105105,9919.37881878763,0.0,62.82588655546914,213.81505837254173,191.53283040569374,913.9312449358713,0.0,115.48504260478691
job_scarcity_gender_discrimination|WVS_C,16.759698592397996,241.39482564679417,169.80241980241982,0.0,54.84269072699834,0.0,937.4477861319966,81.24195624195625,0.0,0.0,200.89823533380235,6.634067535109359,0.0,0.0,0.0,46.961934909312156,0.0,53.360932540437275,22.6459580051774,0.0,0.0,0.0,2.61358047078388,0.0,0.0,0.0,9971.504672636484,59.39957988343245,909.0639985791249,0.0,316.5645576275646,0.0,178.8567712480756,0.0,6.505133627023923,11.044534601410668,0.0,0.0,0.0,0.0,790.6630984240262,0.0,58.0943999818172,0.8490367890643853,95.85373486282903,5.55860628130635,0.0,0.0,169.3982863395513,0.0,262.4087539592484,47.728302058307385,11.734238007483103,0.0,9905.577885391445
job_scarcity_nativist_preference|WVS_C,80.32362848645369,20.39885192850855,26.36390818467723,1.1496160640501003,81.51206554798534,13.109323734364104,68.68261749863821,0.0,89.52032001770816,29.417944771999863,753.3744035087113,23.51815286860193,0.0,7.39003343085642,0.0,833.0904156839019,105.66726242223183,745.5382053287316,14.750424582224952,86.38892029266032,16.082265485920338,0.0,958.5589591084304,80.28803166020306,347.94089757338537,9971.504672636484,0.0,23.50667723313019,50.09488688770139,151.73788326753987,0.0,0.0,105.23049150360605,3.50477022252052,122.28035679884046,543.7788812446573,0.0,0.0,13.92440195815373,18.644751608848274,767.0228999970683,14.411708866221375,36.68613023207519,487.4690358561326,0.0,355.47112965954364,5.955163658639826,0.0,124.30083113175603,11.917140587970742,0.0,0.0,14.868300919234123,0.0,9881.937686964488
life_autonomy_morality_permissiveness|WVS_F,125.11108590564538,268.35748792270533,0.0,105.30958150490324,901.2104796798067,301.07335378113095,205.40612123619428,9866.889487454704,0.0,368.48781844089945,262.3220504919191,0.0,0.0,294.03820790815377,155.3969907022135,194.85191548096267,882.32074438971,485.57828928672916,506.99785832188945,54.36152915705222,142.36762817183447,0.0,0.0,0.0,264.4218479704152,59.39957988343245,23.50667723313019,0.0,98.72507355344884,0.0,0.0,110.89565151350047,378.2027151592369,936.6078649966119,904.7886436278077,52.70135540913263,25.31860743814937,149.46316572764962,697.4609329363342,9939.4800589242,9744.196324143693,9929.857487922705,9912.381999834635,896.2399489477261,20.792463463000473,9918.639539204756,842.5001946979531,102.32928893361247,672.8104591512794,595.8349654001828,9888.005042430206,0.0,0.0,0.0,0.0
multilevel_place_attachment|WVS_G,865.6741551899111,324.812030075188,675.0008868941492,896.6126085058708,540.9983551656226,126.04641445213218,126.21695516432356,198.15355341671133,187.6656934943792,177.09668883466685,100.52262439043344,11.26520030452049,0.0,211.98700293419967,207.1964056582629,29.317662115238022,245.18203877500866,287.1308706548981,129.97901111862978,299.27760977107334,911.4072043379225,0.0,100.83121472746615,25.044223517505955,441.16296629182693,909.0639985791249,50.09488688770139,98.72507355344884,0.0,0.0,69.26622262672313,8.57826384142173,9874.13344778791,294.34445843114577,9876.909852446957,9885.933675339393,284.77657318229086,376.5526285150529,377.54184871519044,80.26793441001605,699.7270970031511,528.9786967418546,600.7889229394981,869.3611577668755,49.450285659417176,392.7607480239059,306.53049442619346,199.90937221163628,37.991221320304504,902.2895075526654,62.40864021307593,0.0,0.0,0.0,274.82058975919045
neighborhood_disorder_and_crime|WVS_H,9939.862125114723,0.0,916.8555234856278,9970.800578430682,182.07779795865173,6.039189181749016,9.874812299180306,825.2895752895752,950.3536634191912,0.0,0.0,9957.634420414752,0.0,21.087544132430082,9.308680916834135,0.0,9919.370008699821,0.0,142.5103394394318,9973.465579695885,0.0,0.0,0.0,9963.718550846186,68.9607125215271,0.0,151.73788326753987,0.0,0.0,0.0,131.41770332619797,0.0,21.243403528324897,0.0,3.3490786531761003,19.592909632021197,0.0,0.0,9975.539342449527,0.0,13.010305023201283,0.0,21.57141809955388,2.6886625754084577,3.5676823661957258,0.0,0.0,0.0,9950.888868664471,0.0,105.92877058827503,28.137998325068025,0.0,0.0,19.03498210050992
offline_political_participation|WVS_E,357.6661313455485,9832.847736625514,9889.410136311775,0.0,83.06182908157722,89.96166879063321,40.75338050059801,0.0,9900.905996863994,9921.627918529557,9888.48926946912,0.0,0.0,9885.834533806554,9921.746144721234,9886.757026976042,0.0,230.13110172903737,0.0,589.0432972115673,931.082321417173,0.0,76.7336182142863,11.06965503250332,9871.602789253431,316.5645576275646,0.0,0.0,69.26622262672313,131.41770332619797,0.0,9940.869807932815,0.0,9923.90529350632,898.795508313992,227.4880875027074,9934.291858678955,9925.48619957537,46.05903810220363,27.34790919354991,726.4674003727655,36.025875332268626,0.0,94.32844628697165,9891.6225710626,259.74321624213735,8.436285258608564,9919.355191256831,0.0,2.1288575125026767,0.0,0.0,0.0,0.0,0.0
online_political_participation|WVS_E,228.0815417586513,9882.766233766233,9922.456672916716,0.0,0.0,0.0,0.0,0.0,9959.036188931179,9965.34747592456,9936.254605859256,0.0,0.0,9943.964725873739,9958.80733139896,9940.213042276871,47.64545120340844,455.7341971529614,0.0,0.0,0.0,0.0,0.0,0.0,9929.732981320616,0.0,0.0,110.89565151350047,8.57826384142173,0.0,9940.869807932815,0.0,0.0,9971.059854822266,0.0,0.0,9979.724828128945,9965.923203675522,0.0,0.0,54.867862710220834,0.0,0.0,13.838203003664688,9915.796905744386,0.0,0.0,9967.070864435733,35.7747278186701,0.0,0.0,0.0,96.16411508412585,0.0,52.02753092252064
outgroup_trust|WVS_G,0.0,0.0,3.6482204995680263,46.997728134789966,107.74720509525059,372.5835527408145,67.76975884527371,898.9876163789207,30.7580395443336,0.0,0.0,95.62166202286737,0.0,911.519909820227,39.99887898181299,362.31368076881483,6.841069598729234,49.81974547191936,32.505321227631796,224.83978433635184,39.80131087622459,0.0,124.50701731598278,402.9050226867653,897.2881652671038,178.8567712480756,105.23049150360605,378.2027151592369,9874.13344778791,21.243403528324897,0.0,0.0,0.0,23.36080148061822,9921.110739502044,9938.673463516381,80.61334540876575,278.30597382890755,23.420060275323692,81.22851242225249,205.69823093189336,24.11532140353296,0.0,29.953328845393514,337.8975442363294,527.8363001665613,724.83305065809,69.76118351735578,193.90079299121203,478.50315732821844,416.30392766508123,49.577255253788806,13.060097472678407,0.0,161.18521041268093
perceived_corruption|WVS_E,0.0,9883.917043740574,9923.605047304434,0.0,119.6314612979816,0.0,189.69854614516737,9.755445149434806,9945.299714717234,9965.931432229781,9937.405415833597,88.47900038720836,0.0,9937.599553727288,9953.647880642331,9941.363852251212,504.85746989264055,21.478308562707554,31.701241866830877,0.0,0.0,0.0,19.759757804616036,5.954816460135611,9923.367809174164,0.0,3.50477022252052,936.6078649966119,294.34445843114577,0.0,9923.90529350632,9971.059854822266,23.36080148061822,0.0,0.5148661123422187,116.53021442850708,9973.511216477305,9963.06391626444,0.0,0.0,73.89142125630943,0.0,46.13864578847371,2.340518725821603,9906.839564816446,17.800826624356034,0.0,9960.70569228928,0.0,0.0,26.342299791488998,47.67451872215861,7.633015581142622,0.0,68.59408701160675
perceived_negative_effects_of_immigration|WVS_G,60.59392937995665,478.0978223717691,417.0807898576159,20.336921000628465,509.54427433073687,20.489206620593478,902.9239766081871,272.60337260337263,123.59612585654497,12.035287784054617,276.9565648351626,255.1245424743454,0.0,73.83575130350425,85.95624822053637,345.32723957805956,120.54471365284469,176.5277740625903,197.28947165615264,30.342269708943384,0.6607405915922939,0.0,97.96995851995003,77.51691663337812,139.57201954526306,6.505133627023923,122.28035679884046,904.7886436278077,9876.909852446957,3.3490786531761003,898.795508313992,0.0,9921.110739502044,0.5148661123422187,0.0,9935.031122162509,0.0,21.80125950761591,6.628594628729111,4.6718410495333345,748.1575293653169,23.51721535505183,933.4805003679176,67.71233593327504,645.2511126784115,90.63348717301035,11.31710785311899,4.949909679155226,916.751063882578,31.696758066594995,619.5900135598629,241.6079298931591,63.9134252086485,0.0,864.0723163327355
perceived_positive_effects_of_immigration|WVS_G,135.6001569644748,862.1216452642051,0.0,954.7338782214227,127.55094951044559,12.231225478646579,446.8024900962082,431.86650147600903,0.0,658.421748039128,11.763863511074504,10.533237446870409,0.0,146.19787523915937,227.8073955911508,73.41460762099723,79.93015252543384,907.7738191772486,84.62891695699062,30.928291251331217,23.413899432473258,0.0,20.71519513379978,20.64455136685227,19.63593214894108,11.044534601410668,543.7788812446573,52.70135540913263,9885.933675339393,19.592909632021197,227.4880875027074,0.0,9938.673463516381,116.53021442850708,9935.031122162509,0.0,0.0,165.32800637666014,106.53146576967802,40.19463562366529,339.63112910481334,310.94373791003005,100.2969557255381,177.48242748242748,889.9151853142791,38.89915394340173,25.430544298468824,146.11291918148703,29.68960863697704,55.84074648505363,111.54626857150431,340.7557354925776,156.27058143441786,0.0,47.04918404608807
political_information_sources|WVS_E,15.799957164275,9888.594172736732,9926.261350748895,0.0,0.0,0.0,73.02078541345976,6.61520448661021,9959.092476221509,9970.608561225941,9942.082544829756,0.0,0.0,9945.397675438959,9960.162276004854,9946.040981247372,9.228687194788904,60.246346649776044,0.0,0.0,0.0,0.0,0.0,0.0,9931.165930885836,0.0,0.0,25.31860743814937,284.77657318229086,0.0,9934.291858678955,9979.724828128945,80.61334540876575,9973.511216477305,0.0,0.0,0.0,9969.578311626965,0.0,0.0,784.6538797302804,0.0,0.0,0.0,9911.516693812606,0.0,0.0,9968.503814000953,231.02519202531926,0.0,14.507185292915253,0.0,20.25282490096626,0.0,59.29882542785768
postmaterialist_values|WVS_E,0.0,9874.55012224939,9921.066439307819,0.0,59.258906814069576,0.0,200.00591044243998,0.0,9939.591490833622,9959.309804029657,9928.038494342412,189.61855930498396,0.0,9930.539137328848,9950.445021129357,9931.996930760028,0.0,96.64089265366029,0.0,0.6529752918106979,0.0,0.0,49.60852258794144,84.00195694716243,9916.307392775725,0.0,0.0,149.46316572764962,376.5526285150529,0.0,9925.48619957537,9965.923203675522,278.30597382890755,9963.06391626444,21.80125950761591,165.32800637666014,9969.578311626965,0.0,0.0,0.0,109.98048054929009,0.0,0.0,90.78095122381617,9897.472643325262,49.46451883175665,0.0,9957.306634570425,0.0,0.0,0.0,0.0,139.93715365769677,0.0,0.11530035743111
precautionary_security_behaviors|WVS_H,9936.155762655882,162.25362816381204,10.360366615535128,9968.151575406744,152.0730679677891,3.8356866033106236,215.3207174241109,22.19732481005616,113.70431260096888,0.0,0.9497003581523842,9954.985417390812,0.0,0.0,0.0,126.29384326785691,9916.488189485946,10.687091583808709,50.289282551027966,9970.816576671947,0.0,0.0,27.08913427536295,9961.069547822246,68.09096574226011,0.0,13.92440195815373,697.4609329363342,377.54184871519044,9975.539342449527,46.05903810220363,0.0,23.420060275323692,0.0,6.628594628729111,106.53146576967802,0.0,0.0,0.0,0.0,104.93238277640748,0.0,129.65448089328447,5.594392183672262,244.28944973229602,21.639457725665814,0.0,0.0,9945.706188373359,0.0,43.09786548689769,71.64306068789837,0.9649838964443447,0.0,104.90514075831877
religion_versus_secularism_orientation|WVS_F,0.0,222.12257100149475,119.21381703595861,0.0,68.5006946956121,3.837617329415121,142.1699546566009,9917.90063270307,538.4755535903871,0.0,10.770760446116192,2.478074219293397,0.0,0.04285764156425387,0.0,19.765457943505616,196.6716598339115,9.068277252846713,32.27370945260594,0.0,0.0,0.0,3.235470757523686,0.0,82.88951545530493,0.0,18.644751608848274,9939.4800589242,80.26793441001605,0.0,27.34790919354991,0.0,81.22851242225249,0.0,4.6718410495333345,40.19463562366529,0.0,0.0,0.0,0.0,9773.801662981512,9970.421191490932,9963.393145082999,8.393877446692812,912.2312963484464,9967.023889445922,0.0,0.0,0.0,0.0,9935.21694398923,128.22043030809525,0.0,0.0,890.7164499489305
religious_belief|WVS_F,134.6908100237206,674.9150669279632,110.34530771372874,22.80174207654116,750.3510170974848,420.235890312291,731.9660134925821,9716.030024872383,0.0,4.714791179759686,27.215825648076503,691.8113084155805,0.0,745.2085529694807,585.6822555121488,76.53775395936651,312.5630167372454,553.90057417434,767.9031016219205,769.5252866894332,551.5980799125371,0.0,782.7203993246715,766.421868625051,450.69807518624066,790.6630984240262,767.0228999970683,9744.196324143693,699.7270970031511,13.010305023201283,726.4674003727655,54.867862710220834,205.69823093189336,73.89142125630943,748.1575293653169,339.63112910481334,784.6538797302804,109.98048054929009,104.93238277640748,9773.801662981512,0.0,9764.92728796998,9761.522537252313,739.6088346852354,701.3944981843372,9771.478070175439,774.6638697402705,357.0859601555318,16.89005121499403,679.9706841379939,9759.867135992848,767.619663747251,145.34605438022726,0.0,479.32330827067676
religious_exclusivism|WVS_F,0.0,236.30952380952385,0.0,0.0,262.56087394253586,10.373937340229478,224.62552820664598,9905.659236556145,18.28896138428577,0.0,0.0,950.313655917719,0.0,13.519019616230963,0.0,57.09540288814833,626.4622765845716,30.08199847444699,77.69659289817916,5.360501473362987,0.0,0.0,75.52992691482369,32.15536210672887,354.70480439368055,0.0,14.411708866221375,9929.857487922705,528.9786967418546,0.0,36.025875332268626,0.0,24.11532140353296,0.0,23.51721535505183,310.94373791003005,0.0,0.0,0.0,9970.421191490932,9764.92728796998,0.0,9951.151748936074,18.87299129382889,302.0891877425398,9958.14951443439,0.0,0.0,0.0,0.0,9922.975547842305,79.20009494320696,16.002677666811408,0.0,45.776501166907494
religious_practice_and_self_identification|WVS_F,93.70702133037163,0.580067467484696,187.09590344336385,62.70965139753734,65.62958898209139,69.32746326655223,169.19580488938382,9909.357377244794,282.7887199504372,944.2724207369216,218.2098537019221,11.362520098437116,0.0,511.1249648037478,0.0,0.0,0.0,621.6290667773536,18.70171836214808,83.4317674244478,681.4231725824345,0.0,29.816172121250446,52.221883778386974,325.32459279964417,58.0943999818172,36.68613023207519,9912.381999834635,600.7889229394981,21.57141809955388,0.0,0.0,0.0,46.13864578847371,933.4805003679176,100.2969557255381,0.0,0.0,129.65448089328447,9963.393145082999,9761.522537252313,9951.151748936074,0.0,68.00017304218986,894.7218505567487,9949.970766914788,42.16001221800649,612.662475914761,0.0,28.073257752666073,9926.673688530955,72.05812723077366,143.58521278802425,0.0,647.6680934505005
science_skepticism|WVS_I,47.70881626245692,138.66677475051108,651.4470749346194,27.251450738995217,909.0833953219275,24.372944372944374,416.6004277143776,542.0153162871609,78.98185740597161,5.5378344852029215,374.22797597518695,323.99520263297353,0.0,88.02734466451282,471.6727865153652,98.07436757487483,12.478538140789809,140.201301604731,932.3305205658147,22.470990013281316,0.0,0.0,135.57510999371465,63.412666397741035,87.53186384765334,0.8490367890643853,487.4690358561326,896.2399489477261,869.3611577668755,2.6886625754084577,94.32844628697165,13.838203003664688,29.953328845393514,2.340518725821603,67.71233593327504,177.48242748242748,0.0,90.78095122381617,5.594392183672262,8.393877446692812,739.6088346852354,18.87299129382889,68.00017304218986,0.0,867.4716487675607,89.08106114964522,14.409389409389405,3.990626083649346,292.8177538178811,48.70773199218948,892.6649609066549,926.0532208509087,40.254840418676835,0.0,855.5236216526539
science_technology_optimism|WVS_E,863.7846461905962,9824.995807127883,9848.392623536525,73.77006217758625,267.1657150173055,4.197823558320692,64.16532679701817,47.208637710461545,9875.833094675565,9903.936909565082,9878.3034500309,0.0,0.0,9864.269907727989,9890.401953081155,9882.34347737878,166.541074398242,368.57469498891663,37.08871629621957,897.3881007717586,88.0891239100363,0.0,84.12689091333648,18.506999639075104,9850.038163174864,95.85373486282903,0.0,20.792463463000473,49.450285659417176,3.5676823661957258,9891.6225710626,9915.796905744386,337.8975442363294,9906.839564816446,645.2511126784115,889.9151853142791,9911.516693812606,9897.472643325262,244.28944973229602,912.2312963484464,701.3944981843372,302.0891877425398,894.7218505567487,867.4716487675607,0.0,660.1020082553604,14.539655399132087,9893.989560182019,57.16469040003362,91.10833493545147,4.505518366834934,0.0,0.0,0.0,83.46441775998579
sexual_and_reproductive_morality_permissiveness|WVS_F,913.6760633589653,423.5042735042735,40.272592078720635,77.72957071216985,166.07197403268736,12.956196069300688,920.4142431550574,9904.478254534859,0.0,74.96310643792658,143.65931226396344,9.41635387270884,0.0,109.45896681883501,81.89552505668784,480.9510820149118,126.99379476928203,246.93422519509474,84.55645948952403,17.392321897012465,7.7372555187791185,0.0,14.051816789005514,11.824013715907704,36.62431556153928,5.55860628130635,355.47112965954364,9918.639539204756,392.7607480239059,0.0,259.74321624213735,0.0,527.8363001665613,17.800826624356034,90.63348717301035,38.89915394340173,0.0,49.46451883175665,21.639457725665814,9967.023889445922,9771.478070175439,9958.14951443439,9949.970766914788,89.08106114964522,660.1020082553604,0.0,15.963019281603351,35.87549541688246,243.62352044223175,26.213802753730704,9921.79456582102,670.3536076954407,21.791531669951127,0.0,47.12301587301587
social_intolerance_outgroups|WVS_A,10.221570913290236,881.7184643510054,356.0845846294571,0.0,9953.800522138366,9978.42797942798,9935.415518533464,22.48963092336585,25.29043615631052,0.0,935.2068364440288,90.62918505642963,0.0,0.0,0.0,127.84451814466266,89.95486130676815,96.8621636877778,17.807152117347833,2.055310012621071,0.0,0.0,9969.63014504875,18.325857481144865,13.005999848105105,0.0,5.955163658639826,842.5001946979531,306.53049442619346,0.0,8.436285258608564,0.0,724.83305065809,0.0,11.31710785311899,25.430544298468824,0.0,0.0,0.0,0.0,774.6638697402705,0.0,42.16001221800649,14.409389409389405,14.539655399132087,15.963019281603351,0.0,0.0,302.4171761962081,9975.235885326794,20.096654207555467,9971.069168788134,9966.534067187886,0.0,890.578656707689
