construct,acceptance_of_state_surveillance|WVS_H,authoritarian_governance_tolerance|WVS_E,autocracy_support|WVS_E,basic_needs_deprivation|WVS_H,child_qualities_autonomy_self_expression|WVS_A,child_qualities_conformity_tradition|WVS_A,child_qualities_prosocial_diligence|WVS_A,civic_dishonesty_tolerance|WVS_F,confidence_in_civil_society_organizations|WVS_E,confidence_in_domestic_institutions|WVS_E,confidence_in_international_organizations|WVS_E,crime_victimization|WVS_H,democratic_system_evaluation|WVS_E,democratic_values_importance|WVS_E,economic_ideology|WVS_E,electoral_integrity|WVS_E,existential_threat_worry|WVS_H,familial_duty_obligations|WVS_D,female_income_threat_to_marriage|WVS_D,freedom_security_tradeoff_perception|WVS_H,gender_role_traditionalism|WVS_D,immigrant_origin_status|WVS_G,importance_of_life_domains|WVS_A,institutional_threat_perception|WVS_H,international_organization_knowledge|WVS_E,job_scarcity_gender_discrimination|WVS_C,job_scarcity_nativist_preference|WVS_C,life_autonomy_morality_permissiveness|WVS_F,multilevel_place_attachment|WVS_G,neighborhood_disorder_and_crime|WVS_H,offline_political_participation|WVS_E,online_political_participation|WVS_E,outgroup_trust|WVS_G,perceived_corruption|WVS_E,perceived_negative_effects_of_immigration|WVS_G,perceived_positive_effects_of_immigration|WVS_G,political_information_sources|WVS_E,postmaterialist_values|WVS_E,precautionary_security_behaviors|WVS_H,religion_versus_secularism_orientation|WVS_F,religious_belief|WVS_F,religious_exclusivism|WVS_F,religious_practice_and_self_identification|WVS_F,science_skepticism|WVS_I,science_technology_optimism|WVS_E,sexual_and_reproductive_morality_permissiveness|WVS_F,social_intolerance_outgroups|WVS_A,societal_change_attitudes|WVS_E,socioeconomic_insecurity_worry|WVS_H,subjective_wellbeing|WVS_A,violence_tolerance|WVS_F,voluntary_association_active_membership|WVS_A,voluntary_association_belonging|WVS_A,voting_participation|WVS_E,work_ethic|WVS_C
acceptance_of_state_surveillance|WVS_H,0.0,141.5993166436691,93.34233018443544,9999.0,33.11258278145695,59.17988584235039,69.26108374384236,29.32551319648094,64.95405179615706,47.61904761904761,59.6398363459609,30.02972267029125,84.78904910475869,42.918454935622314,118.38196405360584,41.49377593360996,38.83239171374765,38.61003861003861,65.08205998868138,37.39478356722515,49.482681061628426,71.5234986039012,39.215837046663,40.98274785552953,37.87878787878788,46.62118258609486,46.80965147453083,32.57328990228013,47.322404371584696,63.59649122807017,9999.0,20.0,88.50925483403394,9999.0,48.639239066126606,92.53090532237766,69.40040865215246,63.77082874550392,41.55172413793103,43.92344497607655,44.15458937198068,36.393442622950815,29.239766081871345,32.82051282051282,81.87134502923976,21.929824561403507,58.167938931297705,39.8406374501992,28.291873963515755,29.498525073746315,43.201856148491885,9999.0,9999.0,19.569471624266146,29.32551319648094
authoritarian_governance_tolerance|WVS_E,141.5993166436691,0.0,176.46211466436188,9999.0,141.28367212551325,142.2996703222768,169.5024077046549,137.53430039861342,148.07383627608348,137.61207581432302,161.12911573169933,127.76787105486402,186.27832849049713,141.7713152676801,219.87124343934428,142.57103092433553,133.1928838951311,144.4297508529873,148.2018444686078,131.89080056179776,131.57894736842104,169.17773237997957,146.0943670523537,148.50036729379752,131.89080056179776,140.8450704225352,149.9831735512744,137.74026122169624,150.9675940272203,175.69323324063987,9999.0,125.049905891747,186.2474032186067,9999.0,155.29135743088685,175.6506898023041,152.52019313207887,164.94259224445508,128.593316795564,148.97335086782357,149.20449526372767,141.44334851469782,112.35955056179776,137.87041871225983,164.99112950916617,134.0265665739732,157.60841934007829,137.4851787025013,129.7811533492542,130.28069751520277,148.25176204023887,9999.0,9999.0,127.08709106253414,137.2599181017592
autocracy_support|WVS_E,93.34233018443544,176.46211466436188,0.0,9999.0,89.76317799847212,94.04268386304315,121.24542124542124,89.27731393937975,99.81684981684981,89.35508935508935,112.8721292724657,73.52941176470588,138.0213420312635,93.51432880844645,171.61425698011064,94.31404446510187,84.93589743589743,94.85137338517497,99.94485800937414,83.6338141025641,84.34547908232119,115.02318769831584,97.83738059312006,100.24338083456387,83.6338141025641,106.29665692956831,101.72618709204076,89.48327476246259,102.71060756798666,126.81048028967683,9999.0,76.79291943251334,132.00894392844856,9999.0,106.31629701060751,127.39370334307043,104.26320667284523,110.70413295429697,80.33633033633033,100.7163644085899,100.94750880449402,93.18636205546416,64.1025641025641,89.61343225302616,116.73414304993253,85.14381362301017,109.35143288084464,89.22819224326761,81.52416689002055,82.02371105596912,99.99477558100523,9999.0,9999.0,78.83010460330048,89.00293164252555
basic_needs_deprivation|WVS_H,9999.0,9999.0,9999.0,0.0,9999.0,9999.0,9999.0,9999.0,9999.0,9999.0,9999.0,9999.0,9999.0,9999.0,9999.0,9999.0,9999.0,9999.0,9999.0,9999.0,9999.0,9999.0,9999.0,9999.0,9999.0,9999.0,9999.0,9999.0,9999.0,9999.0,9999.0,9999.0,9999.0,9999.0,9999.0,9999.0,9999.0,9999.0,9999.0,9999.0,9999.0,9999.0,9999.0,9999.0,9999.0,9999.0,9999.0,9999.0,9999.0,9999.0,9999.0,9999.0,9999.0,9999.0,9999.0
child_qualities_autonomy_self_expression|WVS_A,33.11258278145695,141.28367212551325,89.76317799847212,9999.0,0.0,57.9004329004329,65.4948499776086,26.666666666666668,64.63840727800118,36.76470588235294,55.873602579727134,16.233766233766232,64.93506493506493,34.72222222222222,114.61573028737207,36.496350364963504,35.06615794751388,25.974025974025974,64.76641547052552,35.501588969797055,49.16703654347256,57.72754216737619,38.020258608493904,41.176122081065756,34.32003432003432,22.123893805309734,43.04341770829706,21.598272138228943,43.55617060535093,42.5531914893617,9999.0,16.233766233766232,74.71329839750892,9999.0,48.83261329166284,92.2152608042218,69.0847641339966,44.44444444444444,37.785490371697264,40.157211209842785,40.38835560574691,32.62720885671705,28.924121563715474,29.054279054279053,81.5557005110839,15.015015015015013,54.40170516506394,34.72222222222222,24.525640197281987,28.166940458109906,39.43562238225812,9999.0,9999.0,19.76284584980237,21.05263157894737
child_qualities_conformity_tradition|WVS_A,59.17988584235039,142.2996703222768,94.04268386304315,9999.0,57.9004329004329,0.0,87.08297690333617,55.1148695972947,62.11180124223603,54.054054054054056,76.33587786259541,41.666666666666664,103.85889768917842,59.3518844663614,137.45181263802556,60.151600123016806,48.309178743961354,62.01032005166859,52.083333333333336,49.47136976047904,44.24778761061947,83.16044260027662,63.67493625103499,66.0809364924788,49.47136976047904,71.20298593166811,67.56374274995568,55.32083042037752,68.54816322590159,76.92307692307692,9999.0,42.630475090428284,100.14619883040936,9999.0,72.87192662956814,69.44444444444444,70.10076233076018,78.84138785625774,46.173885994245275,66.55392006650484,60.6060606060606,59.0239177133791,29.940119760479043,55.4509879109411,82.57169870784747,46.51162790697675,75.18898853875959,55.06574790118256,47.361722547935486,47.86126671388406,65.83233123892016,9999.0,9999.0,44.66766026121542,54.84048730044049
child_qualities_prosocial_diligence|WVS_A,69.26108374384236,169.5024077046549,121.24542124542124,9999.0,65.4948499776086,87.08297690333617,0.0,61.745478250708786,92.85714285714286,82.39538239538238,88.90092008980326,60.6896551724138,114.05013284860107,78.25689145477014,147.64304779744822,74.76466166605003,68.09347545759002,68.64092870508267,92.98515104966717,68.5289064798732,77.38577212261423,102.18343110602376,71.04757611857003,85.75743410880588,74.02742228725928,80.60904612628751,76.0707352183732,61.95143907379161,76.58348811542707,99.90441109273524,9999.0,49.26108374384237,119.16918733615648,9999.0,83.06316178899078,120.43399638336346,97.30349971313827,97.86437636200488,70.81280788177341,73.18452871991893,73.41567311582304,65.65452636679319,57.14285714285714,62.081596564355195,109.77443609022556,58.23774442606858,87.42902267514008,78.78438021266598,57.552957707358125,61.194257968186044,72.46293989233425,9999.0,9999.0,66.73569416282186,61.47109595385458
civic_dishonesty_tolerance|WVS_F,29.32551319648094,137.53430039861342,89.27731393937975,9999.0,26.666666666666668,55.1148695972947,61.745478250708786,0.0,60.88903555110137,39.52569169960474,43.64808538367515,16.339869281045754,68.79729814247295,28.011204481792713,102.3902130913201,25.706940874035993,31.316786220614063,26.666666666666668,61.01704374362569,26.666666666666668,45.41766481657274,57.83364521465572,25.06265664160401,34.417177401614495,25.641025641025642,43.832356889311555,32.50214320325021,25.174749836815657,33.48656367919612,63.12772185575929,9999.0,12.484394506866415,74.81940144478844,9999.0,37.81032708286267,88.46588907732198,65.33539240709678,53.51459047063683,34.036118644797455,36.407839482942975,36.63898387884709,28.877837129817234,25.174749836815657,23.52941176470588,77.80632878418407,21.461055189092626,47.143328576142906,26.954177897574123,12.300123001230013,19.72386587771203,35.68625065535829,9999.0,9999.0,13.003901170351106,19.193857965451055
confidence_in_civil_society_organizations|WVS_E,64.95405179615706,148.07383627608348,99.81684981684981,9999.0,64.63840727800118,62.11180124223603,92.85714285714286,60.88903555110137,0.0,60.96681096681097,84.4838508841873,51.12260620735197,109.63306364298509,65.12605042016807,143.22597859183225,65.92576607682348,56.54761904761905,67.78448600547526,71.55657962109575,55.245535714285715,55.9572006940428,92.53246753246754,69.44910220484167,71.85510244628547,55.245535714285715,77.90837854128993,73.33790870376237,61.09499637418419,74.32232917970826,99.04796839312783,9999.0,48.40464104423496,109.60213837109467,9999.0,78.64609258337481,99.00542495479203,75.87492828456683,88.29732739694305,51.94805194805195,72.3280860203115,72.55923041621563,64.79808366718578,35.714285714285715,61.225153864747774,88.34586466165413,57.38130172646117,80.96315449256625,60.839913854989234,53.13588850174216,53.635432667690736,71.60649719272683,9999.0,9999.0,50.44182621502209,60.614653254247166
confidence_in_domestic_institutions|WVS_E,47.61904761904761,137.61207581432302,89.35508935508935,9999.0,36.76470588235294,54.054054054054056,82.39538239538238,39.52569169960474,60.96681096681097,0.0,64.4605451639021,25.77319587628866,89.60975792269988,48.229463396558515,123.20267287154704,47.6367654354395,39.8406374501992,45.3147840112909,61.09481915933529,44.783775252525245,45.495440232282334,67.26697180989862,49.42579648455646,57.64672315357714,44.783775252525245,50.39829889872735,53.31460298347715,36.36363636363637,54.299023459423054,67.37360754070266,9999.0,34.683601556262204,84.25272804003134,9999.0,58.5600811221903,88.54366449303157,65.41316782280637,62.947917065879736,41.48629148629148,54.34462444771723,52.35602094240838,38.61003861003861,25.25252525252525,38.314176245210724,77.88410419989367,25.706940874035993,67.95578835636985,46.22309362679991,33.11258278145695,31.545741324921135,54.34782608695652,9999.0,9999.0,36.23344692231376,39.682539682539684
confidence_in_international_organizations|WVS_E,59.6398363459609,161.12911573169933,112.8721292724657,9999.0,55.873602579727134,76.33587786259541,88.90092008980326,43.64808538367515,84.4838508841873,64.4605451639021,0.0,50.99094988393398,87.84513752368808,52.051896129857155,121.43805247253523,48.55966634113705,58.47222805970854,50.994327804842,84.61185907671162,58.35601078086788,69.01248014965867,84.03361344537815,47.66117608554465,61.943975069172254,47.8224269623463,68.05855117636727,51.54998258446534,44.971940584080016,52.53440306041125,85.03385981834258,9999.0,39.6398363459609,109.47048204767667,9999.0,56.8581664640778,112.06070441040792,88.93020774018272,85.20819733577633,61.191560483891934,60.08359456635319,63.79442571794158,50.18035409619279,48.76956516990159,45.967845423380815,101.40114411727002,43.36719315167591,66.19116795735803,52.579384887752994,31.347962382445143,43.425257068435485,57.8029888374716,9999.0,9999.0,40.53069883790887,43.72420000620752
crime_victimization|WVS_H,30.02972267029125,127.76787105486402,73.52941176470588,9999.0,16.233766233766232,41.666666666666664,60.6896551724138,16.339869281045754,51.12260620735197,25.77319587628866,50.99094988393398,0.0,76.14016264273177,24.691358024691358,109.73307759157892,23.20185614849188,30.260963142319078,21.321961620469086,51.25061439987629,28.285562988984108,35.651235472823345,41.49377593360996,29.940119760479043,31.87352727728849,24.096385542168672,36.30575988299566,37.7826554176098,19.083969465648853,38.75097580015613,53.28106852497096,9999.0,11.428571428571429,58.47953216374269,9999.0,32.78688524590164,78.69945973357258,55.56896306334738,37.174721189591075,31.64208672683249,28.57142857142857,31.347962382445143,22.88329519450801,15.408320493066256,23.20185614849188,68.03989944043468,11.614401858304298,49.596510359869136,20.449897750511248,19.642987501488832,16.638935108153078,33.898305084745765,9999.0,9999.0,10.460251046025103,17.636684303350968
democratic_system_evaluation|WVS_E,84.78904910475869,186.27832849049713,138.0213420312635,9999.0,64.93506493506493,103.85889768917842,114.05013284860107,68.79729814247295,109.63306364298509,89.60975792269988,87.84513752368808,76.14016264273177,0.0,77.20110888865494,146.58726523133302,73.70887909993485,83.62144081850633,76.14354056363979,109.76107183550941,83.50522353966566,81.30081300813008,98.0392156862745,72.81038884434244,87.09318782797004,72.97163972114409,65.35947712418302,76.69919534326314,64.51612903225806,77.68361581920904,107.48825642442662,9999.0,64.78904910475869,121.95121951219511,9999.0,82.00737922287558,137.2099171692057,114.07942049898051,108.06616974701431,86.34077324268972,85.23280732515099,88.94363847673937,75.32956685499059,73.91877792869938,71.11705818217861,126.55035687606781,66.2251655629139,91.34038071615583,77.72859764655078,56.497175141242934,68.57446982723327,82.95220159626939,9999.0,9999.0,65.67991159670666,64.1025641025641
democratic_values_importance|WVS_E,42.918454935622314,141.7713152676801,93.51432880844645,9999.0,34.72222222222222,59.3518844663614,78.25689145477014,28.011204481792713,65.12605042016807,48.229463396558515,52.051896129857155,24.691358024691358,77.20110888865494,0.0,110.7940238375021,37.91563770610392,40.816326530612244,39.682539682539684,65.25405861269239,39.8406374501992,49.65467968563944,66.18513395830132,37.017147450511516,51.29994643413912,37.17839832731316,47.213880547213876,40.90595394943221,32.25806451612903,41.89037442537811,64.1891891891892,9999.0,28.995807710927764,83.17089018843404,9999.0,46.21413782904466,92.70290394638867,69.57240727616347,61.866079214282436,45.64553093964858,49.43956593132006,53.15039708290844,38.75968992248062,29.41176470588235,33.222591362126245,82.04334365325077,22.52252252252252,55.5471393223249,41.93535625271986,20.70393374741201,27.700831024930746,47.158960202438465,9999.0,9999.0,29.886670202875738,28.248587570621467
economic_ideology|WVS_E,118.38196405360584,219.87124343934428,171.61425698011064,9999.0,114.61573028737207,137.45181263802556,147.64304779744822,102.3902130913201,143.22597859183225,123.20267287154704,121.43805247253523,109.73307759157892,146.58726523133302,110.7940238375021,0.0,107.301794048782,117.21435576735348,109.73645551248694,143.35398678435655,117.09813848851282,127.75460785730363,151.22685352518886,106.4033037931896,120.6861027768172,106.56455466999124,126.80067888401221,110.2921102921103,103.71406829172497,111.27653076805619,143.77598752598752,9999.0,98.38196405360584,168.2126097553216,9999.0,115.60029417172274,170.80283211805286,147.67233544782766,143.9503250434213,119.93368819153687,118.82572227399814,122.53655342558652,108.92248180383774,107.51169287754654,104.70997313102576,160.14327182491496,102.10932085932086,124.93329566500299,111.32151259539793,90.09009009009009,102.16738477608043,116.54511654511654,9999.0,9999.0,99.27282654555381,102.46632771385246
electoral_integrity|WVS_E,41.49377593360996,142.57103092433553,94.31404446510187,9999.0,36.496350364963504,60.151600123016806,74.76466166605003,25.706940874035993,65.92576607682348,47.6367654354395,48.55966634113705,23.20185614849188,73.70887909993485,37.91563770610392,107.301794048782,0.0,44.33596963595531,36.85806938108877,66.0537742693478,39.682539682539684,50.45439534229485,64.69563208210184,33.52491766179142,47.80771664541902,33.686168538593066,46.62118258609486,37.41372416071211,28.81844380403458,38.39814463665802,63.59649122807017,9999.0,25.503577922207665,81.68138831223457,9999.0,42.721908040324564,93.5026196030441,70.3721229328189,60.37657733808295,46.445246596304,45.94733614259996,49.658167294188345,36.04409567243955,30.211480362537767,31.831586999627582,82.8430593099062,21.929824561403507,52.0549095336048,38.44312646399976,17.21170395869191,25.44529262086514,43.66673041371837,9999.0,9999.0,26.39444041415564,26.455026455026456
existential_threat_worry|WVS_H,38.83239171374765,133.1928838951311,84.93589743589743,9999.0,35.06615794751388,48.309178743961354,68.09347545759002,31.316786220614063,56.54761904761905,39.8406374501992,58.47222805970854,30.260963142319078,83.62144081850633,40.816326530612244,117.21435576735348,44.33596963595531,0.0,38.212236674987956,56.67562724014337,38.10021444977848,41.07624831309042,71.75473907592904,40.61888408847531,44.7777622125718,34.129692832764505,48.614803000767914,45.64204318827848,31.52274704369689,46.15479608533235,65.59011164274322,9999.0,18.832391713747647,88.74049530606177,9999.0,52.434253423168876,84.12447257383965,60.993975903614455,65.76444916017697,37.06709956709956,42.75583668982421,42.986981085728324,33.78378378378378,20.833333333333332,31.65290453426047,73.46491228070175,23.923444976076556,57.00033064504535,37.735849056603776,27.124265677263402,29.761904761904763,42.034247862239525,9999.0,9999.0,23.364485981308412,31.042403923759856
familial_duty_obligations|WVS_D,38.61003861003861,144.4297508529873,94.85137338517497,9999.0,25.974025974025974,62.01032005166859,68.64092870508267,26.666666666666668,67.78448600547526,45.3147840112909,50.994327804842,21.321961620469086,76.14354056363979,39.682539682539684,109.73645551248694,36.85806938108877,38.212236674987956,0.0,67.91249419799959,38.027332144979205,52.31311527094664,62.81573755407905,35.95957912549636,41.61529643328359,36.12083000229801,35.3356890459364,39.848385624417055,27.3224043715847,40.83280610036296,61.27450980392157,9999.0,19.37984496124031,79.80149378421177,9999.0,45.156569504029505,95.36133953169588,72.23084286147068,53.191489361702125,40.93156909917134,43.30328993731686,43.534434333220986,35.773287584191124,32.07020029118955,32.20035778175313,84.70177923855798,19.607843137254903,54.48957099730975,38.46153846153846,19.646365422396855,31.313019185583983,42.581701109732194,9999.0,9999.0,20.2020202020202,24.93765586034913
female_income_threat_to_marriage|WVS_D,65.08205998868138,148.2018444686078,99.94485800937414,9999.0,64.76641547052552,52.083333333333336,92.98515104966717,61.01704374362569,71.55657962109575,61.09481915933529,84.61185907671162,51.25061439987629,109.76107183550941,65.25405861269239,143.35398678435655,66.0537742693478,56.67562724014337,67.91249419799959,0.0,55.373543906810035,56.085208886567116,92.66047572499184,69.57711039736598,71.98311063880979,55.373543906810035,78.03638673381425,73.46591689628667,61.22300456670851,74.45033737223258,99.17597658565215,9999.0,48.532649236759276,109.73014656361897,9999.0,78.77410077589913,99.13343314731637,76.00293647709117,88.42533558946737,52.07606014057627,72.45609421283584,72.68723860873996,64.92609185971008,35.842293906810035,61.353162057272094,88.47387285417847,57.50930991898549,81.09116268509058,60.967922047513554,53.26389669426648,53.763440860215056,71.73450538525115,9999.0,9999.0,50.56983440754641,60.742661446771486
freedom_security_tradeoff_perception|WVS_H,37.39478356722515,131.89080056179776,83.6338141025641,9999.0,35.501588969797055,49.47136976047904,68.5289064798732,26.666666666666668,55.245535714285715,44.783775252525245,58.35601078086788,28.285562988984108,83.50522353966566,39.8406374501992,117.09813848851282,39.682539682539684,38.10021444977848,38.027332144979205,55.373543906810035,0.0,39.77416497975709,52.35602094240838,37.47167736535586,39.238588174222386,33.333333333333336,50.5980937759867,45.1477163145437,31.958178065980064,46.590227107615526,67.573402417962,9999.0,19.267822736030826,86.7650951527268,9999.0,46.89507938481947,82.82238924050633,59.69189257028113,65.46028417857518,35.76501623376623,43.19126771210738,43.4224121080115,35.661265358981645,19.53125,32.08833555654365,72.16282894736842,25.906735751295336,57.435761667328535,33.898305084745765,27.008048398422734,25.510204081632654,35.587188612099645,9999.0,9999.0,17.825311942959004,31.477834946043036
gender_role_traditionalism|WVS_D,49.482681061628426,131.57894736842104,84.34547908232119,9999.0,49.16703654347256,44.24778761061947,77.38577212261423,45.41766481657274,55.9572006940428,45.495440232282334,69.01248014965867,35.651235472823345,81.30081300813008,49.65467968563944,127.75460785730363,50.45439534229485,41.07624831309042,52.31311527094664,56.085208886567116,39.77416497975709,0.0,48.309178743961354,53.977731470313046,56.38373171175685,39.77416497975709,29.239766081871345,53.191489361702125,45.623625639655565,58.850958445179636,83.57659765859921,9999.0,32.93327030970632,94.13076763656603,9999.0,63.17472184884619,81.30081300813008,60.403557550038215,72.82595666241441,35.3356890459364,56.85671528578288,56.81818181818181,49.326712932657145,20.242914979757085,45.75378313021915,72.87449392712551,41.90993099193254,65.49178375803763,45.3685431204606,37.66451776721353,38.1640619331621,44.24778761061947,9999.0,9999.0,34.97045548049346,45.14328251971854
immigrant_origin_status|WVS_G,71.5234986039012,169.17773237997957,115.02318769831584,9999.0,57.72754216737619,83.16044260027662,102.18343110602376,57.83364521465572,92.53246753246754,67.26697180989862,84.03361344537815,41.49377593360996,98.0392156862745,66.18513395830132,151.22685352518886,64.69563208210184,71.75473907592904,62.81573755407905,92.66047572499184,52.35602094240838,48.309178743961354,0.0,71.433895694089,49.75124378109453,65.59016147577863,68.4931506849315,79.27643135121976,60.577745399258816,80.2447517337661,94.77484445858093,9999.0,52.92234736218139,99.97330809735266,9999.0,74.2806611795116,120.10932105868814,70.4225352112676,78.66849712320104,73.05194805194805,70.06520450503854,72.8417383160551,64.37707112811796,56.81818181818181,64.69563208210184,109.44976076555024,53.10817779191426,91.0902862934791,61.94367368412121,61.136763435098786,58.13271104176304,75.39208101835573,9999.0,9999.0,51.95402697963506,59.13046023696093
importance_of_life_domains|WVS_A,39.215837046663,146.0943670523537,97.83738059312006,9999.0,38.020258608493904,63.67493625103499,71.04757611857003,25.06265664160401,69.44910220484167,49.42579648455646,47.66117608554465,29.940119760479043,72.81038884434244,37.017147450511516,106.4033037931896,33.52491766179142,40.61888408847531,35.95957912549636,69.57711039736598,37.47167736535586,53.977731470313046,71.433895694089,0.0,41.059641653660236,32.787678283000666,53.023802497021634,36.515233905119715,29.937191904734387,37.49965438106561,69.99911113899694,9999.0,21.78649237472767,88.41965192422174,9999.0,41.823417784732165,97.02595573106228,73.89545906083708,67.11484095007012,43.338216512658704,45.04884588700756,45.94108174670835,35.14560541684716,33.73481649055596,30.933096744035183,86.36639543792438,28.33244447233028,51.15641927801241,37.54463620840737,16.31321370309951,28.39050838908985,42.76824015812596,9999.0,9999.0,19.646365422396855,28.689451326861885
institutional_threat_perception|WVS_H,40.98274785552953,148.50036729379752,100.24338083456387,9999.0,41.176122081065756,66.0809364924788,85.75743410880588,34.417177401614495,71.85510244628547,57.64672315357714,61.943975069172254,31.87352727728849,87.09318782797004,51.29994643413912,120.6861027768172,47.80771664541902,44.7777622125718,41.61529643328359,71.98311063880979,39.238588174222386,56.38373171175685,49.75124378109453,41.059641653660236,0.0,47.070477266628274,57.71903611425904,48.735680602848085,37.161307727326374,51.78245336469322,72.17469755106035,9999.0,36.496350364963504,68.02721088435375,9999.0,50.483043673123845,99.43195597250609,76.30145930228089,69.04824846687956,46.665801483788634,47.93847517025543,49.34623712511814,41.57456655384403,36.14081673199976,38.4490513590317,88.77239567936819,33.02767808956769,65.43921826164001,43.29004329004329,30.596012686727114,35.49778327351691,48.51354723397341,9999.0,9999.0,21.413276231263385,36.011816377248785
international_organization_knowledge|WVS_E,37.87878787878788,131.89080056179776,83.6338141025641,9999.0,34.32003432003432,49.47136976047904,74.02742228725928,25.641025641025642,55.245535714285715,44.783775252525245,47.8224269623463,24.096385542168672,72.97163972114409,37.17839832731316,106.56455466999124,33.686168538593066,34.129692832764505,36.12083000229801,55.373543906810035,33.333333333333336,39.77416497975709,65.59016147577863,32.787678283000666,47.070477266628274,0.0,43.99637732971066,36.67648478192136,26.7379679144385,37.660905257867256,60.97168597168597,9999.0,24.76633854341691,82.57591770591137,9999.0,41.98466866153381,82.82238924050633,59.69189257028113,61.14602348911971,31.645569620253163,45.210096763809204,42.37288135593221,29.15451895043732,19.53125,24.752475247524753,72.16282894736842,19.305019305019304,51.31767015481405,37.705887085209014,16.474464579901156,22.271714922048996,40.32258064516129,9999.0,9999.0,25.657201035364885,28.57142857142857
job_scarcity_gender_discrimination|WVS_C,46.62118258609486,140.8450704225352,106.29665692956831,9999.0,22.123893805309734,71.20298593166811,80.60904612628751,43.832356889311555,77.90837854128993,50.39829889872735,68.05855117636727,36.30575988299566,65.35947712418302,47.213880547213876,126.80067888401221,46.62118258609486,48.614803000767914,35.3356890459364,78.03638673381425,50.5980937759867,29.239766081871345,68.4931506849315,53.023802497021634,57.71903611425904,43.99637732971066,0.0,56.91260899594233,33.78378378378378,57.89702947188823,64.67708529467143,9999.0,31.347962382445143,94.78529204673835,9999.0,61.5917270283814,105.48523206751054,81.96721311475409,50.76142131979696,45.24886877828054,55.2714073585217,55.502551754425824,47.74140500539596,42.19409282700422,43.20987654320987,94.82567177437264,24.691358024691358,69.51590131374284,45.481378814712144,36.71058879392213,40.951520626317375,54.549818530937024,9999.0,9999.0,36.30575988299566,38.8356295947055
job_scarcity_nativist_preference|WVS_C,46.80965147453083,149.9831735512744,101.72618709204076,9999.0,43.04341770829706,67.56374274995568,76.0707352183732,32.50214320325021,73.33790870376237,53.31460298347715,51.54998258446534,37.7826554176098,76.69919534326314,40.90595394943221,110.2921102921103,37.41372416071211,45.64204318827848,39.848385624417055,73.46591689628667,45.1477163145437,53.191489361702125,79.27643135121976,36.515233905119715,48.735680602848085,36.67648478192136,56.91260899594233,0.0,33.82599840365508,41.388460879986305,73.88791763791764,9999.0,26.80965147453083,96.26218758135249,9999.0,45.71222428365286,100.91476222998298,77.78426555975778,74.06225515535138,48.36137561246187,48.937652385928246,50.96424084651151,39.03441191576785,37.623622989476644,34.82190324295587,90.25520193684508,32.22125097125097,55.045225776933094,41.433442707328055,20.2020202020202,32.27931488801054,46.657046657046656,9999.0,9999.0,27.3224043715847,32.57825782578258
life_autonomy_morality_permissiveness|WVS_F,32.57328990228013,137.74026122169624,89.48327476246259,9999.0,21.598272138228943,55.32083042037752,61.95143907379161,25.174749836815657,61.09499637418419,36.36363636363637,44.971940584080016,19.083969465648853,64.51612903225806,32.25806451612903,103.71406829172497,28.81844380403458,31.52274704369689,27.3224043715847,61.22300456670851,31.958178065980064,45.623625639655565,60.577745399258816,29.937191904734387,37.161307727326374,26.7379679144385,33.78378378378378,33.82599840365508,0.0,34.81041887960098,63.333682678842116,9999.0,12.69035532994924,77.56350162939154,9999.0,39.134182283267535,88.67184990040481,65.54135323017961,56.25869065523993,34.242079467880274,36.613800306025794,36.84494470192992,29.083797952900056,25.38071065989848,22.831050228310502,78.01228960726691,21.667016012175452,48.46718377654777,30.395136778115504,13.623978201634877,20.964360587002098,35.89221147844112,9999.0,9999.0,15.748031496062993,19.68503937007874
multilevel_place_attachment|WVS_G,47.322404371584696,150.9675940272203,102.71060756798666,9999.0,43.55617060535093,68.54816322590159,76.58348811542707,33.48656367919612,74.32232917970826,54.299023459423054,52.53440306041125,38.75097580015613,77.68361581920904,41.89037442537811,111.27653076805619,38.39814463665802,46.15479608533235,40.83280610036296,74.45033737223258,46.590227107615526,58.850958445179636,80.2447517337661,37.49965438106561,51.78245336469322,37.660905257867256,57.89702947188823,41.388460879986305,34.81041887960098,0.0,74.87233811386353,9999.0,27.3224043715847,97.23050796389882,9999.0,46.696644759598755,101.89918270592888,78.76868603570368,75.04667563129729,48.874128509515735,49.922072861874156,51.47699374356537,40.01883239171375,38.608043465422554,35.80632371890178,91.23962241279098,33.20567144719688,56.029646252879,42.41786318327396,21.186440677966104,33.26373536395644,47.64146713299256,9999.0,9999.0,30.369177133429833,33.56267830172848
neighborhood_disorder_and_crime|WVS_H,63.59649122807017,175.69323324063987,126.81048028967683,9999.0,42.5531914893617,76.92307692307692,99.90441109273524,63.12772185575929,99.04796839312783,67.37360754070266,85.03385981834258,53.28106852497096,107.48825642442662,64.1891891891892,143.77598752598752,63.59649122807017,65.59011164274322,61.27450980392157,99.17597658565215,67.573402417962,83.57659765859921,94.77484445858093,69.99911113899694,72.17469755106035,60.97168597168597,64.67708529467143,73.88791763791764,63.333682678842116,74.87233811386353,0.0,9999.0,50.643327348892875,111.76060068871365,9999.0,78.5670356703567,126.62482191934845,103.49432524912325,83.50767085076708,72.19505148682391,74.56677232496943,74.79791672087356,67.0367699718437,63.333682678842116,60.18518518518518,112.08920187793427,41.666666666666664,88.52910301081033,62.456687456687455,53.68589743589743,57.92682926829268,73.84518349738477,9999.0,9999.0,50.76142131979696,55.81093823668081
offline_political_participation|WVS_E,9999.0,9999.0,9999.0,9999.0,9999.0,9999.0,9999.0,9999.0,9999.0,9999.0,9999.0,9999.0,9999.0,9999.0,9999.0,9999.0,9999.0,9999.0,9999.0,9999.0,9999.0,9999.0,9999.0,9999.0,9999.0,9999.0,9999.0,9999.0,9999.0,9999.0,0.0,9999.0,9999.0,9999.0,9999.0,9999.0,9999.0,9999.0,9999.0,9999.0,9999.0,9999.0,9999.0,9999.0,9999.0,9999.0,9999.0,9999.0,9999.0,9999.0,9999.0,9999.0,9999.0,9999.0,9999.0
online_political_participation|WVS_E,20.0,125.049905891747,76.79291943251334,9999.0,16.233766233766232,42.630475090428284,49.26108374384237,12.484394506866415,48.40464104423496,34.683601556262204,39.6398363459609,11.428571428571429,64.78904910475869,28.995807710927764,98.38196405360584,25.503577922207665,18.832391713747647,19.37984496124031,48.532649236759276,19.267822736030826,32.93327030970632,52.92234736218139,21.78649237472767,36.496350364963504,24.76633854341691,31.347962382445143,26.80965147453083,12.69035532994924,27.3224043715847,50.643327348892875,9999.0,0.0,69.90810359231412,9999.0,33.802078045148406,75.98149457045557,52.85099790023037,48.603292618162506,21.551724137931036,23.923444976076556,24.154589371980677,16.39344262295082,12.69035532994924,12.820512820512821,65.32193427731767,8.976660682226212,38.167938931297705,29.52329646882361,8.291873963515755,11.933174224343675,23.20185614849188,9999.0,9999.0,17.474610418979484,12.21001221001221
outgroup_trust|WVS_G,88.50925483403394,186.2474032186067,132.00894392844856,9999.0,74.71329839750892,100.14619883040936,119.16918733615648,74.81940144478844,109.60213837109467,84.25272804003134,109.47048204767667,58.47953216374269,121.95121951219511,83.17089018843404,168.2126097553216,81.68138831223457,88.74049530606177,79.80149378421177,109.73014656361897,86.7650951527268,94.13076763656603,99.97330809735266,88.41965192422174,68.02721088435375,82.57591770591137,94.78529204673835,96.26218758135249,77.56350162939154,97.23050796389882,111.76060068871365,9999.0,69.90810359231412,0.0,9999.0,91.26641740964433,137.17899189731526,87.71929824561403,95.65425335333376,90.12161889057518,87.05096073517126,89.82749454618784,81.3628273582507,73.88785265680895,81.68138831223457,126.51943160417737,70.093934022047,108.07604252361182,78.92942991425394,78.12251966523152,75.11846727189577,92.37783724848845,9999.0,9999.0,68.9397832097678,76.11621646709366
perceived_corruption|WVS_E,9999.0,9999.0,9999.0,9999.0,9999.0,9999.0,9999.0,9999.0,9999.0,9999.0,9999.0,9999.0,9999.0,9999.0,9999.0,9999.0,9999.0,9999.0,9999.0,9999.0,9999.0,9999.0,9999.0,9999.0,9999.0,9999.0,9999.0,9999.0,9999.0,9999.0,9999.0,9999.0,9999.0,0.0,9999.0,9999.0,9999.0,9999.0,9999.0,9999.0,9999.0,9999.0,9999.0,9999.0,9999.0,9999.0,9999.0,9999.0,9999.0,9999.0,9999.0,9999.0,9999.0,9999.0,9999.0
perceived_negative_effects_of_immigration|WVS_G,48.639239066126606,155.29135743088685,106.31629701060751,9999.0,48.83261329166284,72.87192662956814,83.06316178899078,37.81032708286267,78.64609258337481,58.5600811221903,56.8581664640778,32.78688524590164,82.00737922287558,46.21413782904466,115.60029417172274,42.721908040324564,52.434253423168876,45.156569504029505,78.77410077589913,46.89507938481947,63.17472184884619,74.2806611795116,41.823417784732165,50.483043673123845,41.98466866153381,61.5917270283814,45.71222428365286,39.134182283267535,46.696644759598755,78.5670356703567,9999.0,33.802078045148406,91.26641740964433,9999.0,0.0,106.22294610959543,83.09244943937023,69.96160643549271,54.32229269438571,54.2458362655407,57.00272833571521,44.342595795380305,42.9318068690891,40.13008712256833,95.56338581645753,36.90036900369004,60.35340965654555,46.74162658694051,25.510204081632654,37.58749876762299,51.96523053665911,9999.0,9999.0,29.069767441860463,35.714285714285715
perceived_positive_effects_of_immigration|WVS_G,92.53090532237766,175.6506898023041,127.39370334307043,9999.0,92.2152608042218,69.44444444444444,120.43399638336346,88.46588907732198,99.00542495479203,88.54366449303157,112.06070441040792,78.69945973357258,137.2099171692057,92.70290394638867,170.80283211805286,93.5026196030441,84.12447257383965,95.36133953169588,99.13343314731637,82.82238924050633,81.30081300813008,120.10932105868814,97.02595573106228,99.43195597250609,82.82238924050633,105.48523206751054,100.91476222998298,88.67184990040481,101.89918270592888,126.62482191934845,9999.0,75.98149457045557,137.17899189731526,9999.0,106.22294610959543,0.0,103.45178181078745,115.87418092316366,79.52490547427256,99.90493954653212,100.13608394243624,92.37493719340638,63.291139240506325,88.80200739096838,115.92271818787475,84.95815525268178,108.54000801878686,88.41676738120984,80.71274202796278,81.21228619391134,99.18335071894745,9999.0,9999.0,78.0186797412427,88.19150678046778
political_information_sources|WVS_E,69.40040865215246,152.52019313207887,104.26320667284523,9999.0,69.0847641339966,70.10076233076018,97.30349971313827,65.33539240709678,75.87492828456683,65.41316782280637,88.93020774018272,55.56896306334738,114.07942049898051,69.57240727616347,147.67233544782766,70.3721229328189,60.993975903614455,72.23084286147068,76.00293647709117,59.69189257028113,60.403557550038215,70.4225352112676,73.89545906083708,76.30145930228089,59.69189257028113,81.96721311475409,77.78426555975778,65.54135323017961,78.76868603570368,103.49432524912325,9999.0,52.85099790023037,87.71929824561403,9999.0,83.09244943937023,103.45178181078745,0.0,92.74368425293846,46.948356807511736,76.77444287630692,77.00558727221105,69.24444052318118,40.16064257028113,65.67151072074319,92.79222151764955,61.82765858245658,85.40951134856167,65.28627071098464,57.58224535773758,58.08178952368614,75.18796992481204,9999.0,9999.0,54.8881830710175,65.06101011024258
postmaterialist_values|WVS_E,63.77082874550392,164.94259224445508,110.70413295429697,9999.0,44.44444444444444,78.84138785625774,97.86437636200488,53.51459047063683,88.29732739694305,62.947917065879736,85.20819733577633,37.174721189591075,108.06616974701431,61.866079214282436,143.9503250434213,60.37657733808295,65.76444916017697,53.191489361702125,88.42533558946737,65.46028417857518,72.82595666241441,78.66849712320104,67.11484095007012,69.04824846687956,61.14602348911971,50.76142131979696,74.06225515535138,56.25869065523993,75.04667563129729,83.50767085076708,9999.0,48.603292618162506,95.65425335333376,9999.0,69.96160643549271,115.87418092316366,92.74368425293846,0.0,68.81680791642356,65.74614976101964,68.52268357203621,60.05801638409908,52.58304168265733,60.35952270261893,105.21462063002576,41.84100418410041,86.77123154946021,57.62461894010232,53.86023495333119,53.81365629774415,71.07302627433684,9999.0,9999.0,47.634972235616175,44.052863436123346
precautionary_security_behaviors|WVS_H,41.55172413793103,128.593316795564,80.33633033633033,9999.0,37.785490371697264,46.173885994245275,70.81280788177341,34.036118644797455,51.94805194805195,41.48629148629148,61.191560483891934,31.64208672683249,86.34077324268972,45.64553093964858,119.93368819153687,46.445246596304,37.06709956709956,40.93156909917134,52.07606014057627,35.76501623376623,35.3356890459364,73.05194805194805,43.338216512658704,46.665801483788634,31.645569620253163,45.24886877828054,48.36137561246187,34.242079467880274,48.874128509515735,72.19505148682391,9999.0,21.551724137931036,90.12161889057518,9999.0,54.32229269438571,79.52490547427256,46.948356807511736,68.81680791642356,0.0,45.47516911400759,42.37288135593221,35.3356890459364,16.233766233766232,34.37223695844386,68.86534518113466,30.52838482015725,54.054054054054056,41.359394374469744,29.84359810144679,29.15451895043732,31.347962382445143,9999.0,9999.0,25.25252525252525,33.76173634794324
religion_versus_secularism_orientation|WVS_F,43.92344497607655,148.97335086782357,100.7163644085899,9999.0,40.157211209842785,66.55392006650484,73.18452871991893,36.407839482942975,72.3280860203115,54.34462444771723,60.08359456635319,28.57142857142857,85.23280732515099,49.43956593132006,118.82572227399814,45.94733614259996,42.75583668982421,43.30328993731686,72.45609421283584,43.19126771210738,56.85671528578288,70.06520450503854,45.04884588700756,47.93847517025543,45.210096763809204,55.2714073585217,48.937652385928246,36.613800306025794,49.922072861874156,74.56677232496943,9999.0,23.923444976076556,87.05096073517126,9999.0,54.2458362655407,99.90493954653212,76.77444287630692,65.74614976101964,45.47516911400759,0.0,48.07803434805723,40.316887599027375,36.613800306025794,36.74395779658938,89.24537925339422,32.90010565830277,62.091383907374265,48.309178743961354,28.73563218390805,35.85661920042023,47.12530112456844,9999.0,9999.0,26.525198938992045,36.13345718608876
