construct,acceptance_of_state_surveillance|WVS_H,authoritarian_governance_tolerance|WVS_E,autocracy_support|WVS_E,basic_needs_deprivation|WVS_H,child_qualities_autonomy_self_expression|WVS_A,child_qualities_conformity_tradition|WVS_A,child_qualities_prosocial_diligence|WVS_A,civic_dishonesty_tolerance|WVS_F,confidence_in_civil_society_organizations|WVS_E,confidence_in_domestic_institutions|WVS_E,confidence_in_international_organizations|WVS_E,crime_victimization|WVS_H,democratic_system_evaluation|WVS_E,democratic_values_importance|WVS_E,economic_ideology|WVS_E,electoral_integrity|WVS_E,existential_threat_worry|WVS_H,familial_duty_obligations|WVS_D,female_income_threat_to_marriage|WVS_D,freedom_security_tradeoff_perception|WVS_H,gender_role_traditionalism|WVS_D,immigrant_origin_status|WVS_G,importance_of_life_domains|WVS_A,institutional_threat_perception|WVS_H,international_organization_knowledge|WVS_E,job_scarcity_gender_discrimination|WVS_C,job_scarcity_nativist_preference|WVS_C,life_autonomy_morality_permissiveness|WVS_F,multilevel_place_attachment|WVS_G,neighborhood_disorder_and_crime|WVS_H,offline_political_participation|WVS_E,online_political_participation|WVS_E,outgroup_trust|WVS_G,perceived_corruption|WVS_E,perceived_negative_effects_of_immigration|WVS_G,perceived_positive_effects_of_immigration|WVS_G,political_information_sources|WVS_E,postmaterialist_values|WVS_E,precautionary_security_behaviors|WVS_H,religion_versus_secularism_orientation|WVS_F,religious_belief|WVS_F,religious_exclusivism|WVS_F,religious_practice_and_self_identification|WVS_F,science_skepticism|WVS_I,science_technology_optimism|WVS_E,sexual_and_reproductive_morality_permissiveness|WVS_F,social_intolerance_outgroups|WVS_A,societal_change_attitudes|WVS_E,socioeconomic_insecurity_worry|WVS_H,subjective_wellbeing|WVS_A,violence_tolerance|WVS_F,voluntary_association_active_membership|WVS_A,voluntary_association_belonging|WVS_A,voting_participation|WVS_E,work_ethic|WVS_C
acceptance_of_state_surveillance|WVS_H,0.0,31.595175803638284,82.82962767664569,0.0,32.417435072302325,38.673305941935375,5.191984815835582,4.962206761659509,220.96685040847478,19.26229839356955,42.79279885562124,9978.881185112077,121.21558481677415,36.831327876104,54.86218979156883,1.6889589281287485,9968.790384869219,14.633883119187765,0.0,9966.525195968645,1.1186908226778094,0.3453860193756917,12.663271789227196,0.0,713.9224411951685,0.0,18.69511930019231,0.0,41.25596400094117,9973.344500347692,0.0,0.0,4.623677291086121,9.739062701102576,17.179394106392387,12.3113438077816,3.1697842394622207,33.75310557220276,9979.625176831887,8.930383118362265,10.379066037429023,2.982855303687643,11.205654545678435,4.840151501685661,43.04913167495154,0.0,0.0,0.6701754304490812,9975.926841464128,242.80559132474679,12.11119596213451,0.0,10.573957014062358,0.0,3.886524946864334
authoritarian_governance_tolerance|WVS_E,31.595175803638284,0.0,9929.028013260426,0.0,160.32689437657297,325.1692360864176,15.253507721897137,149.0925554496269,9908.873283753197,9946.78712452709,9937.015153963894,169.7156580127951,9924.870307167235,9935.825181263472,9924.547726522074,9957.390875604035,46.858900323129035,60.60890190583023,15.083922934264365,111.2603780892213,71.24173753336589,64.88346506197234,58.23023925552073,0.0,9918.490701743018,9.654312916131907,951.9233057725354,18.688190638568408,937.9373462733807,182.47948338473483,0.0,9959.354587365802,10.517977744861675,9945.822688119617,111.8701098702048,210.50200056217977,9949.48569178262,9944.46214390193,0.0,8.47142522902596,150.2062423036789,23.10605558693412,138.78003364041336,2.8470054294787843,9942.194570205784,0.0,6.435944437743821,9958.185815188626,105.65176340438794,25.61913513530061,79.41604753214665,0.0,0.0,9960.634813732251,34.570236479205334
autocracy_support|WVS_E,82.82962767664569,9929.028013260426,0.0,0.0,132.81219130747337,124.0264355821726,96.15708564957279,0.3211308461696305,9910.070639748905,9945.074523453046,9936.965712620015,4.256707335078332,9923.15770609319,9937.022537259178,9922.83512544803,9955.678274529988,945.1462992490835,91.86333379881768,5.969593027841569,265.46175550979945,1.2224493336459474,0.0,68.90153911026775,0.0,9919.509747019116,0.0,15.570181822672843,0.0,85.47847654261881,9.558436027339347,0.0,9957.641986291756,121.70860247726775,9945.494637755819,80.44613358393516,14.107538139606234,9949.818845209671,9942.749542827883,482.29688068543504,575.1634496334631,35.4501629687638,63.08737210608675,29.033348573671546,353.7410394265233,9940.481969131739,0.0,12.481101121456057,9956.47321411458,0.0,49.3095628839224,78.90523180040962,0.0,81.071802827606,9958.922212658204,26.67508144832528
basic_needs_deprivation|WVS_H,0.0,0.0,0.0,0.0,0.0,0.0,0.0,0.0,0.0,0.0,0.0,0.0,0.0,0.0,0.0,0.0,0.0,0.0,0.0,0.0,0.0,0.0,0.0,0.0,0.0,0.0,0.0,0.0,0.0,0.0,0.0,0.0,0.0,0.0,0.0,0.0,0.0,0.0,0.0,0.0,0.0,0.0,0.0,0.0,0.0,0.0,0.0,0.0,0.0,0.0,0.0,0.0,0.0,0.0,0.0
child_qualities_autonomy_self_expression|WVS_A,32.417435072302325,160.32689437657297,132.81219130747337,0.0,0.0,9950.74882716531,9970.605697789977,28.610100290281483,144.30542108276376,59.37574005502462,62.601203173731534,38.80871879217595,140.64346727169743,54.64520730007457,936.74270221635,16.69191264308329,958.053876017405,49.83494370892472,0.0,482.1044765905147,0.38661831478265185,18.22184240955638,9967.750749454397,0.0,74.31190423949877,0.0,33.10828257776404,5.222110819472867,95.6568883960084,65.22378420248407,0.0,0.0,19.895690434008337,25.44299380661147,86.77476298383553,23.12608846038156,12.439932471206976,956.6571195962052,232.04656271691437,19.893357264355377,165.5474998956579,59.962811060981295,88.89883607283029,22.72483481825177,108.23569974621397,2.8384787378000382,9974.423305863593,7.779879950949621,73.29219071282085,9956.166376981742,34.5338730390577,0.0,9968.709220118802,2.4862754058619707,2.568225258858078
child_qualities_conformity_tradition|WVS_A,38.673305941935375,325.1692360864176,124.0264355821726,0.0,9950.74882716531,0.0,9962.825781003037,14.047463447763299,632.972235175474,80.0571517871096,184.92362919569297,10.727447415142173,138.7651769568587,290.4660046069294,119.54614884382134,12.249157785641316,30.299003131332796,62.62481265743696,31.541623047302245,36.74028189244994,53.16550957821557,4.0207329158971135,9960.780318497345,0.0,113.31081334515501,25.313863997266125,59.08541356835426,7.97485126529244,133.29744038405454,54.02381483593214,0.0,34.5273016265464,33.13534158877616,288.96925858951175,50.30211533521255,48.79153223524084,959.2989289191821,32.400381038491346,4.385717301146265,137.3765587732738,17.575211673572326,17.07925953219481,23.065912839540218,49.01264034899522,78.59008582335888,0.0,9967.95288527801,28.60511293124845,38.33618195194783,9946.475850532732,61.899658330691985,0.0,9959.018693669792,0.0,54.5441879014816
child_qualities_prosocial_diligence|WVS_A,5.191984815835582,15.253507721897137,96.15708564957279,0.0,9970.605697789977,9962.825781003037,0.0,6.369622727981337,232.66103857325118,14.349097349138589,29.541028488101347,11.767371422912209,151.5689637776208,20.743907809231175,78.68978592420854,0.6742119801452269,51.43164286326357,9.078440845970416,0.0,82.8081696901913,0.0,2.4617083235061052,9975.239010892788,0.0,186.0777368798759,0.0,14.7578043773891,0.0,40.08649042939112,31.271213028721377,0.0,0.0,1.5174283837694595,4.548429276692843,23.112800565406488,6.151732520425345,0.0,98.6042033040637,13.860358659906133,3.2646933360969967,22.24742998936547,6.276366871136787,20.701883877182464,2.346200464929165,62.62034589163487,0.0,9982.441619254216,0.0,32.87946491858551,9967.570927685676,6.828434016382364,0.0,9980.113770822736,0.0,0.423466638833375
civic_dishonesty_tolerance|WVS_F,4.962206761659509,149.0925554496269,0.3211308461696305,0.0,28.610100290281483,14.047463447763299,6.369622727981337,0.0,25.46362405225385,13.50507871414219,18.115334506626425,0.0,0.0,37.15999143285501,61.76376500031332,0.0,12.775267208593093,9.654164145997179,0.0,11.453145139474564,0.0,0.0,7.3457764623511075,0.0,661.4691473625643,0.0,6.3407752850155,9984.932687251146,18.324080546424725,4.041233351578178,0.0,0.0,3.1238860720294426,26.359813175255468,8.669037545350601,3.4899308991567466,69.23565053346098,1.0999148129211633,2.8286526781004113,9975.837135691198,9978.950738916255,9979.908106156347,9978.845284969972,5.2829777918021215,1.9212634689904107,9986.143816909842,0.0,0.0,2.4402629350380174,25.54780090490398,9974.82721081139,0.0,57.444132900631544,0.0,2.899053458570002
confidence_in_civil_society_organizations|WVS_E,220.96685040847478,9908.873283753197,9910.070639748905,0.0,144.30542108276376,632.972235175474,232.66103857325118,25.46362405225385,0.0,9927.2742180932,9924.372230231516,32.4558142260285,9910.502729623598,9924.42905487068,9902.6803959408,9938.576742931411,202.76934751963353,244.52687472151115,10.303065864375,449.0421703149655,0.0,23.447824422295497,124.3676884618669,0.0,9906.916264630616,0.0,34.645609122438,11.201508181900635,144.9397731613024,24.460284241913726,0.0,9943.175287540962,938.0528963535811,9932.901155367319,273.54004291518294,30.89014716269761,9937.225362821173,9922.594813320657,87.34151321967465,770.9033005782971,188.8954500303651,387.98801540565296,128.4581710463733,937.8490570401119,9920.32723962451,21.522356430923438,46.527666254710155,9940.604990893944,10.222382561802817,166.38575259572153,176.88085510296725,0.0,127.56025700188138,9942.913765048681,28.03584982316569
confidence_in_domestic_institutions|WVS_E,19.26229839356955,9946.78712452709,9945.074523453046,0.0,59.37574005502462,80.0571517871096,14.349097349138589,13.50507871414219,9927.2742180932,0.0,9954.16929096431,17.440655203050895,9940.916817359855,9954.226115603475,9940.594236714694,9973.437385796655,51.400985736987806,30.45956972426376,2.336840797380283,72.99977217697224,8.262030497521309,4.906583441726681,27.49312371714641,0.0,9936.713325363411,0.0,37.89988589522513,0.0,92.87274535488947,56.87694495156189,0.0,9975.40109755842,10.254230597865707,9962.698216100114,37.54828329778233,25.083309289598148,9967.022423553966,9960.508654094549,12.054378723626975,17.618284259165726,28.752752496298733,12.87222019300949,25.318896183150436,12.822464742775452,9958.241080398404,0.0,1.7616059043998504,9974.232325381246,52.597882462718346,232.4869013665678,26.46974432729546,0.0,18.013388045647304,9976.68132392487,13.47535322920222
confidence_in_international_organizations|WVS_E,42.79279885562124,9937.015153963894,9936.965712620015,0.0,62.601203173731534,184.92362919569297,29.541028488101347,18.115334506626425,9924.372230231516,9954.16929096431,0.0,23.46520405083018,9937.397802494708,9951.32412774179,9930.822266151496,9965.47181580252,953.1334399525509,60.96276391915136,3.196627557210011,950.8682510519766,2.3472219855485825,7.659970464136812,42.58351604995764,0.0,9933.811337501726,0.0,30.39034453155844,1.3193701686564943,100.81211875968476,32.203704396325925,0.0,9970.070360412072,32.51553679225829,9959.796228238429,81.85432691898154,22.466810992294498,9964.120435692283,9950.736683531351,168.04986456827953,43.2051975963884,64.64342438595517,48.0569319769221,55.42865869878009,43.4842873915365,9948.469109835207,0.0,6.293109496190127,9967.500063765054,26.264742254617857,949.378386442441,51.61660821574168,0.0,102.99270798783387,9969.808837919789,7.7648211536722656
crime_victimization|WVS_H,9978.881185112077,169.7156580127951,4.256707335078332,0.0,38.80871879217595,10.727447415142173,11.767371422912209,0.0,32.4558142260285,17.440655203050895,23.46520405083018,0.0,0.0,52.53957986816978,46.91065890743599,0.15625322627839466,9971.067986554644,10.892913212270933,1.0700314068906316,9968.80279765407,2.959197731385638,0.0,10.330508428312363,0.0,104.47123407255125,0.0,8.149991543793579,0.0,21.458479849607457,9976.732320280538,0.0,5.444389303082435,7.937649090188213,43.97422039429755,5.818903551105301,6.873120409400904,476.05017353294846,0.9742604364752943,9981.902778517311,24.37052592204335,2.123284018303803,1.588100443822647,2.927178170471496,9.988239928565392,6.571595368597574,0.0,0.0,2.348222784593915,9979.314661396975,13.871699627685793,8.976624525409541,0.0,96.8964704755895,0.0,6.502339185177227
democratic_system_evaluation|WVS_E,121.21558481677415,9924.870307167235,9923.15770609319,0.0,140.64346727169743,138.7651769568587,151.5689637776208,0.0,9910.502729623598,9940.916817359855,9937.397802494708,0.0,0.0,9937.454627133873,9918.677419354839,9951.602315194605,940.9885931558936,108.9868732142125,10.859352911006035,653.0091185410334,0.0,0.0,89.55908586457642,0.0,9919.94183689381,0.0,13.620566172867427,0.0,83.58219062129677,1.5223010504317287,0.0,9956.200859804156,351.07846861677433,9945.926727630513,87.56662297946701,15.817252624840158,9950.250935084365,9938.591836734693,274.4040302798512,950.595539508157,28.84409921663523,93.52695665280342,24.770391302096876,950.8746293033051,9936.324263038548,0.0,11.883746992479601,9953.630563157136,0.0,27.252005100579524,97.51913985692174,0.0,30.922765056555797,9955.939337311873,26.332505069545604
democratic_values_importance|WVS_E,36.831327876104,9935.825181263472,9937.022537259178,0.0,54.64520730007457,290.4660046069294,20.743907809231175,37.15999143285501,9924.42905487068,9954.226115603475,9951.32412774179,52.53957986816978,9937.454627133873,0.0,9929.632293451074,9965.528640441684,785.2768005854623,54.21686746987951,1.0050669457808041,949.6782783515545,1.5054125485079588,22.315007383765696,37.82831061393322,0.0,9933.868162140889,0.0,51.96266705279016,3.6832417876858123,140.69737477139734,85.27768731580564,0.0,9970.127185051235,22.476058231670365,9959.853052877594,90.79948935369464,36.847868863679146,9964.177260331446,9949.54671083093,99.76456058465928,16.06825650781431,128.9286165541107,48.11375661608565,96.31793855396049,23.62448396214978,9947.279137134785,0.6284646006863959,8.223402934892505,9967.556888404217,96.64120159697774,77.64033928673265,50.839404497941096,0.0,22.810522810522805,9969.865662558954,6.372852735559455
economic_ideology|WVS_E,54.86218979156883,9924.547726522074,9922.83512544803,0.0,936.74270221635,119.54614884382134,78.68978592420854,61.76376500031332,9902.6803959408,9940.594236714694,9930.822266151496,46.91065890743599,9918.677419354839,9929.632293451074,0.0,9951.197987791638,23.999345844065573,111.19257086999022,90.62871770720022,40.441639936688475,452.68929915917136,22.392936596218014,146.7741935483871,0.0,9918.657981769784,93.33070614948676,330.34580257552324,23.524714590877508,431.744458460984,398.27391058290885,0.0,9953.161699553404,33.206277171423395,9939.629800307219,85.23196989969807,292.72644254642313,9943.292803970224,9938.269256089532,0.0,88.72654148477055,38.352977132791544,16.399293159943298,49.171058439734566,32.594086021505376,9936.001682393387,0.0,18.04932443161485,9951.992927376228,380.3953304414895,701.7004948145427,118.46125495784511,0.0,73.21769692596192,9954.441925919853,158.5856820001419
electoral_integrity|WVS_E,1.6889589281287485,9957.390875604035,9955.678274529988,0.0,16.69191264308329,12.249157785641316,0.6742119801452269,0.0,9938.576742931411,9973.437385796655,9965.47181580252,0.15625322627839466,9951.602315194605,9965.528640441684,9951.197987791638,0.0,11.387949471480223,5.3020141791384034,0.0,12.737748625727914,0.0,0.0,4.8698678828724375,0.0,9948.01585020162,0.0,4.083771123731321,0.0,17.77909690464618,4.426758322757053,0.0,9986.004848635364,0.016093835273050416,9974.000740938325,6.728573632869278,1.532026211507464,9978.324948392177,9971.112405171492,0.8728791751944325,2.479076625492329,0.0,0.0,0.0,3.1565333490795098,9968.844831475348,0.0,0.0,9984.836076458188,3.208346075322151,235.58314493600375,0.11966831624837937,0.0,8.530564428560687,9987.285075001813,0.0
existential_threat_worry|WVS_H,9968.790384869219,46.858900323129035,945.1462992490835,0.0,958.053876017405,30.299003131332796,51.43164286326357,12.775267208593093,202.76934751963353,51.400985736987806,953.1334399525509,9971.067986554644,940.9885931558936,785.2768005854623,23.999345844065573,11.387949471480223,0.0,36.75906381998122,57.59821823756559,9958.711997411212,408.78308165587833,1.2637920948855808,77.97547723955181,0.0,3.3961942534452163,96.23491877249606,86.08921080881245,6.028698849448663,170.44693660986488,9964.03962983851,0.0,15.795453999620737,13.71382705740507,295.2743074416078,25.221882802027217,84.15255887621359,182.99528211910425,11.085480395637909,9971.811978274454,84.15779810156036,2.224897296026967,0.0,7.413167173056756,19.352414294104918,112.15901004059613,0.0,4.24344137648238,18.946958320141057,9965.923895546892,33.78089938482822,40.56607955255071,0.0,92.90602100290118,0.39376165944263875,116.49105869974744
familial_duty_obligations|WVS_D,14.633883119187765,60.60890190583023,91.86333379881768,0.0,49.83494370892472,62.62481265743696,9.078440845970416,9.654164145997179,244.52687472151115,30.45956972426376,60.96276391915136,10.892913212270933,108.9868732142125,54.21686746987951,111.19257086999022,5.3020141791384034,36.75906381998122,0.0,9977.813481830983,57.02983302903765,9976.860364652817,2.811559909017536,20.25443778599459,0.0,941.4659819917213,0.0,25.836500890719982,0.0,60.398695923997025,35.549001814882025,0.0,0.0,8.095174112821535,24.922137096240753,30.164025576869612,16.35996512321601,14.510122917319986,54.530411673268816,11.154628587735417,16.467414496803777,26.471886237332463,11.691466000504303,20.562295524479893,8.678393524283937,60.211963573308104,0.0,0.0,3.039614760422488,29.8131336149249,282.6737349439359,20.356552987918732,0.0,23.656341082971267,0.0,8.980461140320465
female_income_threat_to_marriage|WVS_D,0.0,15.083922934264365,5.969593027841569,0.0,0.0,31.541623047302245,0.0,0.0,10.303065864375,2.336840797380283,3.196627557210011,1.0700314068906316,10.859352911006035,1.0050669457808041,90.62871770720022,0.0,57.59821823756559,9977.813481830983,0.0,70.72761692409215,9987.112681607394,0.0,0.0,0.0,17.56314410991856,0.0,0.8490306751250429,0.0,7.444561750308296,4.701224957679642,0.0,0.0,0.0,0.0,8.173002178568964,0.0,0.0,44.9854051457638,11.89804267547194,0.0,10.188716407302028,0.0,7.215385550294645,0.0,10.504946295557051,0.0,0.0,0.0,4.731301364564668,20.713877259749403,0.0,0.0,0.7660381735071926,0.0,0.0
freedom_security_tradeoff_perception|WVS_H,9966.525195968645,111.2603780892213,265.46175550979945,0.0,482.1044765905147,36.74028189244994,82.8081696901913,11.453145139474564,449.0421703149655,72.99977217697224,950.8682510519766,9968.80279765407,653.0091185410334,949.6782783515545,40.441639936688475,12.737748625727914,9958.711997411212,57.02983302903765,70.72761692409215,0.0,971.7352840596518,2.7764345583494503,97.39912581728858,0.0,12.810649401814103,306.82113549441164,81.05547262806087,10.494980296006382,183.3485828963481,9961.774440937936,0.0,60.1642061930155,23.661688026784326,959.6757852077001,27.535448480207407,90.40163136346382,963.3387888707038,12.663067076969547,9969.54678937388,248.55927586765264,2.873257594069777,1.7420701140258643,9.596891872222443,41.29943831857949,91.18280242900303,0.0,10.306178065352082,27.90483406441902,9963.658706646318,22.43769629985667,60.0772908167655,0.0,964.0585536213141,0.0,232.45622830413106
gender_role_traditionalism|WVS_D,1.1186908226778094,71.24173753336589,1.2224493336459474,0.0,0.38661831478265185,53.16550957821557,0.0,0.0,0.0,8.262030497521309,2.3472219855485825,2.959197731385638,0.0,1.5054125485079588,452.68929915917136,0.0,408.78308165587833,9976.860364652817,9987.112681607394,971.7352840596518,0.0,0.0,0.0,0.0,3.0912306147741333,0.0,0.0,0.0,7.369749188005336,4.312127166374498,0.0,0.0,0.7880014136356479,0.0,11.27840690652257,0.0,1.7710464531595456,99.18599502003917,37.466843870261975,0.0,19.203572476350995,5.0344754395209215,10.515978415336946,0.13387785397387475,6.307365864464124,0.0,0.0,0.0,4.509256595274529,13.910401147722482,0.0,0.0,3.598917255505487,0.0,0.0
immigrant_origin_status|WVS_G,0.3453860193756917,64.88346506197234,0.0,0.0,18.22184240955638,4.0207329158971135,2.4617083235061052,0.0,23.447824422295497,4.906583441726681,7.659970464136812,0.0,0.0,22.315007383765696,22.392936596218014,0.0,1.2637920948855808,2.811559909017536,0.0,2.7764345583494503,0.0,0.0,3.3186843059079365,0.0,199.55359835917233,0.0,2.3794745830644146,0.0,9966.703674064336,0.5654530414706684,0.0,0.0,9983.63422971741,11.380783002685721,9977.459480122325,9981.912865630622,25.111565328008826,0.0,0.0,6.755510339911101,0.0,0.0,0.0,1.5151515151515191,0.4860277444311052,0.0,0.0,0.0,0.4387459368496316,26.281415376830736,1.492981912712402,0.0,27.04602580966492,0.0,0.7573740402812081
importance_of_life_domains|WVS_A,12.663271789227196,58.23023925552073,68.90153911026775,0.0,9967.750749454397,9960.780318497345,9975.239010892788,7.3457764623511075,124.3676884618669,27.49312371714641,42.58351604995764,10.330508428312363,89.55908586457642,37.82831061393322,146.7741935483871,4.8698678828724375,77.97547723955181,20.25443778599459,0.0,97.39912581728858,0.0,3.3186843059079365,0.0,0.0,267.7081956103485,0.0,18.036903466446113,0.0,48.00384181611971,29.43314667452599,0.0,0.0,6.634299039899336,16.15748623080659,27.3618098714281,11.41929421072723,7.182680385645895,80.3249745646059,19.405989271623472,8.568333654299813,26.139885829005,10.998067280789797,23.4820441239723,8.426139272913467,49.16679994396156,0.0,9980.36611516776,0.5735725375194072,25.5646315864125,9962.794237931676,13.492929511592031,0.0,9975.337081068736,0.0,3.181907587150878
institutional_threat_perception|WVS_H,0.0,0.0,0.0,0.0,0.0,0.0,0.0,0.0,0.0,0.0,0.0,0.0,0.0,0.0,0.0,0.0,0.0,0.0,0.0,0.0,0.0,0.0,0.0,0.0,0.0,0.0,0.0,0.0,0.0,0.0,0.0,0.0,0.0,0.0,0.0,0.0,0.0,0.0,0.0,0.0,0.0,0.0,0.0,0.0,0.0,0.0,0.0,0.0,0.0,0.0,0.0,0.0,0.0,0.0,0.0
international_organization_knowledge|WVS_E,713.9224411951685,9918.490701743018,9919.509747019116,0.0,74.31190423949877,113.31081334515501,186.0777368798759,661.4691473625643,9906.916264630616,9936.713325363411,9933.811337501726,104.47123407255125,9919.94183689381,9933.868162140889,9918.657981769784,9948.01585020162,3.3961942534452163,941.4659819917213,17.56314410991856,12.810649401814103,3.0912306147741333,199.55359835917233,267.7081956103485,0.0,0.0,0.0,204.14982762433561,131.18483313918566,515.3414472764324,296.7026260134716,0.0,9952.614394811173,473.80779309747544,9942.34026263753,155.54286832632263,98.38646202282567,9946.664470091382,9932.033920590866,0.0,147.009074515174,40.9342018804179,45.355377052431734,98.0688469440345,502.84371986587763,9929.766346894721,100.50090738558416,951.8001068582537,9950.044098164153,530.3774041046988,40.61807301545453,942.4175233487872,0.0,379.4742806600514,9952.35287231889,25.98422628289631
job_scarcity_gender_discrimination|WVS_C,0.0,9.654312916131907,0.0,0.0,0.0,25.313863997266125,0.0,0.0,0.0,0.0,0.0,0.0,0.0,0.0,93.33070614948676,0.0,96.23491877249606,0.0,0.0,306.82113549441164,0.0,0.0,0.0,0.0,0.0,0.0,9981.31424693708,0.0,0.7909267552976829,1.373886198889764,0.0,0.0,0.0,0.0,1.8954026917604487,0.0,0.0,48.430308714527115,10.978026926759103,0.0,8.691907560770815,0.2553465459665354,4.417756738302128,0.0,4.037542733445296,0.0,0.0,0.0,2.3680157190581994,6.1394717332335205,0.0,0.0,0.0,0.0,9984.339327217729
job_scarcity_nativist_preference|WVS_C,18.69511930019231,951.9233057725354,15.570181822672843,0.0,33.10828257776404,59.08541356835426,14.7578043773891,6.3407752850155,34.645609122438,37.89988589522513,30.39034453155844,8.149991543793579,13.620566172867427,51.96266705279016,330.34580257552324,4.083771123731321,86.08921080881245,25.836500890719982,0.8490306751250429,81.05547262806087,0.0,2.3794745830644146,18.036903466446113,0.0,204.14982762433561,9981.31424693708,0.0,0.0,40.13249888881319,13.686594570526552,0.0,3.901764785174187,15.251404567921707,39.46914767362284,29.28743992370701,9.604833304817227,73.3418474045801,35.08927978443818,27.163045967752304,25.131962803146784,20.654933584476225,16.23035638012154,18.840077928790123,24.18002125902154,18.93281719940417,0.0,1.2816708769462188,5.964251307541296,10.911056857454298,125.5119715009012,21.838204816260728,0.0,82.49925908240598,0.0,9977.106172103398
life_autonomy_morality_permissiveness|WVS_F,0.0,18.688190638568408,0.0,0.0,5.222110819472867,7.97485126529244,0.0,9984.932687251146,11.201508181900635,0.0,1.3193701686564943,0.0,0.0,3.6832417876858123,23.524714590877508,0.0,6.028698849448663,0.0,0.0,10.494980296006382,0.0,0.0,0.0,0.0,131.18483313918566,0.0,0.0,0.0,3.893846358312743,1.0442491172714305,0.0,0.0,0.0,0.8205175266826288,0.0,0.0,1.719495239516018,0.7739177368909829,0.0,9981.322016745567,9982.124805477746,9983.082172717837,9982.019351531462,0.0,0.0,9989.317883471333,0.0,0.0,1.328226085270888,387.65940374312174,9978.001277372881,0.0,5.322072588243081,0.0,0.0
multilevel_place_attachment|WVS_G,41.25596400094117,937.9373462733807,85.47847654261881,0.0,95.6568883960084,133.29744038405454,40.08649042939112,18.324080546424725,144.9397731613024,92.87274535488947,100.81211875968476,21.458479849607457,83.58219062129677,140.69737477139734,431.744458460984,17.77909690464618,170.44693660986488,60.398695923997025,7.444561750308296,183.3485828963481,7.369749188005336,9966.703674064336,48.00384181611971,0.0,515.3414472764324,0.7909267552976829,40.13249888881319,3.893846358312743,0.0,48.45575261285809,0.0,13.721130625465882,9961.951268823557,95.94818675263154,9956.598191986906,9961.715753246077,174.80655569716737,88.64517721070214,47.34951582853506,56.09390939901097,50.820284632562526,37.35615072548742,50.71483068627813,50.145947660717525,67.03836096822342,0.0,7.541737886602455,16.664598409586915,33.46450432365929,289.6869315419765,56.2403969927325,0.0,124.06885513880692,0.0,19.469011159220436
neighborhood_disorder_and_crime|WVS_H,9973.344500347692,182.47948338473483,9.558436027339347,0.0,65.22378420248407,54.02381483593214,31.271213028721377,4.041233351578178,24.460284241913726,56.87694495156189,32.203704396325925,9976.732320280538,1.5223010504317287,85.27768731580564,398.27391058290885,4.426758322757053,9964.03962983851,35.549001814882025,4.701224957679642,9961.774440937936,4.312127166374498,0.5654530414706684,29.43314667452599,0.0,296.7026260134716,1.373886198889764,13.686594570526552,1.0442491172714305,48.45575261285809,0.0,0.0,26.844495625142898,29.174476104669544,129.479085836826,34.15437180129955,14.38505523241496,173.95049971423163,19.508795205019005,9975.46979820703,74.67497609123225,15.264155082666878,19.403814633984823,17.226062666230014,49.39194577352473,14.85123555004138,0.0,3.7796852088501467,12.577812309639807,9973.996134219886,34.96834291155031,27.151972159530054,0.0,314.2137722555072,0.0,15.284046696557787
offline_political_participation|WVS_E,0.0,0.0,0.0,0.0,0.0,0.0,0.0,0.0,0.0,0.0,0.0,0.0,0.0,0.0,0.0,0.0,0.0,0.0,0.0,0.0,0.0,0.0,0.0,0.0,0.0,0.0,0.0,0.0,0.0,0.0,0.0,0.0,0.0,0.0,0.0,0.0,0.0,0.0,0.0,0.0,0.0,0.0,0.0,0.0,0.0,0.0,0.0,0.0,0.0,0.0,0.0,0.0,0.0,0.0,0.0
online_political_participation|WVS_E,0.0,9959.354587365802,9957.641986291756,0.0,0.0,34.5273016265464,0.0,0.0,9943.175287540962,9975.40109755842,9970.070360412072,5.444389303082435,9956.200859804156,9970.127185051235,9953.161699553404,9986.004848635364,15.795453999620737,0.0,0.0,60.1642061930155,0.0,0.0,0.0,0.0,9952.614394811173,0.0,3.901764785174187,0.0,13.721130625465882,26.844495625142898,0.0,0.0,0.0,9978.599285547876,4.382677197464378,0.0,9982.923493001728,9973.07611693326,1.0787140615876858,0.0,9.684412865873508,0.0,4.095472048623389,0.0,9970.808543237115,0.0,0.0,9986.799788219956,34.18302344977956,0.0,0.0,0.0,0.0,9989.248786763581,0.0
outgroup_trust|WVS_G,4.623677291086121,10.517977744861675,121.70860247726775,0.0,19.895690434008337,33.13534158877616,1.5174283837694595,3.1238860720294426,938.0528963535811,10.254230597865707,32.51553679225829,7.937649090188213,351.07846861677433,22.476058231670365,33.206277171423395,0.016093835273050416,13.71382705740507,8.095174112821535,0.0,23.661688026784326,0.7880014136356479,9983.63422971741,6.634299039899336,0.0,473.80779309747544,0.0,15.251404567921707,0.0,9961.951268823557,29.174476104669544,0.0,0.0,0.0,2.5466618023551035,9974.593709839735,9978.105666702098,0.0,47.39914337518192,2.315457973226941,3.8332475529040337,10.707545432446167,0.0,8.62950012403553,0.5882873968209132,49.50930576408995,0.0,0.0,0.0,28.207813672103285,61.058098937921976,4.32117828743576,0.0,4.049824136767604,0.0,1.1441983994597038
perceived_corruption|WVS_E,9.739062701102576,9945.822688119617,9945.494637755819,0.0,25.44299380661147,288.96925858951175,4.548429276692843,26.359813175255468,9932.901155367319,9962.698216100114,9959.796228238429,43.97422039429755,9945.926727630513,9959.853052877594,9939.629800307219,9974.000740938325,295.2743074416078,24.922137096240753,0.0,959.6757852077001,0.0,11.380783002685721,16.15748623080659,0.0,9942.34026263753,0.0,39.46914767362284,0.8205175266826288,95.94818675263154,129.479085836826,0.0,9978.599285547876,2.5466618023551035,0.0,61.815707228551275,20.249566173287434,9972.649360828085,9959.544217687075,43.69775188654471,2.3194784483582964,131.84361785653041,20.680030369702664,77.69384757084772,3.484535409563211,9957.27664399093,0.0,0.05671251700599811,9976.028988900856,262.2446477825786,5.984234655167903,22.4564681395446,0.0,0.0,9978.337763055593,0.0
perceived_negative_effects_of_immigration|WVS_G,17.179394106392387,111.8701098702048,80.44613358393516,0.0,86.77476298383553,50.30211533521255,23.112800565406488,8.669037545350601,273.54004291518294,37.54828329778233,81.85432691898154,5.818903551105301,87.56662297946701,90.79948935369464,85.23196989969807,6.728573632869278,25.221882802027217,30.164025576869612,8.173002178568964,27.535448480207407,11.27840690652257,9977.459480122325,27.3618098714281,0.0,155.54286832632263,1.8954026917604487,29.28743992370701,0.0,9956.598191986906,34.15437180129955,0.0,4.382677197464378,9974.593709839735,61.815707228551275,0.0,9971.930917107013,68.33476572780779,28.8174458892761,5.772631322756418,27.310598184114625,14.433146441128955,7.7379681269145095,14.151889956255893,19.541682233938033,50.52931838211185,0.0,2.675503560991171,7.4367528495968855,22.385392596267273,113.75178635125883,25.43566875643143,0.0,61.78774875437421,0.0,18.38785771015607
perceived_positive_effects_of_immigration|WVS_G,12.3113438077816,210.50200056217977,14.107538139606234,0.0,23.12608846038156,48.79153223524084,6.151732520425345,3.4899308991567466,30.89014716269761,25.083309289598148,22.466810992294498,6.873120409400904,15.817252624840158,36.847868863679146,292.72644254642313,1.532026211507464,84.15255887621359,16.35996512321601,0.0,90.40163136346382,0.0,9981.912865630622,11.41929421072723,0.0,98.38646202282567,0.0,9.604833304817227,0.0,9961.715753246077,14.38505523241496,0.0,0.0,9978.105666702098,20.249566173287434,9971.930917107013,0.0,31.234462752284138,38.23580893064935,27.438187032158737,12.756897179992727,16.44440681418546,12.620961050463848,16.49094703132519,12.406846442588677,19.02163585211362,0.0,0.0,1.577025166398883,9.099672456787594,962.3590627129844,14.732686922330778,0.0,33.38143801378742,0.0,1.6518061631982803
political_information_sources|WVS_E,3.1697842394622207,9949.48569178262,9949.818845209671,0.0,12.439932471206976,959.2989289191821,0.0,69.23565053346098,9937.225362821173,9967.022423553966,9964.120435692283,476.05017353294846,9950.250935084365,9964.177260331446,9943.292803970224,9978.324948392177,182.99528211910425,14.510122917319986,0.0,963.3387888707038,1.7710464531595456,25.111565328008826,7.182680385645895,0.0,9946.664470091382,0.0,73.3418474045801,1.719495239516018,174.80655569716737,173.95049971423163,0.0,9982.923493001728,0.0,9972.649360828085,68.33476572780779,31.234462752284138,0.0,9963.207221350078,15.808848474103016,0.0,972.2333990808748,15.5636476768968,228.53820154484686,0.0,9960.939647653933,0.0,1.048598988203544,9980.35319635471,47.0780738492495,0.0,12.40916122188283,0.0,0.0,9982.661970509445,0.0
postmaterialist_values|WVS_E,33.75310557220276,9944.46214390193,9942.749542827883,0.0,956.6571195962052,32.400381038491346,98.6042033040637,1.0999148129211633,9922.594813320657,9960.508654094549,9950.736683531351,0.9742604364752943,9938.591836734693,9949.54671083093,9938.269256089532,9971.112405171492,11.085480395637909,54.530411673268816,44.9854051457638,12.663067076969547,99.18599502003917,0.0,80.3249745646059,0.0,9932.033920590866,48.430308714527115,35.08927978443818,0.7739177368909829,88.64517721070214,19.508795205019005,0.0,9973.07611693326,47.39914337518192,9959.544217687075,28.8174458892761,38.23580893064935,9963.207221350078,0.0,1.1771266151595547,963.7134226327416,0.557808501173902,4.72577656142623,5.663322108953288,76.70205178845733,9955.916099773243,0.0,4.820930030887336,9971.907344756084,9.580002561815817,3.9305347162058766,51.54736303232673,0.0,109.85452233257294,9974.356343299709,103.50009937999707
precautionary_security_behaviors|WVS_H,9979.625176831887,0.0,482.29688068543504,0.0,232.04656271691437,4.385717301146265,13.860358659906133,2.8286526781004113,87.34151321967465,12.054378723626975,168.04986456827953,9981.902778517311,274.4040302798512,99.76456058465928,0.0,0.8728791751944325,9971.811978274454,11.154628587735417,11.89804267547194,9969.54678937388,37.466843870261975,0.0,19.405989271623472,0.0,0.0,10.978026926759103,27.163045967752304,0.0,47.34951582853506,9975.46979820703,0.0,1.0787140615876858,2.315457973226941,43.69775188654471,5.772631322756418,27.438187032158737,15.808848474103016,1.1771266151595547,0.0,16.10561358688982,0.0,0.0,0.09639764797226036,1.940599355385011,55.354544708833814,0.0,0.0,1.7501888210144134,9978.052139323469,25.591301103593146,7.605538963974965,0.0,13.000828391365957,0.0,24.064981097197418
religion_versus_secularism_orientation|WVS_F,8.930383118362265,8.47142522902596,575.1634496334631,0.0,19.893357264355377,137.3765587732738,3.2646933360969967,9975.837135691198,770.9033005782971,17.618284259165726,43.2051975963884,24.37052592204335,950.595539508157,16.06825650781431,88.72654148477055,2.479076625492329,84.15779810156036,16.467414496803777,0.0,248.55927586765264,0.0,6.755510339911101,8.568333654299813,0.0,147.009074515174,0.0,25.131962803146784,9981.322016745567,56.09390939901097,74.67497609123225,0.0,0.0,3.8332475529040337,2.3194784483582964,27.310598184114625,12.756897179992727,0.0,963.7134226327416,16.10561358688982,0.0,9971.87284144427,9974.186438647459,9971.767387497986,1.6706684272890406,133.85964204004483,9983.121585898049,0.3291581495288156,0.0,95.04187005319798,11.235375019893922,9971.071225963135,0.0,2.274667241638628,0.0,1.8010401422417992
religious_belief|WVS_F,10.379066037429023,150.2062423036789,35.4501629687638,0.0,165.5474998956579,17.575211673572326,22.24742998936547,9978.950738916255,188.8954500303651,28.752752496298733,64.64342438595517,2.123284018303803,28.84409921663523,128.9286165541107,38.352977132791544,0.0,2.224897296026967,26.471886237332463,10.188716407302028,2.873257594069777,19.203572476350995,0.0,26.139885829005,0.0,40.9342018804179,8.691907560770815,20.654933584476225,9982.124805477746,50.820284632562526,15.264155082666878,0.0,9.684412865873508,10.707545432446167,131.84361785653041,14.433146441128955,16.44440681418546,972.2333990808748,0.557808501173902,0.0,9971.87284144427,0.0,9977.100224382946,9976.037403196573,17.464875714065155,20.139730338734836,9983.335935136443,0.8198054293226384,3.9672326315179802,8.035512865356882,10.038294275430985,9972.019329037992,0.0,292.2517296637287,0.0,22.516800975788833
religious_exclusivism|WVS_F,2.982855303687643,23.10605558693412,63.08737210608675,0.0,59.962811060981295,17.07925953219481,6.276366871136787,9979.908106156347,387.98801540565296,12.87222019300949,48.0569319769221,1.588100443822647,93.52695665280342,48.11375661608565,16.399293159943298,0.0,0.0,11.691466000504303,0.0,1.7420701140258643,5.0344754395209215,0.0,10.998067280789797,0.0,45.355377052431734,0.2553465459665354,16.23035638012154,9983.082172717837,37.35615072548742,19.403814633984823,0.0,0.0,0.0,20.680030369702664,7.7379681269145095,12.620961050463848,15.5636476768968,4.72577656142623,0.0,9974.186438647459,9977.100224382946,0.0,9976.994770436662,0.0,26.31183293100547,9984.293302376533,0.0,0.0,12.216338564425527,82.9047780259647,9972.976696278081,0.0,16.72258276056726,0.0,8.324519244330364
religious_practice_and_self_identification|WVS_F,11.205654545678435,138.78003364041336,29.033348573671546,0.0,88.89883607283029,23.065912839540218,20.701883877182464,9978.845284969972,128.4581710463733,25.318896183150436,55.42865869878009,2.927178170471496,24.770391302096876,96.31793855396049,49.171058439734566,0.0,7.413167173056756,20.562295524479893,7.215385550294645,9.596891872222443,10.515978415336946,0.0,23.4820441239723,0.0,98.0688469440345,4.417756738302128,18.840077928790123,9982.019351531462,50.71483068627813,17.226062666230014,0.0,4.095472048623389,8.62950012403553,77.69384757084772,14.151889956255893,16.49094703132519,228.53820154484686,5.663322108953288,0.09639764797226036,9971.767387497986,9976.037403196573,9976.994770436662,0.0,15.342615045091684,21.795708084129437,9983.23048119016,1.52573245344988,2.359884993187091,9.722744760838076,25.049998303447424,9971.913875091706,0.0,91.51685006834911,0.0,17.247262405149943
science_skepticism|WVS_I,4.840151501685661,2.8470054294787843,353.7410394265233,0.0,22.72483481825177,49.01264034899522,2.346200464929165,5.2829777918021215,937.8490570401119,12.822464742775452,43.4842873915365,9.988239928565392,950.8746293033051,23.62448396214978,32.594086021505376,3.1565333490795098,19.352414294104918,8.678393524283937,0.0,41.29943831857949,0.13387785397387475,1.5151515151515191,8.426139272913467,0.0,502.84371986587763,0.0,24.18002125902154,0.0,50.145947660717525,49.39194577352473,0.0,0.0,0.5882873968209132,3.484535409563211,19.541682233938033,12.406846442588677,0.0,76.70205178845733,1.940599355385011,1.6706684272890406,17.464875714065155,0.0,15.342615045091684,0.0,90.36438649533889,0.0,0.0,0.0,63.38517633372297,32.9550251218123,6.13409954206665,0.0,1.839399068488543,0.0,1.3447033232692789
science_technology_optimism|WVS_E,43.04913167495154,9942.194570205784,9940.481969131739,0.0,108.23569974621397,78.59008582335888,62.62034589163487,1.9212634689904107,9920.32723962451,9958.241080398404,9948.469109835207,6.571595368597574,9936.324263038548,9947.279137134785,9936.001682393387,9968.844831475348,112.15901004059613,60.211963573308104,10.504946295557051,91.18280242900303,6.307365864464124,0.4860277444311052,49.16679994396156,0.0,9929.766346894721,4.037542733445296,18.93281719940417,0.0,67.03836096822342,14.85123555004138,0.0,9970.808543237115,49.50930576408995,9957.27664399093,50.52931838211185,19.02163585211362,9960.939647653933,9955.916099773243,55.354544708833814,133.85964204004483,20.139730338734836,26.31183293100547,21.795708084129437,90.36438649533889,0.0,0.0,5.840179355226542,9969.63977105994,4.075891960159595,42.70916186007601,46.0322452913655,0.0,147.84459758972892,9972.088769603564,23.454747906074147
sexual_and_reproductive_morality_permissiveness|WVS_F,0.0,0.0,0.0,0.0,2.8384787378000382,0.0,0.0,9986.143816909842,21.522356430923438,0.0,0.0,0.0,0.0,0.6284646006863959,0.0,0.0,0.0,0.0,0.0,0.0,0.0,0.0,0.0,0.0,100.50090738558416,0.0,0.0,9989.317883471333,0.0,0.0,0.0,0.0,0.0,0.0,0.0,0.0,0.0,0.0,0.0,9983.121585898049,9983.335935136443,9984.293302376533,9983.23048119016,0.0,0.0,0.0,0.0,0.0,0.0,73.80240723903567,9979.212407031579,0.0,0.7197647506103895,0.0,0.0
social_intolerance_outgroups|WVS_A,0.0,6.435944437743821,12.481101121456057,0.0,9974.423305863593,9967.95288527801,9982.441619254216,0.0,46.527666254710155,1.7616059043998504,6.293109496190127,0.0,11.883746992479601,8.223402934892505,18.04932443161485,0.0,4.24344137648238,0.0,0.0,10.306178065352082,0.0,0.0,9980.36611516776,0.0,951.8001068582537,0.0,1.2816708769462188,0.0,7.541737886602455,3.7796852088501467,0.0,0.0,0.0,0.05671251700599811,2.675503560991171,0.0,1.048598988203544,4.820930030887336,0.0,0.3291581495288156,0.8198054293226384,0.0,1.52573245344988,0.0,5.840179355226542,0.0,0.0,0.0,2.3570223202834377,9970.486743629277,0.0,0.0,9983.029586766337,0.0,0.0
