construct,acceptance_of_state_surveillance|WVS_H,authoritarian_governance_tolerance|WVS_E,autocracy_support|WVS_E,basic_needs_deprivation|WVS_H,child_qualities_autonomy_self_expression|WVS_A,child_qualities_conformity_tradition|WVS_A,child_qualities_prosocial_diligence|WVS_A,civic_dishonesty_tolerance|WVS_F,confidence_in_civil_society_organizations|WVS_E,confidence_in_domestic_institutions|WVS_E,confidence_in_international_organizations|WVS_E,crime_victimization|WVS_H,democratic_system_evaluation|WVS_E,democratic_values_importance|WVS_E,economic_ideology|WVS_E,electoral_integrity|WVS_E,existential_threat_worry|WVS_H,familial_duty_obligations|WVS_D,female_income_threat_to_marriage|WVS_D,freedom_security_tradeoff_perception|WVS_H,gender_role_traditionalism|WVS_D,immigrant_origin_status|WVS_G,importance_of_life_domains|WVS_A,institutional_threat_perception|WVS_H,international_organization_knowledge|WVS_E,job_scarcity_gender_discrimination|WVS_C,job_scarcity_nativist_preference|WVS_C,life_autonomy_morality_permissiveness|WVS_F,multilevel_place_attachment|WVS_G,neighborhood_disorder_and_crime|WVS_H,offline_political_participation|WVS_E,online_political_participation|WVS_E,outgroup_trust|WVS_G,perceived_corruption|WVS_E,perceived_negative_effects_of_immigration|WVS_G,perceived_positive_effects_of_immigration|WVS_G,political_information_sources|WVS_E,postmaterialist_values|WVS_E,precautionary_security_behaviors|WVS_H,religion_versus_secularism_orientation|WVS_F,religious_belief|WVS_F,religious_exclusivism|WVS_F,religious_practice_and_self_identification|WVS_F,science_skepticism|WVS_I,science_technology_optimism|WVS_E,sexual_and_reproductive_morality_permissiveness|WVS_F,social_intolerance_outgroups|WVS_A,societal_change_attitudes|WVS_E,socioeconomic_insecurity_worry|WVS_H,subjective_wellbeing|WVS_A,violence_tolerance|WVS_F,voluntary_association_active_membership|WVS_A,voluntary_association_belonging|WVS_A,voting_participation|WVS_E,work_ethic|WVS_C
acceptance_of_state_surveillance|WVS_H,0.0,66.81436490846855,61.94721636328187,9999.0,36.63003663003663,37.87944056747365,46.66508301000343,52.593481122367365,55.566274358479646,58.280986809873056,54.783984210602696,51.888431746903045,67.07979995651229,64.71069310979351,97.6850311356182,102.03507486546263,39.94431171688352,53.67961124075555,54.51820272672284,46.591118239423665,51.81347150259067,22.42152466367713,55.85835867214194,46.777105235212915,71.45012371009595,51.445386586756065,49.61948249619483,44.44444444444444,66.4597602739726,43.79070289692342,36.66653890869137,35.02502533880861,76.69169200547528,9999.0,43.47443069197904,86.49050787147053,40.50342016912332,66.61294654848241,36.10806166770083,47.11288268836849,44.54541846898687,43.921822491833524,27.397260273972606,44.75837138508372,44.91039512511096,46.03595657923132,45.51320230295811,39.682539682539684,35.758464287350535,43.21154545369792,87.84179762068388,9999.0,60.44433835189005,9999.0,41.02123847560748
authoritarian_governance_tolerance|WVS_E,66.81436490846855,0.0,75.00429324659558,9999.0,47.237130394580795,49.89928492799699,58.684927370526765,47.890917456134844,63.36448598130841,53.578423143640535,74.13932685671816,56.8879168946833,79.09964431703563,76.73053747031685,97.74825701903147,101.92697768762677,51.964156077406855,48.97704757452303,58.98886151497276,54.08920809559027,59.62732919254658,51.68704328480269,60.857843819922195,58.79694959573625,75.99818511796732,53.68033501025828,53.477425284795146,44.28341384863124,65.06950606329488,55.81054725744676,51.612226585715455,40.024510486588866,81.69117715325552,9999.0,46.07091563613302,91.48999301925078,44.35377296154354,78.63279090900575,40.0,54.20404876926616,40.98638721496111,42.37288135593221,39.41710463449594,42.73504273504273,45.3416149068323,41.3333929129988,42.53695687829367,55.8374658824434,31.055900621118013,43.10344827586207,83.13923395445136,9999.0,71.471051367092,9999.0,41.7740142331223
autocracy_support|WVS_E,61.94721636328187,75.00429324659558,0.0,9999.0,47.91764483898004,46.0693689056007,54.855011348130475,60.78340946049441,63.75620269660669,66.4709151480001,70.30941083432187,60.078360085030084,75.26972829463932,72.90062144792054,106.14694283185986,111.3842774812237,48.134240055010565,61.869539578882595,62.70813106484988,54.7810465775507,63.29527496207621,39.52569169960474,64.04828701026898,54.967033573339954,79.640052048223,59.635314924883104,57.809410834321866,55.42496588694786,74.64968861209965,51.98063123505047,47.78231056331916,43.21495367693565,84.88162034360232,9999.0,51.66435903010608,94.68043620959756,48.69334850725036,74.80287488660946,44.29799000582787,58.79127766447459,53.191489361702125,52.083333333333336,35.587188612099645,52.94829972321075,53.100323463238,54.22588491735836,53.70313064108515,52.0075498600471,43.948392625477574,52.56074806945901,96.03172595881091,9999.0,74.6614945574388,9999.0,49.21116681373452
basic_needs_deprivation|WVS_H,9999.0,9999.0,9999.0,0.0,9999.0,9999.0,9999.0,9999.0,9999.0,9999.0,9999.0,9999.0,9999.0,9999.0,9999.0,9999.0,9999.0,9999.0,9999.0,9999.0,9999.0,9999.0,9999.0,9999.0,9999.0,9999.0,9999.0,9999.0,9999.0,9999.0,9999.0,9999.0,9999.0,9999.0,9999.0,9999.0,9999.0,9999.0,9999.0,9999.0,9999.0,9999.0,9999.0,9999.0,9999.0,9999.0,9999.0,9999.0,9999.0,9999.0,9999.0,9999.0,9999.0,9999.0,9999.0
child_qualities_autonomy_self_expression|WVS_A,36.63003663003663,47.237130394580795,47.91764483898004,9999.0,0.0,22.812636520381442,30.63131200783023,29.940119760479043,40.49947031138744,38.7037522959853,40.65040650406504,28.697725934721653,52.01299590942008,49.64388906270129,74.76630868155142,80.00364333091528,23.20185614849188,34.1023767268678,31.32749691454145,25.899017135628625,31.914640811767782,15.847860538827257,32.667652859960555,31.710301188120702,54.074850761255846,28.254680774574673,30.284504028472238,19.801980198019802,50.19483521563966,28.723898849831212,18.148820326678766,11.834319526627219,53.50098619329388,9999.0,23.40839360070129,63.29980205928913,21.551724137931036,51.5461425013902,18.587360594795538,26.525198938992045,16.835016835016834,19.193857965451055,12.330456226880393,23.571408728505155,24.752475247524753,21.929824561403507,22.871847120446205,24.813895781637715,16.181229773462782,21.180113919150585,68.26456310679612,9999.0,43.28086040713036,9999.0,25.95443442851527
child_qualities_conformity_tradition|WVS_A,37.87944056747365,49.89928492799699,46.0693689056007,9999.0,22.812636520381442,0.0,29.750003029531875,23.094688221709006,38.42472694516383,41.365906829401496,45.204402515723274,30.161278748519965,50.16471997604073,47.79561312932195,76.22986149534974,81.4671961447136,19.011406844106464,36.76453126028399,32.79104972833976,26.246719160104984,33.3781936255661,15.797788309636653,34.13120567375886,29.862025254741358,54.53504372962439,29.718233588372986,31.74805684227055,25.188916876574307,49.544680293501045,25.906735751295336,17.513134851138354,13.297872340425531,54.9645390070922,9999.0,24.871946414499604,64.76335487308744,23.58834018865177,49.69786656801085,15.06024096385542,28.81844380403458,15.197568389057752,18.248175182481752,10.482180293501049,25.034961542303463,27.995315144639402,23.58490566037736,24.335399934244514,26.902541541448503,18.843384306878974,22.643666732948894,70.9267176402123,9999.0,44.74441322092868,9999.0,24.106158495135926
child_qualities_prosocial_diligence|WVS_A,46.66508301000343,58.684927370526765,54.855011348130475,9999.0,30.63131200783023,29.750003029531875,0.0,44.46404358442558,47.43683682053787,50.15154927193127,53.99004495825305,35.66039888929744,58.950362418570506,56.58125557185173,81.72898163612722,86.96631628549108,31.814874178941743,45.550173702813765,38.290169869117236,32.86169009020442,38.877313766343576,30.211480362537767,39.63032581453634,38.64766769727113,61.03752371583163,35.21735372915046,37.24717698304803,31.00700469121522,58.33032273603082,35.661265358981645,25.38071065989848,18.79699248120301,60.46365914786968,9999.0,30.371066555277082,70.26247501386491,32.05128205128205,58.48350901054063,26.315789473684212,34.37331646874195,29.619503303713834,27.69378963422792,19.267822736030826,30.53408168308094,36.78095758716918,30.78740015506392,29.83452007502199,35.68818398397828,27.62902674940875,28.142786873726372,79.7123600827421,9999.0,50.243533361706156,9999.0,32.89180093766571
civic_dishonesty_tolerance|WVS_F,52.593481122367365,47.890917456134844,60.78340946049441,9999.0,29.940119760479043,23.094688221709006,44.46404358442558,0.0,42.412105028927456,39.35753935753935,59.91844307061699,20.79002079002079,48.338230156411974,62.509653684215664,74.84407484407484,93.97295050477575,28.81844380403458,34.75616378842185,44.767977728871585,39.8683243094891,45.4064454064454,30.769230769230766,46.63696003382101,31.948881789137378,62.11233483960757,39.45945122415711,39.25654149869396,30.06253006253006,50.84862227719371,28.73563218390805,36.746734091866834,25.803626700487683,67.47029336715435,9999.0,31.850031850031847,55.392096914588265,30.132889175442365,60.24096385542168,19.047619047619047,39.98316498316498,26.765503428859933,28.39571047663533,25.19622084839476,28.68335806724432,31.12073112073112,27.112509126897613,28.316073092192497,38.61003861003861,16.835016835016834,35.14942109301105,68.91835016835017,9999.0,41.931669838646584,9999.0,26.7379679144385
confidence_in_civil_society_organizations|WVS_E,55.566274358479646,63.36448598130841,63.75620269660669,9999.0,40.49947031138744,38.42472694516383,47.43683682053787,42.412105028927456,0.0,55.010055601561575,62.89123630672927,50.07041207444222,67.85155376704672,65.48244692032794,69.79500460910408,74.17470125748359,40.71606552741796,52.86301105505473,52.70018305426201,47.27170327534919,23.923444976076556,40.438952734813796,51.17140137934631,47.54885904574735,70.75785091021837,31.948881789137378,50.39123630672927,42.30387992070236,66.6545292713517,44.56245670745786,40.36413603572656,33.20700566634778,74.87367233301444,9999.0,44.24618450251347,76.27946591848493,37.46885833673859,67.38470035901685,23.364485981308412,47.75472988374744,30.3030303030303,35.91153742421933,28.169014084507044,40.93917842419066,41.31780734576084,37.81535303333153,40.908345630431214,44.589375332454495,35.08771929824561,42.238463291094874,87.05875349723198,9999.0,63.60598465861624,9999.0,40.6955085116377
confidence_in_domestic_institutions|WVS_E,58.280986809873056,53.578423143640535,66.4709151480001,9999.0,38.7037522959853,41.365906829401496,50.15154927193127,39.35753935753935,55.010055601561575,0.0,65.60594875812268,48.35453879608781,70.56626621844013,68.19715937172134,91.65858481863954,99.66045619228143,43.43077797881136,40.443669475927535,50.45548341637727,45.55582999699478,51.09395109395109,43.1536651862072,52.3244657213267,50.26357149714076,68.60547183127828,45.14695691166279,44.944047186199654,35.75003575003575,56.536127964699396,47.277169158851265,43.07884848711996,31.491132387993375,73.15779905466005,9999.0,37.53753753753753,82.95661492065528,35.82039486294805,70.09941281041026,31.645569620253163,45.67067067067067,32.45300911636562,34.08321616414102,30.88372653590045,34.37086375475001,36.808236808236806,32.800014814403305,34.00357877969818,47.304087783847905,22.52252252252252,40.836926780516734,74.60585585585585,9999.0,62.93767326849652,9999.0,33.24063613452681
confidence_in_international_organizations|WVS_E,54.783984210602696,74.13932685671816,70.30941083432187,9999.0,40.65040650406504,45.204402515723274,53.99004495825305,59.91844307061699,62.89123630672927,65.60594875812268,0.0,48.439294289591814,74.4047619047619,72.03565505804312,85.08724590753732,89.46694255591683,47.26927366513314,61.00457318900517,56.067588325652835,53.91608018767327,39.21568627450981,32.362459546925564,61.34969325153375,54.10206718346253,65.15280135823429,41.84100418410041,55.24861878453038,46.51162790697675,73.78472222222223,51.11566484517304,46.60747379193981,41.6038589086524,83.27052557531906,9999.0,38.314176245210724,83.04137041415929,47.250568264254966,73.93790849673204,43.43302361595045,57.05381757161692,52.42636973116322,48.07692307692308,34.72222222222222,50.14715217265855,48.309428882100136,53.36091852748093,52.64138650247138,51.142583470169676,43.08342623560015,32.25806451612903,95.16675956893349,9999.0,69.5809433382176,9999.0,48.3462004238571
crime_victimization|WVS_H,51.888431746903045,56.8879168946833,60.078360085030084,9999.0,28.697725934721653,30.161278748519965,35.66039888929744,20.79002079002079,50.07041207444222,48.35453879608781,48.439294289591814,0.0,27.548209366391184,58.375322600467,54.054054054054056,75.00475918522748,32.863406408094434,43.7531632269703,30.581039755351682,30.92810401709584,29.498525073746315,30.450362929833567,35.842293906810035,43.87101643417075,41.32231404958678,28.08988764044944,35.31359090993945,29.073418618106643,59.84562171574216,40.88461409588126,24.752475247524753,16.863406408094434,58.5300730747611,9999.0,28.437480482168507,34.602076124567475,24.509803921568626,44.24778761061947,26.705926093133804,32.439730395633376,27.685917230605256,25.760203561119347,24.49117147293044,28.60049560997237,27.77777777777778,28.853814081955345,27.90093400191342,40.911532720877894,25.832016273565287,16.181229773462782,55.55555555555556,9999.0,21.14164904862579,9999.0,28.08988764044944
democratic_system_evaluation|WVS_E,67.07979995651229,79.09964431703563,75.26972829463932,9999.0,52.01299590942008,50.16471997604073,58.950362418570506,48.338230156411974,67.85155376704672,70.56626621844013,74.4047619047619,27.548209366391184,0.0,76.99597251836059,81.60226342044524,102.55296855161868,52.2295911254506,65.96489064932263,58.129249121742866,58.476313383487025,57.0467344401375,51.95247833284643,63.39050327320122,59.06238464377999,68.87052341597797,55.638097006840624,61.904761904761905,56.62162798449783,78.74503968253968,48.78048780487805,51.877661633759196,44.41161577448562,86.07828244115228,9999.0,55.759710100546116,62.15028549095866,52.05801328795981,71.79599697701065,48.39334107626791,59.98793976202456,50.76142131979696,53.30841292751053,39.682539682539684,56.148704976363554,55.32598714416896,56.402023448346526,55.449143368304604,56.10290093048714,48.04374369591761,43.729439139853966,83.10376492194675,9999.0,48.68985841501697,9999.0,53.30651788417456
democratic_values_importance|WVS_E,64.71069310979351,76.73053747031685,72.90062144792054,9999.0,49.64388906270129,47.79561312932195,56.58125557185173,62.509653684215664,65.48244692032794,68.19715937172134,72.03565505804312,58.375322600467,76.99597251836059,0.0,96.83890157017362,101.01762223876892,49.86048427873182,63.59578380260385,64.43437528857113,54.6448087431694,60.50911114202253,49.01960784313725,65.77453123399023,56.69327779706121,75.08882966910949,59.465249994534446,59.53565505804312,57.15121011066911,76.37593283582089,53.70687545877172,49.50855478704041,44.9411979006569,86.60786456732356,9999.0,53.39060325382733,92.97739872503448,50.419592730971615,76.5291191103307,46.02423422954912,60.517521888195844,55.605123443041926,46.728971962616825,37.3134328358209,54.674543946932005,54.82656768695925,55.95212914107961,55.429374864806405,53.73379408376835,45.674636849198826,42.19409282700422,97.75797018253216,9999.0,76.38773878116004,9999.0,50.937411037455774
economic_ideology|WVS_E,97.6850311356182,97.74825701903147,106.14694283185986,9999.0,74.76630868155142,76.22986149534974,81.72898163612722,74.84407484407484,69.79500460910408,91.65858481863954,85.08724590753732,54.054054054054056,81.60226342044524,96.83890157017362,0.0,96.12281591443455,78.9319891549242,87.05720924952203,71.94244604316548,76.99668676392561,45.87155963302752,75.4348295331902,73.11951603629728,89.93959918100052,87.53954558527465,46.51162790697675,81.38217365676923,73.9498280481887,103.14966773829389,86.95319684271102,69.86550889537641,62.9319891549242,104.59865582159087,9999.0,67.51658127804917,88.65613017862154,69.63731249129533,98.30184166467353,72.77450883996357,78.50831314246315,73.75449997743503,71.76809641440228,70.55975421976021,66.2251655629139,70.6961731091405,74.92239682878511,69.44444444444444,86.98011546770766,69.13606229611702,54.6448087431694,109.6096096096096,9999.0,67.11409395973155,9999.0,79.8541759081213
electoral_integrity|WVS_E,102.03507486546263,101.92697768762677,111.3842774812237,9999.0,80.00364333091528,81.4671961447136,86.96631628549108,93.97295050477575,74.17470125748359,99.66045619228143,89.46694255591683,75.00475918522748,102.55296855161868,101.01762223876892,96.12281591443455,0.0,84.16932380428807,95.05908062316394,82.6330532212885,82.23402141328947,50.25125628140703,79.6135502017855,77.49921268467679,95.17693383036439,91.71826625386996,60.24096385542168,85.83844489350668,78.12854871678401,111.15153911193579,92.19053149207488,74.04422956397171,68.16932380428807,109.07478569317173,9999.0,71.89627792642868,102.6072772238154,73.81603315989064,115.01277514363389,78.01184348932745,83.74564779182701,78.99183462679889,75.94681708299758,75.79708886912407,75.44017315798133,74.8748937777358,80.15973147814898,79.20685139810705,92.21745011707154,77.13793366975892,58.8235294117647,129.22126700309227,9999.0,89.93379596394672,9999.0,85.29261147552094
existential_threat_worry|WVS_H,39.94431171688352,51.964156077406855,48.134240055010565,9999.0,23.20185614849188,19.011406844106464,31.814874178941743,28.81844380403458,40.71606552741796,43.43077797881136,47.26927366513314,32.863406408094434,52.2295911254506,49.86048427873182,78.9319891549242,84.16932380428807,0.0,38.829402409693856,35.49317738791423,30.064697609001406,36.08032128514056,19.841269841269842,36.83333333333333,31.926896404151226,56.59991487903426,32.420361247947454,34.450184501845015,28.21001221001221,51.60955144291091,28.940494065861735,21.691973969631235,16.0,57.666666666666664,9999.0,27.574074074074073,67.46548253266191,25.653211338061638,51.76273771742072,21.257852836639138,31.57632398753894,17.57469244288225,22.93577981651376,12.547051442910917,27.737089201877936,30.06018629404927,27.99040767386091,27.037527593818986,28.96741269085837,20.908255456288842,25.345794392523366,72.99158878962217,9999.0,47.44654088050314,9999.0,26.171029644545794
familial_duty_obligations|WVS_D,53.67961124075555,48.97704757452303,61.869539578882595,9999.0,34.1023767268678,36.76453126028399,45.550173702813765,34.75616378842185,52.86301105505473,40.443669475927535,61.00457318900517,43.7531632269703,65.96489064932263,63.59578380260385,87.05720924952203,95.05908062316394,38.829402409693856,0.0,45.85410784725977,40.95445442787728,46.49257552483358,38.5522896170897,47.723090152209195,45.66219592802325,64.00409626216077,40.54558134254529,40.342671617082146,31.148660180918245,51.934752395581896,42.67579358973376,38.47747291800246,26.889756818875867,68.55642348554254,9999.0,32.93616196842003,78.35523935153778,31.21901929383055,65.49803724129275,29.498525073746315,41.069295101553166,27.851633547248117,29.481840595023513,26.282350966782943,29.769488185632504,32.206861239119306,28.198639245285797,29.40220321058068,42.7027122147304,17.921146953405017,36.23555121139923,70.00448028673836,9999.0,58.33629769937902,9999.0,28.639260565409305
female_income_threat_to_marriage|WVS_D,54.51820272672284,58.98886151497276,62.70813106484988,9999.0,31.32749691454145,32.79104972833976,38.290169869117236,44.767977728871585,52.70018305426201,50.45548341637727,56.067588325652835,30.581039755351682,58.129249121742866,64.43437528857113,71.94244604316548,82.6330532212885,35.49317738791423,45.85410784725977,0.0,33.557874996915636,39.57349867305479,33.08013390965336,40.32651072124756,46.500787413990544,56.70426065162907,26.455026455026456,37.943361889759245,31.70318959792644,61.94656633603162,43.51438507570106,39.03022396173081,19.49317738791423,61.159844054580894,9999.0,31.067251461988302,65.18311587991916,29.32551319648094,66.33662872726003,29.3356970729536,35.06950137545317,30.31568821042505,28.389974540939143,27.120942452750235,29.32551319648094,30.395136778115504,31.48358506177514,30.530704981733216,43.54130370069769,27.932960893854748,23.809523809523807,80.01629422718808,9999.0,41.84100418410041,9999.0,36.6164650591471
freedom_security_tradeoff_perception|WVS_H,46.591118239423665,54.08920809559027,54.7810465775507,9999.0,25.899017135628625,26.246719160104984,32.86169009020442,39.8683243094891,47.27170327534919,45.55582999699478,53.91608018767327,30.92810401709584,58.476313383487025,54.6448087431694,76.99668676392561,82.23402141328947,30.064697609001406,40.95445442787728,33.557874996915636,0.0,34.14501889414197,25.77319587628866,34.89803094233474,38.57370292669137,56.30522884363003,30.48505885694886,32.51488211084643,26.274709819013616,57.046912916649134,35.587300588401874,20.080321285140563,14.064697609001406,55.73136427566807,9999.0,25.63877168307548,65.53018014166332,23.752969121140143,58.409544239960866,23.907217294040777,29.641021596540348,24.887208431512228,22.96149476202632,19.193857965451055,25.801786810879342,31.152647975077883,26.055105282862318,25.102225202820392,35.61421921339851,23.03330747447226,23.410492001524773,75.1166408078056,9999.0,45.51123848950455,9999.0,31.187985280234283
gender_role_traditionalism|WVS_D,51.81347150259067,59.62732919254658,63.29527496207621,9999.0,31.914640811767782,33.3781936255661,38.877313766343576,45.4064454064454,23.923444976076556,51.09395109395109,39.21568627450981,29.498525073746315,57.0467344401375,60.50911114202253,45.87155963302752,50.25125628140703,36.08032128514056,46.49257552483358,39.57349867305479,34.14501889414197,0.0,33.667277806879696,27.247956403269754,47.08793131121688,51.209755157123574,14.367816091954024,35.587188612099645,31.645569620253163,62.585034013605444,44.10152897292738,33.535718467225315,20.080321285140563,58.8235294117647,9999.0,21.645021645021647,52.35602094240838,33.30752206314425,66.92377262448638,29.922840970179934,35.656645272679505,30.902832107651385,28.977118438165476,27.70808634997657,25.188916876574307,31.25,32.07072895900147,31.11784887895955,44.12844759792402,28.57142857142857,18.315018315018314,80.6547619047619,9999.0,39.682539682539684,9999.0,37.203608956373444
immigrant_origin_status|WVS_G,22.42152466367713,51.68704328480269,39.52569169960474,9999.0,15.847860538827257,15.797788309636653,30.211480362537767,30.769230769230766,40.438952734813796,43.1536651862072,32.362459546925564,30.450362929833567,51.95247833284643,49.01960784313725,75.4348295331902,79.6135502017855,19.841269841269842,38.5522896170897,33.08013390965336,25.77319587628866,33.667277806879696,0.0,34.42028985507246,31.649783611547058,53.68475763212605,30.007317769686587,32.03714102358415,23.094688221709006,51.33243865030675,25.06265664160401,14.245014245014245,13.58695652173913,55.2536231884058,9999.0,25.1610305958132,65.05243905440103,25.376098545457467,51.485624924816555,20.980740044034974,24.691358024691358,22.123893805309734,22.483753674764042,12.269938650306749,25.324045723617065,29.783073501445102,25.57736419560004,24.624484115558115,20.408163265306122,20.631142663684678,20.79002079002079,72.71447599701801,9999.0,38.02281368821293,9999.0,25.893916851941626
importance_of_life_domains|WVS_A,55.85835867214194,60.857843819922195,64.04828701026898,9999.0,32.667652859960555,34.13120567375886,39.63032581453634,46.63696003382101,51.17140137934631,52.3244657213267,61.34969325153375,35.842293906810035,63.39050327320122,65.77453123399023,73.11951603629728,77.49921268467679,36.83333333333333,47.723090152209195,40.32651072124756,34.89803094233474,27.247956403269754,34.42028985507246,0.0,47.84094335940964,63.073864567961955,28.248587570621467,39.28351783517835,33.04334554334554,63.815548640981056,44.854541021120156,38.91050583657587,20.833333333333332,62.5,9999.0,32.407407407407405,70.4443700313775,34.48275862068965,67.67678467267913,30.675853018372703,36.40965732087227,31.655844155844157,29.73013048635824,28.461098398169334,32.570422535211264,37.45318352059925,32.82374100719424,31.870860927152314,44.88145964611679,29.80194319880418,30.179127725856695,81.88527653213751,9999.0,52.27987421383648,9999.0,37.95662100456621
institutional_threat_perception|WVS_H,46.777105235212915,58.79694959573625,54.967033573339954,9999.0,31.710301188120702,29.862025254741358,38.64766769727113,31.948881789137378,47.54885904574735,50.26357149714076,54.10206718346253,43.87101643417075,59.06238464377999,56.69327779706121,89.93959918100052,95.17693383036439,31.926896404151226,45.66219592802325,46.500787413990544,38.57370292669137,47.08793131121688,31.649783611547058,47.84094335940964,0.0,63.432708397363655,43.42797127402377,41.60206718346253,39.21762223608852,58.44234496124031,35.773287584191124,31.57496691245982,27.007610026076314,68.67427669274298,9999.0,35.45701537924674,78.47309255873822,32.48600485639103,58.595531235750116,28.090646354968534,42.583934013615256,25.38071065989848,35.90440717910123,19.37984496124031,36.74095607235142,36.89297981237866,38.01854126649902,37.49578699022582,35.80020620918776,27.741048974618238,36.35340441859968,79.82438230795157,9999.0,58.45415090657946,9999.0,33.003823162875186
international_organization_knowledge|WVS_E,71.45012371009595,75.99818511796732,79.640052048223,9999.0,54.074850761255846,54.53504372962439,61.03752371583163,62.11233483960757,70.75785091021837,68.60547183127828,65.15280135823429,41.32231404958678,68.87052341597797,75.08882966910949,87.53954558527465,91.71826625386996,56.59991487903426,64.00409626216077,56.70426065162907,56.30522884363003,51.209755157123574,53.68475763212605,63.073864567961955,63.432708397363655,0.0,50.16589400963548,60.217141213689956,51.54639175257732,80.09655475093263,60.44630605907416,48.11543699431226,42.24053123462863,83.90719790129529,9999.0,47.61904761904761,75.92439017415425,47.8872405902312,83.26854971063315,47.39336492890995,57.81685522216757,53.06304205713945,42.73504273504273,44.052863436123346,42.016806722689076,48.94610120807637,54.230938908489534,43.29004329004329,60.4732246840708,46.08294930875576,32.89473684210526,96.87786960514234,9999.0,62.463963098212574,9999.0,56.801062920760046
job_scarcity_gender_discrimination|WVS_C,51.445386586756065,53.68033501025828,59.635314924883104,9999.0,28.254680774574673,29.718233588372986,35.21735372915046,39.45945122415711,31.948881789137378,45.14695691166279,41.84100418410041,28.08988764044944,55.638097006840624,59.465249994534446,46.51162790697675,60.24096385542168,32.420361247947454,40.54558134254529,26.455026455026456,30.48505885694886,14.367816091954024,30.007317769686587,28.248587570621467,43.42797127402377,50.16589400963548,0.0,34.87054574979247,28.630373457959664,56.638039831317144,40.44156893573428,32.49185731973723,16.420361247947454,58.08702791461412,9999.0,22.72727272727273,52.35602094240838,30.395136778115504,63.263812587293266,26.262880932986825,31.996685235486396,27.242872070458276,25.317158400972367,24.04812631278346,21.05263157894737,26.954177897574123,28.410768921808366,27.45788884176644,40.468487560730914,22.62443438914027,17.271157167530223,74.7077677224736,9999.0,34.84320557491289,9999.0,33.34254800114456
job_scarcity_nativist_preference|WVS_C,49.61948249619483,53.477425284795146,57.809410834321866,9999.0,30.284504028472238,31.74805684227055,37.24717698304803,39.25654149869396,50.39123630672927,44.944047186199654,55.24861878453038,35.31359090993945,61.904761904761905,59.53565505804312,81.38217365676923,85.83844489350668,34.450184501845015,40.342671617082146,37.943361889759245,32.51488211084643,35.587188612099645,32.03714102358415,39.28351783517835,41.60206718346253,60.217141213689956,34.87054574979247,0.0,30.66019671185723,56.435130105854,38.61566484517304,33.333333333333336,18.45018450184502,60.11685116851169,9999.0,29.850746268656714,69.91566703450692,30.581039755351682,61.43790849673203,28.29270418688439,34.02650848938396,29.272695324355844,27.34698165486993,22.22222222222222,30.18727370372295,32.89473684210526,30.44059217570593,29.487712095664,38.642583470169676,22.42152466367713,27.3224043715847,74.50485799701046,9999.0,49.896725382348166,9999.0,33.13963827568142
life_autonomy_morality_permissiveness|WVS_F,44.44444444444444,44.28341384863124,55.42496588694786,9999.0,19.801980198019802,25.188916876574307,31.00700469121522,30.06253006253006,42.30387992070236,35.75003575003575,46.51162790697675,29.073418618106643,56.62162798449783,57.15121011066911,73.9498280481887,78.12854871678401,28.21001221001221,31.148660180918245,31.70318959792644,26.274709819013616,31.645569620253163,23.094688221709006,33.04334554334554,39.21762223608852,51.54639175257732,28.630373457959664,30.66019671185723,0.0,47.2411186696901,36.231219897799036,20.964360587002098,12.21001221001221,53.876678876678874,9999.0,20.618556701030926,63.67549474267412,19.49317738791423,59.05346354935802,18.93939393939394,27.78633619755115,23.03252303252303,21.106809363037122,19.837777274848214,22.22222222222222,20.920502092050206,23.50500551939401,22.271714922048996,32.467532467532465,13.227513227513228,19.305019305019304,65.31084656084656,9999.0,43.65655309051535,9999.0,23.58490566037736
multilevel_place_attachment|WVS_G,66.4597602739726,65.06950606329488,74.64968861209965,9999.0,50.19483521563966,49.544680293501045,58.33032273603082,50.84862227719371,66.6545292713517,56.536127964699396,73.78472222222223,59.84562171574216,78.74503968253968,76.37593283582089,103.14966773829389,111.15153911193579,51.60955144291091,51.934752395581896,61.94656633603162,57.046912916649134,62.585034013605444,51.33243865030675,63.815548640981056,58.44234496124031,80.09655475093263,56.638039831317144,56.435130105854,47.2411186696901,0.0,55.455942622950815,51.25762195121951,42.98221530764773,84.64888197431439,9999.0,49.02862045719189,94.44769784030964,47.31147778260241,78.2781862745098,43.29004329004329,57.16175359032502,43.944092036019974,45.574299083795374,39.0625,45.861946674404365,48.29931972789116,44.29109773405766,45.494661699352534,55.482861247947454,34.013605442176875,52.328009700171094,86.09693877551021,9999.0,74.42875618815087,9999.0,44.73171905418116
neighborhood_disorder_and_crime|WVS_H,43.79070289692342,55.81054725744676,51.98063123505047,9999.0,28.723898849831212,25.906735751295336,35.661265358981645,28.73563218390805,44.56245670745786,47.277169158851265,51.11566484517304,40.88461409588126,48.78048780487805,53.70687545877172,86.95319684271102,92.19053149207488,28.940494065861735,42.67579358973376,43.51438507570106,35.587300588401874,44.10152897292738,25.06265664160401,44.854541021120156,35.773287584191124,60.44630605907416,40.44156893573428,38.61566484517304,36.231219897799036,55.455942622950815,0.0,28.58856457417033,24.02120768778682,65.68787435445348,9999.0,32.47061304095725,73.52941176470588,29.49960251810154,55.60912889746062,25.10424401667904,39.59753167532577,21.27659574468085,32.91800484081173,16.39344262295082,33.75455373406193,33.906577474089175,35.03213892820953,34.50938465193633,32.81380387089827,24.754646636328744,33.367002080310186,76.83797996966209,9999.0,42.016806722689076,9999.0,30.017420824585695
offline_political_participation|WVS_E,36.66653890869137,51.612226585715455,47.78231056331916,9999.0,18.148820326678766,17.513134851138354,25.38071065989848,36.746734091866834,40.36413603572656,43.07884848711996,46.60747379193981,24.752475247524753,51.877661633759196,49.50855478704041,69.86550889537641,74.04422956397171,21.691973969631235,38.47747291800246,39.03022396173081,20.080321285140563,33.535718467225315,14.245014245014245,38.91050583657587,31.57496691245982,48.11543699431226,32.49185731973723,33.333333333333336,20.964360587002098,51.25762195121951,28.58856457417033,0.0,19.822887016055518,61.48955368272218,9999.0,21.321961620469086,59.35455137209223,25.30128184637023,51.41080822572932,17.699115044247787,24.213075060532685,17.699115044247787,15.948963317384369,12.195121951219512,23.255813953488374,29.708256802357866,23.148148148148145,24.630541871921185,28.615483199166967,20.55632596459744,15.220700152207003,72.63965929793078,9999.0,45.894124296150544,9999.0,25.81910015285439
online_political_participation|WVS_E,35.02502533880861,40.024510486588866,43.21495367693565,9999.0,11.834319526627219,13.297872340425531,18.79699248120301,25.803626700487683,33.20700566634778,31.491132387993375,41.6038589086524,16.863406408094434,44.41161577448562,44.9411979006569,62.9319891549242,68.16932380428807,16.0,26.889756818875867,19.49317738791423,14.064697609001406,20.080321285140563,13.58695652173913,20.833333333333332,27.007610026076314,42.24053123462863,16.420361247947454,18.45018450184502,12.21001221001221,42.98221530764773,24.02120768778682,19.822887016055518,0.0,41.666666666666664,9999.0,11.574074074074073,51.46548253266191,20.733924959986723,46.84345133934581,9.84251968503937,15.576323987538942,10.822510822510823,8.896797153024911,7.627765064836003,11.737089201877934,23.254324151185138,11.990407673860911,11.037527593818984,24.04812631278346,8.968609865470851,9.345794392523365,61.05194319880419,9999.0,31.446540880503143,9999.0,17.123287671232877
outgroup_trust|WVS_G,76.69169200547528,81.69117715325552,84.88162034360232,9999.0,53.50098619329388,54.9645390070922,60.46365914786968,67.47029336715435,74.87367233301444,73.15779905466005,83.27052557531906,58.5300730747611,86.07828244115228,86.60786456732356,104.59865582159087,109.07478569317173,57.666666666666664,68.55642348554254,61.159844054580894,55.73136427566807,58.8235294117647,55.2536231884058,62.5,68.67427669274298,83.90719790129529,58.08702791461412,60.11685116851169,53.876678876678874,84.64888197431439,65.68787435445348,61.48955368272218,41.666666666666664,0.0,9999.0,53.24074074074073,93.13214919932858,62.40059162665339,88.51011800601248,51.509186351706035,57.242990654205606,52.489177489177486,50.56346381969158,49.29443173150267,53.4037558685446,64.9209908178518,53.65707434052757,52.70419426048565,65.71479297945012,50.63527653213752,51.01246105919003,102.71860986547085,9999.0,73.11320754716981,9999.0,58.789954337899545
perceived_corruption|WVS_E,9999.0,9999.0,9999.0,9999.0,9999.0,9999.0,9999.0,9999.0,9999.0,9999.0,9999.0,9999.0,9999.0,9999.0,9999.0,9999.0,9999.0,9999.0,9999.0,9999.0,9999.0,9999.0,9999.0,9999.0,9999.0,9999.0,9999.0,9999.0,9999.0,9999.0,9999.0,9999.0,9999.0,0.0,9999.0,9999.0,9999.0,9999.0,9999.0,9999.0,9999.0,9999.0,9999.0,9999.0,9999.0,9999.0,9999.0,9999.0,9999.0,9999.0,9999.0,9999.0,9999.0,9999.0,9999.0
perceived_negative_effects_of_immigration|WVS_G,43.47443069197904,46.07091563613302,51.66435903010608,9999.0,23.40839360070129,24.871946414499604,30.371066555277082,31.850031850031847,44.24618450251347,37.53753753753753,38.314176245210724,28.437480482168507,55.759710100546116,53.39060325382733,67.51658127804917,71.89627792642868,27.574074074074073,32.93616196842003,31.067251461988302,25.63877168307548,21.645021645021647,25.1610305958132,32.407407407407405,35.45701537924674,47.61904761904761,22.72727272727273,29.850746268656714,20.618556701030926,49.02862045719189,32.47061304095725,21.321961620469086,11.574074074074073,53.24074074074073,9999.0,0.0,63.039556606735985,19.801980198019802,55.29285669251624,21.416593759113443,27.150398061613014,22.396584896584898,20.470871227098982,16.077170418006432,19.193857965451055,20.491803278688522,21.05263157894737,21.231422505307854,32.497531665953886,15.015015015015013,16.5016501650165,67.09834834834835,9999.0,43.02061495457721,9999.0,25.7331286270193
perceived_positive_effects_of_immigration|WVS_G,86.49050787147053,91.48999301925078,94.68043620959756,9999.0,63.29980205928913,64.76335487308744,70.26247501386491,55.392096914588265,76.27946591848493,82.95661492065528,83.04137041415929,34.602076124567475,62.15028549095866,92.97739872503448,88.65613017862154,102.6072772238154,67.46548253266191,78.35523935153778,65.18311587991916,65.53018014166332,52.35602094240838,65.05243905440103,70.4443700313775,78.47309255873822,75.92439017415425,52.35602094240838,69.91566703450692,63.67549474267412,94.44769784030964,73.52941176470588,59.35455137209223,51.46548253266191,93.13214919932858,9999.0,63.039556606735985,0.0,59.1118800461361,78.84986373518694,61.30800221770128,67.04180652020085,62.28799335517273,60.36227968568682,59.093247597497914,63.202571734539845,62.37985390234525,63.455890206522824,62.503010126480895,75.51360884544536,60.43409239813276,50.78330589803026,90.15763168012303,9999.0,55.74372517319327,9999.0,62.691963765016915
political_information_sources|WVS_E,40.50342016912332,44.35377296154354,48.69334850725036,9999.0,21.551724137931036,23.58834018865177,32.05128205128205,30.132889175442365,37.46885833673859,35.82039486294805,47.250568264254966,24.509803921568626,52.05801328795981,50.419592730971615,69.63731249129533,73.81603315989064,25.653211338061638,31.21901929383055,29.32551319648094,23.752969121140143,33.30752206314425,25.376098545457467,34.48275862068965,32.48600485639103,47.8872405902312,30.395136778115504,30.581039755351682,19.49317738791423,47.31147778260241,29.49960251810154,25.30128184637023,20.733924959986723,62.40059162665339,9999.0,19.801980198019802,59.1118800461361,0.0,52.321846169660525,14.104372355430183,27.932960893854748,17.421602787456447,14.903129657228016,13.10615989515072,16.181229773462782,27.583586626139816,18.69158878504673,16.611295681063122,29.526521143098172,13.297872340425531,14.992503748125937,65.38120567375887,9999.0,35.2112676056338,9999.0,24.01598595242982
postmaterialist_values|WVS_E,66.61294654848241,78.63279090900575,74.80287488660946,9999.0,51.5461425013902,49.69786656801085,58.48350901054063,60.24096385542168,67.38470035901685,70.09941281041026,73.93790849673204,44.24778761061947,71.79599697701065,76.5291191103307,98.30184166467353,115.01277514363389,51.76273771742072,65.49803724129275,66.33662872726003,58.409544239960866,66.92377262448638,51.485624924816555,67.67678467267913,58.595531235750116,83.26854971063315,63.263812587293266,61.43790849673203,59.05346354935802,78.2781862745098,55.60912889746062,51.41080822572932,46.84345133934581,88.51011800601248,9999.0,55.29285669251624,78.84986373518694,52.321846169660525,0.0,47.92648766823803,62.41977532688475,55.24861878453038,55.740248492370725,39.21568627450981,56.57679738562092,56.72882112564816,57.85438257976852,57.331628303495314,55.63604752245726,47.576890287887736,56.18924573186918,99.66022362122106,9999.0,65.38943665924526,9999.0,52.839664476144684
precautionary_security_behaviors|WVS_H,36.10806166770083,40.0,44.29799000582787,9999.0,18.587360594795538,15.06024096385542,26.315789473684212,19.047619047619047,23.364485981308412,31.645569620253163,43.43302361595045,26.705926093133804,48.39334107626791,46.02423422954912,72.77450883996357,78.01184348932745,21.257852836639138,29.498525073746315,29.3356970729536,23.907217294040777,29.922840970179934,20.980740044034974,30.675853018372703,28.090646354968534,47.39336492890995,26.262880932986825,28.29270418688439,18.93939393939394,43.29004329004329,25.10424401667904,17.699115044247787,9.84251968503937,51.509186351706035,9999.0,21.416593759113443,61.30800221770128,14.104372355430183,47.92648766823803,0.0,24.390243902439025,10.741138560687432,12.547051442910917,8.710801393728223,17.57469244288225,17.953321364452425,14.450867052023122,17.543859649122805,25.13116264167568,17.07200540710615,19.188314077562737,63.69426751592357,9999.0,41.28906056554251,9999.0,17.33102253032929
