construct,acceptance_of_state_surveillance|WVS_H,authoritarian_governance_tolerance|WVS_E,autocracy_support|WVS_E,basic_needs_deprivation|WVS_H,child_qualities_autonomy_self_expression|WVS_A,child_qualities_conformity_tradition|WVS_A,child_qualities_prosocial_diligence|WVS_A,civic_dishonesty_tolerance|WVS_F,confidence_in_civil_society_organizations|WVS_E,confidence_in_domestic_institutions|WVS_E,confidence_in_international_organizations|WVS_E,crime_victimization|WVS_H,democratic_system_evaluation|WVS_E,democratic_values_importance|WVS_E,economic_ideology|WVS_E,electoral_integrity|WVS_E,existential_threat_worry|WVS_H,familial_duty_obligations|WVS_D,female_income_threat_to_marriage|WVS_D,freedom_security_tradeoff_perception|WVS_H,gender_role_traditionalism|WVS_D,immigrant_origin_status|WVS_G,importance_of_life_domains|WVS_A,institutional_threat_perception|WVS_H,international_organization_knowledge|WVS_E,job_scarcity_gender_discrimination|WVS_C,job_scarcity_nativist_preference|WVS_C,life_autonomy_morality_permissiveness|WVS_F,multilevel_place_attachment|WVS_G,neighborhood_disorder_and_crime|WVS_H,offline_political_participation|WVS_E,online_political_participation|WVS_E,outgroup_trust|WVS_G,perceived_corruption|WVS_E,perceived_negative_effects_of_immigration|WVS_G,perceived_positive_effects_of_immigration|WVS_G,political_information_sources|WVS_E,postmaterialist_values|WVS_E,precautionary_security_behaviors|WVS_H,religion_versus_secularism_orientation|WVS_F,religious_belief|WVS_F,religious_exclusivism|WVS_F,religious_practice_and_self_identification|WVS_F,science_skepticism|WVS_I,science_technology_optimism|WVS_E,sexual_and_reproductive_morality_permissiveness|WVS_F,social_intolerance_outgroups|WVS_A,societal_change_attitudes|WVS_E,socioeconomic_insecurity_worry|WVS_H,subjective_wellbeing|WVS_A,violence_tolerance|WVS_F,voluntary_association_active_membership|WVS_A,voluntary_association_belonging|WVS_A,voting_participation|WVS_E,work_ethic|WVS_C
acceptance_of_state_surveillance|WVS_H,0.0,20.035917349739023,10.747504366467425,9940.169509420437,114.16771388270638,932.3519752365803,21.665401164262207,131.4582141780902,362.18036420503245,89.07204961599261,3.765792640774677,9970.972587729837,199.0990990990991,23.208450206008486,17.758523115352347,237.43813566364798,9957.823007493325,10.324613205225582,102.9394300424844,9936.817683253077,42.570808765886824,251.30974674514,18.27286177305453,0.0,0.0,3.5230850561854936,0.0,143.9554808466583,916.2498200401645,9957.241694759992,0.0,0.0,43.44397246401515,0.0,0.0,3.437998668420967,4.191512361823072,62.01501722016823,9955.700679230758,17.5051607810856,16.008728112001663,0.0,149.68309373048956,15.84038050006997,11.849007862785612,177.23113221797564,0.0,74.52159844297498,9967.063447562308,35.35921336039608,52.26838346427072,0.0,0.0,19.62624914583823,14.149948941084574
authoritarian_governance_tolerance|WVS_E,20.035917349739023,0.0,9970.24779192027,186.1633069240464,74.81755105733019,88.97680334926069,67.61654793150856,19.3295534914976,9907.614061380074,9927.231627296587,9929.786891149726,965.0459129911185,9898.355814125582,9959.512980431902,9911.287749745568,9949.219048013196,22.513144554735575,366.76020965063424,53.11935023190501,79.85137779658326,23.53643369642819,0.0,572.8409127068498,0.0,9958.69640392889,1.1594017231644997,0.0,0.0,307.7637640639208,27.06131427177199,0.0,9969.013861709067,40.98601930925327,9964.45611961952,184.66032635553182,350.2453426357249,9957.604867668573,9932.196250494753,35.39970639263312,0.0,6.18088369719527,0.0,0.0,53.843226788432275,9959.784162953338,0.0,0.0,9948.359825877627,0.0,431.7959062558693,0.0,64.49207852770954,55.461069747281655,9973.168787611801,96.13830078786216
autocracy_support|WVS_E,10.747504366467425,9970.24779192027,0.0,125.12147066427737,9.594386054828924,61.64636397194536,55.86934816716587,3.830489231050322,9919.952731815925,9936.390350877193,9940.023535851122,975.4326481599209,9908.592458826979,9968.671704012506,9920.851746303157,9959.605783181998,10.359098705248325,88.6854063578982,87.3944564717632,27.045423873416027,25.95480970999094,0.0,103.15518410753637,0.0,9967.855127509496,8.072729200084936,0.0,0.0,177.4375536417288,17.264077499604255,0.0,9979.40059687787,5.230488285013024,9973.614843200125,180.54029169841547,960.6320778045274,9969.943538104424,9941.475503339345,18.367953782761987,0.0,0.0,0.0,0.0,13.112186602818102,9970.17089812214,0.0,0.0,9957.63907872222,0.0,287.0102276315682,0.0,13.138692115964844,47.81895876223791,9983.555522780603,7.9480456635563215
basic_needs_deprivation|WVS_H,9940.169509420437,186.1633069240464,125.12147066427737,0.0,338.56777301121394,250.45179959585582,237.608916981828,69.41150788540484,804.786003500818,185.52558364849466,111.44639824050438,9953.890788224122,10.893836769770786,59.07677805364949,898.6720232116951,40.51884359569131,9951.57729948922,937.3005550613082,17.84592991942074,9930.92325473879,54.97734678512883,0.0,935.0479247841905,0.0,127.89182778603819,43.21807217245703,170.4939610799703,24.09159123904783,110.42308661356282,9952.535178444175,0.0,52.458969024503,129.61011076953105,215.24256846391933,46.084120762819154,73.41748569818745,81.7401854881101,45.200211090949836,9930.582551633428,32.01889553210393,956.3508587374988,74.77366793968244,470.69969278512406,368.43119124672523,38.9002659397685,20.939258710780607,133.2914756382596,13.736427128959747,9954.746934032148,50.21971123666039,47.34725725956543,215.58638215191613,51.77739356551293,0.0,31.25701459034792
child_qualities_autonomy_self_expression|WVS_A,114.16771388270638,74.81755105733019,9.594386054828924,338.56777301121394,0.0,9910.955751184561,9906.56827575356,28.997906284176253,75.12947506072753,58.09932150519377,43.99079102584159,955.5456171735242,0.0,2.186894460152537,318.63138198342693,184.621191219992,102.92881512369588,30.52129804188496,262.2667082946138,247.71594684385383,162.39492429968618,0.0,9940.379462579793,0.0,65.9620647315412,92.5594867968329,125.88687426093813,0.0,913.6480836309419,949.0678677692462,0.0,1.431199460798716,168.4321841584518,218.53526056898443,97.98497248515997,119.11029236747348,0.0,185.06851945184437,239.33475820904414,18.527824951767002,2.5620057781862258,14.67022306169266,7.858298249900066,6.023619943804505,951.2838671357426,0.0,9950.39898255814,41.9113728552814,30.4681975657835,9921.295610438276,0.0,9950.647649677248,9951.845773466379,964.6684917942072,20.97294696589499
child_qualities_conformity_tradition|WVS_A,932.3519752365803,88.97680334926069,61.64636397194536,250.45179959585582,9910.955751184561,0.0,9892.672742509953,42.882615116309736,872.0896136281006,895.4508363933089,145.40958907438457,31.665386936455086,271.3211693928989,522.3753331924564,503.7061630272433,463.3307481289026,56.10832562086655,155.75574815017913,31.540749455265484,272.6427575919694,38.99555010456467,23.456758405970277,9925.230390600334,0.0,928.0154267371493,15.824032101434447,93.90002324570712,0.0,649.9352932394564,198.49347836517043,0.0,15.070006269218148,904.2583216891462,84.82963019863142,120.96226216147402,313.1380085121707,218.94339131001237,107.46505307645594,375.7008377447362,0.0,224.69536315138052,16.410286300127183,0.0,97.71788279112397,65.50387596899226,0.0,9940.07901975494,39.45427471641659,51.465873987293826,9888.923807438809,3.3062716903961658,9942.222292059501,9943.765845497619,127.80336354450145,98.79074750769452
child_qualities_prosocial_diligence|WVS_A,21.665401164262207,67.61654793150856,55.86934816716587,237.608916981828,9906.56827575356,9892.672742509953,0.0,258.10898032472033,864.6955971522548,892.3611111111111,40.89984332249841,921.2534278108049,140.2630945495324,400.83294043690086,876.4172335600907,341.2091715285346,110.25704751458369,263.44391494651114,82.93337306331136,300.92375748113454,24.123073972016556,95.36820192557897,9903.048427526537,0.0,19.063982981508744,0.0,1.6575483051660882,26.745940135239806,788.4468033591315,36.273636461275046,0.0,122.29980790130259,268.80041634139997,20.49469434313417,83.08663932621978,162.86311386566774,67.60054070674674,50.54302422723475,46.065986743952834,1.0193982744497418,181.76161789010104,0.0,0.0,254.09836065573768,23.902821316614407,57.69851052237436,9931.308522114346,11.882304003254418,0.0,9887.003421075555,153.09989675404802,9920.13442113442,9918.69196919692,233.40660546179095,739.7549640895649
civic_dishonesty_tolerance|WVS_F,131.4582141780902,19.3295534914976,3.830489231050322,69.41150788540484,28.997906284176253,42.882615116309736,258.10898032472033,0.0,88.60895085624959,198.5181394838795,427.8648289303355,7.840707709597012,902.5687061941953,35.15608802056458,919.1720865545875,75.57318225695843,9.178445864602338,26.712066836505556,12.225182213237666,53.43341909178206,29.53999984952563,0.0,35.00584073777276,0.0,237.49042362368942,19.52621632343019,24.62312823830186,9981.09165458194,84.70160871492294,113.33406253648518,0.0,0.0,34.500839040171385,24.996171060350925,13.261694296177055,19.101731055350157,6.576261510726212,51.47754651462729,667.8806697598392,9980.090387446426,9975.850922080392,9979.331202546942,9967.005941402427,6.986810145173131,20.03763012614725,9981.61579264191,26.74588867968771,34.23649047185209,8.505061891168346,939.5029816761022,9981.377235132371,150.75633179081458,51.43708676989302,5.572545496489386,400.9826534831217
confidence_in_civil_society_organizations|WVS_E,362.18036420503245,9907.614061380074,9919.952731815925,804.786003500818,75.12947506072753,872.0896136281006,864.6955971522548,88.60895085624959,0.0,9867.167819374477,9866.784779091204,912.6729385722191,9844.41206834235,9906.375701958636,9858.092036715456,9896.846073594297,329.983101082669,117.9510324621462,316.4865922435284,801.4341773334578,308.6072368320988,0.0,171.783595293602,0.0,9898.632596006779,215.12798466611613,389.7131464263805,0.7517622231228813,870.7754050296369,906.1951891679412,0.0,9922.68627402555,443.0198230174642,9904.39231169741,281.4303817696567,403.80555831978364,9914.762618369035,9878.037946113698,521.4383176222793,65.93787383917666,22.03403013599575,43.70794283126712,80.34082897430997,47.00800441433532,9907.411188534437,5.869076136109328,908.5263039568346,9890.511812533547,91.60554402713511,106.6956591096972,0.0,911.7815121207872,71.70979464007608,9920.795813192903,86.35714909853493
confidence_in_domestic_institutions|WVS_E,89.07204961599261,9927.231627296587,9936.390350877193,185.52558364849466,58.09932150519377,895.4508363933089,892.3611111111111,198.5181394838795,9867.167819374477,0.0,9891.36952734434,11.682171772157517,9863.319651158248,9927.114686468647,9878.889455782313,9908.898785055104,591.7166911204537,576.4399466925429,105.35130182798936,673.626748934126,917.7051863041289,85.03780164952653,621.8063640344728,0.0,9926.298109965635,552.2127329192547,16.755834047971724,5.492887632187291,359.01859268092096,11.186087161669448,0.0,9928.693598750975,331.7964480874317,9932.057825656266,43.649614605725816,114.00671233069477,9916.226609082814,9894.285087719298,80.95840167669036,20.782347313714553,0.0,0.0,0.0,162.3324876398647,9925.364942528735,30.7423004174301,19.814357781947734,9905.041512231282,0.0,108.86694764560397,13.090054234362952,181.01689976689977,256.4975247524752,9932.84852465371,8.90375396855275
confidence_in_international_organizations|WVS_E,3.765792640774677,9929.786891149726,9940.023535851122,111.44639824050438,43.99079102584159,145.40958907438457,40.89984332249841,427.8648289303355,9866.784779091204,9891.36952734434,0.0,289.2263904878356,9901.26371266408,9928.796280721428,9875.425649793322,9908.51574477183,73.00639733284459,90.80592919073707,11.281191925144753,358.5583939655375,1.8759458046996684,939.7272251343687,94.30042535040101,0.0,9923.506387921023,0.0,0.0,209.8516171250249,596.7307904928854,11.81353767560664,0.0,9943.05958124917,911.6659754317734,9937.347142950557,61.30344849303725,59.31400067853974,9927.885347242345,9919.712349980642,17.05927624094295,21.40130715555243,141.20650086560158,7.345942438681384,0.0,44.38222694386654,9932.611053100167,369.5442663426238,0.0,9940.060408882919,12.329523947482556,14.54939313796092,152.25125358227672,438.8785337061199,13.951498908942654,9932.465484370436,24.077105812991576
crime_victimization|WVS_H,9970.972587729837,965.0459129911185,975.4326481599209,9953.890788224122,955.5456171735242,31.665386936455086,921.2534278108049,7.840707709597012,912.6729385722191,11.682171772157517,289.2263904878356,0.0,0.0,0.0,0.0,2.0229518718944632,9968.555143651529,8.103633370708785,0.0,9947.901098901099,14.074603594747373,0.0,16.612424413388048,0.0,3.670343495569753,20.042713223084576,8.39467713966511,7.059463891386503,27.327170184313033,9969.154361730025,0.0,0.0,362.8959607220477,36.024216430033306,0.0,0.0,47.201813750642735,14.96085613732673,9959.775995692538,18.38449479645493,27.67652898676552,43.92307732609196,11.550617984476844,9.375292076455452,61.12286534683392,0.0,0.0,0.0,9971.724778194457,86.2392472561964,1.5307529132413933,0.0,2.8275180618093465,0.0,0.0
democratic_system_evaluation|WVS_E,199.0990990990991,9898.355814125582,9908.592458826979,10.893836769770786,0.0,271.3211693928989,140.2630945495324,902.5687061941953,9844.41206834235,9863.319651158248,9901.26371266408,0.0,0.0,9897.365203697285,9861.009897221165,9880.465868585738,111.01976475314598,88.54367337657828,0.0,875.9630632339896,4.219495633127579,437.9931384219595,137.64808340982154,0.0,9914.682013671963,0.0,502.080365955284,224.03147066866123,132.17297779885538,361.25723600633273,0.0,9920.7257943168,887.9879879879879,9909.297266764463,386.6448866448867,901.8450786110353,9913.349249792287,9891.66247379455,242.0938669956911,122.80619795087847,0.0,916.4029844915817,342.1321413666616,34.564833162833835,9904.561176914072,268.0695153905434,156.55947951277267,9912.010532696824,391.02567950742093,0.0,8.680008455927492,909.8210324120389,0.0,9904.415608184343,0.0
democratic_values_importance|WVS_E,23.208450206008486,9959.512980431902,9968.671704012506,59.07677805364949,2.186894460152537,522.3753331924564,400.83294043690086,35.15608802056458,9906.375701958636,9927.114686468647,9928.796280721428,0.0,9897.365203697285,0.0,9911.170808917626,9941.180138190419,129.74517069254887,164.1802692412627,24.297950999536255,193.0875892489267,952.6157533380608,2.512100480666838,220.89499267920843,0.0,9958.579463100948,246.97257117257686,1.4496776780481824,0.0,171.51972603601473,0.0,0.0,9964.290163903648,63.69020432352042,9964.339178791579,9.806758420242446,60.35197693351472,9956.366508247134,9926.566440854613,28.872509154435647,0.0,0.0,0.0,0.0,23.676829357369286,9957.64629566405,0.0,1.845881255666896,9943.730714912783,0.0,6.401624532264975,0.0,32.07596641676892,160.50689707045007,9965.129877789024,0.0
economic_ideology|WVS_E,17.758523115352347,9911.287749745568,9920.851746303157,898.6720232116951,318.63138198342693,503.7061630272433,876.4172335600907,919.1720865545875,9858.092036715456,9878.889455782313,9875.425649793322,0.0,9861.009897221165,9911.170808917626,0.0,9899.823002396082,915.9742417947652,174.14079418496667,44.64029684617674,804.4111061352439,356.306763298563,0.0,187.12044577504847,0.0,9914.76000509003,205.3865024270578,0.0,97.40232664804238,873.752333831423,101.47981027741965,0.0,9922.579109062981,91.49359617743693,9916.113948105245,27.253136813615157,125.92061557943686,9910.494282148587,9881.014874915483,116.49015899183328,57.320599742412114,5.217886513130537,0.0,76.19601167988264,540.1614668856048,9910.388117336224,188.67056634140425,8.3324420067881,9893.488741335332,0.0,882.3998606387561,360.0567227906784,0.0,0.0,9923.772741994688,5.503213327509826
electoral_integrity|WVS_E,237.43813566364798,9949.219048013196,9959.605783181998,40.51884359569131,184.621191219992,463.3307481289026,341.2091715285346,75.57318225695843,9896.846073594297,9908.898785055104,9908.51574477183,2.0229518718944632,9880.465868585738,9941.180138190419,9899.823002396082,0.0,58.89494534027348,939.4515342456959,16.80631753023829,237.10453695347957,97.60596207556802,0.0,937.1989039685783,0.0,9940.363561687407,105.64927292738898,955.253635916532,55.48568968949068,76.44079693977272,7.097752481704973,0.0,9958.371852970795,104.63382963376445,9946.123277378038,21.372456016174738,44.86649179219016,9945.904863302634,9919.768911794325,304.1039011881869,52.027017573634595,271.0018379218866,361.98211838843804,87.37995291836286,430.10597995492253,9949.142154215066,25.24231823950126,426.44774582793843,9932.242778214175,957.8979132165348,19.19311320387216,69.29130886860462,136.14633634905255,23.29208052680567,9962.52677887353,8.733276069485214
existential_threat_worry|WVS_H,9957.823007493325,22.513144554735575,10.359098705248325,9951.57729948922,102.92881512369588,56.10832562086655,110.25704751458369,9.178445864602338,329.983101082669,591.7166911204537,73.00639733284459,9968.555143651529,111.01976475314598,129.74517069254887,915.9742417947652,58.89494534027348,0.0,54.95405313419688,1.3029087026058903,9948.22547332186,13.75516287877037,0.0,65.06097341887696,0.0,373.18146775275613,3.032696701418182,16.066975771835352,0.0,86.38776883910563,9962.077394247252,0.0,0.0,63.394091588837796,22.154756297677274,19.719373600849956,39.02726959890923,60.39461934527767,17.220964201137406,9947.884770216499,0.0,30.150252461811892,3.2430183615329113,0.0,21.976796073181617,12.463204934502443,0.0,22.551366179001718,4.3368174795206755,9972.049152615216,174.4003750115181,0.0,132.4611353782634,142.73916231509338,5.273762953063269,80.225655547708
familial_duty_obligations|WVS_D,10.324613205225582,366.76020965063424,88.6854063578982,937.3005550613082,30.52129804188496,155.75574815017913,263.44391494651114,26.712066836505556,117.9510324621462,576.4399466925429,90.80592919073707,8.103633370708785,88.54367337657828,164.1802692412627,174.14079418496667,939.4515342456959,54.95405313419688,0.0,9955.213332826213,410.13920508442425,9945.958735140703,8.273053218272338,19.6351273344115,0.0,1.2107626362373551,955.6012672609337,26.128233742436066,5.408582440685315,912.3808656810361,54.3727404008644,0.0,0.0,348.3532269100466,175.2476153366289,7.939248608151942,28.692116254066498,0.0,509.3950556088238,41.32730009286958,37.803768183503834,150.68402520035045,961.8566133592095,5.410649731230194,7.832679589896934,253.04695221613994,4.994830920071642,30.084206571307313,296.2165538582826,92.9075433224414,29.127030831587817,0.0,2.897141592360718,0.0,83.88320155514472,150.12117723035792
female_income_threat_to_marriage|WVS_D,102.9394300424844,53.11935023190501,87.3944564717632,17.84592991942074,262.2667082946138,31.540749455265484,82.93337306331136,12.225182213237666,316.4865922435284,105.35130182798936,11.281191925144753,0.0,0.0,24.297950999536255,44.64029684617674,16.80631753023829,1.3029087026058903,9955.213332826213,0.0,91.29302175100543,9953.778368480422,4.627490721221854,83.83083241922522,0.0,234.39088038949768,0.0,953.8759034616847,0.0,85.61622847337132,125.39678144077433,0.0,0.0,931.2533670625161,80.79452140362005,6.425843860672337,32.01051160312301,306.95358900821753,0.0,663.1714094337573,0.0,81.012581650083,43.38066910570725,0.0,51.60385860046706,4.89414887401383,0.0,257.9313568473733,0.0,203.92718917907868,57.46721848416763,5.101958467890945,3.4445759210605544,40.61498336049299,0.0,0.0
freedom_security_tradeoff_perception|WVS_H,9936.817683253077,79.85137779658326,27.045423873416027,9930.92325473879,247.71594684385383,272.6427575919694,300.92375748113454,53.43341909178206,801.4341773334578,673.626748934126,358.5583939655375,9947.901098901099,875.9630632339896,193.0875892489267,804.4111061352439,237.10453695347957,9948.22547332186,410.13920508442425,91.29302175100543,0.0,116.84797577733076,0.0,556.6960986168303,0.0,163.13348360838643,53.798673730628074,38.24640578602299,6.783454392076031,323.6702320251833,9941.423349496821,0.0,66.22859818084538,132.0257611241218,63.571691538484004,274.5761183261183,291.2433856885625,311.7724283212573,178.42400117941912,9927.230725466068,9.594518878580729,51.03824825641317,9.670802398392212,21.032077144079715,126.98412698412699,55.750459974428544,9.26895363670625,42.79367997198879,81.58612670857988,9951.395107864786,441.9668816395339,10.60867895545315,244.99458874458878,181.25764759865405,29.966419564947387,922.5853094274147
gender_role_traditionalism|WVS_D,42.570808765886824,23.53643369642819,25.95480970999094,54.97734678512883,162.39492429968618,38.99555010456467,24.123073972016556,29.53999984952563,308.6072368320988,917.7051863041289,1.8759458046996684,14.074603594747373,4.219495633127579,952.6157533380608,356.306763298563,97.60596207556802,13.75516287877037,9945.958735140703,9953.778368480422,116.84797577733076,0.0,36.346784324539634,944.7061048635856,0.0,14.52944006061432,0.0,1.2098435880391136,0.0,263.7437244242571,22.670737460401455,0.0,66.87905386580289,371.78424308721276,9.228689409618013,954.2527912395402,423.18881435051367,67.98388962641994,0.2997416986817001,29.25923031245479,0.0,428.7868106834982,0.0,0.0,952.2591708248672,0.0,0.0,0.0,0.0,3.8941166303181944,48.581727422066365,12.17670159905719,62.70810733285377,248.95584547515534,59.66209177119585,21.0514202349636
immigrant_origin_status|WVS_G,251.30974674514,0.0,0.0,0.0,0.0,23.456758405970277,95.36820192557897,0.0,0.0,85.03780164952653,939.7272251343687,0.0,437.9931384219595,2.512100480666838,0.0,0.0,0.0,8.273053218272338,4.627490721221854,0.0,36.346784324539634,0.0,10.145427066158774,0.0,14.865085339988166,68.91005335079103,0.0,0.0,9941.717851072803,4.111661185132604,0.0,0.0,9958.406713505074,6.574523822445954,9975.95707070707,9968.814814259991,4.143370692199682,0.0,191.21773845308158,0.0,0.0,0.0,3.4843307728039257,0.0,0.0,0.0,0.0,10.847623505621705,0.0,24.358078610062428,0.0,0.2519348597226738,10.927977268983692,0.0,84.88187362271306
importance_of_life_domains|WVS_A,18.27286177305453,572.8409127068498,103.15518410753637,935.0479247841905,9940.379462579793,9925.230390600334,9903.048427526537,35.00584073777276,171.783595293602,621.8063640344728,94.30042535040101,16.612424413388048,137.64808340982154,220.89499267920843,187.12044577504847,937.1989039685783,65.06097341887696,19.6351273344115,83.83083241922522,556.6960986168303,944.7061048635856,10.145427066158774,0.0,0.0,0.6212504030890358,388.1312456794682,33.43680709534368,11.931731013940599,910.1282354039183,56.286776790413384,0.0,0.0,262.7672632995955,141.800689159333,11.072348004547607,34.282213154612705,0.0,373.45258575951357,49.588995584611965,50.453258071664195,183.39642988826768,959.6039830820919,7.1841733498190194,11.516346700808384,382.5466276043714,6.710454611207922,9948.091418813874,281.6486526452043,96.36484833272377,9918.34751883404,1.4143042289649301,9964.922289093021,9966.120412882152,112.6637950823352,166.80794089263412
institutional_threat_perception|WVS_H,0.0,0.0,0.0,0.0,0.0,0.0,0.0,0.0,0.0,0.0,0.0,0.0,0.0,0.0,0.0,0.0,0.0,0.0,0.0,0.0,0.0,0.0,0.0,0.0,0.0,0.0,0.0,0.0,0.0,0.0,0.0,0.0,0.0,0.0,0.0,0.0,0.0,0.0,0.0,0.0,0.0,0.0,0.0,0.0,0.0,0.0,0.0,0.0,0.0,0.0,0.0,0.0,0.0,0.0,0.0
international_organization_knowledge|WVS_E,0.0,9958.69640392889,9967.855127509496,127.89182778603819,65.9620647315412,928.0154267371493,19.063982981508744,237.49042362368942,9898.632596006779,9926.298109965635,9923.506387921023,3.670343495569753,9914.682013671963,9958.579463100948,9914.76000509003,9940.363561687407,373.18146775275613,1.2107626362373551,234.39088038949768,163.13348360838643,14.52944006061432,14.865085339988166,0.6212504030890358,0.0,0.0,0.0,0.0,80.87531370993813,502.52818724039423,0.0,0.0,9971.542943123899,14.621768937421187,9963.522602288567,0.0,1.6818352612711394,9964.166398599386,9925.749864351601,0.0,11.914304287379274,24.25356334259544,0.0,966.7751166596298,3.6427528162740046,9956.829719161038,966.0532308958864,0.0,9937.606102575122,0.0,0.0,39.88874746042448,0.0,0.0,9964.313301286013,53.80260764876149
job_scarcity_gender_discrimination|WVS_C,3.5230850561854936,1.1594017231644997,8.072729200084936,43.21807217245703,92.5594867968329,15.824032101434447,0.0,19.52621632343019,215.12798466611613,552.2127329192547,0.0,20.042713223084576,0.0,246.97257117257686,205.3865024270578,105.64927292738898,3.032696701418182,955.6012672609337,0.0,53.798673730628074,0.0,68.91005335079103,388.1312456794682,0.0,0.0,0.0,9968.395076153578,0.0,333.9549484487506,0.0,0.0,77.56240231256388,240.6268280655099,0.0,70.42220508020074,73.28792910379725,35.53532190402049,0.0,0.0,0.0,106.14089185084885,0.0,0.0,960.9017029450976,0.0,0.0,0.0,0.0,0.0,21.173903827512248,4.781285067269867,49.70561780806251,164.19178418879233,968.3086899453492,9940.273252564375
job_scarcity_nativist_preference|WVS_C,0.0,0.0,0.0,170.4939610799703,125.88687426093813,93.90002324570712,1.6575483051660882,24.62312823830186,389.7131464263805,16.755834047971724,0.0,8.39467713966511,502.080365955284,1.4496776780481824,0.0,955.253635916532,16.066975771835352,26.128233742436066,953.8759034616847,38.24640578602299,1.2098435880391136,0.0,33.43680709534368,0.0,0.0,9968.395076153578,0.0,0.0,382.7284218973266,0.0,0.0,0.0,1.5599122657079292,0.0,0.0,2.8988517125502824,64.3395577751608,4.375766036941691,0.0,0.0,0.0,0.0,0.0,226.0023568163103,0.0,1.825143199409485,0.0,3.165749279869104,0.0,61.83049415920519,8.944513697346643,0.0,0.0,604.2033755151374,9951.076196212776
life_autonomy_morality_permissiveness|WVS_F,143.9554808466583,0.0,0.0,24.09159123904783,0.0,0.0,26.745940135239806,9981.09165458194,0.7517622231228813,5.492887632187291,209.8516171250249,7.059463891386503,224.03147066866123,0.0,97.40232664804238,55.48568968949068,0.0,5.408582440685315,0.0,6.783454392076031,0.0,0.0,11.931731013940599,0.0,80.87531370993813,0.0,0.0,0.0,34.711117545050215,741.3224552278493,0.0,0.0,0.0,0.0,16.80779366701893,12.35519354627288,0.0,7.434442942836142,73.98145934227502,9985.906834436431,9981.667369070397,9985.14764953695,9973.756081634214,0.0,0.0,9987.432239631915,0.0,1.0764316334275108,0.0,215.58969893637908,9987.193682122379,975.6882902044192,46.330858437993896,4.728085149809338,71.30126497529285
multilevel_place_attachment|WVS_G,916.2498200401645,307.7637640639208,177.4375536417288,110.42308661356282,913.6480836309419,649.9352932394564,788.4468033591315,84.70160871492294,870.7754050296369,359.01859268092096,596.7307904928854,27.327170184313033,132.17297779885538,171.51972603601473,873.752333831423,76.44079693977272,86.38776883910563,912.3808656810361,85.61622847337132,323.6702320251833,263.7437244242571,9941.717851072803,910.1282354039183,0.0,502.52818724039423,333.9549484487506,382.7284218973266,34.711117545050215,0.0,59.96124629278634,0.0,45.93754804249929,9908.45390013713,920.052608813377,9930.588287488908,9924.056146860657,290.20456510834526,163.96851349993534,573.3295289198232,45.560744613370275,331.4311693572267,123.59069510679699,688.694983161937,311.46021981517106,92.5630110741343,15.476684859990506,449.5023905464865,78.58590275296237,385.3726991973293,133.87943775352974,44.48436412963796,355.17903119702595,129.9278796238373,0.0,119.43413729128015
neighborhood_disorder_and_crime|WVS_H,9957.241694759992,27.06131427177199,17.264077499604255,9952.535178444175,949.0678677692462,198.49347836517043,36.273636461275046,113.33406253648518,906.1951891679412,11.186087161669448,11.81353767560664,9969.154361730025,361.25723600633273,0.0,101.47981027741965,7.097752481704973,9962.077394247252,54.3727404008644,125.39678144077433,9941.423349496821,22.670737460401455,4.111661185132604,56.286776790413384,0.0,0.0,0.0,0.0,741.3224552278493,59.96124629278634,0.0,0.0,0.0,778.2070176087676,0.0,0.0,0.0,121.92064554294595,134.75996256863888,9949.141922744662,20.595369356614206,46.216032860610376,0.0,0.0,35.25732006801776,63.75442768344662,80.29835071872492,0.0,63.78500890399871,9965.392613091879,174.58463415399052,72.37726654751216,66.99156052604329,84.85037500833684,0.0,7.870281347784868
offline_political_participation|WVS_E,0.0,0.0,0.0,0.0,0.0,0.0,0.0,0.0,0.0,0.0,0.0,0.0,0.0,0.0,0.0,0.0,0.0,0.0,0.0,0.0,0.0,0.0,0.0,0.0,0.0,0.0,0.0,0.0,0.0,0.0,0.0,0.0,0.0,0.0,0.0,0.0,0.0,0.0,0.0,0.0,0.0,0.0,0.0,0.0,0.0,0.0,0.0,0.0,0.0,0.0,0.0,0.0,0.0,0.0,0.0
online_political_participation|WVS_E,0.0,9969.013861709067,9979.40059687787,52.458969024503,1.431199460798716,15.070006269218148,122.29980790130259,0.0,9922.68627402555,9928.693598750975,9943.05958124917,0.0,9920.7257943168,9964.290163903648,9922.579109062981,9958.371852970795,0.0,0.0,0.0,66.22859818084538,66.87905386580289,0.0,0.0,0.0,9971.542943123899,77.56240231256388,0.0,0.0,45.93754804249929,0.0,0.0,0.0,127.04547545970756,9966.895206789,0.0,0.0,9972.677080314048,9940.080080216276,0.0,5.160551372931671,178.2966516177577,981.7769320843091,0.0,0.0,9968.936967910937,0.0,0.0,9957.994015440525,44.806820872137415,0.0,0.0,0.0,0.0,9982.3215925694,1.7081626221241706
outgroup_trust|WVS_G,43.44397246401515,40.98601930925327,5.230488285013024,129.61011076953105,168.4321841584518,904.2583216891462,268.80041634139997,34.500839040171385,443.0198230174642,331.7964480874317,911.6659754317734,362.8959607220477,887.9879879879879,63.69020432352042,91.49359617743693,104.63382963376445,63.394091588837796,348.3532269100466,931.2533670625161,132.0257611241218,371.78424308721276,9958.406713505074,262.7672632995955,0.0,14.621768937421187,240.6268280655099,1.5599122657079292,0.0,9908.45390013713,778.2070176087676,0.0,127.04547545970756,0.0,44.097393009752224,9942.08300395257,9935.550863324319,439.62697175741175,177.739430543572,117.53595575490547,0.0,0.0,0.0,213.28828188189706,182.77075667893138,21.997268478762734,0.0,9.131246478055331,325.85861778339654,0.0724123192782784,162.00386596885326,0.3753168040965136,0.0,0.0,0.0,117.86954634890431
perceived_corruption|WVS_E,0.0,9964.45611961952,9973.614843200125,215.24256846391933,218.53526056898443,84.82963019863142,20.49469434313417,24.996171060350925,9904.39231169741,9932.057825656266,9937.347142950557,36.024216430033306,9909.297266764463,9964.339178791579,9916.113948105245,9946.123277378038,22.154756297677274,175.2476153366289,80.79452140362005,63.571691538484004,9.228689409618013,6.574523822445954,141.800689159333,0.0,9963.522602288567,0.0,0.0,0.0,920.052608813377,0.0,0.0,9966.895206789,44.097393009752224,0.0,0.0,23.20246100804789,9953.451101405748,9934.03288023836,0.0,0.0,0.0,0.0,0.0,961.4617418675588,9962.589434851669,1.052712668387425,0.0,9951.563163179462,0.0,161.25827515559374,5.938650245365018,16.19009507482815,8.505500294687486,9970.073016976643,48.12844631148688
perceived_negative_effects_of_immigration|WVS_G,0.0,184.66032635553182,180.54029169841547,46.084120762819154,97.98497248515997,120.96226216147402,83.08663932621978,13.261694296177055,281.4303817696567,43.649614605725816,61.30344849303725,0.0,386.6448866448867,9.806758420242446,27.253136813615157,21.372456016174738,19.719373600849956,7.939248608151942,6.425843860672337,274.5761183261183,954.2527912395402,9975.95707070707,11.072348004547607,0.0,0.0,70.42220508020074,0.0,16.80779366701893,9930.588287488908,0.0,0.0,0.0,9942.08300395257,0.0,0.0,9966.493021667971,6.095862732830128,382.99927213546823,0.0,91.8610738697239,58.26298158408767,9.636499417560678,88.1731305351331,5.221386800334166,512.8662608402294,3.2412679712895702,0.0,163.7590571620885,0.0,606.9024809629084,1.9270744801581081,0.0,0.0,0.0,0.0
perceived_positive_effects_of_immigration|WVS_G,3.437998668420967,350.2453426357249,960.6320778045274,73.41748569818745,119.11029236747348,313.1380085121707,162.86311386566774,19.101731055350157,403.80555831978364,114.00671233069477,59.31400067853974,0.0,901.8450786110353,60.35197693351472,125.92061557943686,44.86649179219016,39.02726959890923,28.692116254066498,32.01051160312301,291.2433856885625,423.18881435051367,9968.814814259991,34.282213154612705,0.0,1.6818352612711394,73.28792910379725,2.8988517125502824,12.35519354627288,9924.056146860657,0.0,0.0,0.0,9935.550863324319,23.20246100804789,9966.493021667971,0.0,14.771974364379858,830.2902736014199,10.342592258780932,89.34987639146179,625.1947992110821,69.53529473139699,800.6156471526001,13.576324330222,950.1684488375943,3.922224349687596,1.134895891421074,653.3990140204739,16.7477372508283,933.7036736679912,4.476699259380958,24.080444177182187,11.253650362703311,0.0,25.324097003920727
political_information_sources|WVS_E,4.191512361823072,9957.604867668573,9969.943538104424,81.7401854881101,0.0,218.94339131001237,67.60054070674674,6.576261510726212,9914.762618369035,9916.226609082814,9927.885347242345,47.201813750642735,9913.349249792287,9956.366508247134,9910.494282148587,9945.904863302634,60.39461934527767,0.0,306.95358900821753,311.7724283212573,67.98388962641994,4.143370692199682,0.0,0.0,9964.166398599386,35.53532190402049,64.3395577751608,0.0,290.20456510834526,121.92064554294595,0.0,9972.677080314048,439.62697175741175,9953.451101405748,6.095862732830128,14.771974364379858,0.0,9927.096735822035,27.074285201100537,21.089535478896032,5.5122016321367155,57.80551763738739,0.0,0.0,9956.469978242776,0.0,35.71009366517265,9942.8197814337,965.8699096076787,0.0,0.0,0.0,0.0,9969.85460290124,25.506028896963144
postmaterialist_values|WVS_E,62.01501722016823,9932.196250494753,9941.475503339345,45.200211090949836,185.06851945184437,107.46505307645594,50.54302422723475,51.47754651462729,9878.037946113698,9894.285087719298,9919.712349980642,14.96085613732673,9891.66247379455,9926.566440854613,9881.014874915483,9919.768911794325,17.220964201137406,509.3950556088238,0.0,178.42400117941912,0.2997416986817001,0.0,373.45258575951357,0.0,9925.749864351601,0.0,4.375766036941691,7.434442942836142,163.96851349993534,134.75996256863888,0.0,9940.080080216276,177.739430543572,9934.03288023836,382.99927213546823,830.2902736014199,9927.096735822035,0.0,72.96598732816395,0.0,939.6937104412871,0.0,0.0,768.4407096171802,9931.503838408007,1.6383562837030965,2.1339158669337266,9930.459170013386,6.820334231473396,37.480905172133305,32.176545232398716,935.8990326732262,34.52996475211978,9943.71865139293,22.981971000782266
precautionary_security_behaviors|WVS_H,9955.700679230758,35.39970639263312,18.367953782761987,9930.582551633428,239.33475820904414,375.7008377447362,46.065986743952834,667.8806697598392,521.4383176222793,80.95840167669036,17.05927624094295,9959.775995692538,242.0938669956911,28.872509154435647,116.49015899183328,304.1039011881869,9947.884770216499,41.32730009286958,663.1714094337573,9927.230725466068,29.25923031245479,191.21773845308158,49.588995584611965,0.0,0.0,0.0,0.0,73.98145934227502,573.3295289198232,9949.141922744662,0.0,0.0,117.53595575490547,0.0,0.0,10.342592258780932,27.074285201100537,72.96598732816395,0.0,10.190326646022854,28.609824384472276,0.0,4.557930264619486,34.46803841838998,27.12276521452442,961.9529075276158,0.0,33.15035564840882,9961.593903271869,209.42803611931328,148.737596767196,12.930615025301677,1.1079054810985554,12.328079159591361,46.81975678065217
religion_versus_secularism_orientation|WVS_F,17.5051607810856,0.0,0.0,32.01889553210393,18.527824951767002,0.0,1.0193982744497418,9980.090387446426,65.93787383917666,20.782347313714553,21.40130715555243,18.38449479645493,122.80619795087847,0.0,57.320599742412114,52.027017573634595,0.0,37.803768183503834,0.0,9.594518878580729,0.0,0.0,50.453258071664195,0.0,11.914304287379274,0.0,0.0,9985.906834436431,45.560744613370275,20.595369356614206,0.0,5.160551372931671,0.0,0.0,91.8610738697239,89.34987639146179,21.089535478896032,0.0,10.190326646022854,0.0,9980.666101934883,9984.146382401434,9971.928711670875,5.733062906382024,0.0,9986.430972496399,0.0,0.0,0.0,194.3181615305935,9986.192414986863,100.50148494915936,118.88830239757148,6.146295804813633,201.25237879215848
religious_belief|WVS_F,16.008728112001663,6.18088369719527,0.0,956.3508587374988,2.5620057781862258,224.69536315138052,181.76161789010104,9975.850922080392,22.03403013599575,0.0,141.20650086560158,27.67652898676552,0.0,0.0,5.217886513130537,271.0018379218866,30.150252461811892,150.68402520035045,81.012581650083,51.03824825641317,428.7868106834982,0.0,183.39642988826768,0.0,24.25356334259544,106.14089185084885,0.0,9981.667369070397,331.4311693572267,46.216032860610376,0.0,178.2966516177577,0.0,0.0,58.26298158408767,625.1947992110821,5.5122016321367155,939.6937104412871,28.609824384472276,9980.666101934883,0.0,9979.9069170354,9968.337406015038,13.656628942020749,24.62250841758308,9982.191507130367,0.0,130.7390054325647,0.0,78.96758505344869,9981.95294962083,0.0,53.060098972211485,43.80127077202576,0.0
religious_exclusivism|WVS_F,0.0,0.0,0.0,74.77366793968244,14.67022306169266,16.410286300127183,0.0,9979.331202546942,43.70794283126712,0.0,7.345942438681384,43.92307732609196,916.4029844915817,0.0,0.0,361.98211838843804,3.2430183615329113,961.8566133592095,43.38066910570725,9.670802398392212,0.0,0.0,959.6039830820919,0.0,0.0,0.0,0.0,9985.14764953695,123.59069510679699,0.0,0.0,981.7769320843091,0.0,0.0,9.636499417560678,69.53529473139699,57.80551763738739,0.0,0.0,9984.146382401434,9979.9069170354,0.0,9974.804896857528,21.569451656240464,0.0,9985.671787596917,0.0,0.0,0.0,156.32493407791972,9985.433230087381,0.0,0.0,16.701088756274192,0.0
religious_practice_and_self_identification|WVS_F,149.68309373048956,0.0,0.0,470.69969278512406,7.858298249900066,0.0,0.0,9967.005941402427,80.34082897430997,0.0,0.0,11.550617984476844,342.1321413666616,0.0,76.19601167988264,87.37995291836286,0.0,5.410649731230194,0.0,21.032077144079715,0.0,3.4843307728039257,7.1841733498190194,0.0,966.7751166596298,0.0,0.0,9973.756081634214,688.694983161937,0.0,0.0,0.0,213.28828188189706,0.0,88.1731305351331,800.6156471526001,0.0,0.0,4.557930264619486,9971.928711670875,9968.337406015038,9974.804896857528,0.0,1.3615902881309978,0.0,9975.363893455919,0.0,0.0,0.0,2.7575714353634737,9976.963397510313,0.0,0.0,2.1301917146862195,98.12492349043985
science_skepticism|WVS_I,15.84038050006997,53.843226788432275,13.112186602818102,368.43119124672523,6.023619943804505,97.71788279112397,254.09836065573768,6.986810145173131,47.00800441433532,162.3324876398647,44.38222694386654,9.375292076455452,34.564833162833835,23.676829357369286,540.1614668856048,430.10597995492253,21.976796073181617,7.832679589896934,51.60385860046706,126.98412698412699,952.2591708248672,0.0,11.516346700808384,0.0,3.6427528162740046,960.9017029450976,226.0023568163103,0.0,311.46021981517106,35.25732006801776,0.0,0.0,182.77075667893138,961.4617418675588,5.221386800334166,13.576324330222,0.0,768.4407096171802,34.46803841838998,5.733062906382024,13.656628942020749,21.569451656240464,1.3615902881309978,0.0,267.5109217348903,0.0,168.67736678004536,203.99149911395227,89.88343652958606,35.49236200711954,0.0,13.475355054302426,0.0,16.62493328553237,947.0882795811885
science_technology_optimism|WVS_E,11.849007862785612,9959.784162953338,9970.17089812214,38.9002659397685,951.2838671357426,65.50387596899226,23.902821316614407,20.03763012614725,9907.411188534437,9925.364942528735,9932.611053100167,61.12286534683392,9904.561176914072,9957.64629566405,9910.388117336224,9949.142154215066,12.463204934502443,253.04695221613994,4.89414887401383,55.750459974428544,0.0,0.0,382.5466276043714,0.0,9956.829719161038,0.0,0.0,0.0,92.5630110741343,63.75442768344662,0.0,9968.936967910937,21.997268478762734,9962.589434851669,512.8662608402294,950.1684488375943,9956.469978242776,9931.503838408007,27.12276521452442,0.0,24.62250841758308,0.0,0.0,267.5109217348903,0.0,0.0,0.0,9947.667413790883,0.0,24.31160505033114,6.542147703146053,31.56161777088046,6.8493774143524035,9973.091893813671,210.6957324441263
sexual_and_reproductive_morality_permissiveness|WVS_F,177.23113221797564,0.0,0.0,20.939258710780607,0.0,0.0,57.69851052237436,9981.61579264191,5.869076136109328,30.7423004174301,369.5442663426238,0.0,268.0695153905434,0.0,188.67056634140425,25.24231823950126,0.0,4.994830920071642,0.0,9.26895363670625,0.0,0.0,6.710454611207922,0.0,966.0532308958864,0.0,1.825143199409485,9987.432239631915,15.476684859990506,80.29835071872492,0.0,0.0,0.0,1.052712668387425,3.2412679712895702,3.922224349687596,0.0,1.6383562837030965,961.9529075276158,9986.430972496399,9982.191507130367,9985.671787596917,9975.363893455919,0.0,0.0,0.0,0.0,1.0358956985152972,0.0,345.9992116673236,9987.717820182346,194.68740637394973,38.01803533906336,0.0,578.6038892411752
