construct,acceptance_of_state_surveillance|WVS_H,authoritarian_governance_tolerance|WVS_E,autocracy_support|WVS_E,basic_needs_deprivation|WVS_H,child_qualities_autonomy_self_expression|WVS_A,child_qualities_conformity_tradition|WVS_A,child_qualities_prosocial_diligence|WVS_A,civic_dishonesty_tolerance|WVS_F,confidence_in_civil_society_organizations|WVS_E,confidence_in_domestic_institutions|WVS_E,confidence_in_international_organizations|WVS_E,crime_victimization|WVS_H,democratic_system_evaluation|WVS_E,democratic_values_importance|WVS_E,economic_ideology|WVS_E,electoral_integrity|WVS_E,existential_threat_worry|WVS_H,familial_duty_obligations|WVS_D,female_income_threat_to_marriage|WVS_D,freedom_security_tradeoff_perception|WVS_H,gender_role_traditionalism|WVS_D,immigrant_origin_status|WVS_G,importance_of_life_domains|WVS_A,institutional_threat_perception|WVS_H,international_organization_knowledge|WVS_E,job_scarcity_gender_discrimination|WVS_C,job_scarcity_nativist_preference|WVS_C,life_autonomy_morality_permissiveness|WVS_F,multilevel_place_attachment|WVS_G,neighborhood_disorder_and_crime|WVS_H,offline_political_participation|WVS_E,online_political_participation|WVS_E,outgroup_trust|WVS_G,perceived_corruption|WVS_E,perceived_negative_effects_of_immigration|WVS_G,perceived_positive_effects_of_immigration|WVS_G,political_information_sources|WVS_E,postmaterialist_values|WVS_E,precautionary_security_behaviors|WVS_H,religion_versus_secularism_orientation|WVS_F,religious_belief|WVS_F,religious_exclusivism|WVS_F,religious_practice_and_self_identification|WVS_F,science_skepticism|WVS_I,science_technology_optimism|WVS_E,sexual_and_reproductive_morality_permissiveness|WVS_F,social_intolerance_outgroups|WVS_A,societal_change_attitudes|WVS_E,socioeconomic_insecurity_worry|WVS_H,subjective_wellbeing|WVS_A,violence_tolerance|WVS_F,voluntary_association_active_membership|WVS_A,voluntary_association_belonging|WVS_A,voting_participation|WVS_E,work_ethic|WVS_C
acceptance_of_state_surveillance|WVS_H,0.0,18.58469740513974,28.380503144654085,22.31023507619252,13.333333333333334,31.779661016949156,27.67319933901493,54.49552661883249,74.7017601518031,18.129180393331335,16.729906266784482,14.741414415637301,36.783161101590764,74.39088887864543,38.22201643708763,13.62250395469864,16.572440569443497,19.756705206748165,12.78772378516624,32.992462432185896,8.103727714748784,22.034867936237056,56.399129104621935,9999.0,20.047169811320753,8.849557522123893,36.61693725318122,13.481887912210961,9999.0,21.07896954068476,23.64066193853428,7.880220646178092,35.891425127970805,9999.0,19.63906823937396,15.579298325376978,11.918951132300357,76.57488702492998,22.562184826335766,39.42596197109923,14.921801079757333,11.337868480725623,13.488940458973754,16.280794265469225,62.795788595851135,11.037527593818984,7.547169811320754,12.213525387615668,25.044087391006173,27.23215544713613,42.36416502435557,24.491516327241214,33.854246620204066,10.593220338983052,16.928032850720378
authoritarian_governance_tolerance|WVS_E,18.58469740513974,0.0,31.870860927152314,28.902787643895245,15.748031496062993,35.911283906003376,33.36257507254201,57.98588440133072,80.43344959089704,21.619538175829568,20.22026404928271,18.23177219813553,38.23301640603138,78.52251176769965,41.71237421958586,17.11286173719687,16.89189189189189,25.488394645842106,16.382263029414922,36.482820214684125,13.793103448275863,26.166490825291277,60.530751993676155,9999.0,23.537527593818986,12.72264631043257,40.10729503567945,16.97224569470919,9999.0,24.56932732318299,29.93435026912448,14.472773213880817,31.25,9999.0,23.12942602187219,19.06965610787521,15.949118949418198,82.30657646402392,19.342359767891683,46.01851453880195,18.412158862255563,12.78772378516624,16.979298241471984,18.214936247723134,66.28614637834936,14.836795252225519,11.037527593818984,15.703883170113897,29.175710280060393,31.36377833619035,39.144339965911485,28.328611898016998,40.44679918790679,14.724843228037273,20.418390633218607
autocracy_support|WVS_E,28.380503144654085,31.870860927152314,0.0,36.63003663003663,24.154589371980677,45.707089645517726,43.86660821357454,67.78169014084507,90.22925533041139,31.415343915343914,30.01606978879706,28.02757793764988,41.5521978021978,88.318317507214,51.508179959100204,26.90866747671122,21.73913043478261,35.284200385356456,26.178068768929272,46.278625954198475,24.297136589308394,35.96229656480563,66.18107769423558,9999.0,33.33333333333333,24.54253214638971,49.90310077519379,26.76805143422354,9999.0,34.36513306269734,41.75423610508162,24.268578953395167,31.347962382445143,9999.0,32.92523176138654,28.865461847389557,25.744924688932546,92.10238220353827,22.321428571428573,49.01960784313725,28.20796460176991,20.964360587002098,26.775103980986334,24.691358024691358,76.08195211786371,24.630541871921185,20.833333333333332,25.499688909628247,27.247956403269754,41.1595840757047,42.123408769448375,33.003300330033,42.73504273504273,24.520648967551622,30.214196372732957
basic_needs_deprivation|WVS_H,22.31023507619252,28.902787643895245,36.63003663003663,0.0,20.375317640478166,42.73901636226066,38.276646020063296,64.813616857588,81.25155393563944,28.447270632086845,27.04799650553999,24.572002259629034,44.85538673215447,85.35024422395693,48.540106675843134,23.94059419345415,23.65510668093694,26.3064989905845,20.610484145712824,43.310552670941405,18.70717439579715,32.99422328154856,66.90357111520575,9999.0,30.365260050076262,18.62464530249765,46.93502749193672,20.83616433392218,9999.0,30.986305820742906,28.73563218390805,14.43001443001443,38.75968992248062,9999.0,29.957158478129468,25.628222716688562,20.28397565922921,83.12468080876631,30.58510328300312,45.97575575493556,25.23989131851284,19.41009411128933,22.017267844278464,23.2874103556123,73.11387883460664,19.75199420649128,17.865260050076262,22.026431718061673,36.00344273631767,38.19151079244763,50.38708348102293,31.04131011107755,40.4040404040404,21.552575684294553,26.492740606130234
child_qualities_autonomy_self_expression|WVS_A,13.333333333333334,15.748031496062993,24.154589371980677,20.375317640478166,0.0,29.526724247607472,26.20077135901416,54.63657986593766,72.76684271608875,17.88908765652952,16.077170418006432,15.313935681470138,33.04985535850773,72.13795210930375,38.580181523885386,13.324740163128197,13.089005235602095,17.821787771033804,9.765625,34.82584145139071,6.631299734748011,19.781931166895372,54.14619233528025,9999.0,21.358840235484386,6.844626967830253,38.45031627238603,10.775862068965518,9999.0,22.30528092597058,22.779043280182233,5.9453032104637344,33.95650769225645,9999.0,21.472447258578775,15.923566878980893,8.650519031141869,74.63996958921562,19.085618994818248,37.49104453538487,15.713951869171261,7.604562737642585,12.468827930174564,14.124293785310734,64.62916761505595,7.955449482895784,9.38054883052557,8.896797153024911,22.791150621664492,24.979218677794446,38.88759919283805,22.556598891526857,31.91932918448971,8.340283569641368,16.919365578369412
child_qualities_conformity_tradition|WVS_A,31.779661016949156,35.911283906003376,45.707089645517726,42.73901636226066,29.526724247607472,0.0,43.862177639417354,67.4827369742624,94.26886701924484,35.45576689419498,34.05649276764812,30.37761714855434,52.237114464750526,84.00159056266153,55.548602937951266,30.949090455562278,33.27833910601931,39.3238120741899,28.432817489560307,49.59553158705701,25.736031214817785,31.645569620253163,66.00983078863804,9999.0,37.3737563121844,26.319910903838796,52.436440677966104,30.593778401390374,9999.0,38.4055560415484,43.5316148625307,28.309001932246225,56.32020641403894,9999.0,36.476960555641945,31.624854039135208,29.785347667783608,90.46909903201787,36.73854021140312,59.85474325716736,30.52350883856368,26.791821843885387,29.199261190786615,33.60738076633287,80.12237509671476,26.516931083083374,24.873756312184394,29.54011188847931,35.637307729989224,37.82537578611918,56.540520409422925,44.92029761330935,54.2830279062722,21.186440677966104,34.25461935158402
child_qualities_prosocial_diligence|WVS_A,27.67319933901493,33.36257507254201,43.86660821357454,38.276646020063296,26.20077135901416,43.862177639417354,0.0,68.97203325774754,89.1803786207139,32.95635248102652,30.264658790041548,28.295475114667543,50.29738442474037,86.47340550111363,51.518353413403524,26.262912052646335,32.05854563836395,34.23532367565896,27.584662657785618,48.47856750110635,19.569471624266146,34.117384558705254,68.48164572709013,9999.0,34.297012125002524,21.231422505307854,52.10304232210167,26.451784081251695,9999.0,35.243452815488716,37.85100727326066,23.846631590048865,51.857836071841575,9999.0,35.125173308294414,29.910733258185488,25.58270072829501,91.05350549384076,36.33314806105089,55.39237291497,28.6521237586894,24.852091803875233,26.911615530286706,31.05052788144181,78.28189366477159,24.700307950587337,23.03327488024121,25.5718725846503,37.12660401347437,39.31467206960433,56.1351282590707,40.457927271111984,49.820657564074835,22.675736961451246,29.857537467887546
civic_dishonesty_tolerance|WVS_F,54.49552661883249,57.98588440133072,67.78169014084507,64.813616857588,54.63657986593766,67.4827369742624,68.97203325774754,0.0,116.3442788045898,57.53036738952232,56.13109326297547,54.14260141182828,76.63633080300565,110.09396483595867,77.6232034332786,53.02369095088962,55.97362756563448,61.39922385953486,52.29309224310767,72.39364942837688,50.412160063486795,57.737943893550295,92.10220506193517,9999.0,59.448356807511736,50.65755562056812,76.01812424937219,52.883074908401944,9999.0,60.48015653687574,67.86925957926002,50.38360242757357,78.39480690936628,9999.0,59.04025523556494,54.98048532156796,51.85994816311095,116.561473305315,61.848395829733306,81.9293437524947,54.32298807594832,51.1910381821405,52.89012745516474,55.681981261660205,102.19697559204212,51.10118072777752,46.948356807511736,51.61471238380665,60.74716334831941,62.93523140444937,81.65037602775311,66.99489810863669,76.35762840159954,46.29629629629629,56.32921984691136
confidence_in_civil_society_organizations|WVS_E,74.7017601518031,80.43344959089704,90.22925533041139,81.25155393563944,72.76684271608875,94.26886701924484,89.1803786207139,116.3442788045898,0.0,79.97793257908864,78.57865845254179,76.59016660139461,97.24691180776506,128.53249839277117,100.07076862284494,75.47125614045595,76.04663175654753,54.94505494505494,66.2251655629139,94.8412146179432,71.09869947140773,76.1764774503628,96.26736899464171,9999.0,81.89592199707806,67.94895611540605,98.46568943893853,73.22768940953276,9999.0,82.92772172644207,70.74284325469159,66.82153950562501,93.45794392523365,9999.0,81.48782042513128,77.42805051113429,71.47398056488966,111.76323676323676,82.97662835861371,98.36728083054615,76.77055326551464,71.80161918689991,74.40879291988905,75.67893543122288,124.64454078160844,72.14351928210186,69.39592199707806,73.96942571203459,87.53329339330186,89.72136144943181,88.72883872883872,81.96721311475409,88.72883872883872,73.08242634127873,76.26701656552403
confidence_in_domestic_institutions|WVS_E,18.129180393331335,21.619538175829568,31.415343915343914,28.447270632086845,17.88908765652952,35.45576689419498,32.95635248102652,57.53036738952232,79.97793257908864,0.0,19.76474703747431,17.776255186327127,39.37286922253645,78.06699475589126,41.25685720777746,16.65734472538847,19.607281340133326,25.032877634033703,15.92674601760652,36.02730320287572,13.386880856760374,25.710973813482877,60.07523498186775,9999.0,23.082010582010582,12.836970474967908,39.651778023871046,16.51672868290079,9999.0,24.11381031137459,30.04867443365982,14.017256202072417,42.028460683865134,9999.0,22.673909010063788,18.614139096066808,15.493601937609796,81.85105945221552,25.40863285884697,45.56299752699355,17.956641850447163,13.927576601671309,16.523781229663584,19.31563503615905,65.83062936654096,14.734834502276364,10.582010582010582,15.248366158305497,28.720193268251997,30.90826132438195,45.21061305686678,30.62855188313554,39.991282176098395,14.269326216228873,19.962873621410207
confidence_in_international_organizations|WVS_E,16.729906266784482,20.22026404928271,30.01606978879706,27.04799650553999,16.077170418006432,34.05649276764812,30.264658790041548,56.13109326297547,78.57865845254179,19.76474703747431,0.0,16.376981059780277,37.073199597609324,76.6677206293444,39.8575830812306,15.258070598841616,18.148820326678766,23.633603507486853,14.527471891059667,34.62802907632887,10.695187165775401,24.311699686936024,58.6759608553209,9999.0,21.68273645546373,10.869565217391305,38.25250389732419,15.117454556353938,9999.0,22.714536184827736,28.081269176083214,12.617982075525564,40.62918655731828,9999.0,21.274634883516935,17.214864969519954,14.094327811062943,80.45178532566867,21.321961620469086,44.1637234004467,16.557367723900306,11.627906976744187,15.12450710311673,17.9163609096122,64.4313552399941,12.01923076923077,9.18273645546373,13.849092031758644,27.32091914170514,29.508987197835097,41.12394181848889,29.229277756588687,38.59200804955154,12.87005208968202,18.563599494863354
crime_victimization|WVS_H,14.741414415637301,18.23177219813553,28.02757793764988,24.572002259629034,15.313935681470138,30.37761714855434,28.295475114667543,54.14260141182828,76.59016660139461,17.776255186327127,16.376981059780277,0.0,35.515786075044396,72.98884501025061,37.86909123008342,13.269578747694432,16.21951536243929,21.64511165633967,12.538980039912484,32.639537225181684,8.726003490401396,20.63282406784224,54.99708523622712,9999.0,19.694244604316545,9.066183136899365,36.26401204617701,13.128962705206753,9999.0,20.726044333680555,26.277887095591275,10.141987829614605,38.15319231140732,9999.0,19.28614303236975,15.226373118372772,12.10583595991576,78.46329347452149,21.551549711354916,41.68772915453574,14.568875872753125,10.070493454179255,13.136015251969546,15.927869058465017,62.442863388846924,9.578544061302681,7.194244604316546,11.86060018061146,23.64204352261136,25.830111578741313,41.35352990937472,26.753283510677726,36.11601380364058,9.191176470588236,16.575107643716173
democratic_system_evaluation|WVS_E,36.783161101590764,38.23301640603138,41.5521978021978,44.85538673215447,33.04985535850773,52.237114464750526,50.29738442474037,76.63633080300565,97.24691180776506,39.37286922253645,37.073199597609324,35.515786075044396,0.0,92.7284392218034,60.36282062126078,35.515786075044396,24.213075060532685,42.30185686271011,33.503310348504144,55.133266616359045,30.727912800474225,40.37241827939502,63.09041835357624,9999.0,42.187973995493905,30.90977349518208,58.75774143735437,35.622692096384114,9999.0,43.219773724857916,48.12147745387399,30.42537230214004,56.96661828737301,9999.0,41.62652239432792,36.58115008188964,31.968449828953855,99.12003868089192,19.23076923076923,61.97111362706117,37.062605263930486,25.44529262086514,35.62974464314691,34.84320557491289,84.93659278002428,28.73563218390805,29.687973995493905,31.622342960632924,45.50154083880754,47.6896088949375,38.75968992248062,47.03666798320316,56.39939827616601,31.050673786784422,39.068837034893534
democratic_values_importance|WVS_E,74.39088887864543,78.52251176769965,88.318317507214,85.35024422395693,72.13795210930375,84.00159056266153,86.47340550111363,110.09396483595867,128.53249839277117,78.06699475589126,76.6677206293444,72.98884501025061,92.7284392218034,0.0,98.15983079964755,73.56031831725856,75.88956696771558,73.58744344771623,71.04404535125659,92.20675944875329,68.34725907651406,52.35602094240838,86.72028211079325,9999.0,79.09398885684688,68.93113876553507,95.04766853966238,73.20500626308666,9999.0,81.01678390324469,67.2591505996364,70.92022979394251,93.61367373892182,9999.0,79.08818841733822,74.23608190083148,72.39657552947989,111.17955035417307,73.49766999103417,102.46597111886364,73.13473670025995,69.40304970558167,71.8104890524829,76.21860862802914,122.73360295841104,69.12815894477966,67.48498417388068,72.15133975017558,69.74732529023447,70.47196297139388,93.29965018905398,87.53152547500562,83.50866891748626,63.79766853966238,76.86584721328029
economic_ideology|WVS_E,38.22201643708763,41.71237421958586,51.508179959100204,48.540106675843134,38.580181523885386,55.548602937951266,51.518353413403524,77.6232034332786,100.07076862284494,41.25685720777746,39.8575830812306,37.86909123008342,60.36282062126078,98.15983079964755,0.0,36.75018076914476,39.70011738388962,45.125713677789996,36.01958206136281,56.120139246632014,31.948881789137378,45.803809857239166,80.16807102562404,9999.0,43.174846625766875,32.467532467532465,59.74461406762734,36.609564726657084,9999.0,44.206646355130886,49.67923642622438,34.11009224582871,62.12129672762143,9999.0,42.76674505382008,38.7069751398231,35.58643798136609,101.94389549597182,45.689861640781885,65.65583357074985,38.049477894203456,34.91752800039564,36.61661727341988,39.408471079915344,85.92346541029725,34.82767054603266,30.674846625766875,35.34120220206179,48.81302931200828,51.00109736813824,65.49184183880169,50.721387926891836,60.08411821985469,34.36216225998516,40.0557096651665
electoral_integrity|WVS_E,13.62250395469864,17.11286173719687,26.90866747671122,23.94059419345415,13.324740163128197,30.949090455562278,26.262912052646335,53.02369095088962,75.47125614045595,16.65734472538847,15.258070598841616,13.269578747694432,35.515786075044396,73.56031831725856,36.75018076914476,0.0,15.100604901500631,20.526201195401008,11.148272017837234,31.520626764243026,6.693440428380187,21.204297374850178,55.568558543235056,9999.0,18.575334143377887,7.704160246533128,35.14510158523835,12.010052244268094,9999.0,19.607133872741894,24.915864205225038,9.51057976343972,37.52178424523243,9999.0,18.167232571431093,14.107462657434112,10.9869254989771,77.34438301358283,21.0903491583929,41.05632108836085,13.449965411814464,10.070493454179255,12.017104791030887,14.808958597526356,61.323952927908266,9.242144177449168,6.075334143377886,10.7416897196728,18.01801801801802,26.38522427440633,40.8923293564127,26.121875444502844,35.48460573746569,9.762649777596176,15.456197182777512
existential_threat_worry|WVS_H,16.572440569443497,16.89189189189189,21.73913043478261,23.65510668093694,13.089005235602095,33.27833910601931,32.05854563836395,55.97362756563448,76.04663175654753,19.607281340133326,18.148820326678766,16.21951536243929,24.213075060532685,75.88956696771558,39.70011738388962,15.100604901500631,0.0,21.10157681149258,14.370006193718682,34.47056337898788,12.489074014097804,23.53354602530721,57.89780719369209,9999.0,21.525270758122744,11.507479861910241,38.09503819998321,14.959988859012952,9999.0,22.55707048748675,28.71918382060215,9.22509225092251,36.76470588235294,9999.0,21.11716918617595,17.05739927217897,11.428571428571429,77.9197586296744,20.663792712639392,40.770833575843646,16.399902026559324,9.18273645546373,14.967041405775745,15.974440894568689,64.27388954265312,9.9601593625498,9.025270758122744,10.718113612004288,26.542765480076326,28.730833536206283,30.3030303030303,25.836387931985634,35.199118224948485,12.091898428053206,18.40613379752237
familial_duty_obligations|WVS_D,19.756705206748165,25.488394645842106,35.284200385356456,26.3064989905845,17.821787771033804,39.3238120741899,34.23532367565896,61.39922385953486,54.94505494505494,25.032877634033703,23.633603507486853,21.64511165633967,42.30185686271011,73.58744344771623,45.125713677789996,20.526201195401008,21.10157681149258,0.0,18.056954276268463,39.89615967288826,16.153644526352792,21.231422505307854,41.32231404958678,9999.0,26.95086705202312,13.003901170351106,43.520634493883584,18.282634464477823,9999.0,27.98266678138713,15.797788309636653,11.876484560570072,39.88768904236279,9999.0,26.542765480076326,22.482995566079346,16.528925619834713,56.81818181818181,28.031573413558768,43.42222588549121,21.8254983204597,16.85656424184497,19.463737974834107,20.733880486167948,69.6994858365535,17.19846433704692,14.450867052023122,19.024370766979644,32.58823844824692,34.776306504376876,33.78378378378378,28.487780241633196,33.78378378378378,18.1373713962238,21.321961620469086
female_income_threat_to_marriage|WVS_D,12.78772378516624,16.382263029414922,26.178068768929272,20.610484145712824,9.765625,28.432817489560307,27.584662657785618,52.29309224310767,66.2251655629139,15.92674601760652,14.527471891059667,12.538980039912484,33.503310348504144,71.04404535125659,36.01958206136281,11.148272017837234,14.370006193718682,18.056954276268463,0.0,30.790028056461075,8.808538691570998,18.688024408848207,53.052285577233086,9999.0,17.844735435595936,6.353240152477763,34.4145028774564,10.881392818280741,9999.0,18.876535164959947,23.564944111169673,6.180469715698393,34.19167419749111,9999.0,17.436633863649142,13.376863949652163,8.718395815170009,74.87513609445028,19.539073984814664,37.72621104061953,12.719366704032517,8.058017727639001,11.286506083248938,14.078359889744409,60.593354220126315,7.94912559618442,5.344735435595938,8.849557522123893,21.697243863617324,23.88531191974728,39.34105418283447,22.791765396761516,32.15449568972437,7.246376811594202,14.725598474995563
freedom_security_tradeoff_perception|WVS_H,32.992462432185896,36.482820214684125,46.278625954198475,43.310552670941405,34.82584145139071,49.59553158705701,48.47856750110635,72.39364942837688,94.8412146179432,36.02730320287572,34.62802907632887,32.639537225181684,55.133266616359045,92.20675944875329,56.120139246632014,31.520626764243026,34.47056337898788,39.89615967288826,30.790028056461075,0.0,28.9090958768402,39.85073850634491,74.2149996747298,9999.0,37.94529262086514,29.154491433921518,54.5150600627256,31.380010721755347,9999.0,38.97709235022914,46.36619539261343,28.880538240926974,56.891742722719684,9999.0,37.537191048918345,33.477421134921364,30.356883976464353,96.71434149107009,40.460307635880156,60.426279565848105,32.81992388930172,29.687973995493905,31.38706326851814,34.17891707501361,80.69391140539551,29.59811654113092,25.44529262086514,30.111648197160054,42.85995796111403,45.048026017243984,60.262287833899954,45.49183392199009,54.854564214952944,28.409090909090907,34.82615566026476
gender_role_traditionalism|WVS_D,8.103727714748784,13.793103448275863,24.297136589308394,18.70717439579715,6.631299734748011,25.736031214817785,19.569471624266146,50.412160063486795,71.09869947140773,13.386880856760374,10.695187165775401,8.726003490401396,30.727912800474225,68.34725907651406,31.948881789137378,6.693440428380187,12.489074014097804,16.153644526352792,8.808538691570998,28.9090958768402,0.0,15.991238134105688,50.355499302490564,9999.0,14.727540500736376,4.133939644481191,32.53357069783552,6.882312456985547,9999.0,15.673981191222571,18.281535648994517,4.27715996578272,32.28836444757543,9999.0,15.555701684028266,10.34126163391934,6.013229104028864,72.9718263445346,16.76367643678475,35.822901290703854,9.08265213442325,5.282620179609086,7.342143906020559,11.481056257175661,58.71242204050544,5.130836326321191,3.4638032559750607,6.002400960384154,19.000457588874806,21.18852564500476,36.565656634804554,20.88845564684584,30.251185939808693,4.549590536851683,10.2880658436214
immigrant_origin_status|WVS_G,22.034867936237056,26.166490825291277,35.96229656480563,32.99422328154856,19.781931166895372,31.645569620253163,34.117384558705254,57.737943893550295,76.1764774503628,25.710973813482877,24.311699686936024,20.63282406784224,40.37241827939502,52.35602094240838,45.803809857239166,21.204297374850178,23.53354602530721,21.231422505307854,18.688024408848207,39.85073850634491,15.991238134105688,0.0,34.36426116838488,9999.0,26.7379679144385,16.575117823126696,42.691647597254004,20.848985320678274,9999.0,28.6607629608363,14.903129657228016,18.564208851534126,41.25765279651344,9999.0,26.732167474929845,21.88006095842311,20.040554587071508,58.8235294117647,21.14164904862579,50.10995017645526,20.77871575785158,17.047028763173287,19.454468110074515,23.862587685620763,70.37758201600266,16.772138002371275,15.128963231472294,19.79531880776721,17.391304347826086,18.115942028985508,40.94362924664559,35.17550453259725,31.152647975077883,11.441647597254004,24.50982627087192
importance_of_life_domains|WVS_A,56.399129104621935,60.530751993676155,66.18107769423558,66.90357111520575,54.14619233528025,66.00983078863804,68.48164572709013,92.10220506193517,96.26736899464171,60.07523498186775,58.6759608553209,54.99708523622712,63.09041835357624,86.72028211079325,80.16807102562404,55.568558543235056,57.89780719369209,41.32231404958678,53.052285577233086,74.2149996747298,50.355499302490564,34.36426116838488,0.0,9999.0,61.10222908282338,50.939378991511575,77.05590876563889,55.21324648906315,9999.0,63.02502412922118,38.167938931297705,52.928470019919004,72.41451427376346,9999.0,61.096428643314724,56.24432212680799,54.40481575545638,93.18779058014958,43.859649122807014,84.47421134484014,55.14297692623646,51.411289931558166,53.818729278459394,58.22684885400564,104.74184318438755,51.13639917075616,49.49322439985717,54.15957997615209,51.755565516210964,52.480203197370386,63.66162932082682,66.25782657174715,62.61781668190895,45.80590876563888,58.8740874392568
institutional_threat_perception|WVS_H,9999.0,9999.0,9999.0,9999.0,9999.0,9999.0,9999.0,9999.0,9999.0,9999.0,9999.0,9999.0,9999.0,9999.0,9999.0,9999.0,9999.0,9999.0,9999.0,9999.0,9999.0,9999.0,9999.0,0.0,9999.0,9999.0,9999.0,9999.0,9999.0,9999.0,9999.0,9999.0,9999.0,9999.0,9999.0,9999.0,9999.0,9999.0,9999.0,9999.0,9999.0,9999.0,9999.0,9999.0,9999.0,9999.0,9999.0,9999.0,9999.0,9999.0,9999.0,9999.0,9999.0,9999.0,9999.0
international_organization_knowledge|WVS_E,20.047169811320753,23.537527593818986,33.33333333333333,30.365260050076262,21.358840235484386,37.3737563121844,34.297012125002524,59.448356807511736,81.89592199707806,23.082010582010582,21.68273645546373,19.694244604316545,42.187973995493905,79.09398885684688,43.174846625766875,18.575334143377887,21.525270758122744,26.95086705202312,17.844735435595936,37.94529262086514,14.727540500736376,26.7379679144385,61.10222908282338,9999.0,0.0,16.10305958132045,41.56976744186046,18.43471810089021,9999.0,26.031799729364007,33.009076149730895,15.935245620061835,43.94645010185455,9999.0,24.591898428053206,20.532128514056225,17.411591355599214,83.76904887020494,27.515015015015013,47.480986944982966,19.87463126843658,16.742681374628766,18.441770647653,21.23362445414847,67.74861878453038,16.65282392026578,12.5,17.166355576294915,29.673590504451038,32.82625074237137,47.316995213034815,32.54654130112496,41.90927159408781,16.18731563421829,21.880863039399625
job_scarcity_gender_discrimination|WVS_C,8.849557522123893,12.72264631043257,24.54253214638971,18.62464530249765,6.844626967830253,26.319910903838796,21.231422505307854,50.65755562056812,67.94895611540605,12.836970474967908,10.869565217391305,9.066183136899365,30.90977349518208,68.93113876553507,32.467532467532465,7.704160246533128,11.507479861910241,13.003901170351106,6.353240152477763,29.154491433921518,4.133939644481191,16.575117823126696,50.939378991511575,9999.0,16.10305958132045,0.0,32.778966254916845,7.107320540156361,9999.0,17.006802721088437,17.21170395869191,4.194630872483222,32.20583535427593,9999.0,15.801097241109586,10.626992561105206,5.913660555884093,69.82208298853291,16.9455371314926,35.740372197404355,9.460737937559129,5.46448087431694,7.698229407236337,11.655011655011656,58.95781759758676,5.64652738565782,3.7091988130563798,6.020469596628537,19.584337277895813,21.77240533402577,36.747517329512405,20.805926553546342,30.168656846509194,5.13347022587269,13.090061852456005
job_scarcity_nativist_preference|WVS_C,36.61693725318122,40.10729503567945,49.90310077519379,46.93502749193672,38.45031627238603,52.436440677966104,52.10304232210167,76.01812424937219,98.46568943893853,39.651778023871046,38.25250389732419,36.26401204617701,58.75774143735437,95.04766853966238,59.74461406762734,35.14510158523835,38.09503819998321,43.520634493883584,34.4145028774564,54.5150600627256,32.53357069783552,42.691647597254004,77.05590876563889,9999.0,41.56976744186046,32.778966254916845,0.0,35.00448554275067,9999.0,42.601567171224474,49.99067021360875,32.5050130619223,60.516217543715015,9999.0,41.16166586991367,37.10189595591669,33.98135879745968,100.3388163120654,44.08478245687547,64.05075438684344,36.444398710297044,33.31244881648923,35.011538089513465,37.80339189600893,84.31838622639084,33.222591362126245,29.069767441860463,33.736123018155375,45.70086705202312,47.88893510815308,63.88676265489528,49.116308742985424,58.479039035948276,31.25,38.45063048126009
life_autonomy_morality_permissiveness|WVS_F,13.481887912210961,16.97224569470919,26.76805143422354,20.83616433392218,10.775862068965518,30.593778401390374,26.451784081251695,52.883074908401944,73.22768940953276,16.51672868290079,15.117454556353938,13.128962705206753,35.622692096384114,73.20500626308666,36.609564726657084,12.010052244268094,14.959988859012952,18.282634464477823,10.881392818280741,31.380010721755347,6.882312456985547,20.848985320678274,55.21324648906315,9999.0,18.43471810089021,7.107320540156361,35.00448554275067,0.0,9999.0,19.466517830254215,18.726591760299623,6.406149903907752,34.41735438570046,9999.0,18.026616528943414,13.966846614946434,9.242144177449168,75.10081628265964,20.94973311590522,37.951891228828885,13.309349369326785,10.177399475518973,11.876488748543208,14.668342555038677,61.18333688542059,10.087542021155988,5.9347181008902075,9.66183574879227,23.85820477544739,26.046272831577348,40.75171331392502,23.017445584970876,32.38017587793372,9.40733772342427,15.315581140289833
multilevel_place_attachment|WVS_G,9999.0,9999.0,9999.0,9999.0,9999.0,9999.0,9999.0,9999.0,9999.0,9999.0,9999.0,9999.0,9999.0,9999.0,9999.0,9999.0,9999.0,9999.0,9999.0,9999.0,9999.0,9999.0,9999.0,9999.0,9999.0,9999.0,9999.0,9999.0,0.0,9999.0,9999.0,9999.0,9999.0,9999.0,9999.0,9999.0,9999.0,9999.0,9999.0,9999.0,9999.0,9999.0,9999.0,9999.0,9999.0,9999.0,9999.0,9999.0,9999.0,9999.0,9999.0,9999.0,9999.0,9999.0,9999.0
neighborhood_disorder_and_crime|WVS_H,21.07896954068476,24.56932732318299,34.36513306269734,30.986305820742906,22.30528092597058,38.4055560415484,35.243452815488716,60.48015653687574,82.92772172644207,24.11381031137459,22.714536184827736,20.726044333680555,43.219773724857916,81.01678390324469,44.206646355130886,19.607133872741894,22.55707048748675,27.98266678138713,18.876535164959947,38.97709235022914,15.673981191222571,28.6607629608363,63.02502412922118,9999.0,26.031799729364007,17.006802721088437,42.601567171224474,19.466517830254215,9999.0,0.0,33.955516840217086,16.556291390728475,44.56749587252119,9999.0,25.623698157417213,21.563928243420232,18.44339108496322,84.80084859956895,28.54681474437902,48.102032715649614,20.906430997800584,17.774481103992773,19.47357037701701,22.26542418351248,68.78041851389439,17.68462364962979,13.531799729364007,18.198155305658922,31.669982415605418,33.858050471735375,48.348794942398825,33.1675870717916,42.53031736475445,17.219115363582297,22.91266276876363
offline_political_participation|WVS_E,23.64066193853428,29.93435026912448,41.75423610508162,28.73563218390805,22.779043280182233,43.5316148625307,37.85100727326066,67.86925957926002,70.74284325469159,30.04867443365982,28.081269176083214,26.277887095591275,48.12147745387399,67.2591505996364,49.67923642622438,24.915864205225038,28.71918382060215,15.797788309636653,23.564944111169673,46.36619539261343,18.281535648994517,14.903129657228016,38.167938931297705,9999.0,33.009076149730895,17.21170395869191,49.99067021360875,18.726591760299623,9999.0,33.955516840217086,0.0,21.40633483117513,34.24657534246575,9999.0,33.012801199801494,27.838696519797118,23.125364514576003,72.61597012781847,34.15724109018451,49.26108374384237,26.672441896251037,22.67618483300885,24.909933365928246,28.866715613703565,76.16952155627867,22.85823134434973,20.92090277174829,23.232173555320447,32.2944340050541,31.25,49.581572093420434,28.08988764044944,24.449877750611247,22.3451741845646,28.569601492615917
online_political_participation|WVS_E,7.880220646178092,14.472773213880817,24.268578953395167,14.43001443001443,5.9453032104637344,28.309001932246225,23.846631590048865,50.38360242757357,66.82153950562501,14.017256202072417,12.617982075525564,10.141987829614605,30.42537230214004,70.92022979394251,34.11009224582871,9.51057976343972,9.22509225092251,11.876484560570072,6.180469715698393,28.880538240926974,4.27715996578272,18.564208851534126,52.928470019919004,9999.0,15.935245620061835,4.194630872483222,32.5050130619223,6.406149903907752,9999.0,16.556291390728475,21.40633483117513,0.0,28.011204481792713,9999.0,15.52714404811504,11.19820828667413,8.346836975661049,68.69466637875189,16.155088852988694,31.545741324921135,10.809876888498412,4.9800796812749,7.587253414264036,8.857395925597874,58.683864404592214,5.321979776476849,3.435245620061834,8.101601196356748,21.573428306303246,23.7614963624332,35.957069051008496,16.611295681063122,25.974025974025974,7.122561254280123,12.062726176115802
outgroup_trust|WVS_G,35.891425127970805,31.25,31.347962382445143,38.75968992248062,33.95650769225645,56.32020641403894,51.857836071841575,78.39480690936628,93.45794392523365,42.028460683865134,40.62918655731828,38.15319231140732,56.96661828737301,93.61367373892182,62.12129672762143,37.52178424523243,36.76470588235294,39.88768904236279,34.19167419749111,56.891742722719684,32.28836444757543,41.25765279651344,72.41451427376346,9999.0,43.94645010185455,32.20583535427593,60.516217543715015,34.41735438570046,9999.0,44.56749587252119,34.24657534246575,28.011204481792713,0.0,9999.0,43.53834852990775,39.20941276846685,30.030030030030026,92.59259259259258,37.735849056603776,54.34782608695652,38.821081370291125,32.99128416306761,35.59845789605675,36.86860040739059,86.69506888638493,33.33318425826956,31.44645010185455,35.08771929824561,23.86634844868735,51.772700844225916,57.537829254623574,35.587188612099645,38.46153846153846,35.13376573607284,40.07393065790852
perceived_corruption|WVS_E,9999.0,9999.0,9999.0,9999.0,9999.0,9999.0,9999.0,9999.0,9999.0,9999.0,9999.0,9999.0,9999.0,9999.0,9999.0,9999.0,9999.0,9999.0,9999.0,9999.0,9999.0,9999.0,9999.0,9999.0,9999.0,9999.0,9999.0,9999.0,9999.0,9999.0,9999.0,9999.0,9999.0,0.0,9999.0,9999.0,9999.0,9999.0,9999.0,9999.0,9999.0,9999.0,9999.0,9999.0,9999.0,9999.0,9999.0,9999.0,9999.0,9999.0,9999.0,9999.0,9999.0,9999.0,9999.0
perceived_negative_effects_of_immigration|WVS_G,19.63906823937396,23.12942602187219,32.92523176138654,29.957158478129468,21.472447258578775,36.476960555641945,35.125173308294414,59.04025523556494,81.48782042513128,22.673909010063788,21.274634883516935,19.28614303236975,41.62652239432792,79.08818841733822,42.76674505382008,18.167232571431093,21.11716918617595,26.542765480076326,17.436633863649142,37.537191048918345,15.555701684028266,26.732167474929845,61.096428643314724,9999.0,24.591898428053206,15.801097241109586,41.16166586991367,18.026616528943414,9999.0,25.623698157417213,33.012801199801494,15.52714404811504,43.53834852990775,9999.0,0.0,20.12402694210943,17.00348978365242,83.36094729825814,27.10691344306822,47.07288537303617,19.466529696489786,16.181229773462782,18.033669075706207,20.825522882201675,67.34051721258359,15.89825119236884,12.091898428053206,16.75825400434812,29.74138692969896,31.92945498582892,46.90889364108802,32.13843972917816,41.50117002214101,15.290519877675841,21.47276146745283
perceived_positive_effects_of_immigration|WVS_G,15.579298325376978,19.06965610787521,28.865461847389557,25.628222716688562,15.923566878980893,31.624854039135208,29.910733258185488,54.98048532156796,77.42805051113429,18.614139096066808,17.214864969519954,15.226373118372772,36.58115008188964,74.23608190083148,38.7069751398231,14.107462657434112,17.05739927217897,22.482995566079346,13.376863949652163,33.477421134921364,10.34126163391934,21.88006095842311,56.24432212680799,9999.0,20.532128514056225,10.626992561105206,37.10189595591669,13.966846614946434,9999.0,21.563928243420232,27.838696519797118,11.19820828667413,39.20941276846685,9999.0,20.12402694210943,0.0,12.943719869655439,79.30117738426117,22.61691371820016,42.74394961159527,15.406759782492804,11.135857461024498,13.973899161709227,16.765752968204694,63.280747298586604,11.22334455667789,8.032128514056225,12.69848409035114,24.889280413192225,27.07734846932218,42.418893916219965,27.809503967737253,37.17223426070011,10.438413361169102,17.41299155345585
political_information_sources|WVS_E,11.918951132300357,15.949118949418198,25.744924688932546,20.28397565922921,8.650519031141869,29.785347667783608,25.58270072829501,51.85994816311095,71.47398056488966,15.493601937609796,14.094327811062943,12.10583595991576,31.968449828953855,72.39657552947989,35.58643798136609,10.9869254989771,11.428571428571429,16.528925619834713,8.718395815170009,30.356883976464353,6.013229104028864,20.040554587071508,54.40481575545638,9999.0,17.411591355599214,5.913660555884093,33.98135879745968,9.242144177449168,9999.0,18.44339108496322,23.125364514576003,8.346836975661049,30.030030030030026,9999.0,17.00348978365242,12.943719869655439,0.0,73.34710743801652,16.638935108153078,38.167938931297705,12.286222624035792,6.5231572080887155,9.9304865938431,11.534025374855824,60.16021014012959,7.132667617689016,4.911591355599214,9.577946931894129,23.049774041840628,25.23784209797058,36.44091530617288,19.193857965451055,32.154340836012864,8.598906989817504,14.292454394998838
postmaterialist_values|WVS_E,76.57488702492998,82.30657646402392,92.10238220353827,83.12468080876631,74.63996958921562,90.46909903201787,91.05350549384076,116.561473305315,111.76323676323676,81.85105945221552,80.45178532566867,78.46329347452149,99.12003868089192,111.17955035417307,101.94389549597182,77.34438301358283,77.9197586296744,56.81818181818181,74.87513609445028,96.71434149107009,72.9718263445346,58.8235294117647,93.18779058014958,9999.0,83.76904887020494,69.82208298853291,100.3388163120654,75.10081628265964,9999.0,84.80084859956895,72.61597012781847,68.69466637875189,92.59259259259258,9999.0,83.36094729825814,79.30117738426117,73.34710743801652,0.0,79.96517846039049,100.24040770367303,78.64368013864151,73.67474606002679,76.28191979301593,77.55206230434976,126.51766765473532,74.01664615522874,71.26904887020494,75.84255258516146,76.21483375959079,76.93947144075021,90.60196560196559,85.30596205981502,80.64516129032258,70.26517700901871,78.1401434386509
precautionary_security_behaviors|WVS_H,22.562184826335766,19.342359767891683,22.321428571428573,30.58510328300312,19.085618994818248,36.73854021140312,36.33314806105089,61.848395829733306,82.97662835861371,25.40863285884697,21.321961620469086,21.551549711354916,19.23076923076923,73.49766999103417,45.689861640781885,21.0903491583929,20.663792712639392,28.031573413558768,19.539073984814664,40.460307635880156,16.76367643678475,21.14164904862579,43.859649122807014,9999.0,27.515015015015013,16.9455371314926,44.08478245687547,20.94973311590522,9999.0,28.54681474437902,34.15724109018451,16.155088852988694,37.735849056603776,9999.0,27.10691344306822,22.61691371820016,16.638935108153078,79.96517846039049,0.0,47.70083017790983,22.38964628345159,11.481056257175661,20.956785662668015,16.666666666666668,70.26363379954539,13.477088948787062,15.015015015015013,12.391573729863694,30.002966585460136,32.19103464159009,19.801980198019802,32.76638453405182,42.12911482701467,15.552099533437016,24.395878054414638
