construct,acceptance_of_state_surveillance|WVS_H,authoritarian_governance_tolerance|WVS_E,autocracy_support|WVS_E,basic_needs_deprivation|WVS_H,child_qualities_autonomy_self_expression|WVS_A,child_qualities_conformity_tradition|WVS_A,child_qualities_prosocial_diligence|WVS_A,civic_dishonesty_tolerance|WVS_F,confidence_in_civil_society_organizations|WVS_E,confidence_in_domestic_institutions|WVS_E,confidence_in_international_organizations|WVS_E,crime_victimization|WVS_H,democratic_system_evaluation|WVS_E,democratic_values_importance|WVS_E,economic_ideology|WVS_E,electoral_integrity|WVS_E,existential_threat_worry|WVS_H,familial_duty_obligations|WVS_D,female_income_threat_to_marriage|WVS_D,freedom_security_tradeoff_perception|WVS_H,gender_role_traditionalism|WVS_D,immigrant_origin_status|WVS_G,importance_of_life_domains|WVS_A,institutional_threat_perception|WVS_H,international_organization_knowledge|WVS_E,job_scarcity_gender_discrimination|WVS_C,job_scarcity_nativist_preference|WVS_C,life_autonomy_morality_permissiveness|WVS_F,multilevel_place_attachment|WVS_G,neighborhood_disorder_and_crime|WVS_H,offline_political_participation|WVS_E,online_political_participation|WVS_E,outgroup_trust|WVS_G,perceived_corruption|WVS_E,perceived_negative_effects_of_immigration|WVS_G,perceived_positive_effects_of_immigration|WVS_G,political_information_sources|WVS_E,postmaterialist_values|WVS_E,precautionary_security_behaviors|WVS_H,religion_versus_secularism_orientation|WVS_F,religious_belief|WVS_F,religious_exclusivism|WVS_F,religious_practice_and_self_identification|WVS_F,science_skepticism|WVS_I,science_technology_optimism|WVS_E,sexual_and_reproductive_morality_permissiveness|WVS_F,social_intolerance_outgroups|WVS_A,societal_change_attitudes|WVS_E,socioeconomic_insecurity_worry|WVS_H,subjective_wellbeing|WVS_A,violence_tolerance|WVS_F,voluntary_association_active_membership|WVS_A,voluntary_association_belonging|WVS_A,voting_participation|WVS_E,work_ethic|WVS_C
acceptance_of_state_surveillance|WVS_H,0.0,901.8816711293695,29.631310932214916,9938.786652561052,1.2343928100558301,55.43270178394478,18.098732507705776,0.0,68.06345566650586,36.11876339149066,79.50777308129241,9951.249937470157,107.7600897851469,45.68530645349888,59.13485769365232,366.52416635116924,9946.096594081519,62.23789471871313,28.04820201133566,9952.865968497952,14.637464032272277,0.0,145.05850945932372,9945.912490601811,1.2829173015798148,67.40813757380332,37.53917719511158,0.0,68.35251868364452,9955.487446644927,0.0,5.6760972024311585,45.43431490781711,0.0,7.942224405491729,88.43008843008843,215.0771728400553,881.8816711293695,9953.874371859296,97.81826304813377,175.15717960650312,20.78505660316263,0.0,92.70462686611756,946.8631673775037,0.0,16.04429248021708,9.197936692696722,9964.758601576708,955.983430511214,7.570730286350127,0.0,140.246964377195,63.15271560786389,450.5379014245006
authoritarian_governance_tolerance|WVS_E,901.8816711293695,0.0,9876.364593010812,0.0,280.36708005427664,33.24332856748231,159.23846789908544,275.8671505789772,9905.062334479851,9883.27501965928,9915.436251920122,43.46131167647221,9877.391365417314,9890.975308641975,9903.52411864576,9799.30120951788,143.13196051668544,737.191536607418,885.274753063706,0.5739610578320224,119.51509858969703,0.0,17.62582858622845,91.36504316589712,9913.607044245404,906.8763081885006,197.46431239809593,204.07486901079477,21.206463936532003,133.97158363314838,0.0,9922.153414740862,211.00325768056652,0.0,119.80530097559354,603.253011364545,9921.646900492775,9864.278904208344,0.0,183.68692316912382,322.0338054706585,8.010608935656379,13.316631954481323,0.0,9905.013540422142,38.08305017430828,516.3913624087479,9907.139374741771,64.59758879113717,0.0,894.9815616482283,0.0,0.0,9918.661086157616,96.51203199590299
autocracy_support|WVS_E,29.631310932214916,9876.364593010812,0.0,53.95582356781176,16.26447316693303,639.3877150445114,21.062876237808695,27.678153830339475,9921.923041218866,9908.619479990864,9928.79297929793,32.78781109200668,9877.387283290089,9914.35460542835,9931.694426085041,9843.505243958049,108.56891268451861,76.99746565292783,98.70533579285373,216.1633547175716,189.25477125115583,44.56474746978516,20.72554126840076,31.234667473199593,9945.100025913449,87.67144115702345,128.91453432947392,0.0,436.0929557007988,0.0,0.0,9948.598631398869,213.7117141938743,0.0,127.15520991005098,914.3117574104142,9940.855099215505,9864.274822081119,142.34915546410775,170.78291426653527,329.9224632818907,1.5068096203998778,0.693037821545353,19.69033676350749,9926.371541501976,0.0,60.59539684891588,9923.153200379753,83.41447706379813,7.24019916725355,84.19825178712003,0.0,922.7615000372773,9950.278610303438,46.3813708845168
basic_needs_deprivation|WVS_H,9938.786652561052,0.0,53.95582356781176,0.0,15.002687956570774,153.43912058984483,71.44824089773934,3.2302562432415485,1.4246116210531525,42.166941913055396,0.0,9952.856886585609,45.23352570008467,296.3212182087177,50.423408608488955,511.9801593731253,9936.134502923976,52.86908778063931,278.35831294814295,9942.90387734041,337.9622618592631,0.0,1.6494166834063293,9953.785052192854,29.067560531806436,0.0,121.01823608249313,167.9373463557239,0.0,9960.592562473901,0.0,0.0,0.0,0.0,32.9757389482119,0.0,0.0,79.95269714417698,9947.863765221044,0.0,61.28058041286903,1.3569031236696247,21.06184597425659,0.0,127.15852102060605,587.0320827590544,104.09489889258674,33.763654419066526,9960.54716751964,0.0,14.240220357224047,0.0,0.0,0.0,48.8019275479549
child_qualities_autonomy_self_expression|WVS_A,1.2343928100558301,280.36708005427664,16.26447316693303,15.002687956570774,0.0,9957.559582693386,9966.086349779085,0.0,85.40549049890065,30.796360171066254,40.867053244276335,0.0,438.16065469836076,73.81218736293935,9.468886891671481,79.50721212298058,154.7924520659153,3.3872502056764446,14.82975293737779,121.34304233047007,784.9301537241237,15.570906263628267,9966.462725953292,0.0,0.0,117.63965691806514,27.477579098961,0.0,6.814453968521072,0.0,0.0,0.0,5.948114593238728,0.0,26.810277679719263,42.108961986511815,5.147620647561624,613.018118301422,40.2182554305662,60.92211539687008,31.4557734511324,0.0,0.0,19.32243610818317,40.774804905239684,0.0,9961.264031680515,81.76551978965752,6.045923582031843,9969.935494054509,4.903198565478625,0.0,9948.430134868877,0.0,5.345139925635898
child_qualities_conformity_tradition|WVS_A,55.43270178394478,33.24332856748231,639.3877150445114,153.43912058984483,9957.559582693386,0.0,9949.741002971274,61.10163702826605,0.0,42.72800255886936,943.9487263558085,85.09417775594423,0.0,7.53853534762591,52.726844641121005,160.538617265865,0.0,77.42107628356365,119.02281125837013,9.1918961618004,0.0,82.69492412349555,9952.107575139398,240.45701670447664,82.06489730836603,0.0,421.9165060160872,71.35461262329957,850.1385330277983,250.0319727475926,0.0,73.14519119951393,109.39927863220346,0.0,916.9016757756048,16.270327568624587,954.5907350940801,24.95388531189714,0.0,0.0,26.577163584626632,36.2684972020769,0.0,27.035902451184846,38.72941294092304,18.069370653416975,9938.128770156733,66.81713784576297,19.46577833970734,9956.296800310252,14.813771614248544,0.0,9925.294873345094,146.4181590910214,222.30658318330677
child_qualities_prosocial_diligence|WVS_A,18.098732507705776,159.23846789908544,21.062876237808695,71.44824089773934,9966.086349779085,9949.741002971274,0.0,4.841417572055931,60.0759802104159,96.54880478398577,23.551884969061163,11.941218032765605,813.117194593474,74.3269409741611,10.017437189712417,208.18191766145065,172.3031529922333,17.98153469239935,41.0238110444615,47.83505002563052,943.7778894106376,84.82930326943877,9962.801780874952,4.77604488299675,0.0,35.48692509639778,84.21847132430739,0.0,91.92834456716758,0.0,0.0,0.0,68.79773548828939,0.0,137.23458994280986,466.2665490965749,0.0,890.9138242935961,33.83659495359303,39.915925337796764,71.10833447830747,0.0,0.0,8.795120307118147,39.88422817734238,0.0,9953.444484345422,243.0642358683284,3.3340180925977307,9966.344340521087,28.981577865154215,0.0,9940.610587533783,0.0,7.319799244935453
civic_dishonesty_tolerance|WVS_F,0.0,275.8671505789772,27.678153830339475,3.2302562432415485,0.0,61.10163702826605,4.841417572055931,0.0,956.6382302522813,2.84310032995468,78.17229412310415,0.0,904.4968096694475,32.37322271680119,10.350344216977163,133.77266507424952,439.39104761431156,0.0,8.743433600784243,59.43149471174891,108.94969001430087,21.222879446143402,6.5124870025985615,0.0,0.0,84.03448244194323,27.722846451097,9976.6516959274,0.0,0.0,0.0,0.0,0.0,0.0,27.108771498854054,3.30463815037038,11.321304882857177,891.3843484604786,3.136739112886218,9953.498103299951,9946.812880362779,9969.473478856902,9976.05132041981,22.553599233441126,18.355171865611446,9977.036444179252,5.18318409784019,54.95576805394479,18.478688501682445,9.382987981022403,9960.054046823196,0.0,14.660500100846875,0.0,7.871339508660654
confidence_in_civil_society_organizations|WVS_E,68.06345566650586,9905.062334479851,9921.923041218866,1.4246116210531525,85.40549049890065,0.0,60.0759802104159,956.6382302522813,0.0,9919.234328046814,9966.298804290396,68.50368562657724,9894.607871865739,9924.9694534843,9942.807562103388,9844.017763011794,63.942014228079856,253.5331913392495,358.31714604170946,253.25976396397277,11.11655500418231,20.01835209989232,29.80027665058416,542.7246166158375,9953.112251438033,0.0,241.6948774230372,49.94904520562247,363.6028544192692,53.039952045291685,0.0,9966.516664102635,215.68557713696237,0.0,127.07728130124985,26.159679058432715,9969.747486642926,9877.245163565087,29.978021775329232,0.0,432.77972251307693,47.51291208170824,100.44553098528903,71.05421839745301,9955.199045205622,34.60275223632543,249.6325025312562,9960.937428316092,0.0,6.942099875745868,72.53073730105419,0.0,231.63874640458872,9969.80253620129,26.482627676929894
confidence_in_domestic_institutions|WVS_E,36.11876339149066,9883.27501965928,9908.619479990864,42.166941913055396,30.796360171066254,42.72800255886936,96.54880478398577,2.84310032995468,9919.234328046814,0.0,9927.466205587876,8.520622742614549,9885.123175200051,9922.090497338313,9934.203507546657,9831.556096497932,210.42245165330456,72.07369065076574,100.17328712343377,159.11341579790778,39.752577932289654,45.707451922253526,145.95838770479918,27.75578544349682,9942.125586416976,14.506245680696225,162.73197725837355,5.818187650838581,60.7002383040914,2.598607125588906,0.0,9946.77256054147,73.01811627597368,0.0,151.41915500767175,66.97518555226065,9938.108214326146,9872.010713991082,24.74357220132387,24.477179817886793,103.40233512438593,52.114297236148886,0.0,115.56340674590844,9930.503772906935,0.0,108.83143457398471,9920.4644872077,103.81511969871839,264.3949247036091,22.005273973819115,0.0,535.8123525771609,9948.117456504906,230.67143920392704
confidence_in_international_organizations|WVS_E,79.50777308129241,9915.436251920122,9928.79297929793,0.0,40.867053244276335,943.9487263558085,23.551884969061163,78.17229412310415,9966.298804290396,9927.466205587876,0.0,67.67957374656575,9901.19940700093,9933.201331025362,9949.67750018245,9850.609298146985,59.38250516464826,30.08712417406403,930.404475425121,0.0,41.485264052416376,0.0,0.46967652589114905,361.08085763338096,9959.982189517097,18.36403428045312,55.75576349362884,8.343748524163239,953.5277228877931,18.13962419583426,0.0,9973.108199237826,944.4993344943751,0.0,24.24120700883104,290.3013401502828,9976.339021778116,9887.247609347593,0.0,29.674806370324127,72.70459098160087,0.0,0.0,0.37302625991633676,9961.790580340814,0.0,314.09440803681713,9967.528963451283,0.0,0.0,347.54332506782373,0.0,74.08886739836512,9976.394071336481,4.511354806488367
crime_victimization|WVS_H,9951.249937470157,43.46131167647221,32.78781109200668,9952.856886585609,0.0,85.09417775594423,11.941218032765605,0.0,68.50368562657724,8.520622742614549,67.67957374656575,0.0,910.1743320821074,54.66853594080024,46.973962674327936,100.87628652455032,9948.597787833081,5.881103513630535,9.520356147040033,9959.942350457743,50.632717663065534,0.0,82.15813896436578,9965.445406986555,6.546822039190246,15.724823851128,11.027441271493501,0.0,0.0,9972.252917267602,0.0,10.1378936687383,0.0,0.0,0.0,4.922335614197856,278.30426832596476,241.88945708003502,9969.054571603065,105.26718378476806,28.069140334775575,20.574000961119182,0.0,440.3664433272131,188.1130693238752,0.0,0.0,9.789692364609124,9972.207522313342,166.9358358795286,0.0,0.0,0.0,0.0,52.804011409049096
democratic_system_evaluation|WVS_E,107.7600897851469,9877.391365417314,9877.387283290089,45.23352570008467,438.16065469836076,0.0,813.117194593474,904.4968096694475,9894.607871865739,9885.123175200051,9901.19940700093,910.1743320821074,0.0,9892.823464182746,9902.971310845882,9800.323899797157,81.021227984283,905.706358814855,341.6683631499308,30.65899687490993,0.0,920.1197604790419,432.70864714437437,324.69468018814894,9910.8933897162,0.0,887.5464705767617,741.6941587204824,60.99957313484731,150.16110909948193,0.0,9915.590348714337,890.2707680600465,0.0,876.7926988265972,261.1858229899713,9908.280584822414,9866.127059749115,0.0,0.0,323.88196101142876,72.5916392556525,2.0723549212793984,34.07648925089323,9906.861695962913,130.30427348569648,892.414052688024,9900.25183595074,0.0,200.83404619332765,114.22102153682471,0.0,0.36072433446359753,9916.88525980413,905.3215954443278
democratic_values_importance|WVS_E,45.68530645349888,9890.975308641975,9914.35460542835,296.3212182087177,73.81218736293935,7.53853534762591,74.3269409741611,32.37322271680119,9924.9694534843,9922.090497338313,9933.201331025362,54.66853594080024,9892.823464182746,0.0,9939.938632984144,9837.291221935418,103.85811185014998,81.56256984200664,93.5817561664679,36.08426293840634,8.237809798044125,259.08069378539875,69.94245828996563,98.84148950589885,9947.860711854464,10.116760526283016,405.30920795901864,21.08572328298758,840.3911376973524,19.08642073511905,0.0,9952.507685978959,177.2380901983093,0.0,740.4876137784922,91.71720098737191,9943.843339763635,9879.711002973776,0.0,8.575089243834086,95.40119682560932,15.724880549093896,0.0,22.783012615244438,9936.238898344422,0.0,185.79163123654308,9926.199612645187,94.86955024998093,62.491933715438115,31.823281926361886,0.0,101.73266319983321,9953.852581942394,111.78044300631944
economic_ideology|WVS_E,59.13485769365232,9903.52411864576,9931.694426085041,50.423408608488955,9.468886891671481,52.726844641121005,10.017437189712417,10.350344216977163,9942.807562103388,9934.203507546657,9949.67750018245,46.973962674327936,9902.971310845882,9939.938632984144,0.0,9854.63104259211,219.86722595459764,18.88925526402562,61.20324095108285,12.21059358933256,177.96425996064454,121.00482390986159,1.3807650437448729,22.89781955229931,9960.164640194598,361.28820247870283,547.6490286157082,0.0,203.6290107451156,0.0,0.0,9964.620696187301,86.40992393606483,0.0,924.9923890642453,183.7982239905977,9961.739620100027,9889.858849636912,4.337380326353994,608.3341018177227,43.885307198156696,0.0,0.0,0.0,9948.351908552766,0.0,55.4168476568893,9944.037721264274,0.21863340813675336,0.0,28.0375321926509,0.0,278.7148848782342,9965.965592150738,5.858667460070151
electoral_integrity|WVS_E,366.52416635116924,9799.30120951788,9843.505243958049,511.9801593731253,79.50721212298058,160.538617265865,208.18191766145065,133.77266507424952,9844.017763011794,9831.556096497932,9850.609298146985,100.87628652455032,9800.323899797157,9837.291221935418,9854.63104259211,0.0,154.08617435287687,630.2759625018762,843.0705237284931,209.23477531564828,396.63477832936985,25.0398835753316,451.2522906027932,90.4601526422891,9868.036642420517,89.7341757448342,310.65032267919196,56.296967873290825,243.64495682325142,0.0,0.0,9871.535247905937,620.1648142174258,0.0,287.24597661474735,837.2483739174821,9861.39896861209,9787.211438588187,78.59544366594056,65.09985828168621,836.192413122292,422.8561245401662,873.8784105475188,855.325534851786,9846.689621263482,138.02142904380236,203.35959956288042,9845.24792217268,177.16412843419164,698.1506718834719,857.8811369509044,0.0,139.81576360316876,9873.215226810506,631.0218749019239
existential_threat_worry|WVS_H,9946.096594081519,143.13196051668544,108.56891268451861,9936.134502923976,154.7924520659153,0.0,172.3031529922333,439.39104761431156,63.942014228079856,210.42245165330456,59.38250516464826,9948.597787833081,81.021227984283,103.85811185014998,219.86722595459764,154.08617435287687,0.0,87.40313972443671,917.3045379989065,9950.213818860877,296.66440342211314,0.0,400.87338299515494,9937.209642915912,192.07501911063076,0.0,55.928002087383945,330.36072544390686,162.24714464951643,9946.784598959028,0.0,307.4123386075226,233.1606167212148,0.0,29.908071372831728,16.23517725212639,188.57290632760837,40.51984407294037,9951.222222222223,0.0,27.89209043690491,420.2493090824905,0.0,77.1569734929826,20.54689560302492,70.17802308306078,89.26234874912078,58.61745558865718,9962.106451939633,122.82280629786854,93.19613271839219,0.0,71.88768082272404,28.743323488132106,114.552418454093
familial_duty_obligations|WVS_D,62.23789471871313,737.191536607418,76.99746565292783,52.86908778063931,3.3872502056764446,77.42107628356365,17.98153469239935,0.0,253.5331913392495,72.07369065076574,30.08712417406403,5.881103513630535,905.706358814855,81.56256984200664,18.88925526402562,630.2759625018762,87.40313972443671,0.0,9936.938288920057,23.588471150221267,9945.564348070966,66.29664134349126,11.500325481085461,6.612612287050872,4.786799130458064,617.9835286842623,428.4601935464743,0.0,15.417750536904165,0.0,0.0,0.0,24.52345901774062,0.0,931.6877152698048,62.11276064602413,4.471062454302434,480.82919172353314,6.402924866425323,948.3627613566156,23.299852790491542,1.226482435762584,0.0,14.653048814539495,18.795382385860364,0.0,35.468679495307775,368.3997141364998,0.0,1.622206304585582,15.587033859459112,0.0,105.96811601700249,0.0,6.310803186441653
female_income_threat_to_marriage|WVS_D,28.04820201133566,885.274753063706,98.70533579285373,278.35831294814295,14.82975293737779,119.02281125837013,41.0238110444615,8.743433600784243,358.31714604170946,100.17328712343377,930.404475425121,9.520356147040033,341.6683631499308,93.5817561664679,61.20324095108285,843.0705237284931,917.3045379989065,9936.938288920057,0.0,181.79336600450125,9918.595997108077,23.35084677157954,57.693278796142,16.01751938425913,14.595375613963775,187.50640579154856,122.85446719890109,0.0,93.38839420140233,0.0,0.0,4.638215733606003,78.07785976518485,0.0,130.55140755489188,131.38071605813542,77.60173047783164,874.0104473955074,46.01304911553341,356.17701908937863,129.48568056894518,18.117202172799544,0.0,53.484094220903636,165.06164584624418,0.0,65.7396239877817,65.60976692947919,943.1809027684541,57.75654168237647,35.55061654081183,0.0,356.10938850337425,9.640999433141545,86.80725689281257
freedom_security_tradeoff_perception|WVS_H,9952.865968497952,0.5739610578320224,216.1633547175716,9942.90387734041,121.34304233047007,9.1918961618004,47.83505002563052,59.43149471174891,253.25976396397277,159.11341579790778,0.0,9959.942350457743,30.65899687490993,36.08426293840634,12.21059358933256,209.23477531564828,9950.213818860877,23.588471150221267,181.79336600450125,0.0,779.6242540290226,0.0,0.0,9957.796031897116,14.744741425168648,114.97786087182712,60.054670372738954,14.97954262154498,945.1009248438154,9967.370987940232,0.0,0.0,197.44904284593767,0.0,10.779367259607483,78.56977236509871,0.0,11.594154713560059,9964.539236395867,83.22446911647404,12.888498805423154,0.0,0.0,0.0,0.0,0.0,943.1820710636587,31.045657925956412,9968.875826356067,0.0,53.642305769690324,0.0,21.68832179983559,0.0,0.0
gender_role_traditionalism|WVS_D,14.637464032272277,119.51509858969703,189.25477125115583,337.9622618592631,784.9301537241237,0.0,943.7778894106376,108.94969001430087,11.11655500418231,39.752577932289654,41.485264052416376,50.632717663065534,0.0,8.237809798044125,177.96425996064454,396.63477832936985,296.66440342211314,9945.564348070966,9918.595997108077,779.6242540290226,0.0,8.282930614410809,167.9699041830231,283.8841155935432,172.39593342227522,0.0,116.54421597293548,281.63462838980183,327.6130321300067,866.4492016321651,0.0,439.76860005513095,246.46925912120412,0.0,89.46870739323572,59.207440190315225,20.28488223382145,130.71687973736317,6.122853468798468,1.357573927511794,273.66876848199297,227.63774556227384,12.262910601589034,197.3817535474991,666.5462192533563,797.7723797687644,558.1939622932757,13.554443633668072,0.0,56.73001336421908,46.90335958476253,0.0,83.40006186646389,34.43156353087693,73.5539447492134
immigrant_origin_status|WVS_G,0.0,0.0,44.56474746978516,0.0,15.570906263628267,82.69492412349555,84.82930326943877,21.222879446143402,20.01835209989232,45.707451922253526,0.0,0.0,920.1197604790419,259.08069378539875,121.00482390986159,25.0398835753316,0.0,66.29664134349126,23.35084677157954,0.0,8.282930614410809,0.0,10.870412109831179,5.019917637998333,140.08144306906954,63.79495726971852,0.0,70.6104972470767,9956.46678289241,1.767547679523659,0.0,26.124182319366295,9947.438394498993,0.0,9951.422691255873,9935.690274198241,0.0,2.245394508168218,0.0,127.82789607284218,38.548412890980146,41.766680599862006,55.42057056954144,4.985486937934397,0.0,33.85323675827445,6.486627082828882,0.0,0.0,0.9110388499372775,73.43360458463624,0.0,0.0,8.805658813625318,5.07529427108647
importance_of_life_domains|WVS_A,145.05850945932372,17.62582858622845,20.72554126840076,1.6494166834063293,9966.462725953292,9952.107575139398,9962.801780874952,6.5124870025985615,29.80027665058416,145.95838770479918,0.46967652589114905,82.15813896436578,432.70864714437437,69.94245828996563,1.3807650437448729,451.2522906027932,400.87338299515494,11.500325481085461,57.693278796142,0.0,167.9699041830231,10.870412109831179,0.0,22.411095833788572,0.0,19.334139741374408,941.5324163251981,0.0,198.71412895523378,0.0,0.0,0.0,131.69436619187152,0.0,133.43918333154753,942.317331791016,0.0,143.2803964617213,4.734635653186778,23.546785377575475,34.11316861655163,0.0,0.0,0.0,3.511331582530879,0.0,9953.107149376014,50.275355718642444,0.0,9972.446305444573,42.741987256648535,0.0,9940.273252564375,0.0,0.0
institutional_threat_perception|WVS_H,9945.912490601811,91.36504316589712,31.234667473199593,9953.785052192854,0.0,240.45701670447664,4.77604488299675,0.0,542.7246166158375,27.75578544349682,361.08085763338096,9965.445406986555,324.69468018814894,98.84148950589885,22.89781955229931,90.4601526422891,9937.209642915912,6.612612287050872,16.01751938425913,9957.796031897116,283.8841155935432,5.019917637998333,22.411095833788572,0.0,0.0,390.08590490249173,18.65352428744235,0.0,0.0,9973.181082874848,0.0,0.0,1.553470774592192,0.0,10.862119383860787,18.57935331344983,29.430196594524254,294.91555231251334,9966.90825304244,540.5844896635066,31.134058078773023,6.958558830241785,0.0,76.97217731174402,88.54374636350153,0.0,0.0,30.907451583889127,9973.135687920587,23.729923274483404,0.0,0.0,0.0,0.0,23.04007000314796
international_organization_knowledge|WVS_E,1.2829173015798148,9913.607044245404,9945.100025913449,29.067560531806436,0.0,82.06489730836603,0.0,0.0,9953.112251438033,9942.125586416976,9959.982189517097,6.546822039190246,9910.8933897162,9947.860711854464,9960.164640194598,9868.036642420517,192.07501911063076,4.786799130458064,14.595375613963775,14.744741425168648,172.39593342227522,140.08144306906954,0.0,0.0,0.0,39.67198785854712,69.38796177744985,0.0,65.88751205800438,0.0,0.0,9974.784416008402,40.24812518767127,0.0,110.73567489011995,156.1511971698597,9972.044309434672,9897.78092850723,9.941568168456378,50.01134017197718,27.141243160748616,0.0,0.0,0.0,9957.560751721143,0.0,11.94026681397525,9954.34241059892,1.691577754285099,0.0,9.227162687399662,0.0,947.292898499746,9975.668481627723,0.0
job_scarcity_gender_discrimination|WVS_C,67.40813757380332,906.8763081885006,87.67144115702345,0.0,117.63965691806514,0.0,35.48692509639778,84.03448244194323,0.0,14.506245680696225,18.36403428045312,15.724823851128,0.0,10.116760526283016,361.28820247870283,89.7341757448342,0.0,617.9835286842623,187.50640579154856,114.97786087182712,0.0,63.79495726971852,19.334139741374408,390.08590490249173,39.67198785854712,0.0,9938.478548101384,50.01339372686539,54.13314018465597,41.47588585296521,0.0,7.241143647860319,59.20370077867718,0.0,192.7060698247139,0.0,0.0,84.14080322817072,0.0,0.0,48.53622495735834,44.76461733780687,7.013472947906486,77.27944751735764,957.0130189142717,102.52489371539409,160.16869846212762,26.85396612730632,0.0,3.4437192720407594,16.9537335660944,0.0,262.9381965552178,257.3307956242248,9964.946908134045
job_scarcity_nativist_preference|WVS_C,37.53917719511158,197.46431239809593,128.91453432947392,121.01823608249313,27.477579098961,421.9165060160872,84.21847132430739,27.722846451097,241.6948774230372,162.73197725837355,55.75576349362884,11.027441271493501,887.5464705767617,405.30920795901864,547.6490286157082,310.65032267919196,55.928002087383945,428.4601935464743,122.85446719890109,60.054670372738954,116.54421597293548,0.0,941.5324163251981,18.65352428744235,69.38796177744985,9938.478548101384,0.0,14.489472808635469,130.1291908845275,0.0,0.0,130.65915452534824,130.7179884570645,0.0,24.016068020259198,529.2663599410816,81.08938453835216,291.1006760344595,65.07376892124927,603.19111410707,910.7370277506047,261.8439659288023,81.74146699365346,352.0418266652839,114.85410210715521,97.8500434260909,57.12894674800437,29.203946859740554,19.286549571228548,112.47019497914553,113.57836825752275,0.0,73.87949901496376,293.5874276457143,9942.090239662924
life_autonomy_morality_permissiveness|WVS_F,0.0,204.07486901079477,0.0,167.9373463557239,0.0,71.35461262329957,0.0,9976.6516959274,49.94904520562247,5.818187650838581,8.343748524163239,0.0,741.6941587204824,21.08572328298758,0.0,56.296967873290825,330.36072544390686,0.0,0.0,14.97954262154498,281.63462838980183,70.6104972470767,0.0,0.0,0.0,50.01339372686539,14.489472808635469,0.0,7.733164464526141,0.0,0.0,0.0,3.016015621694237,0.0,42.216566113624935,24.285299507474832,0.0,728.5816975115135,1.4636562702333933,9959.852396514161,9949.482933438223,9973.337494574604,9979.915336137512,0.0,4.355859149935732,9980.900459896953,0.0,107.07982548452162,0.0,0.0,9963.918062540897,0.0,34.03585514246798,0.0,0.0
multilevel_place_attachment|WVS_G,68.35251868364452,21.206463936532003,436.0929557007988,0.0,6.814453968521072,850.1385330277983,91.92834456716758,0.0,363.6028544192692,60.7002383040914,953.5277228877931,0.0,60.99957313484731,840.3911376973524,203.6290107451156,243.64495682325142,162.24714464951643,15.417750536904165,93.38839420140233,945.1009248438154,327.6130321300067,9956.46678289241,198.71412895523378,0.0,65.88751205800438,54.13314018465597,130.1291908845275,7.733164464526141,0.0,0.0,0.0,46.090172763440805,9942.238914709207,0.0,9927.12101471346,9930.490794408455,93.9627066101842,238.36330240206888,101.2719695185505,944.7960608002717,51.747201499463344,117.61843945751993,0.0,198.3345415228102,159.81926815084478,3.0386914359960215,36.32662165045848,292.9939331203858,24.386021383091865,360.3108667411861,18.434365935034194,0.0,0.0,0.0,68.79457816057874
neighborhood_disorder_and_crime|WVS_H,9955.487446644927,133.97158363314838,0.0,9960.592562473901,0.0,250.0319727475926,0.0,0.0,53.039952045291685,2.598607125588906,18.13962419583426,9972.252917267602,150.16110909948193,19.08642073511905,0.0,0.0,9946.784598959028,0.0,0.0,9967.370987940232,866.4492016321651,1.767547679523659,0.0,9973.181082874848,0.0,41.47588585296521,0.0,0.0,0.0,0.0,0.0,0.0,0.0,0.0,0.0,21.55465456927775,0.0,207.52081138593238,9976.483209085556,19.036945347863913,2.722739171140873,0.0,0.0,5.734297451992298,10.264987327220155,0.0,0.0,28.752157503037267,9979.943198201634,0.0,0.0,0.0,0.0,0.0,0.0
offline_political_participation|WVS_E,0.0,0.0,0.0,0.0,0.0,0.0,0.0,0.0,0.0,0.0,0.0,0.0,0.0,0.0,0.0,0.0,0.0,0.0,0.0,0.0,0.0,0.0,0.0,0.0,0.0,0.0,0.0,0.0,0.0,0.0,0.0,0.0,0.0,0.0,0.0,0.0,0.0,0.0,0.0,0.0,0.0,0.0,0.0,0.0,0.0,0.0,0.0,0.0,0.0,0.0,0.0,0.0,0.0,0.0,0.0
online_political_participation|WVS_E,5.6760972024311585,9922.153414740862,9948.598631398869,0.0,0.0,73.14519119951393,0.0,0.0,9966.516664102635,9946.77256054147,9973.108199237826,10.1378936687383,9915.590348714337,9952.507685978959,9964.620696187301,9871.535247905937,307.4123386075226,0.0,4.638215733606003,0.0,439.76860005513095,26.124182319366295,0.0,0.0,9974.784416008402,7.241143647860319,130.65915452534824,0.0,46.090172763440805,0.0,0.0,0.0,31.21540235228848,0.0,948.7014910634937,297.2924241679177,9976.556881590353,9902.477887505367,0.0,11.88816505728117,6.251893659175124,0.0,0.0,0.0,9962.008440153051,0.0,2.385090719284385,9967.746823263522,0.0,0.0,4.46830032533429,0.0,720.0222732159344,9979.983568106882,0.0
outgroup_trust|WVS_G,45.43431490781711,211.00325768056652,213.7117141938743,0.0,5.948114593238728,109.39927863220346,68.79773548828939,0.0,215.68557713696237,73.01811627597368,944.4993344943751,0.0,890.2707680600465,177.2380901983093,86.40992393606483,620.1648142174258,233.1606167212148,24.52345901774062,78.07785976518485,197.44904284593767,246.46925912120412,9947.438394498993,131.69436619187152,1.553470774592192,40.24812518767127,59.20370077867718,130.7179884570645,3.016015621694237,9942.238914709207,0.0,0.0,31.21540235228848,0.0,0.0,9918.092626320044,9925.195242180373,170.1702390691255,877.1583068510777,34.89677029286903,131.8461037794028,64.21758460481695,61.90386461726202,0.0,344.2724031146761,143.984699100264,0.0,54.38374843932182,135.21638989262033,132.9927612728095,173.5047005699904,29.092619718058643,0.0,48.23792011350449,0.0,81.98841198938307
perceived_corruption|WVS_E,0.0,0.0,0.0,0.0,0.0,0.0,0.0,0.0,0.0,0.0,0.0,0.0,0.0,0.0,0.0,0.0,0.0,0.0,0.0,0.0,0.0,0.0,0.0,0.0,0.0,0.0,0.0,0.0,0.0,0.0,0.0,0.0,0.0,0.0,0.0,0.0,0.0,0.0,0.0,0.0,0.0,0.0,0.0,0.0,0.0,0.0,0.0,0.0,0.0,0.0,0.0,0.0,0.0,0.0,0.0
perceived_negative_effects_of_immigration|WVS_G,7.942224405491729,119.80530097559354,127.15520991005098,32.9757389482119,26.810277679719263,916.9016757756048,137.23458994280986,27.108771498854054,127.07728130124985,151.41915500767175,24.24120700883104,0.0,876.7926988265972,740.4876137784922,924.9923890642453,287.24597661474735,29.908071372831728,931.6877152698048,130.55140755489188,10.779367259607483,89.46870739323572,9951.422691255873,133.43918333154753,10.862119383860787,110.73567489011995,192.7060698247139,24.016068020259198,42.216566113624935,9927.12101471346,0.0,0.0,948.7014910634937,9918.092626320044,0.0,0.0,9906.344506019292,30.672471084098305,192.76332385927898,25.880635181106314,606.4186358304005,823.0554585648443,942.4908424908425,175.29960859214225,85.66150525135954,60.84066228993766,319.93278400464027,50.37295344117304,6.816522792874977,0.0,30.50344795328286,98.578395046309,0.0,35.956778148521764,951.9873631621483,105.04792011641328
perceived_positive_effects_of_immigration|WVS_G,88.43008843008843,603.253011364545,914.3117574104142,0.0,42.108961986511815,16.270327568624587,466.2665490965749,3.30463815037038,26.159679058432715,66.97518555226065,290.3013401502828,4.922335614197856,261.1858229899713,91.71720098737191,183.7982239905977,837.2483739174821,16.23517725212639,62.11276064602413,131.38071605813542,78.56977236509871,59.207440190315225,9935.690274198241,942.317331791016,18.57935331344983,156.1511971698597,0.0,529.2663599410816,24.285299507474832,9930.490794408455,21.55465456927775,0.0,297.2924241679177,9925.195242180373,0.0,9906.344506019292,0.0,470.1162812193814,404.01878088431624,8.166956508375158,0.0,42.334329168929926,215.53673338585776,0.0,533.0523817918776,105.68757575021394,22.626837582838903,184.7487832186061,140.15579566612794,279.1393778141629,779.8398902952023,12.43341311513467,0.0,128.27058744351956,0.0,311.61643993502395
political_information_sources|WVS_E,215.0771728400553,9921.646900492775,9940.855099215505,0.0,5.147620647561624,954.5907350940801,0.0,11.321304882857177,9969.747486642926,9938.108214326146,9976.339021778116,278.30426832596476,9908.280584822414,9943.843339763635,9961.739620100027,9861.39896861209,188.57290632760837,4.471062454302434,77.60173047783164,0.0,20.28488223382145,0.0,0.0,29.430196594524254,9972.044309434672,0.0,81.08938453835216,0.0,93.9627066101842,0.0,0.0,9976.556881590353,170.1702390691255,0.0,30.672471084098305,470.1162812193814,0.0,9895.168123613445,0.906856089403739,1.7199424720510876,18.57751575837137,0.0,0.0,0.0,9965.239262693342,0.0,37.8984420619172,9970.977645803812,0.0,0.0,63.94935620898828,0.0,136.733656063867,9979.842753689009,0.0
postmaterialist_values|WVS_E,881.8816711293695,9864.278904208344,9864.274822081119,79.95269714417698,613.018118301422,24.95388531189714,890.9138242935961,891.3843484604786,9877.245163565087,9872.010713991082,9887.247609347593,241.88945708003502,9866.127059749115,9879.711002973776,9889.858849636912,9787.211438588187,40.51984407294037,480.82919172353314,874.0104473955074,11.594154713560059,130.71687973736317,2.245394508168218,143.2803964617213,294.91555231251334,9897.78092850723,84.14080322817072,291.1006760344595,728.5816975115135,238.36330240206888,207.52081138593238,0.0,9902.477887505367,877.1583068510777,0.0,192.76332385927898,404.01878088431624,9895.168123613445,0.0,0.0,48.49099356930127,275.98689110680766,110.9548129128469,8.672650682178116,25.482100331080943,9893.749234753945,101.16617125108655,504.301591479055,9887.139374741771,332.67413768313634,51.26103061335658,318.4998646756819,0.0,30.700761644159485,9903.772798595162,225.54246756869225
precautionary_security_behaviors|WVS_H,9953.874371859296,0.0,142.34915546410775,9947.863765221044,40.2182554305662,0.0,33.83659495359303,3.136739112886218,29.978021775329232,24.74357220132387,0.0,9969.054571603065,0.0,0.0,4.337380326353994,78.59544366594056,9951.222222222223,6.402924866425323,46.01304911553341,9964.539236395867,6.122853468798468,0.0,4.734635653186778,9966.90825304244,9.941568168456378,0.0,65.07376892124927,1.4636562702333933,101.2719695185505,9976.483209085556,0.0,0.0,34.89677029286903,0.0,25.880635181106314,8.166956508375158,0.906856089403739,0.0,0.0,0.0,0.0,0.0,0.0,0.0,0.0,0.0,352.29429220898203,142.95025728987997,9969.88422971741,0.0,0.0,0.0,0.0,1.5184684462291393,2.795819927691973
religion_versus_secularism_orientation|WVS_F,97.81826304813377,183.68692316912382,170.78291426653527,0.0,60.92211539687008,0.0,39.915925337796764,9953.498103299951,0.0,24.477179817886793,29.674806370324127,105.26718378476806,0.0,8.575089243834086,608.3341018177227,65.09985828168621,0.0,948.3627613566156,356.17701908937863,83.22446911647404,1.357573927511794,127.82789607284218,23.546785377575475,540.5844896635066,50.01134017197718,0.0,603.19111410707,9959.852396514161,944.7960608002717,19.036945347863913,0.0,11.88816505728117,131.8461037794028,0.0,606.4186358304005,0.0,1.7199424720510876,48.49099356930127,0.0,0.0,9929.639595560746,9958.165888577654,9958.41651514407,669.5634420944729,542.2942123709387,9965.23745972108,101.65904224559205,25.586775047972722,0.0,15.608147880533402,9937.811662980303,0.0,61.60345155708997,57.157984470197995,32.92287740313526
religious_belief|WVS_F,175.15717960650312,322.0338054706585,329.9224632818907,61.28058041286903,31.4557734511324,26.577163584626632,71.10833447830747,9946.812880362779,432.77972251307693,103.40233512438593,72.70459098160087,28.069140334775575,323.88196101142876,95.40119682560932,43.885307198156696,836.192413122292,27.89209043690491,23.299852790491542,129.48568056894518,12.888498805423154,273.66876848199297,38.548412890980146,34.11316861655163,31.134058078773023,27.141243160748616,48.53622495735834,910.7370277506047,9949.482933438223,51.747201499463344,2.722739171140873,0.0,6.251893659175124,64.21758460481695,0.0,823.0554585648443,42.334329168929926,18.57751575837137,275.98689110680766,0.0,9929.639595560746,0.0,9942.926644795542,9951.41695686628,31.90329685682204,26.310714249767614,9951.911003174888,136.64048597508673,767.343215007297,16.528652038037897,22.490279364255898,9931.12644004313,0.0,919.7830934847829,0.0,32.81271609565634
religious_exclusivism|WVS_F,20.78505660316263,8.010608935656379,1.5068096203998778,1.3569031236696247,0.0,36.2684972020769,0.0,9969.473478856902,47.51291208170824,52.114297236148886,0.0,20.574000961119182,72.5916392556525,15.724880549093896,0.0,422.8561245401662,420.2493090824905,1.226482435762584,18.117202172799544,0.0,227.63774556227384,41.766680599862006,0.0,6.958558830241785,0.0,44.76461733780687,261.8439659288023,9973.337494574604,117.61843945751993,0.0,0.0,0.0,61.90386461726202,0.0,942.4908424908425,215.53673338585776,0.0,110.9548129128469,0.0,9958.165888577654,9942.926644795542,0.0,9973.388992238117,0.0,0.0,9974.343868890839,17.562319508614337,307.3637608977674,0.0,0.0,9956.739845470398,0.0,162.94812941166572,0.0,0.0
religious_practice_and_self_identification|WVS_F,0.0,13.316631954481323,0.693037821545353,21.06184597425659,0.0,0.0,0.0,9976.05132041981,100.44553098528903,0.0,0.0,0.0,2.0723549212793984,0.0,0.0,873.8784105475188,0.0,0.0,0.0,0.0,12.262910601589034,55.42057056954144,0.0,0.0,0.0,7.013472947906486,81.74146699365346,9979.915336137512,0.0,0.0,0.0,0.0,0.0,0.0,175.29960859214225,0.0,0.0,8.672650682178116,0.0,9958.41651514407,9951.41695686628,9973.388992238117,0.0,0.0,0.0,9980.373587417595,2.8473513171742084,94.36574862570791,0.0,0.0,9963.317687033306,0.0,478.4504561004319,0.0,0.0
science_skepticism|WVS_I,92.70462686611756,0.0,19.69033676350749,0.0,19.32243610818317,27.035902451184846,8.795120307118147,22.553599233441126,71.05421839745301,115.56340674590844,0.37302625991633676,440.3664433272131,34.07648925089323,22.783012615244438,0.0,855.325534851786,77.1569734929826,14.653048814539495,53.484094220903636,0.0,197.3817535474991,4.985486937934397,0.0,76.97217731174402,0.0,77.27944751735764,352.0418266652839,0.0,198.3345415228102,5.734297451992298,0.0,0.0,344.2724031146761,0.0,85.66150525135954,533.0523817918776,0.0,25.482100331080943,0.0,669.5634420944729,31.90329685682204,0.0,0.0,0.0,0.0,0.0,69.87247786611029,122.58244015148429,0.0,0.0,29.098144670907374,0.0,7.111202695720749,4.041235694773334,0.0
science_technology_optimism|WVS_E,946.8631673775037,9905.013540422142,9926.371541501976,127.15852102060605,40.774804905239684,38.72941294092304,39.88422817734238,18.355171865611446,9955.199045205622,9930.503772906935,9961.790580340814,188.1130693238752,9906.861695962913,9936.238898344422,9948.351908552766,9846.689621263482,20.54689560302492,18.795382385860364,165.06164584624418,0.0,666.5462192533563,0.0,3.511331582530879,88.54374636350153,9957.560751721143,957.0130189142717,114.85410210715521,4.355859149935732,159.81926815084478,10.264987327220155,0.0,9962.008440153051,143.984699100264,0.0,60.84066228993766,105.68757575021394,9965.239262693342,9893.749234753945,0.0,542.2942123709387,26.310714249767614,0.0,0.0,0.0,0.0,0.0,251.88127090301003,9956.42920436651,0.0,0.0,54.40796751671196,0.0,148.16809956493316,9965.294312251706,4.29283274655468
sexual_and_reproductive_morality_permissiveness|WVS_F,0.0,38.08305017430828,0.0,587.0320827590544,0.0,18.069370653416975,0.0,9977.036444179252,34.60275223632543,0.0,0.0,0.0,130.30427348569648,0.0,0.0,138.02142904380236,70.17802308306078,0.0,0.0,0.0,797.7723797687644,33.85323675827445,0.0,0.0,0.0,102.52489371539409,97.8500434260909,9980.900459896953,3.0386914359960215,0.0,0.0,0.0,0.0,0.0,319.93278400464027,22.626837582838903,0.0,101.16617125108655,0.0,9965.23745972108,9951.911003174888,9974.343868890839,9980.373587417595,0.0,0.0,0.0,0.0,314.43533204119484,0.0,0.0,9964.302810792748,0.0,128.55838687741726,0.0,0.0
