construct,acceptance_of_state_surveillance|WVS_H,authoritarian_governance_tolerance|WVS_E,autocracy_support|WVS_E,basic_needs_deprivation|WVS_H,child_qualities_autonomy_self_expression|WVS_A,child_qualities_conformity_tradition|WVS_A,child_qualities_prosocial_diligence|WVS_A,civic_dishonesty_tolerance|WVS_F,confidence_in_civil_society_organizations|WVS_E,confidence_in_domestic_institutions|WVS_E,confidence_in_international_organizations|WVS_E,crime_victimization|WVS_H,democratic_system_evaluation|WVS_E,democratic_values_importance|WVS_E,economic_ideology|WVS_E,electoral_integrity|WVS_E,existential_threat_worry|WVS_H,familial_duty_obligations|WVS_D,female_income_threat_to_marriage|WVS_D,freedom_security_tradeoff_perception|WVS_H,gender_role_traditionalism|WVS_D,immigrant_origin_status|WVS_G,importance_of_life_domains|WVS_A,institutional_threat_perception|WVS_H,international_organization_knowledge|WVS_E,job_scarcity_gender_discrimination|WVS_C,job_scarcity_nativist_preference|WVS_C,life_autonomy_morality_permissiveness|WVS_F,multilevel_place_attachment|WVS_G,neighborhood_disorder_and_crime|WVS_H,offline_political_participation|WVS_E,online_political_participation|WVS_E,outgroup_trust|WVS_G,perceived_corruption|WVS_E,perceived_negative_effects_of_immigration|WVS_G,perceived_positive_effects_of_immigration|WVS_G,political_information_sources|WVS_E,postmaterialist_values|WVS_E,precautionary_security_behaviors|WVS_H,religion_versus_secularism_orientation|WVS_F,religious_belief|WVS_F,religious_exclusivism|WVS_F,religious_practice_and_self_identification|WVS_F,science_skepticism|WVS_I,science_technology_optimism|WVS_E,sexual_and_reproductive_morality_permissiveness|WVS_F,social_intolerance_outgroups|WVS_A,societal_change_attitudes|WVS_E,socioeconomic_insecurity_worry|WVS_H,subjective_wellbeing|WVS_A,violence_tolerance|WVS_F,voluntary_association_active_membership|WVS_A,voluntary_association_belonging|WVS_A,voting_participation|WVS_E,work_ethic|WVS_C
acceptance_of_state_surveillance|WVS_H,0.0,203.58816927444377,285.2473685807019,167.00412533745867,184.35880878803255,191.95323762966717,213.67521367521368,262.47178400736453,247.1036347847942,233.44556677890012,175.36475869809203,157.0135446947041,182.57976591309924,235.75370217501907,199.13184128870404,170.31425364758698,225.29250684590488,175.55752606643193,144.92753623188406,192.48511480149898,168.8038222306135,150.11223344556677,237.0135446947041,162.4123564467968,168.42725176058508,164.39794773128105,166.11223344556677,175.42868914176933,201.06640813082745,166.39887839670683,184.71430957013425,163.93442622950818,257.12844418518176,205.09046777162717,255.30703864037199,301.38424910114406,167.84272989946749,179.69803226213483,197.64957264957263,177.2125044482768,149.2537313432836,269.0501986276634,192.10126399294973,233.44556677890012,128.2051282051282,172.41379310344828,232.37179487179486,212.2240346878028,310.02331002331005,175.75325908659244,138.88888888888889,187.0286576168929,186.0085964132207,9999.0,195.98379307859432
authoritarian_governance_tolerance|WVS_E,203.58816927444377,0.0,188.61107096401213,70.36782772076889,87.72251117134275,95.31694001297741,168.96031147217232,165.83548639067476,150.46733716810442,136.80926916221034,78.72846108140224,60.377247078014335,85.94346829640946,139.1174045583293,102.49554367201425,73.6779560308972,192.7574072966579,78.92122844974213,71.1437803518452,95.8488171848092,72.16752461392373,53.475935828877,140.37724707801434,65.77605883010702,71.7909541438953,67.76165011459128,69.475935828877,78.79239152507952,104.43011051413768,69.76258078001706,88.07801195344447,127.55000990295107,160.492146568492,108.45417015493742,158.67074102368218,204.7479514844543,71.20643228277771,83.06173464544506,134.90069979870128,80.57620683158703,75.50236754693867,214.06357513992057,95.46496637625995,136.80926916221034,95.67002865588123,75.84730048212084,199.83669532254788,115.58773707111303,277.48821047406307,79.11696146990263,64.69928038555489,145.92490275820626,144.94681199138313,9999.0,99.34749546190451
autocracy_support|WVS_E,285.2473685807019,188.61107096401213,0.0,152.02702702702703,169.38171047760088,176.97613931923553,250.61951077843045,247.4946856969329,232.12653647436255,218.46846846846847,160.3876603876604,142.03644638427247,167.6026676026676,220.77660386458743,184.1547429782724,155.33715533715534,274.41660660291603,160.58042775600026,152.80297965810334,177.50801649106734,153.82672392018185,135.13513513513513,222.03644638427247,147.43525813636515,153.45015345015344,149.4208494208494,151.13513513513513,160.45159083133765,186.0893098203958,151.4217800862752,169.7372112597026,209.2092092092092,242.15134587475012,190.11336946119553,240.3299403299403,286.4071507907124,152.86563158903584,164.7209339517032,216.5598991049594,162.23540613784516,157.1615668531968,295.72277444617873,177.12416568251808,218.46846846846847,177.32922796213936,157.506499788379,281.495894628806,197.24693637737116,359.1474097803212,160.77616077616076,146.35847969181302,227.5841020644644,226.60601129764126,9999.0,181.00669476816265
basic_needs_deprivation|WVS_H,167.00412533745867,70.36782772076889,152.02702702702703,0.0,51.13846723435765,58.7328960759923,132.3762675351872,129.25144245368966,113.88329323111931,100.22522522522522,42.14441714441714,23.793203141029228,49.35942435942435,102.53336062134419,65.91149973502914,37.093912093912095,156.1733633596728,42.337184512757034,34.55973641486009,59.264773247824095,35.58348067693862,16.89189189189189,103.79320314102922,29.192014893121904,35.20691020691021,31.177606177606176,32.89189189189189,42.208347588094426,67.84606657715257,33.17853684303196,51.49396801645936,90.96596596596596,123.90810263150689,71.8701262179523,122.0866970866971,168.1639075474692,34.6223883457926,46.477690708459946,98.31665586171617,43.99216289460192,38.91832360995356,177.47953120293545,58.88092243927484,100.22522522522522,59.085984718896114,39.26325654513574,163.25265138556279,79.00369313412791,240.90416653707797,42.53291753291754,28.11523644856978,109.34085882122116,108.362768054398,9999.0,62.76345152491942
child_qualities_autonomy_self_expression|WVS_A,184.35880878803255,87.72251117134275,169.38171047760088,51.13846723435765,0.0,76.08757952656617,149.73095098576107,146.6061259042635,118.02305098394484,117.57990867579909,59.499100594991006,27.932960893854748,66.71410780999821,106.67311837416972,83.26618318560301,54.448595544485954,167.21443236163566,59.69186796333089,51.74248470337855,76.61945669839795,52.93816412751248,34.24657534246575,107.93296089385476,46.546698343695766,52.56159365748407,48.53228962818004,50.24657534246575,59.563031038668285,71.9858243299781,50.53322029360582,66.69265081633537,108.32064941653982,133.33333333333334,76.00988397077782,139.44138053727096,185.51859099804307,51.97707179636646,63.832374159033805,79.36507936507937,59.37950177435789,56.273007060527426,194.83421465350932,63.02068019210036,117.57990867579909,70.12705372085897,56.617939995709605,174.29372038752564,96.35837658470177,251.94523553904082,59.887600983491396,45.46991989914365,126.69554227179503,125.71745150497188,9999.0,80.11813497549328
child_qualities_conformity_tradition|WVS_A,191.95323762966717,95.31694001297741,176.97613931923553,58.7328960759923,76.08757952656617,0.0,157.32537982739575,154.20055474589816,138.83240552332785,125.17433751743374,67.09352943662566,48.74231543323775,74.30853665163288,127.48247291355271,90.86061202723766,62.043024386120614,181.1224756518813,67.28629680496556,59.50884870706861,84.21388554003262,60.532592969147146,41.84100418410041,128.74231543323776,54.141127185330426,60.15602249911873,56.1267184698147,57.84100418410041,67.15745988030295,92.7951788693611,58.127649135240475,76.44308030866789,115.91507825817449,148.85721492371542,96.81923851016083,147.0358093789056,193.11301983967772,59.571500638001126,71.42680300066846,123.2657681539247,68.94127518681044,63.867435902162086,202.428643495144,83.83003473148335,125.17433751743374,84.03509701110463,64.21236883734426,188.20176367777128,103.95280542633644,265.85327882928647,67.48202982512606,53.0643487407783,134.2899711134297,133.31188034660653,9999.0,87.71256381712794
child_qualities_prosocial_diligence|WVS_A,213.67521367521368,168.96031147217232,250.61951077843045,132.3762675351872,149.73095098576107,157.32537982739575,0.0,227.84392620509308,212.47577698252275,198.81770897662864,140.73690089582055,122.38568689243266,92.59259259259258,200.98482564566376,164.50398348643256,135.68639584531553,182.55746411086216,140.92966826416045,123.4567901234568,157.85725699922753,134.17596442834207,115.48437564329532,202.38568689243266,127.78449864452534,133.79939395831363,129.7700899290096,131.48437564329532,140.80083133949785,166.438550328556,131.77102059443538,150.0864517678628,114.9425287356322,156.25,170.46260996935575,220.67918083810054,245.025245025245,109.89010989010988,145.07017445986338,79.36507936507937,142.58464664600535,93.45794392523365,172.41379310344828,157.47340619067828,198.81770897662864,85.47008547008546,137.85574029653918,189.63675213675214,177.59617688553135,267.2882672882673,141.12540128432096,126.70772019997321,144.29361488185017,143.27355367817796,9999.0,161.35593527632284
civic_dishonesty_tolerance|WVS_F,262.47178400736453,165.83548639067476,247.4946856969329,129.25144245368966,146.6061259042635,154.20055474589816,227.84392620509308,0.0,209.35095190102518,195.6928838951311,137.61207581432302,119.2608618109351,144.82708302933023,198.00101929125006,161.37915840493503,132.56157076381797,251.64102202957866,137.8048431826629,130.02739508476597,154.73243191772997,131.05113934684448,112.35955056179776,199.2608618109351,124.65967356302778,130.67456887681607,126.64526484751204,128.35955056179776,137.67600625800029,163.31372524705844,128.64619551293782,146.96162668636524,186.43362463587184,219.37576130141275,167.33778488785816,217.55435575660294,263.63156621737505,130.09004701569847,141.94534937836582,193.78431453162204,139.4598215645078,134.38598227985943,272.94718987284136,154.3485811091807,195.6928838951311,154.553643388802,134.73091521504162,258.72031005546864,174.4713518040338,336.37182520698383,138.0005762028234,123.58289511847565,204.80851749112702,203.8304267243039,9999.0,158.23111019482528
confidence_in_civil_society_organizations|WVS_E,247.1036347847942,150.46733716810442,232.12653647436255,113.88329323111931,118.02305098394484,138.83240552332785,212.47577698252275,209.35095190102518,0.0,180.32473467256074,122.24392659175267,90.09009009009009,129.4589338067599,168.83024757040505,146.01100918236466,117.19342154124763,229.37156155787102,122.43669396009255,113.8996138996139,139.36428269515963,115.68299012427416,96.99140133922742,170.0900900900901,109.29152434045744,115.30641965424573,111.2771156249417,112.99140133922742,122.30785703542995,134.14295352621343,113.27804629036748,128.8497800125707,171.0654754133015,198.78574226400315,138.16701316701318,202.18620653403264,248.26341699480471,114.24467946207076,126.57720015579548,177.93894697799433,121.53663097059322,119.0178330572891,257.1018223192136,125.1778093883357,180.32473467256074,132.2841829170943,119.36276599247127,236.450849583761,159.10320258146345,314.1023647352762,122.63242698025306,108.21474589590531,189.4403682685567,188.46227750173352,9999.0,142.86296097225494
confidence_in_domestic_institutions|WVS_E,233.44556677890012,136.80926916221034,218.46846846846847,100.22522522522522,117.57990867579909,125.17433751743374,198.81770897662864,195.6928838951311,180.32473467256074,0.0,108.58585858585857,90.23464458247066,115.8008658008658,168.9748020627856,132.35294117647058,103.53535353535352,222.61480480111425,108.77862595419847,101.00117785630152,125.70621468926554,102.02492211838006,83.33333333333333,170.23464458247065,95.63345633456333,101.64835164835165,97.61904761904762,99.33333333333333,108.64978902953587,134.287508018594,99.61997828447339,117.9354094579008,157.4074074074074,190.34954407294833,138.31156765939375,188.52813852813853,234.60534898891063,101.06382978723404,112.91913214990137,164.75809730315763,110.43360433604336,105.359765051395,243.9209726443769,125.32236388071627,166.66666666666666,125.52742616033754,105.70469798657717,229.69409282700423,145.44513457556934,307.3456079785194,108.97435897435898,94.55667789001122,175.7823002626626,174.80420949583944,9999.0,129.20489296636086
confidence_in_international_organizations|WVS_E,175.36475869809203,78.72846108140224,160.3876603876604,42.14441714441714,59.499100594991006,67.09352943662566,140.73690089582055,137.61207581432302,122.24392659175267,108.58585858585857,0.0,32.15383650166258,57.72005772005771,110.89399398197754,74.2721330956625,45.45454545454545,164.53399672030616,50.69781787339039,42.92036977549345,67.62540660845745,43.94411403757198,25.25252525252525,112.15383650166258,37.552648253755265,43.56754356754357,39.53823953823954,41.252525252525245,50.568980948727784,76.20669993778593,41.539170203665314,59.85460137709272,99.32659932659932,132.26873599214025,80.23075957858566,130.44733044733044,176.52454090810255,42.98302170642596,54.838324069093304,106.67728922234953,52.352796255235276,47.27895697058692,185.8401645635688,67.2415557999082,108.58585858585857,67.44661807952947,47.6238899057691,171.61328474619614,87.36432649476127,249.26479989771133,50.893550893550895,36.47586980920314,117.70149218185452,116.72340141503136,9999.0,71.12408488555278
crime_victimization|WVS_H,157.0135446947041,60.377247078014335,142.03644638427247,23.793203141029228,27.932960893854748,48.74231543323775,122.38568689243266,119.2608618109351,90.09009009009009,90.23464458247066,32.15383650166258,0.0,39.3688437166698,78.74015748031496,55.92091909227459,27.103331451157537,139.2814714677809,32.346603870002475,23.809523809523807,49.274192605069544,25.592900034184066,6.901311249137336,80.0,19.20143425036735,25.21632956415565,21.18702553485162,22.901311249137336,32.21776694533987,44.052863436123346,23.1879562002774,38.75968992248062,80.97538532321141,108.69565217391305,48.07692307692308,112.09611644394255,158.17332690471463,24.154589371980677,36.48711006570539,87.84885688790425,31.446540880503143,28.92774296719901,167.01173222912354,35.08771929824561,90.23464458247066,42.19409282700422,29.272675902381184,146.36075949367088,69.01311249137336,224.01227464518607,32.54233689016298,18.124655805815227,99.35027817846661,98.37218741164345,9999.0,52.77287088216486
democratic_system_evaluation|WVS_E,182.57976591309924,85.94346829640946,167.6026676026676,49.35942435942435,66.71410780999821,74.30853665163288,92.59259259259258,144.82708302933023,129.4589338067599,115.8008658008658,57.72005772005771,39.3688437166698,0.0,118.10900119698476,81.48714031066972,52.669552669552665,171.7490039353134,57.912825088397604,50.13537699050066,74.84041382346467,51.1591212525792,32.467532467532465,119.3688437166698,44.76765546876248,50.78255078255078,46.75324675324675,48.467532467532465,57.783988163734996,83.42170715279315,48.754177418672526,67.06960859209994,106.54160654160654,139.48374320714748,87.44576679359288,137.66233766233768,183.73954812310976,50.19802892143318,62.053331284100516,64.1025641025641,59.567803470242495,54.49396418559414,140.8450704225352,74.45656301491542,115.8008658008658,74.66162529453669,54.83889712077631,166.66666666666666,94.57933370976849,256.4798071127185,58.10855810855811,43.69087702421035,80.0,80.0,9999.0,78.33909210055998
democratic_values_importance|WVS_E,235.75370217501907,139.1174045583293,220.77660386458743,102.53336062134419,106.67311837416972,127.48247291355271,200.98482564566376,198.00101929125006,168.83024757040505,168.9748020627856,110.89399398197754,78.74015748031496,118.10900119698476,0.0,134.66107657258954,105.8434889314725,166.66666666666666,111.08676135031743,102.04081632653062,128.0143500853845,104.33305751449903,85.6414687294523,158.74015748031496,97.94159173068232,103.9564870444706,99.92718301516658,101.6414687294523,110.95792442565482,122.79302091643831,101.92811368059236,117.49984740279558,159.71554280352638,187.43580965422802,126.81708055723804,190.8362739242575,236.9134843850296,102.89474685229564,115.22726754602036,166.5890143682192,110.1866983608181,107.52688172043011,245.7518897094385,113.82787677856058,168.9748020627856,120.93425030731919,108.01283338269614,208.33333333333334,147.75326997168833,302.75243212550106,111.28249437047793,96.86481328613019,136.986301369863,140.8450704225352,9999.0,131.51302836247982
economic_ideology|WVS_E,199.13184128870404,102.49554367201425,184.1547429782724,65.91149973502914,83.26618318560301,90.86061202723766,164.50398348643256,161.37915840493503,146.01100918236466,132.35294117647058,74.2721330956625,55.92091909227459,81.48714031066972,134.66107657258954,0.0,69.22162804515744,188.30107931091817,74.4649004640024,66.68745236610545,91.39248919906946,67.71119662818398,49.01960784313725,135.92091909227457,61.319730844367264,67.33462615815557,63.305322128851536,65.01960784313725,74.33606353933979,99.97378252839793,65.30625279427731,83.62168396770473,123.09368191721133,156.03581858275226,103.99784216919767,154.21441303794245,200.29162349871456,66.75010429703796,78.6054066597053,130.44437181296155,76.11987884584728,71.04603956119892,209.6072471541808,91.00863839052019,132.35294117647058,91.21370067014146,71.3909724963811,195.38036733680815,111.13140908537328,273.0318824883233,74.6606334841629,60.24295239981514,141.46857477246652,140.49048400564337,9999.0,94.89116747616478
electoral_integrity|WVS_E,170.31425364758698,73.6779560308972,155.33715533715534,37.093912093912095,54.448595544485954,62.043024386120614,135.68639584531553,132.56157076381797,117.19342154124763,103.53535353535352,45.45454545454545,27.103331451157537,52.669552669552665,105.8434889314725,69.22162804515744,0.0,159.4834916698011,45.64731282288534,37.8698647249884,62.57490155795241,38.893608987066926,20.2020202020202,107.10333145115754,32.50214320325021,38.517038517038515,34.487734487734485,36.2020202020202,45.51847589822273,71.15619488728089,36.48866515316027,54.804096326587675,94.27609427609428,127.2182309416352,75.18025452808061,125.3968253968254,171.4740358575975,37.93251665592091,49.78781901858825,101.62678417184448,47.302291204730224,42.22845192008187,180.78965951306378,62.191050749403146,103.53535353535352,62.39611302902442,42.57338485526405,166.5627796956911,82.31382144425623,244.21429484720625,45.84304584304584,31.42536475869809,112.65098713134947,111.67289636452631,9999.0,66.07357983504772
existential_threat_worry|WVS_H,225.29250684590488,192.7574072966579,274.41660660291603,156.1733633596728,167.21443236163566,181.1224756518813,182.55746411086216,251.64102202957866,229.37156155787102,222.61480480111425,164.53399672030616,139.2814714677809,171.7490039353134,166.66666666666666,188.30107931091817,159.4834916698011,0.0,164.72676408864606,128.2051282051282,181.6543528237131,157.97306025282762,139.2814714677809,219.28147146778093,151.58159446901092,157.5964897827992,136.986301369863,155.2814714677809,164.59792716398346,183.33433490390428,155.56811641892097,133.33333333333334,126.58227848101265,235.97626752966556,172.41379310344828,227.89539227895392,273.972602739726,157.01196792168162,131.57894736842104,166.53182308522113,166.38174247049093,125.0,237.93244906331188,174.36919076602652,222.61480480111425,97.08737864077669,154.55864300859278,201.25404530744336,135.13513513513513,278.9055604589585,164.92249710880657,140.005833576399,135.13513513513513,131.57894736842104,9999.0,185.15303110080845
familial_duty_obligations|WVS_D,175.55752606643193,78.92122844974213,160.58042775600026,42.337184512757034,59.69186796333089,67.28629680496556,140.92966826416045,137.8048431826629,122.43669396009255,108.77862595419847,50.69781787339039,32.346603870002475,57.912825088397604,111.08676135031743,74.4649004640024,45.64731282288534,164.72676408864606,0.0,43.11313714383334,67.81817397679734,44.136881405911865,25.44529262086514,112.34660387000247,37.74541562209515,43.76031093588345,39.731006906579424,41.44529262086514,50.76174831706767,76.39946730612581,41.73193757200521,60.047368745432614,99.51936669493921,132.46150336048015,80.42352694692556,130.64009781567034,176.71730827644245,43.175789074765845,55.03109143743319,106.87005659068942,52.54556362357516,47.47172433892681,186.0329319319087,67.43432316824808,108.77862595419847,67.63938544786936,47.81665727410899,171.80605211453604,87.55709386310116,249.4575672660512,51.08631826189078,36.66863717754303,117.89425955019442,116.91616878337126,9999.0,71.31685225389266
female_income_threat_to_marriage|WVS_D,144.92753623188406,71.1437803518452,152.80297965810334,34.55973641486009,51.74248470337855,59.50884870706861,123.4567901234568,130.02739508476597,113.8996138996139,101.00117785630152,42.92036977549345,23.809523809523807,50.13537699050066,102.04081632653062,66.68745236610545,37.8698647249884,128.2051282051282,43.11313714383334,0.0,60.0407258789004,36.35943330801493,17.6678445229682,103.80952380952381,29.96796752419821,35.98286283798652,31.953558808682484,33.667844522968196,42.984300219170734,67.86238724564716,33.954489474108264,52.26992064753567,65.78947368421052,124.6840552625832,71.88644688644689,122.86264971777341,168.9398601785455,35.39834097686891,47.253643339536254,99.09260849279248,44.768115525678226,39.69427624102987,178.25548383401178,58.89724310776941,101.00117785630152,45.87155963302752,40.03920917621205,150.0382262996942,79.77964576520422,227.68974145120936,43.308870163993845,28.89118907964609,86.95652173913044,86.20689655172414,9999.0,63.539404155995726
freedom_security_tradeoff_perception|WVS_H,192.48511480149898,95.8488171848092,177.50801649106734,59.264773247824095,76.61945669839795,84.21388554003262,157.85725699922753,154.73243191772997,139.36428269515963,125.70621468926554,67.62540660845745,49.274192605069544,74.84041382346467,128.0143500853845,91.39248919906946,62.57490155795241,181.6543528237131,67.81817397679734,60.0407258789004,0.0,61.06447014097894,42.37288135593221,129.27419260506954,54.67300435716222,60.68789967095052,56.65859564164649,58.37288135593221,67.68933705213473,93.32705604119289,58.65952630707227,76.97495748049968,116.44695543000628,149.3890920955472,97.35111568199262,147.56768655073742,193.6448970115095,60.10337780983292,71.95868017250027,123.79764532575649,69.47315235864224,64.39931307399388,202.96052066697578,84.36191190331516,125.70621468926554,84.56697418293643,64.74424600917605,188.7336408496031,104.48468259816823,266.3851560011183,68.01390699695784,53.596225912610095,134.82184828526147,133.84375751843834,9999.0,88.24444098895972
gender_role_traditionalism|WVS_D,168.8038222306135,72.16752461392373,153.82672392018185,35.58348067693862,52.93816412751248,60.532592969147146,134.17596442834207,131.05113934684448,115.68299012427416,102.02492211838006,43.94411403757198,25.592900034184066,51.1591212525792,104.33305751449903,67.71119662818398,38.893608987066926,157.97306025282762,44.136881405911865,36.35943330801493,61.06447014097894,0.0,18.69158878504673,105.59290003418407,30.991711786276742,37.00660710006504,32.97730307076101,34.69158878504673,44.00804448124926,69.64576347030741,34.978233736186795,53.29366490961421,92.76566285912081,125.70779952466174,73.66982311110715,123.88639397985193,169.963604440624,36.42208523894744,48.27738760161478,98.0392156862745,45.791859787756756,40.718020503108406,179.2792280960903,60.68061933242967,102.02492211838006,60.885681612050945,41.06295343829058,165.0523482787176,80.80339002728276,242.7038634302328,44.33261442607237,29.91493334172462,111.140555714376,110.16246494755285,9999.0,64.56314841807425
immigrant_origin_status|WVS_G,150.11223344556677,53.475935828877,135.13513513513513,16.89189189189189,34.24657534246575,41.84100418410041,115.48437564329532,112.35955056179776,96.99140133922742,83.33333333333333,25.25252525252525,6.901311249137336,32.467532467532465,85.6414687294523,49.01960784313725,20.2020202020202,139.2814714677809,25.44529262086514,17.6678445229682,42.37288135593221,18.69158878504673,0.0,86.90131124913734,12.300123001230013,18.315018315018314,14.285714285714285,16.0,25.31645569620253,50.95417468526068,16.286644951140065,34.602076124567475,74.07407407407408,107.016210739615,54.97823432606042,105.19480519480521,151.2720156555773,17.73049645390071,29.58579881656805,81.42476396982428,27.100271002710027,22.026431718061673,160.58763931104357,41.989030547382946,83.33333333333333,42.19409282700422,22.371364653243848,146.36075949367088,62.11180124223603,224.01227464518607,25.641025641025642,11.22334455667789,92.44896692932927,91.47087616250612,9999.0,45.87155963302752
importance_of_life_domains|WVS_A,237.0135446947041,140.37724707801434,222.03644638427247,103.79320314102922,107.93296089385476,128.74231543323776,202.38568689243266,199.2608618109351,170.0900900900901,170.23464458247065,112.15383650166258,80.0,119.3688437166698,158.74015748031496,135.92091909227457,107.10333145115754,219.28147146778093,112.34660387000247,103.80952380952381,129.27419260506954,105.59290003418407,86.90131124913734,0.0,99.20143425036736,105.21632956415564,101.18702553485161,102.90131124913734,112.21776694533986,124.05286343612335,103.1879562002774,118.75968992248062,160.9753853232114,188.69565217391306,128.0769230769231,192.09611644394255,238.17332690471463,104.15458937198068,116.4871100657054,128.2051282051282,111.44654088050314,108.92774296719901,247.01173222912354,115.08771929824562,170.23464458247065,122.19409282700423,109.27267590238118,226.3607594936709,149.01311249137336,304.01227464518604,112.54233689016297,98.12465580581522,179.35027817846662,178.37218741164344,9999.0,132.77287088216485
institutional_threat_perception|WVS_H,162.4123564467968,65.77605883010702,147.43525813636515,29.192014893121904,46.546698343695766,54.141127185330426,127.78449864452534,124.65967356302778,109.29152434045744,95.63345633456333,37.552648253755265,19.20143425036735,44.76765546876248,97.94159173068232,61.319730844367264,32.50214320325021,151.58159446901092,37.74541562209515,29.96796752419821,54.67300435716222,30.991711786276742,12.300123001230013,99.20143425036736,0.0,30.615141316248327,26.585837286944297,28.300123001230013,37.616578697432544,63.254297686490695,28.586767952370078,46.90219912579749,86.3741970753041,119.31633374084501,67.27835732729042,117.49492819603522,163.5721386568073,30.030619455130722,41.885921817798064,93.72488697105429,39.400394003940036,34.326554719291686,172.8877623122736,54.28915354861296,95.63345633456333,54.49421582823423,34.671487654473864,158.6608824949009,74.41192424346605,236.31239764641606,37.941148642255655,23.523467557907903,104.74908993055928,103.77099916373612,9999.0,58.171682634257536
international_organization_knowledge|WVS_E,168.42725176058508,71.7909541438953,153.45015345015344,35.20691020691021,52.56159365748407,60.15602249911873,133.79939395831363,130.67456887681607,115.30641965424573,101.64835164835165,43.56754356754357,25.21632956415565,50.78255078255078,103.9564870444706,67.33462615815557,38.517038517038515,157.5964897827992,43.76031093588345,35.98286283798652,60.68789967095052,37.00660710006504,18.315018315018314,105.21632956415564,30.615141316248327,0.0,32.6007326007326,34.315018315018314,43.631474011220845,69.26919300027899,34.60166326615838,52.91709443958579,92.38909238909238,125.33122905463331,73.29325264107874,123.50982350982352,169.5870339705956,36.04551476891902,47.900817131586365,99.73978228484259,45.41528931772834,40.34145003307999,178.90265762606188,60.30404886240126,101.64835164835165,60.50911114202253,40.686382968262166,164.6757778086892,80.42681955725433,242.32729296020437,43.956043956043956,29.538362871696204,110.7639852443476,109.78589447752444,9999.0,64.18657794804584
job_scarcity_gender_discrimination|WVS_C,164.39794773128105,67.76165011459128,149.4208494208494,31.177606177606176,48.53228962818004,56.1267184698147,129.7700899290096,126.64526484751204,111.2771156249417,97.61904761904762,39.53823953823954,21.18702553485162,46.75324675324675,99.92718301516658,63.305322128851536,34.487734487734485,136.986301369863,39.731006906579424,31.953558808682484,56.65859564164649,32.97730307076101,14.285714285714285,101.18702553485161,26.585837286944297,32.6007326007326,0.0,30.285714285714285,39.602169981916816,65.23988897097496,30.57235923685435,48.88779041028176,88.35978835978835,121.30192502532928,69.26394861177471,90.90909090909092,136.986301369863,32.01621073961499,43.871513102282336,95.71047825553856,41.38598528842431,36.31214600377596,174.87335359675785,56.27474483309723,97.61904761904762,56.479807112718504,36.657078938958136,160.6464737793852,76.3975155279503,238.29798893090035,39.92673992673993,25.509058842392175,106.73468121504357,105.75659044822041,9999.0,60.15727391874181
job_scarcity_nativist_preference|WVS_C,166.11223344556677,69.475935828877,151.13513513513513,32.89189189189189,50.24657534246575,57.84100418410041,131.48437564329532,128.35955056179776,112.99140133922742,99.33333333333333,41.252525252525245,22.901311249137336,48.467532467532465,101.6414687294523,65.01960784313725,36.2020202020202,155.2814714677809,41.44529262086514,33.667844522968196,58.37288135593221,34.69158878504673,16.0,102.90131124913734,28.300123001230013,34.315018315018314,30.285714285714285,0.0,41.31645569620253,66.95417468526068,32.28664495114006,50.602076124567475,90.07407407407408,123.016210739615,70.97823432606042,121.19480519480521,153.84615384615384,33.73049645390071,45.58579881656805,97.42476396982428,43.10027100271003,38.02643171806167,176.58763931104357,57.989030547382946,99.33333333333333,58.19409282700422,38.371364653243845,161.29032258064515,78.11180124223603,240.01227464518607,41.64102564102564,27.22334455667789,108.44896692932927,107.47087616250612,9999.0,61.87155963302752
life_autonomy_morality_permissiveness|WVS_F,175.42868914176933,78.79239152507952,160.45159083133765,42.208347588094426,59.563031038668285,67.15745988030295,140.80083133949785,137.67600625800029,122.30785703542995,108.64978902953587,50.568980948727784,32.21776694533987,57.783988163734996,110.95792442565482,74.33606353933979,45.51847589822273,164.59792716398346,50.76174831706767,42.984300219170734,67.68933705213473,44.00804448124926,25.31645569620253,112.21776694533986,37.616578697432544,43.631474011220845,39.602169981916816,41.31645569620253,0.0,76.2706303814632,41.6031006473426,59.918531820770006,99.3905297702766,132.33266643581754,80.29469002226296,130.51126089100774,176.58847135177984,43.04695215010324,54.90225451277058,106.74121966602681,52.416726698912555,47.342887414264204,185.9040950072461,67.30548624358548,108.64978902953587,67.51054852320675,47.68782034944638,171.67721518987344,87.42825693843855,249.3287303413886,50.957481337228174,36.539800252880426,117.76542262553181,116.78733185870865,9999.0,71.18801532923005
multilevel_place_attachment|WVS_G,201.06640813082745,104.43011051413768,186.0893098203958,67.84606657715257,71.9858243299781,92.7951788693611,166.438550328556,163.31372524705844,134.14295352621343,134.287508018594,76.20669993778593,44.052863436123346,83.42170715279315,122.79302091643831,99.97378252839793,71.15619488728089,183.33433490390428,76.39946730612581,67.86238724564716,93.32705604119289,69.64576347030741,50.95417468526068,124.05286343612335,63.254297686490695,69.26919300027899,65.23988897097496,66.95417468526068,76.2706303814632,0.0,67.24081963640074,82.81255335860396,125.02824875933476,152.7485156100364,92.12978651304643,156.1489798800659,202.22619034083797,68.20745280810402,80.53997350182874,97.08737864077669,75.49940431662648,72.98060640332235,211.06459566524688,79.14058273436896,134.287508018594,86.24695626312757,73.32553933850453,190.41362292979426,113.06597592749671,268.06513808130944,76.59520032628632,62.17751924193857,143.40314161458997,142.42505084776678,9999.0,96.8257343182882
neighborhood_disorder_and_crime|WVS_H,166.39887839670683,69.76258078001706,151.4217800862752,33.17853684303196,50.53322029360582,58.127649135240475,131.77102059443538,128.64619551293782,113.27804629036748,99.61997828447339,41.539170203665314,23.1879562002774,48.754177418672526,101.92811368059236,65.30625279427731,36.48866515316027,155.56811641892097,41.73193757200521,33.954489474108264,58.65952630707227,34.978233736186795,16.286644951140065,103.1879562002774,28.586767952370078,34.60166326615838,30.57235923685435,32.28664495114006,41.6031006473426,67.24081963640074,0.0,50.88872107570754,90.36071902521414,123.30285569075507,71.26487927720048,121.48145014594527,167.55866060671735,34.017141405040775,45.87244376770812,97.71140892096435,43.38691595385009,38.313076669201735,176.87428426218364,58.275675498523015,99.61997828447339,58.48073777814429,38.65800960438391,162.64740444481095,78.39844619337609,240.29891959632613,41.92767059216571,27.509989507817956,108.73561188046934,107.75752111364618,9999.0,62.15820458416759
offline_political_participation|WVS_E,184.71430957013425,88.07801195344447,169.7372112597026,51.49396801645936,66.69265081633537,76.44308030866789,150.0864517678628,146.96162668636524,128.8497800125707,117.9354094579008,59.85460137709272,38.75968992248062,67.06960859209994,117.49984740279558,83.62168396770473,54.804096326587675,133.33333333333334,60.047368745432614,52.26992064753567,76.97495748049968,53.29366490961421,34.602076124567475,118.75968992248062,46.90219912579749,52.91709443958579,48.88779041028176,50.602076124567475,59.918531820770006,82.81255335860396,50.88872107570754,0.0,108.67615019864155,141.6182868641825,86.8366129994037,139.7968813193727,185.87409178014477,52.33257257846819,64.18787494113553,116.02684009439176,61.702347127277505,56.62850784262915,195.18971543561105,73.84740922072623,117.9354094579008,76.7961689515717,56.97344077781132,180.9628356182384,96.7138773668035,258.6143507697535,60.24310176559312,45.82542068124536,112.35955056179776,119.04761904761905,9999.0,80.47363575759499
online_political_participation|WVS_E,163.93442622950818,127.55000990295107,209.2092092092092,90.96596596596596,108.32064941653982,115.91507825817449,114.9425287356322,186.43362463587184,171.0654754133015,157.4074074074074,99.32659932659932,80.97538532321141,106.54160654160654,159.71554280352638,123.09368191721133,94.27609427609428,126.58227848101265,99.51936669493921,65.78947368421052,116.44695543000628,92.76566285912081,74.07407407407408,160.9753853232114,86.3741970753041,92.38909238909238,88.35978835978835,90.07407407407408,99.3905297702766,125.02824875933476,90.36071902521414,108.67615019864155,0.0,172.41379310344828,129.0523084001345,179.2688792688793,212.7659574468085,91.80457052797479,103.65987289064213,93.45794392523365,101.1743450767841,65.35947712418302,188.67924528301887,109.89010989010988,157.4074074074074,110.40452216922806,85.47008547008546,128.2051282051282,136.1858753163101,222.22222222222223,99.71509971509971,69.44444444444444,74.6268656716418,75.18796992481204,9999.0,119.94563370710159
outgroup_trust|WVS_G,257.12844418518176,160.492146568492,242.15134587475012,123.90810263150689,133.33333333333334,148.85721492371542,156.25,219.37576130141275,198.78574226400315,190.34954407294833,132.26873599214025,108.69565217391305,139.48374320714748,187.43580965422802,156.03581858275226,127.2182309416352,235.97626752966556,132.46150336048015,124.6840552625832,149.3890920955472,125.70779952466174,107.016210739615,188.69565217391306,119.31633374084501,125.33122905463331,121.30192502532928,123.016210739615,132.33266643581754,152.7485156100364,123.30285569075507,141.6182868641825,172.41379310344828,0.0,156.77257525083613,212.2110159344202,224.42084942084944,89.28571428571429,136.60200955618305,108.69565217391305,134.11648174232502,129.04264245767666,227.7432712215321,143.78337147215865,190.34954407294833,138.88888888888889,129.38757539285885,232.5581395348837,169.12801198185105,320.7070707070707,132.65723638064065,118.23955529629289,125.0,128.2051282051282,9999.0,152.88777037264254
perceived_corruption|WVS_E,205.09046777162717,108.45417015493742,190.11336946119553,71.8701262179523,76.00988397077782,96.81923851016083,170.46260996935575,167.33778488785816,138.16701316701318,138.31156765939375,80.23075957858566,48.07692307692308,87.44576679359288,126.81708055723804,103.99784216919767,75.18025452808061,172.41379310344828,80.42352694692556,71.88644688644689,97.35111568199262,73.66982311110715,54.97823432606042,128.0769230769231,67.27835732729042,73.29325264107874,69.26394861177471,70.97823432606042,80.29469002226296,92.12978651304643,71.26487927720048,86.8366129994037,129.0523084001345,156.77257525083613,0.0,160.17303952086564,206.25024998163772,72.23151244890376,84.56403314262846,135.9257799648273,79.52346395742623,77.00466604412209,215.08865530604663,83.16464237516868,138.31156765939375,90.27101590392729,77.34959897930426,194.43768257059395,117.09003556829644,272.08919772210913,80.61925996708607,66.2015788827383,147.4272012553897,146.44911048856653,9999.0,100.84979395908795
perceived_negative_effects_of_immigration|WVS_G,255.30703864037199,158.67074102368218,240.3299403299403,122.0866970866971,139.44138053727096,147.0358093789056,220.67918083810054,217.55435575660294,202.18620653403264,188.52813852813853,130.44733044733044,112.09611644394255,137.66233766233768,190.8362739242575,154.21441303794245,125.3968253968254,227.89539227895392,130.64009781567034,122.86264971777341,147.56768655073742,123.88639397985193,105.19480519480521,192.09611644394255,117.49492819603522,123.50982350982352,90.90909090909092,121.19480519480521,130.51126089100774,156.1489798800659,121.48145014594527,139.7968813193727,179.2688792688793,212.2110159344202,160.17303952086564,0.0,227.89539227895392,122.92530164870591,134.78060401137327,186.61956916462947,132.29507619751524,127.22123691286689,265.7824445058488,147.18383574218814,188.52813852813853,147.38889802180944,127.56616984804906,251.55556468847612,167.30660643704124,329.20707983999125,130.83583083583085,116.4181497514831,197.6437721241345,196.6656813573113,9999.0,151.06636482783273
perceived_positive_effects_of_immigration|WVS_G,301.38424910114406,204.7479514844543,286.4071507907124,168.1639075474692,185.51859099804307,193.11301983967772,245.025245025245,263.63156621737505,248.26341699480471,234.60534898891063,176.52454090810255,158.17332690471463,183.73954812310976,236.9134843850296,200.29162349871456,171.4740358575975,273.972602739726,176.71730827644245,168.9398601785455,193.6448970115095,169.963604440624,151.2720156555773,238.17332690471463,163.5721386568073,169.5870339705956,136.986301369863,153.84615384615384,176.58847135177984,202.22619034083797,167.55866060671735,185.87409178014477,212.7659574468085,224.42084942084944,206.25024998163772,227.89539227895392,0.0,135.13513513513513,153.84615384615384,198.8294026510587,178.37228665828732,173.29844737363896,277.992277992278,193.26104620296024,234.60534898891063,188.67924528301887,173.64338030882115,285.7142857142857,196.078431372549,370.49742710120074,176.91304129660296,162.49536021225518,178.57142857142858,188.67924528301887,9999.0,197.14357528860484
political_information_sources|WVS_E,167.84272989946749,71.20643228277771,152.86563158903584,34.6223883457926,51.97707179636646,59.571500638001126,109.89010989010988,130.09004701569847,114.24467946207076,101.06382978723404,42.98302170642596,24.154589371980677,50.19802892143318,102.89474685229564,66.75010429703796,37.93251665592091,157.01196792168162,43.175789074765845,35.39834097686891,60.10337780983292,36.42208523894744,17.73049645390071,104.15458937198068,30.030619455130722,36.04551476891902,32.01621073961499,33.73049645390071,43.04695215010324,68.20745280810402,34.017141405040775,52.33257257846819,91.80457052797479,89.28571428571429,72.23151244890376,122.92530164870591,135.13513513513513,0.0,47.31629527046876,63.69426751592357,44.83076745661074,39.756928171962386,142.85714285714286,59.242308670226286,101.06382978723404,59.924589280904925,40.10186110714456,158.73015873015873,79.84229769613674,241.74277109908678,43.37152209492635,28.9538410105786,83.33333333333333,83.33333333333333,9999.0,63.60205608692823
