construct,acceptance_of_state_surveillance|WVS_H,authoritarian_governance_tolerance|WVS_E,autocracy_support|WVS_E,basic_needs_deprivation|WVS_H,child_qualities_autonomy_self_expression|WVS_A,child_qualities_conformity_tradition|WVS_A,child_qualities_prosocial_diligence|WVS_A,civic_dishonesty_tolerance|WVS_F,confidence_in_civil_society_organizations|WVS_E,confidence_in_domestic_institutions|WVS_E,confidence_in_international_organizations|WVS_E,crime_victimization|WVS_H,democratic_system_evaluation|WVS_E,democratic_values_importance|WVS_E,economic_ideology|WVS_E,electoral_integrity|WVS_E,existential_threat_worry|WVS_H,familial_duty_obligations|WVS_D,female_income_threat_to_marriage|WVS_D,freedom_security_tradeoff_perception|WVS_H,gender_role_traditionalism|WVS_D,immigrant_origin_status|WVS_G,importance_of_life_domains|WVS_A,institutional_threat_perception|WVS_H,international_organization_knowledge|WVS_E,job_scarcity_gender_discrimination|WVS_C,job_scarcity_nativist_preference|WVS_C,life_autonomy_morality_permissiveness|WVS_F,multilevel_place_attachment|WVS_G,neighborhood_disorder_and_crime|WVS_H,offline_political_participation|WVS_E,online_political_participation|WVS_E,outgroup_trust|WVS_G,perceived_corruption|WVS_E,perceived_negative_effects_of_immigration|WVS_G,perceived_positive_effects_of_immigration|WVS_G,political_information_sources|WVS_E,postmaterialist_values|WVS_E,precautionary_security_behaviors|WVS_H,religion_versus_secularism_orientation|WVS_F,religious_belief|WVS_F,religious_exclusivism|WVS_F,religious_practice_and_self_identification|WVS_F,science_skepticism|WVS_I,science_technology_optimism|WVS_E,sexual_and_reproductive_morality_permissiveness|WVS_F,social_intolerance_outgroups|WVS_A,societal_change_attitudes|WVS_E,socioeconomic_insecurity_worry|WVS_H,subjective_wellbeing|WVS_A,violence_tolerance|WVS_F,voluntary_association_active_membership|WVS_A,voluntary_association_belonging|WVS_A,voting_participation|WVS_E,work_ethic|WVS_C
acceptance_of_state_surveillance|WVS_H,0.0,160.43579811695753,202.6215959156454,130.81617086193745,126.58227848101265,112.53196930946291,115.44655022915893,149.2537313432836,144.75998994722292,152.76145710928319,154.98373262348417,144.05286343612335,116.27906976744185,157.73849400415355,200.59288537549406,141.62585799085144,142.56705217803616,112.86325749042578,519.9329030488768,121.32078290751531,103.09278350515464,134.57556935817806,152.74599542334096,134.80341169128354,197.71730404532815,86.95652173913044,285.2552091370235,143.77470355731225,172.78147712930323,184.04390037990714,137.7179430589274,184.04390037990714,109.37804640280757,9999.0,135.97612958226767,131.34796238244513,100.0,142.7602664913525,143.1362970200293,103.00788610510155,105.82444626743232,113.06618231354297,98.70740305522915,9999.0,9999.0,111.77041752076815,115.36561264822134,149.56253267850647,127.94012829650748,134.80341169128354,254.60793502030617,9999.0,9999.0,86.95652173913044,151.4726507713885
authoritarian_governance_tolerance|WVS_E,160.43579811695753,0.0,170.42404723564144,99.46424411833218,142.92372082227155,99.05472394815959,101.9693048678556,155.63939258718375,148.83672409442977,115.78244911578246,122.334455667789,170.81458355769388,149.89106263417295,144.2612486428502,197.1292518319263,104.64684999735071,105.58804418453542,99.38601212912243,506.4556576875734,107.84353754621199,95.39842873176207,121.09832399687471,139.2687500620376,121.32616632998023,160.7382960518274,111.79345262303784,271.77796377572014,130.2974581960089,135.80246913580248,170.5666550186038,158.79388280251052,172.37871285904947,95.90080104150424,9999.0,122.49888422096436,124.2283950617284,133.51570496188694,105.78125849785175,129.65905165872599,89.53064074379822,92.34720090612899,99.58893695223964,61.7283950617284,9999.0,9999.0,98.29317215946482,101.88836728691801,136.08528731720315,114.46288293520415,121.32616632998023,246.9135802469136,9999.0,9999.0,73.4792763778271,137.99540541008517
autocracy_support|WVS_E,202.6215959156454,170.42404723564144,0.0,125.0,104.16666666666667,141.24052174684743,140.8450704225352,173.8540044974918,178.52730417593278,162.7497062279671,144.5919522486364,156.25,176.10911270983215,139.10428121622257,170.58652729384437,151.61410710953535,133.33333333333334,141.5718099278103,494.22437486786214,81.30081300813008,142.36568584394672,121.78664296764424,181.45454786072548,163.51196412866807,191.19092289823996,129.60999175209145,245.23523923763827,172.48325599469678,182.76972624798714,147.05882352941177,134.77674883700706,203.00751879699249,138.0865988401921,9999.0,164.6846820196522,171.19565217391306,140.7967032967033,122.28441956550712,144.92753623188406,107.52688172043011,134.53299870481686,125.0,108.69565217391305,9999.0,9999.0,140.47896995815267,131.57894736842104,123.85400449749179,156.648680733892,163.51196412866807,244.33593220833515,9999.0,9999.0,115.66507417651496,179.34002869440457
basic_needs_deprivation|WVS_H,130.81617086193745,99.46424411833218,125.0,0.0,113.30409356725146,69.43509669313949,72.3496776128355,116.2251655629139,119.21709683940966,91.78990311065783,98.34190966266438,141.19495630267377,107.60463972693876,84.74576271186442,167.5096245769062,80.65430399222609,81.59549817941078,69.76638487410236,436.5955359332842,78.22391029119188,71.40588272663744,79.36507936507937,109.64912280701753,91.70653907496012,136.7457500467028,82.17382536801773,242.15833652070006,100.67783094098883,111.80992313067784,123.04334738109571,129.17425554749042,142.75908560402937,66.28117378648415,9999.0,92.87925696594426,100.23584905660377,103.89607770686686,59.880239520958085,100.0394244037059,57.80346820809249,62.7275736511089,52.35602094240838,37.735849056603776,9999.0,9999.0,68.67354490444473,72.26874003189792,66.2251655629139,84.84325568018406,91.70653907496012,186.70709327375727,9999.0,9999.0,43.859649122807014,108.37577815506508
child_qualities_autonomy_self_expression|WVS_A,126.58227848101265,142.92372082227155,104.16666666666667,113.30409356725146,0.0,95.01989201477693,97.93447293447294,126.92307692307692,135.92846820809248,135.2493798145972,115.92271818787475,80.68290006615997,71.94244604316548,72.46376811594203,141.91729323308272,124.11378069616546,125.05497488335016,70.75972946280113,447.29344729344723,52.631578947368425,86.95652173913044,93.11740890688259,135.23391812865498,106.56010656010656,162.5216888374783,78.125,216.56600517687662,111.81800655484867,121.37579934190104,116.27906976744185,106.10751477624542,143.75243019272813,91.86596910812158,9999.0,118.4640522875817,67.56756756756756,36.63003663003663,93.61518550474547,84.02340155894657,85.49580881041555,85.64964447317388,95.55410501885697,81.19532576054316,9999.0,9999.0,94.25834022608215,97.85353535353535,76.92307692307692,110.42805100182149,117.29133439659756,197.40500463392027,9999.0,9999.0,69.44444444444444,133.9605734767025
child_qualities_conformity_tradition|WVS_A,112.53196930946291,99.05472394815959,141.24052174684743,69.43509669313949,95.01989201477693,0.0,54.065476060360965,113.86477800038148,100.93289528693512,91.38038294048525,97.93238949249178,122.91075475019923,101.9872338266783,96.35741983535559,149.22542302443165,80.2447838220535,81.1859780092382,51.482183321627815,458.5518288800788,59.93970873871736,70.99636255646485,73.19449518938009,91.36492125454299,73.42233752248559,136.3362298765302,63.8896238155432,223.87413496822552,82.39362938851428,111.40040296050526,122.66282621110918,110.8900539950159,124.47488405155482,47.996972234009604,9999.0,74.59505541346974,92.68954153006402,85.61187615439232,81.37919232255453,81.75522285123137,41.62681193630358,44.44337209863437,51.685108144745016,37.326328886431185,9999.0,9999.0,50.3893433519702,53.984538479423385,88.1814585097085,66.55905412770952,73.42233752248559,207.83069232557722,9999.0,9999.0,25.57544757033248,90.09157660259055
child_qualities_prosocial_diligence|WVS_A,115.44655022915893,101.9693048678556,140.8450704225352,72.3496776128355,97.93447293447294,54.065476060360965,0.0,116.77935892007748,103.84747620663114,94.29496386018126,100.8469704121878,125.82533566989525,104.90181474637433,65.78947368421052,152.14000394412767,73.52941176470588,84.1005589289342,54.39676424132382,461.4664097997748,62.854289658413364,73.91094347616087,76.1090761090761,94.27950217423901,76.3369184421816,139.2508107962262,66.80420473523921,226.78871588792154,85.3082103082103,114.31498388020128,125.57740713080518,113.63636363636363,108.69565217391305,50.91155315370562,9999.0,77.50963633316574,95.60412244976004,88.52645707408833,84.29377324225054,84.66980377092737,44.5413928559996,47.35795301833038,54.59968906444102,40.2409098061272,9999.0,9999.0,53.303924271666205,56.8991193991194,91.09603942940453,69.47363504740554,76.3369184421816,210.74527324527324,9999.0,9999.0,28.49002849002849,93.00615752228656
civic_dishonesty_tolerance|WVS_F,149.2537313432836,155.63939258718375,173.8540044974918,116.2251655629139,126.92307692307692,113.86477800038148,116.77935892007748,0.0,78.74015748031496,94.33962264150944,131.16294967102453,153.24325905129555,95.23809523809523,81.30081300813008,181.838905775076,80.64516129032258,137.76034370038292,114.19606618134432,420.3703703703703,92.5531914893617,60.24096385542168,112.89308176100629,104.16666666666667,61.7283950617284,192.92089851555437,76.33587786259541,254.08163265306123,145.10751224823082,167.98507159952942,106.81818181818181,118.7037689327228,131.30881094952952,110.71085509372612,9999.0,109.89010989010988,147.1024109710241,131.65846499179833,133.53679804673874,144.46910571094787,104.3406947960201,107.15725495835088,86.4963503649635,93.91099752545534,9999.0,9999.0,113.1032262116867,59.880239520958085,50.0,129.27293698742602,106.38297872340425,170.48192771084337,9999.0,9999.0,88.28933043004899,152.80545946230706
confidence_in_civil_society_organizations|WVS_E,144.75998994722292,148.83672409442977,178.52730417593278,119.21709683940966,135.92846820809248,100.93289528693512,103.84747620663114,78.74015748031496,0.0,122.92738707833048,125.83067909244625,126.58227848101265,131.00619454210613,89.32123816344395,171.4398318444561,87.27093745267302,130.96797815550838,101.264183467898,460.0537699129248,106.11264695205384,73.52941176470588,122.97649533565027,141.14692140081317,123.20433766875576,186.1182300228004,57.80346820809249,270.04707318156204,132.17562953478446,161.18240310677544,146.50158136073628,105.77188621927644,118.37692823608316,66.2251655629139,9999.0,70.4225352112676,136.36363636363637,135.3938763006625,122.92738707833048,131.53722299750154,91.40881208257376,94.22537224490453,75.75757575757576,87.10832903270136,9999.0,9999.0,100.17134349824036,46.948356807511736,89.68339954255447,116.3410542739797,123.20433766875576,196.078431372549,9999.0,9999.0,75.35744771660265,139.87357674886073
confidence_in_domestic_institutions|WVS_E,152.76145710928319,115.78244911578246,162.7497062279671,91.78990311065783,135.2493798145972,91.38038294048525,94.29496386018126,94.33962264150944,122.92738707833048,0.0,114.66011466011466,135.60247542773936,102.4184301052851,101.81462006392411,189.45491082425195,86.69550302035947,97.91370317686108,91.71167112144809,454.03653205608856,100.16919653853765,87.72408772408772,111.68594035301278,131.59440905436327,89.28571428571429,153.06395504415306,104.1191116153635,264.1036227680458,122.62311718833458,128.12812812812814,140.48434350390005,147.31910463300363,159.92414664981038,88.2264600338299,9999.0,114.82454321329001,74.6268656716418,105.97482805408694,94.33962264150944,121.98471065105164,75.18796992481204,84.67285989845465,47.16981132075472,54.054054054054056,9999.0,9999.0,83.33333333333333,88.49557522123894,83.66616168571822,106.7885419275298,113.65182532230588,204.1480893965616,9999.0,9999.0,65.80493537015276,130.32106440241083
confidence_in_international_organizations|WVS_E,154.98373262348417,122.334455667789,144.5919522486364,98.34190966266438,115.92271818787475,97.93238949249178,100.8469704121878,131.16294967102453,125.83067909244625,114.66011466011466,0.0,169.69224910202607,148.76872817850514,121.09460744859882,152.57685352622062,103.52451554168292,104.46570972886761,98.26367767345465,476.21470110023836,63.291139240506325,70.92198581560284,95.23809523809523,138.14641560636983,120.20383187431241,159.61596159615962,68.02721088435375,227.2255654700145,129.17512374034112,134.68013468013467,162.66251254804985,116.76707506938332,165.11458952513044,94.77846658583644,9999.0,121.37654976529656,123.1060606060606,132.39337050621916,104.27474579788337,128.53671720305817,88.40830628813042,91.22486645046119,98.46660249657184,60.6060606060606,9999.0,9999.0,97.17083770379702,100.76603283125021,105.84433072986803,113.34054847953635,120.20383187431241,222.43713733075435,9999.0,9999.0,72.35694192215931,136.87307095441736
crime_victimization|WVS_H,144.05286343612335,170.81458355769388,156.25,141.19495630267377,80.68290006615997,122.91075475019923,125.82533566989525,153.24325905129555,126.58227848101265,135.60247542773936,169.69224910202607,0.0,80.64516129032258,71.94244604316548,219.03162853697228,152.0046434315878,152.9458376187725,71.42857142857143,490.8522980812137,129.74591425125797,142.75622216599913,144.95435479891438,163.12478086407728,113.98293336619328,208.0960894860645,135.64948342507748,248.13449608918458,119.24083336093538,128.79862614798776,148.27832390576089,135.53113553113553,123.4567901234568,119.75683184354389,9999.0,139.51001361073304,60.975609756097555,44.052863436123346,153.13905193208882,91.4462283650333,113.38667154583787,93.0724712792606,114.47539864739095,109.08618849596547,9999.0,9999.0,122.14920296150447,114.31532739909768,120.48192771084337,138.3189137372438,145.18219713201987,240.96385542168673,9999.0,9999.0,97.33530717986676,161.85143621212484
democratic_system_evaluation|WVS_E,116.27906976744185,149.89106263417295,176.10911270983215,107.60463972693876,71.94244604316548,101.9872338266783,104.90181474637433,95.23809523809523,131.00619454210613,102.4184301052851,148.76872817850514,80.64516129032258,0.0,109.89342752769977,200.061761710445,94.77431048413513,132.02231669525156,50.5050505050505,462.1153395198642,110.7760474247307,82.64462809917356,119.76474781678844,142.20125994055635,60.6060606060606,187.17256856254357,86.95652173913044,274.71047365423885,133.22996807452765,144.92753623188406,148.5631509676757,114.60761460761461,123.4977512349775,98.83331092002297,9999.0,125.43139409948309,54.34782608695652,84.634743337815,102.4184301052851,76.92307692307692,92.46315062231695,95.27971078464772,55.24861878453038,88.16266757244455,9999.0,9999.0,101.22568203798355,104.82087716543674,91.74496914949388,117.39539281372288,124.25867620849894,212.12121212121212,9999.0,9999.0,76.41178625634583,140.9279152886039
democratic_values_importance|WVS_E,157.73849400415355,144.2612486428502,139.10428121622257,84.74576271186442,72.46376811594203,96.35741983535559,65.78947368421052,81.30081300813008,89.32123816344395,101.81462006392411,121.09460744859882,71.94244604316548,109.89342752769977,0.0,147.0891824938068,82.69546200109349,109.89010989010988,75.75757575757576,455.4782944613453,57.80346820809249,116.20288725115549,98.28929816760666,136.57144594923363,104.39605252426392,167.69357809820238,104.87288135593221,221.73789443760066,127.60015408320493,156.6069276551959,76.33587786259541,101.1964107676969,113.80145278450364,60.6060606060606,9999.0,67.56756756756756,99.00990099009901,109.09380474597866,98.78707476546953,89.28571428571429,63.291139240506325,89.649896793325,54.6448087431694,82.53285358112183,9999.0,9999.0,95.59586804666083,42.37288135593221,85.10792409097493,111.76557882240016,118.62886221717622,196.21903520208605,9999.0,9999.0,70.78197226502311,135.29810129728116
economic_ideology|WVS_E,200.59288537549406,197.1292518319263,170.58652729384437,167.5096245769062,141.91729323308272,149.22542302443165,152.14000394412767,181.838905775076,171.4398318444561,189.45491082425195,152.57685352622062,219.03162853697228,200.061761710445,147.0891824938068,0.0,178.3193117058202,179.2605058930049,149.55671120539452,502.2092761454463,89.28571428571429,136.986301369863,129.77154424522845,189.4394491383097,171.49686540625228,199.17582417582418,113.63636363636363,253.22014051522245,180.468157272281,209.47493084427197,188.6570875932578,142.7616501145913,210.72374227714033,146.0715001177763,9999.0,172.66958329723644,190.76406941383073,178.54732986311933,130.26932084309135,179.82975073499807,139.70133982007027,142.51789998240108,149.75963602851172,135.4008567701979,9999.0,9999.0,148.4638712357369,152.05906636319008,131.838905775076,164.63358201147622,171.49686540625228,252.32083348591937,9999.0,9999.0,123.64997545409918,187.3249299719888
electoral_integrity|WVS_E,141.62585799085144,104.64684999735071,151.61410710953535,80.65430399222609,124.11378069616546,80.2447838220535,73.52941176470588,80.64516129032258,87.27093745267302,86.69550302035947,103.52451554168292,152.0046434315878,94.77431048413513,82.69546200109349,178.3193117058202,0.0,86.77810405842934,80.57607200301635,446.3924124349386,89.0335974201059,76.58848860565598,102.28838387076863,120.45880993593154,89.27693548069928,141.92835592572132,64.93506493506493,252.96802364961405,111.48751806990283,116.9925290096964,132.84022388275005,99.14611005692599,111.75115207373273,49.01960784313725,9999.0,79.36507936507937,100.13175230566534,109.94822691087234,86.69550302035947,110.8491115326199,44.642857142857146,73.5372607800229,39.52569169960474,42.918454935622314,9999.0,9999.0,65.78947368421052,40.32258064516129,76.02204206456824,95.65294280909806,102.51622620387414,194.16873449131512,9999.0,9999.0,54.66933625172102,119.18546528397908
existential_threat_worry|WVS_H,142.56705217803616,105.58804418453542,133.33333333333334,81.59549817941078,125.05497488335016,81.1859780092382,84.1005589289342,137.76034370038292,130.96797815550838,97.91370317686108,104.46570972886761,152.9458376187725,132.02231669525156,109.89010989010988,179.2605058930049,86.77810405842934,0.0,81.51726619020106,480.2604802604802,89.9747916072906,77.51937984496124,99.00990099009901,121.40000412311625,103.45742039105883,142.86955011290604,93.92470668411644,253.90921783679877,112.42871225708754,117.93372319688109,152.6979090796824,140.92513686358913,154.50996692012808,78.03205510258285,9999.0,104.63013828204296,106.35964912280701,115.64695902296556,75.75757575757576,111.79030571980459,68.9655172413793,74.47845496720761,81.72019101331826,43.859649122807014,9999.0,9999.0,80.42442622054344,84.01962134799663,109.89010989010988,96.59413699628277,103.45742039105883,229.03453136011277,9999.0,9999.0,55.61053043890572,120.12665947116378
familial_duty_obligations|WVS_D,112.86325749042578,99.38601212912243,141.5718099278103,69.76638487410236,70.75972946280113,51.482183321627815,54.39676424132382,114.19606618134432,101.264183467898,91.71167112144809,98.26367767345465,71.42857142857143,50.5050505050505,75.75757575757576,149.55671120539452,80.57607200301635,81.51726619020106,0.0,458.8831170610417,60.270996919680215,71.32765073742772,73.52578337034295,91.69620943550586,53.763440860215056,136.66751805749306,64.22091199650606,224.2054231491884,82.72491756947716,111.73169114146813,122.99411439207202,64.1025641025641,72.99270072992701,48.32826041497246,9999.0,74.92634359443258,55.865921787709496,34.129692832764505,81.71048050351739,66.2251655629139,41.95810011726644,44.77466027959723,52.01639632570787,37.65761706739404,9999.0,9999.0,50.720631532933055,54.31582666038624,88.51274669067138,66.89034230867239,73.75362570344845,205.2785923753666,9999.0,9999.0,25.906735751295336,90.4228647835534
female_income_threat_to_marriage|WVS_D,519.9329030488768,506.4556576875734,494.22437486786214,436.5955359332842,447.29344729344723,458.5518288800788,461.4664097997748,420.3703703703703,460.0537699129248,454.03653205608856,476.21470110023836,490.8522980812137,462.1153395198642,455.4782944613453,502.2092761454463,446.3924124349386,480.2604802604802,458.8831170610417,0.0,412.92356185973205,472.4111866969009,433.2634521313766,443.8997821350762,420.6216266517774,522.8136717498419,461.2327406036934,574.4520030234315,489.79456312792814,515.5623729092468,427.18855218855214,466.399497688609,484.5339845339845,450.3703703703703,9999.0,446.7062482329657,467.47278134139447,477.28925594660143,453.90716841710906,489.1561565906452,449.0277456757174,451.84430583804823,406.86672073533384,444.727262625845,9999.0,9999.0,457.79027709138404,413.10541310541305,370.3703703703703,473.95998786712335,437.037037037037,490.8522980812137,9999.0,9999.0,432.97638130974633,497.4925103420044
freedom_security_tradeoff_perception|WVS_H,121.32078290751531,107.84353754621199,81.30081300813008,78.22391029119188,52.631578947368425,59.93970873871736,62.854289658413364,92.5531914893617,106.11264695205384,100.16919653853765,63.291139240506325,129.74591425125797,110.7760474247307,57.80346820809249,89.28571428571429,89.0335974201059,89.9747916072906,60.270996919680215,412.92356185973205,0.0,62.893081761006286,40.48582995951417,100.15373485259539,82.21115112053799,109.89010989010988,48.309178743961354,163.93442622950818,91.18244298656668,120.18921655855766,99.37137330754351,53.475935828877,121.95121951219511,56.785785832062004,9999.0,83.38386901152214,101.47835512811642,89.26161557740505,40.983606557377044,90.54403644928377,50.41562553435598,53.23218569668677,60.473921742797415,46.115142484483584,9999.0,9999.0,59.1781569500226,62.773352077475785,42.5531914893617,75.34786772576192,82.21115112053799,163.03511920020506,9999.0,9999.0,34.36426116838488,98.0392156862745
gender_role_traditionalism|WVS_D,103.09278350515464,95.39842873176207,142.36568584394672,71.40588272663744,86.95652173913044,70.99636255646485,73.91094347616087,60.24096385542168,73.52941176470588,87.72408772408772,70.92198581560284,142.75622216599913,82.64462809917356,116.20288725115549,136.986301369863,76.58848860565598,77.51937984496124,71.32765073742772,472.4111866969009,62.893081761006286,0.0,93.03996260518,104.16666666666667,60.6060606060606,132.6799346601327,38.75968992248062,226.82750799051445,102.23909680431419,107.74410774410774,142.50829362690905,87.71929824561403,135.84706856325732,67.8424396498095,9999.0,94.44052282926963,96.17003367003366,105.45734357019222,77.722897106157,101.60069026703125,61.472279352103484,64.28883951443426,71.5305755605449,33.67003367003367,9999.0,9999.0,70.23481076777009,73.83000589522328,102.04081632653062,86.40452154350942,93.26780493828548,151.51515151515153,9999.0,9999.0,45.420914986132374,109.93704401839044
immigrant_origin_status|WVS_G,134.57556935817806,121.09832399687471,121.78664296764424,79.36507936507937,93.11740890688259,73.19449518938009,76.1090761090761,112.89308176100629,122.97649533565027,111.68594035301278,95.23809523809523,144.95435479891438,119.76474781678844,98.28929816760666,129.77154424522845,102.28838387076863,99.00990099009901,73.52578337034295,433.2634521313766,40.48582995951417,93.03996260518,0.0,113.40852130325814,95.46593757120073,150.37593984962405,85.93322386425834,204.42025618902235,104.43722943722943,133.4440030092204,113.63636363636363,64.51612903225806,117.6470588235294,70.04057228272474,9999.0,96.63865546218486,114.73314157877917,107.65547620310745,67.11409395973155,103.79882289994649,63.67041198501872,66.4869721473495,64.51612903225806,59.36992893514632,9999.0,9999.0,72.43294340068533,76.02813852813853,62.893081761006286,88.60265417642466,95.46593757120073,183.37500947184964,9999.0,9999.0,47.61904761904761,112.13517665130567
importance_of_life_domains|WVS_A,152.74599542334096,139.2687500620376,181.45454786072548,109.64912280701753,135.23391812865498,91.36492125454299,94.27950217423901,104.16666666666667,141.14692140081317,131.59440905436327,138.14641560636983,163.12478086407728,142.20125994055635,136.57144594923363,189.4394491383097,120.45880993593154,121.40000412311625,91.69620943550586,443.8997821350762,100.15373485259539,104.16666666666667,113.40852130325814,0.0,93.45794392523365,176.55025599040823,104.10364992942124,264.08816108210357,122.60765550239233,151.6144290743833,130.3475935828877,151.10408010889392,164.68891016543287,88.21099834788765,9999.0,114.80908152734777,132.90356764394207,125.82590226827037,121.59321843643258,121.9692489651094,81.84083805018163,84.6573982125124,91.89913425862305,77.54035500030923,9999.0,9999.0,90.60336946584823,94.19856459330143,73.52941176470588,106.77308024158756,113.63636363636363,194.01133947554925,9999.0,9999.0,65.78947368421052,130.30560271646857
institutional_threat_perception|WVS_H,134.80341169128354,121.32616632998023,163.51196412866807,91.70653907496012,106.56010656010656,73.42233752248559,76.3369184421816,61.7283950617284,123.20433766875576,89.28571428571429,120.20383187431241,113.98293336619328,60.6060606060606,104.39605252426392,171.49686540625228,89.27693548069928,103.45742039105883,53.763440860215056,420.6216266517774,82.21115112053799,60.6060606060606,95.46593757120073,93.45794392523365,0.0,140.8450704225352,86.16106619736384,246.14557735004615,104.66507177033492,133.6718453423259,107.06943809958884,117.86600496277916,126.75614159014206,70.26841461583024,9999.0,96.86649779529037,89.28571428571429,69.93006993006993,96.92105510184925,104.026665233052,63.898254318124216,66.714814480455,49.75124378109453,59.59777126825182,9999.0,9999.0,72.66078573379083,76.25598086124401,50.25125628140703,88.83049650953015,87.71929824561403,151.51515151515153,9999.0,9999.0,47.84688995215311,112.36301898441118
international_organization_knowledge|WVS_E,197.71730404532815,160.7382960518274,191.19092289823996,136.7457500467028,162.5216888374783,136.3362298765302,139.2508107962262,192.92089851555437,186.1182300228004,153.06395504415306,159.61596159615962,208.0960894860645,187.17256856254357,167.69357809820238,199.17582417582418,141.92835592572132,142.86955011290604,136.66751805749306,522.8136717498419,109.89010989010988,132.6799346601327,150.37593984962405,176.55025599040823,140.8450704225352,0.0,149.07495855140846,273.8245361196181,167.57896412437952,173.0839750641731,151.51515151515153,163.36604571898687,209.6602187874201,133.18230696987484,9999.0,159.78039014933498,161.50990099009903,170.79721089025756,143.06276442622237,166.9405575870966,126.81214667216884,121.95121951219511,136.87044288061026,99.00990099009901,9999.0,9999.0,135.57467808783545,139.16987321528865,152.4433013794716,151.74438886357478,158.60767225835085,272.92522909031493,9999.0,9999.0,110.76078230619773,175.2769113384558
job_scarcity_gender_discrimination|WVS_C,86.95652173913044,111.79345262303784,129.60999175209145,82.17382536801773,78.125,63.8896238155432,66.80420473523921,76.33587786259541,57.80346820809249,104.1191116153635,68.02721088435375,135.64948342507748,86.95652173913044,104.87288135593221,113.63636363636363,64.93506493506493,93.92470668411644,64.22091199650606,461.2327406036934,48.309178743961354,38.75968992248062,85.93322386425834,104.10364992942124,86.16106619736384,149.07495855140846,0.0,212.24360497346953,95.13235806339253,124.1391316353835,135.40155488598742,50.76142131979696,97.08737864077669,60.73570090888785,9999.0,87.33378408834798,105.42827020494227,98.35060482927057,89.2927853013384,94.49395152610961,54.36554061118183,57.182100773512616,64.42383681962326,50.06505756130943,9999.0,9999.0,63.12807202684844,62.5,90.86237023332305,78.74015748031496,86.16106619736384,190.27484143763215,9999.0,9999.0,38.314176245210724,102.8303052774688
job_scarcity_nativist_preference|WVS_C,285.2552091370235,271.77796377572014,245.23523923763827,242.15833652070006,216.56600517687662,223.87413496822552,226.78871588792154,254.08163265306123,270.04707318156204,264.1036227680458,227.2255654700145,248.13449608918458,274.71047365423885,221.73789443760066,253.22014051522245,252.96802364961405,253.90921783679877,224.2054231491884,574.4520030234315,163.93442622950818,226.82750799051445,204.42025618902235,264.08816108210357,246.14557735004615,273.8245361196181,212.24360497346953,0.0,255.11686921607486,284.1236427880658,260.8998144712431,217.41036205838518,285.8856457417033,220.72021206157018,9999.0,247.31829524103028,235.42959503550637,204.08163265306123,204.91803278688522,251.4749975819712,214.35005176386414,217.16661192619495,224.4083479723056,210.04956871399176,9999.0,9999.0,223.11258317953076,226.70777830698395,204.08163265306123,239.2822939552701,246.14557735004615,324.56356036390457,9999.0,9999.0,198.29868739789305,261.97364191578265
life_autonomy_morality_permissiveness|WVS_F,143.77470355731225,130.2974581960089,172.48325599469678,100.67783094098883,111.81800655484867,82.39362938851428,85.3082103082103,145.10751224823082,132.17562953478446,122.62311718833458,129.17512374034112,119.24083336093538,133.22996807452765,127.60015408320493,180.468157272281,111.48751806990283,112.42871225708754,82.72491756947716,489.79456312792814,91.18244298656668,102.23909680431419,104.43722943722943,122.60765550239233,104.66507177033492,167.57896412437952,95.13235806339253,255.11686921607486,0.0,142.6431372083546,153.90556045895852,142.13278824286522,155.71761829940417,79.23970648185895,9999.0,105.83778966131906,86.95652173913044,75.18796992481204,112.62192657040387,112.9979570990807,72.86954618415292,75.6861063464837,82.92784239259434,68.56906313428053,9999.0,9999.0,81.63207759981952,85.22727272727272,119.42419275755785,97.80178837555886,104.66507177033492,239.07342657342656,9999.0,9999.0,56.81818181818181,121.33431085043988
multilevel_place_attachment|WVS_G,172.78147712930323,135.80246913580248,182.76972624798714,111.80992313067784,121.37579934190104,111.40040296050526,114.31498388020128,167.98507159952942,161.18240310677544,128.12812812812814,134.68013468013467,128.79862614798776,144.92753623188406,156.6069276551959,209.47493084427197,116.9925290096964,117.93372319688109,111.73169114146813,515.5623729092468,120.18921655855766,107.74410774410774,133.4440030092204,151.6144290743833,133.6718453423259,173.0839750641731,124.1391316353835,284.1236427880658,142.6431372083546,0.0,182.91233403094947,171.13956181485622,184.72439187139514,108.24648005384992,9999.0,134.84456323331005,116.09372509430956,84.74576271186442,118.12693751019742,132.13912764077438,101.8763197561439,98.0392156862745,108.69565217391305,74.07407407407408,9999.0,9999.0,110.6388511718105,114.2340462992637,145.19200253887655,126.80856194754983,133.6718453423259,259.25925925925924,9999.0,9999.0,85.82495539017279,150.34108442243087
neighborhood_disorder_and_crime|WVS_H,184.04390037990714,170.5666550186038,147.05882352941177,123.04334738109571,116.27906976744185,122.66282621110918,125.57740713080518,106.81818181818181,146.50158136073628,140.48434350390005,162.66251254804985,148.27832390576089,148.5631509676757,76.33587786259541,188.6570875932578,132.84022388275005,152.6979090796824,122.99411439207202,427.18855218855214,99.37137330754351,142.50829362690905,113.63636363636363,130.3475935828877,107.06943809958884,151.51515151515153,135.40155488598742,260.8998144712431,153.90556045895852,182.91233403094947,0.0,152.8473091364205,170.98179598179598,119.50890330445382,9999.0,133.1540596807772,146.29049111807734,114.9425287356322,100.0,153.26715392167557,113.1387430067478,115.95530316907858,93.31453218314532,108.8382599568754,9999.0,9999.0,121.9012744224144,99.55322455322454,56.81818181818181,138.07098519815372,123.48484848484848,177.30010952902518,9999.0,9999.0,97.08737864077669,161.60350767303476
offline_political_participation|WVS_E,137.7179430589274,158.79388280251052,134.77674883700706,129.17425554749042,106.10751477624542,110.8900539950159,113.63636363636363,118.7037689327228,105.77188621927644,147.31910463300363,116.76707506938332,135.53113553113553,114.60761460761461,101.1964107676969,142.7616501145913,99.14611005692599,140.92513686358913,64.1025641025641,466.399497688609,53.475935828877,87.71929824561403,64.51612903225806,151.10408010889392,117.86600496277916,163.36604571898687,50.76142131979696,217.41036205838518,142.13278824286522,171.13956181485622,152.8473091364205,0.0,130.25210084033614,62.893081761006286,9999.0,85.47008547008546,119.9684858902736,98.2322569353286,94.45954238625404,130.327729665478,101.36597079065453,104.1825309529853,110.36992116434203,97.06548774078213,9999.0,9999.0,110.12850220632113,58.8235294117647,96.0291273182387,81.96721311475409,133.16149637683654,212.66968325791854,9999.0,9999.0,85.31460642468342,131.57894736842104
online_political_participation|WVS_E,184.04390037990714,172.37871285904947,203.00751879699249,142.75908560402937,143.75243019272813,124.47488405155482,108.69565217391305,131.30881094952952,118.37692823608316,159.92414664981038,165.11458952513044,123.4567901234568,123.4977512349775,113.80145278450364,210.72374227714033,111.75115207373273,154.50996692012808,72.99270072992701,484.5339845339845,121.95121951219511,135.84706856325732,117.6470588235294,164.68891016543287,126.75614159014206,209.6602187874201,97.08737864077669,285.8856457417033,155.71761829940417,184.72439187139514,170.98179598179598,130.25210084033614,0.0,81.30081300813008,9999.0,111.11111111111111,128.8586225176365,107.12239356269151,154.7031812334444,139.2178662928409,103.09278350515464,117.76736100952424,122.97496318114875,110.65031779732107,9999.0,9999.0,123.71333226286006,71.42857142857143,114.16361416361417,139.8830430385994,146.74632643337546,225.27472527472526,9999.0,9999.0,98.89943648122235,163.41556551348043
outgroup_trust|WVS_G,109.37804640280757,95.90080104150424,138.0865988401921,66.28117378648415,91.86596910812158,47.996972234009604,50.91155315370562,110.71085509372612,66.2251655629139,88.2264600338299,94.77846658583644,119.75683184354389,98.83331092002297,60.6060606060606,146.0715001177763,49.01960784313725,78.03205510258285,48.32826041497246,450.3703703703703,56.785785832062004,67.8424396498095,70.04057228272474,88.21099834788765,70.26841461583024,133.18230696987484,60.73570090888785,220.72021206157018,79.23970648185895,108.24648005384992,119.50890330445382,62.893081761006286,81.30081300813008,0.0,9999.0,71.44113250681438,89.53561862340868,82.45795324773697,78.22526941589918,78.60129994457601,38.472889029648236,41.28944919197902,48.53118523808966,34.17240597977584,9999.0,9999.0,47.235420445314844,50.83061557276804,80.0,63.40513122105418,70.26841461583024,200.48192771084337,9999.0,9999.0,22.42152466367713,86.9376536959352
perceived_corruption|WVS_E,9999.0,9999.0,9999.0,9999.0,9999.0,9999.0,9999.0,9999.0,9999.0,9999.0,9999.0,9999.0,9999.0,9999.0,9999.0,9999.0,9999.0,9999.0,9999.0,9999.0,9999.0,9999.0,9999.0,9999.0,9999.0,9999.0,9999.0,9999.0,9999.0,9999.0,9999.0,9999.0,9999.0,0.0,9999.0,9999.0,9999.0,9999.0,9999.0,9999.0,9999.0,9999.0,9999.0,9999.0,9999.0,9999.0,9999.0,9999.0,9999.0,9999.0,9999.0,9999.0,9999.0,9999.0,9999.0
perceived_negative_effects_of_immigration|WVS_G,135.97612958226767,122.49888422096436,164.6846820196522,92.87925696594426,118.4640522875817,74.59505541346974,77.50963633316574,109.89010989010988,70.4225352112676,114.82454321329001,121.37654976529656,139.51001361073304,125.43139409948309,67.56756756756756,172.66958329723644,79.36507936507937,104.63013828204296,74.92634359443258,446.7062482329657,83.38386901152214,94.44052282926963,96.63865546218486,114.80908152734777,96.86649779529037,159.78039014933498,87.33378408834798,247.31829524103028,105.83778966131906,134.84456323331005,133.1540596807772,85.47008547008546,111.11111111111111,71.44113250681438,9999.0,0.0,116.1337018028688,109.05603642719709,104.8233525953593,105.19938312403613,65.07097220910836,67.88753237143914,75.12926841754978,60.77048915923596,9999.0,9999.0,73.83350362477496,65.78947368421052,76.33587786259541,90.0032144005143,96.86649779529037,196.81780557343876,9999.0,9999.0,49.01960784313725,113.53573687539532
perceived_positive_effects_of_immigration|WVS_G,131.34796238244513,124.2283950617284,171.19565217391306,100.23584905660377,67.56756756756756,92.68954153006402,95.60412244976004,147.1024109710241,136.36363636363637,74.6268656716418,123.1060606060606,60.975609756097555,54.34782608695652,99.00990099009901,190.76406941383073,100.13175230566534,106.35964912280701,55.865921787709496,467.47278134139447,101.47835512811642,96.17003367003366,114.73314157877917,132.90356764394207,89.28571428571429,161.50990099009903,105.42827020494227,235.42959503550637,86.95652173913044,116.09372509430956,146.29049111807734,119.9684858902736,128.8586225176365,89.53561862340868,9999.0,116.1337018028688,0.0,31.347962382445143,106.55286343612335,78.74132731135509,83.16545832570266,51.282051282051285,60.6060606060606,62.5,9999.0,9999.0,91.92798974136926,95.52318486882245,97.10241097102411,108.09770051710859,114.96098391188465,217.58433868186748,9999.0,9999.0,67.11409395973155,131.63022299198963
political_information_sources|WVS_E,100.0,133.51570496188694,140.7967032967033,103.89607770686686,36.63003663003663,85.61187615439232,88.52645707408833,131.65846499179833,135.3938763006625,105.97482805408694,132.39337050621916,44.052863436123346,84.634743337815,109.09380474597866,178.54732986311933,109.94822691087234,115.64695902296556,34.129692832764505,477.28925594660143,89.26161557740505,105.45734357019222,107.65547620310745,125.82590226827037,69.93006993006993,170.79721089025756,98.35060482927057,204.08163265306123,75.18796992481204,84.74576271186442,114.9425287356322,98.2322569353286,107.12239356269151,82.45795324773697,9999.0,109.05603642719709,31.347962382445143,0.0,115.8401733362819,47.39336492890995,76.08779295003094,49.01960784313725,70.4225352112676,71.78730990015855,9999.0,9999.0,84.85032436569756,88.44551949315075,106.9188855762311,101.02003514143689,107.88331853621295,221.44522144522148,9999.0,9999.0,60.03642858405984,124.5525576163179
postmaterialist_values|WVS_E,142.7602664913525,105.78125849785175,122.28441956550712,59.880239520958085,93.61518550474547,81.37919232255453,84.29377324225054,133.53679804673874,122.92738707833048,94.33962264150944,104.27474579788337,153.13905193208882,102.4184301052851,98.78707476546953,130.26932084309135,86.69550302035947,75.75757575757576,81.71048050351739,453.90716841710906,40.983606557377044,77.722897106157,67.11409395973155,121.59321843643258,96.92105510184925,143.06276442622237,89.2927853013384,204.91803278688522,112.62192657040387,118.12693751019742,100.0,94.45954238625404,154.7031812334444,78.22526941589918,9999.0,104.8233525953593,106.55286343612335,115.8401733362819,0.0,111.98352003312093,52.35602094240838,74.67166928052394,47.16981132075472,44.052863436123346,9999.0,9999.0,80.61764053385977,84.21283566131297,83.53679804673874,96.7873513095991,103.65063470437516,204.0187257575821,9999.0,9999.0,55.80374475222205,120.31987378448011
precautionary_security_behaviors|WVS_H,143.1362970200293,129.65905165872599,144.92753623188406,100.0394244037059,84.02340155894657,81.75522285123137,84.66980377092737,144.46910571094787,131.53722299750154,121.98471065105164,128.53671720305817,91.4462283650333,76.92307692307692,89.28571428571429,179.82975073499807,110.8491115326199,111.79030571980459,66.2251655629139,489.1561565906452,90.54403644928377,101.60069026703125,103.79882289994649,121.9692489651094,104.026665233052,166.9405575870966,94.49395152610961,251.4749975819712,112.9979570990807,132.13912764077438,153.26715392167557,130.327729665478,139.2178662928409,78.60129994457601,9999.0,105.19938312403613,78.74132731135509,47.39336492890995,111.98352003312093,0.0,72.23113964686999,75.04769980920076,82.28943585531141,67.9306565969976,9999.0,9999.0,80.99367106253659,84.58886618998979,118.78578622027491,97.16338183827592,104.026665233052,238.4350200361436,9999.0,9999.0,56.17977528089888,120.69590431315694
