,acceptance_of_state_surveillance|WVS_H,authoritarian_governance_tolerance|WVS_E,autocracy_support|WVS_E,basic_needs_deprivation|WVS_H,child_qualities_autonomy_self_expression|WVS_A,child_qualities_conformity_tradition|WVS_A,child_qualities_prosocial_diligence|WVS_A,civic_dishonesty_tolerance|WVS_F,confidence_in_civil_society_organizations|WVS_E,confidence_in_domestic_institutions|WVS_E,confidence_in_international_organizations|WVS_E,crime_victimization|WVS_H,democratic_system_evaluation|WVS_E,democratic_values_importance|WVS_E,economic_ideology|WVS_E,electoral_integrity|WVS_E,existential_threat_worry|WVS_H,familial_duty_obligations|WVS_D,female_income_threat_to_marriage|WVS_D,freedom_security_tradeoff_perception|WVS_H,gender_role_traditionalism|WVS_D,immigrant_origin_status|WVS_G,importance_of_life_domains|WVS_A,institutional_threat_perception|WVS_H,international_organization_knowledge|WVS_E,job_scarcity_gender_discrimination|WVS_C,job_scarcity_nativist_preference|WVS_C,life_autonomy_morality_permissiveness|WVS_F,neighborhood_disorder_and_crime|WVS_H,offline_political_participation|WVS_E,online_political_participation|WVS_E,outgroup_trust|WVS_G,perceived_negative_effects_of_immigration|WVS_G,perceived_positive_effects_of_immigration|WVS_G,political_information_sources|WVS_E,postmaterialist_values|WVS_E,precautionary_security_behaviors|WVS_H,religion_versus_secularism_orientation|WVS_F,religious_belief|WVS_F,religious_exclusivism|WVS_F,religious_practice_and_self_identification|WVS_F,science_skepticism|WVS_I,science_technology_optimism|WVS_E,sexual_and_reproductive_morality_permissiveness|WVS_F,social_intolerance_outgroups|WVS_A,societal_change_attitudes|WVS_E,socioeconomic_insecurity_worry|WVS_H,subjective_wellbeing|WVS_A,violence_tolerance|WVS_F,voluntary_association_active_membership|WVS_A,voluntary_association_belonging|WVS_A,voting_participation|WVS_E,work_ethic|WVS_C
acceptance_of_state_surveillance|WVS_H,0.0,294.11764705882354,322.5806451612903,9999.0,142.85714285714286,1000.0,70.92198581560284,222.22222222222223,303.03030303030306,85.47008547008546,1000.0,9999.0,131.57894736842104,263.1578947368421,357.14285714285717,55.55555555555556,9999.0,76.33587786259541,9999.0,9999.0,46.728971962616825,131.57894736842104,227.27272727272725,9999.0,76.92307692307692,9999.0,9999.0,64.51612903225806,9999.0,109.89010989010988,47.84688995215311,108.69565217391305,99.00990099009901,131.57894736842104,41.84100418410041,1000.0,9999.0,1000.0,90.09009009009009,46.29629629629629,161.29032258064515,116.27906976744185,454.5454545454545,45.662100456621005,9999.0,59.880239520958085,9999.0,238.0952380952381,243.90243902439022,9999.0,163.93442622950818,153.84615384615384,32.67973856209151
authoritarian_governance_tolerance|WVS_E,294.11764705882354,0.0,9999.0,96.15384615384616,53.191489361702125,1000.0,70.4225352112676,833.3333333333334,9999.0,9999.0,9999.0,76.92307692307692,9999.0,9999.0,9999.0,9999.0,60.24096385542168,56.81818181818181,9999.0,909.090909090909,42.918454935622314,86.20689655172414,121.95121951219511,625.0,9999.0,9999.0,9999.0,58.8235294117647,263.1578947368421,9999.0,9999.0,91.74311926605505,64.51612903225806,188.67924528301887,9999.0,9999.0,333.3333333333333,106.38297872340425,94.33962264150944,37.735849056603776,136.986301369863,80.0,9999.0,41.1522633744856,9999.0,9999.0,142.85714285714286,192.30769230769232,666.6666666666666,9999.0,119.04761904761905,9999.0,41.32231404958678
autocracy_support|WVS_E,322.5806451612903,9999.0,0.0,188.67924528301887,51.02040816326531,1000.0,77.51937984496124,135.13513513513513,9999.0,9999.0,9999.0,98.0392156862745,9999.0,9999.0,9999.0,9999.0,74.07407407407408,60.975609756097555,9999.0,1000.0,59.523809523809526,129.87012987012986,196.078431372549,212.7659574468085,9999.0,9999.0,9999.0,65.35947712418302,322.5806451612903,9999.0,9999.0,138.88888888888889,84.03361344537815,312.5,9999.0,9999.0,227.27272727272725,158.73015873015873,67.11409395973155,50.25125628140703,58.13953488372093,76.33587786259541,9999.0,37.735849056603776,9999.0,9999.0,62.5,107.52688172043011,196.078431372549,9999.0,344.82758620689657,9999.0,36.90036900369004
basic_needs_deprivation|WVS_H,9999.0,96.15384615384616,188.67924528301887,0.0,59.880239520958085,1000.0,69.93006993006993,31.446540880503143,172.41379310344828,131.57894736842104,185.18518518518516,9999.0,35.08771929824561,625.0,36.63003663003663,1000.0,9999.0,51.81347150259067,9999.0,9999.0,144.92753623188406,13.36898395721925,161.29032258064515,9999.0,136.986301369863,9999.0,9999.0,64.51612903225806,9999.0,27.548209366391184,62.11180124223603,29.32551319648094,555.5555555555555,1000.0,64.51612903225806,31.347962382445143,9999.0,72.46376811594203,28.653295128939828,555.5555555555555,28.81844380403458,121.95121951219511,156.25,30.769230769230766,9999.0,40.0,9999.0,45.662100456621005,28.011204481792713,9999.0,36.90036900369004,12.706480304955527,21.14164904862579
child_qualities_autonomy_self_expression|WVS_A,142.85714285714286,53.191489361702125,51.02040816326531,59.880239520958085,0.0,9999.0,9999.0,58.13953488372093,384.61538461538464,88.49557522123894,76.33587786259541,47.84688995215311,312.5,163.93442622950818,178.57142857142858,73.52941176470588,52.35602094240838,22.371364653243848,9999.0,78.125,19.37984496124031,144.92753623188406,9999.0,113.63636363636363,38.314176245210724,9999.0,9999.0,25.974025974025974,175.43859649122805,37.45318352059925,12.610340479192939,106.38297872340425,39.21568627450981,140.8450704225352,14.285714285714285,1000.0,77.51937984496124,78.125,31.645569620253163,22.93577981651376,47.61904761904761,40.816326530612244,204.08163265306123,19.157088122605362,9999.0,25.57544757033248,25.125628140703515,9999.0,66.66666666666667,9999.0,9999.0,51.282051282051285,15.337423312883438
child_qualities_conformity_tradition|WVS_A,1000.0,1000.0,1000.0,1000.0,9999.0,0.0,9999.0,1000.0,1000.0,1000.0,270.27027027027026,303.03030303030306,204.08163265306123,357.14285714285717,312.5,1000.0,109.89010989010988,125.0,9999.0,84.03361344537815,68.4931506849315,55.24861878453038,9999.0,208.33333333333334,108.69565217391305,9999.0,9999.0,175.43859649122805,256.4102564102564,1000.0,370.3703703703703,833.3333333333334,625.0,769.2307692307693,588.2352941176471,192.30769230769232,227.27272727272725,1000.0,1000.0,1000.0,55.55555555555556,277.77777777777777,256.4102564102564,285.7142857142857,9999.0,294.11764705882354,500.0,9999.0,588.2352941176471,9999.0,9999.0,109.89010989010988,123.4567901234568
child_qualities_prosocial_diligence|WVS_A,70.92198581560284,70.4225352112676,77.51937984496124,69.93006993006993,9999.0,9999.0,0.0,84.03361344537815,178.57142857142858,54.34782608695652,161.29032258064515,32.154340836012864,96.15384615384616,121.95121951219511,217.3913043478261,38.314176245210724,64.1025641025641,30.487804878048777,9999.0,88.49557522123894,22.72727272727273,117.6470588235294,9999.0,46.948356807511736,31.25,9999.0,9999.0,30.12048192771084,62.11180124223603,34.84320557491289,14.367816091954024,1000.0,38.167938931297705,83.33333333333333,15.527950310559007,163.93442622950818,357.14285714285717,120.48192771084337,37.3134328358209,20.964360587002098,51.02040816326531,43.859649122807014,476.1904761904762,18.34862385321101,9999.0,26.954177897574123,24.752475247524753,9999.0,111.11111111111111,9999.0,9999.0,69.93006993006993,15.625
civic_dishonesty_tolerance|WVS_F,222.22222222222223,833.3333333333334,135.13513513513513,31.446540880503143,58.13953488372093,1000.0,84.03361344537815,0.0,555.5555555555555,204.08163265306123,1000.0,95.23809523809523,91.74311926605505,370.3703703703703,140.8450704225352,434.7826086956522,344.82758620689657,64.93506493506493,9999.0,107.52688172043011,96.15384615384616,31.25,1000.0,82.64462809917356,166.66666666666666,9999.0,9999.0,9999.0,243.90243902439022,93.45794392523365,68.9655172413793,112.35955056179776,217.3913043478261,833.3333333333334,45.04504504504504,98.0392156862745,74.6268656716418,9999.0,9999.0,9999.0,9999.0,107.52688172043011,1000.0,9999.0,9999.0,56.497175141242934,29.15451895043732,74.6268656716418,9999.0,9999.0,117.6470588235294,26.246719160104984,31.847133757961785
confidence_in_civil_society_organizations|WVS_E,303.03030303030306,9999.0,9999.0,172.41379310344828,384.61538461538464,1000.0,178.57142857142858,555.5555555555555,0.0,9999.0,9999.0,142.85714285714286,9999.0,9999.0,9999.0,9999.0,188.67924528301887,263.1578947368421,9999.0,1000.0,105.26315789473685,156.25,294.11764705882354,270.27027027027026,9999.0,9999.0,9999.0,163.93442622950818,108.69565217391305,9999.0,9999.0,769.2307692307693,156.25,263.1578947368421,9999.0,9999.0,149.2537313432836,370.3703703703703,1000.0,93.45794392523365,666.6666666666666,243.90243902439022,9999.0,112.35955056179776,9999.0,9999.0,476.1904761904762,1000.0,357.14285714285717,9999.0,1000.0,9999.0,111.11111111111111
confidence_in_domestic_institutions|WVS_E,85.47008547008546,9999.0,9999.0,131.57894736842104,88.49557522123894,1000.0,54.34782608695652,204.08163265306123,9999.0,0.0,9999.0,38.46153846153846,9999.0,9999.0,9999.0,9999.0,196.078431372549,58.8235294117647,9999.0,88.49557522123894,34.129692832764505,243.90243902439022,131.57894736842104,48.309178743961354,9999.0,9999.0,9999.0,49.504950495049506,43.10344827586207,9999.0,9999.0,138.88888888888889,58.13953488372093,98.0392156862745,9999.0,9999.0,94.33962264150944,454.5454545454545,76.92307692307692,33.898305084745765,161.29032258064515,78.125,9999.0,32.78688524590164,9999.0,9999.0,40.983606557377044,192.30769230769232,303.03030303030306,9999.0,181.81818181818184,9999.0,24.03846153846154
confidence_in_international_organizations|WVS_E,1000.0,9999.0,9999.0,185.18518518518516,76.33587786259541,270.27027027027026,161.29032258064515,1000.0,9999.0,9999.0,0.0,1000.0,9999.0,9999.0,9999.0,9999.0,129.87012987012986,80.0,9999.0,666.6666666666666,65.35947712418302,79.36507936507937,175.43859649122805,204.08163265306123,9999.0,9999.0,9999.0,100.0,181.81818181818184,9999.0,9999.0,107.52688172043011,133.33333333333334,1000.0,9999.0,9999.0,400.0,169.49152542372883,227.27272727272725,87.71929824561403,714.2857142857143,188.67924528301887,9999.0,98.0392156862745,9999.0,9999.0,1000.0,250.0,1000.0,9999.0,107.52688172043011,9999.0,78.125
crime_victimization|WVS_H,9999.0,76.92307692307692,98.0392156862745,9999.0,47.84688995215311,303.03030303030306,32.154340836012864,95.23809523809523,142.85714285714286,38.46153846153846,1000.0,0.0,54.054054054054056,92.59259259259258,270.27027027027026,23.31002331002331,9999.0,36.76470588235294,9999.0,9999.0,24.096385542168672,49.26108374384237,94.33962264150944,9999.0,26.455026455026456,9999.0,9999.0,30.12048192771084,9999.0,31.055900621118013,15.479876160990711,111.11111111111111,35.46099290780142,60.975609756097555,15.45595054095827,129.87012987012986,9999.0,208.33333333333334,37.03703703703704,20.120724346076457,37.87878787878788,42.37288135593221,1000.0,18.01801801801802,9999.0,27.100271002710027,9999.0,88.49557522123894,144.92753623188406,9999.0,91.74311926605505,65.35947712418302,15.15151515151515
democratic_system_evaluation|WVS_E,131.57894736842104,9999.0,9999.0,35.08771929824561,312.5,204.08163265306123,96.15384615384616,91.74311926605505,9999.0,9999.0,9999.0,54.054054054054056,0.0,9999.0,9999.0,9999.0,51.81347150259067,833.3333333333334,9999.0,169.49152542372883,56.17977528089888,45.24886877828054,149.2537313432836,103.09278350515464,9999.0,9999.0,9999.0,106.38297872340425,32.57328990228013,9999.0,9999.0,147.05882352941177,70.92198581560284,88.49557522123894,9999.0,9999.0,39.52569169960474,119.04761904761905,250.0,35.3356890459364,434.7826086956522,103.09278350515464,9999.0,58.13953488372093,9999.0,9999.0,128.2051282051282,151.51515151515153,72.99270072992701,9999.0,384.61538461538464,9999.0,79.36507936507937
democratic_values_importance|WVS_E,263.1578947368421,9999.0,9999.0,625.0,163.93442622950818,357.14285714285717,121.95121951219511,370.3703703703703,9999.0,9999.0,9999.0,92.59259259259258,9999.0,0.0,9999.0,9999.0,121.95121951219511,156.25,9999.0,1000.0,121.95121951219511,153.84615384615384,400.0,125.0,9999.0,9999.0,9999.0,119.04761904761905,138.88888888888889,9999.0,9999.0,1000.0,135.13513513513513,263.1578947368421,9999.0,9999.0,277.77777777777777,416.6666666666667,135.13513513513513,66.66666666666667,92.59259259259258,123.4567901234568,9999.0,60.975609756097555,9999.0,9999.0,93.45794392523365,344.82758620689657,909.090909090909,9999.0,476.1904761904762,9999.0,67.11409395973155
economic_ideology|WVS_E,357.14285714285717,9999.0,9999.0,36.63003663003663,178.57142857142858,312.5,217.3913043478261,140.8450704225352,9999.0,9999.0,9999.0,270.27027027027026,9999.0,9999.0,0.0,9999.0,41.666666666666664,256.4102564102564,9999.0,77.51937984496124,120.48192771084337,41.666666666666664,175.43859649122805,101.010101010101,9999.0,9999.0,9999.0,196.078431372549,526.3157894736842,9999.0,9999.0,48.543689320388346,104.16666666666667,333.3333333333333,9999.0,9999.0,108.69565217391305,94.33962264150944,434.7826086956522,53.763440860215056,285.7142857142857,120.48192771084337,9999.0,105.26315789473685,9999.0,9999.0,68.02721088435375,400.0,90.90909090909092,9999.0,75.75757575757576,9999.0,625.0
electoral_integrity|WVS_E,55.55555555555556,9999.0,9999.0,1000.0,73.52941176470588,1000.0,38.314176245210724,434.7826086956522,9999.0,9999.0,9999.0,23.31002331002331,9999.0,9999.0,9999.0,0.0,113.63636363636363,44.24778761061947,9999.0,62.893081761006286,20.74688796680498,156.25,76.92307692307692,33.557046979865774,9999.0,9999.0,9999.0,33.44481605351171,22.573363431151243,9999.0,9999.0,90.09009009009009,37.87878787878788,58.47953216374269,9999.0,9999.0,50.0,200.0,65.78947368421052,19.801980198019802,625.0,55.865921787709496,9999.0,23.58490566037736,9999.0,9999.0,32.57328990228013,204.08163265306123,1000.0,9999.0,149.2537313432836,9999.0,17.301038062283737
existential_threat_worry|WVS_H,9999.0,60.24096385542168,74.07407407407408,9999.0,52.35602094240838,109.89010989010988,64.1025641025641,344.82758620689657,188.67924528301887,196.078431372549,129.87012987012986,9999.0,51.81347150259067,121.95121951219511,41.666666666666664,113.63636363636363,0.0,108.69565217391305,9999.0,9999.0,71.42857142857143,294.11764705882354,140.8450704225352,9999.0,25.44529262086514,9999.0,9999.0,78.74015748031496,9999.0,25.510204081632654,13.94700139470014,39.21568627450981,59.523809523809526,151.51515151515153,22.831050228310502,41.49377593360996,9999.0,64.1025641025641,114.9425287356322,28.08988764044944,32.05128205128205,50.0,74.07407407407408,29.940119760479043,9999.0,78.74015748031496,9999.0,270.27027027027026,113.63636363636363,9999.0,96.15384615384616,69.44444444444444,57.4712643678161
familial_duty_obligations|WVS_D,76.33587786259541,56.81818181818181,60.975609756097555,51.81347150259067,22.371364653243848,125.0,30.487804878048777,64.93506493506493,263.1578947368421,58.8235294117647,80.0,36.76470588235294,833.3333333333334,156.25,256.4102564102564,44.24778761061947,108.69565217391305,0.0,9999.0,46.728971962616825,9999.0,1000.0,65.35947712418302,61.7283950617284,38.02281368821293,9999.0,9999.0,24.330900243309003,285.7142857142857,37.174721189591075,13.037809647979138,476.1904761904762,35.97122302158274,104.16666666666667,14.025245441795231,909.090909090909,140.8450704225352,106.38297872340425,30.674846625766875,22.42152466367713,64.51612903225806,47.16981132075472,526.3157894736842,18.65671641791045,9999.0,23.809523809523807,23.364485981308412,51.02040816326531,72.99270072992701,9999.0,169.49152542372883,55.865921787709496,14.104372355430183
female_income_threat_to_marriage|WVS_D,9999.0,9999.0,9999.0,9999.0,9999.0,9999.0,9999.0,9999.0,9999.0,9999.0,9999.0,9999.0,9999.0,9999.0,9999.0,9999.0,9999.0,9999.0,0.0,9999.0,9999.0,9999.0,9999.0,9999.0,9999.0,9999.0,9999.0,9999.0,9999.0,9999.0,9999.0,9999.0,9999.0,9999.0,9999.0,9999.0,9999.0,9999.0,9999.0,9999.0,9999.0,9999.0,9999.0,9999.0,9999.0,9999.0,9999.0,9999.0,9999.0,9999.0,9999.0,9999.0,9999.0
freedom_security_tradeoff_perception|WVS_H,9999.0,909.090909090909,1000.0,9999.0,78.125,84.03361344537815,88.49557522123894,107.52688172043011,1000.0,88.49557522123894,666.6666666666666,9999.0,169.49152542372883,1000.0,77.51937984496124,62.893081761006286,9999.0,46.728971962616825,9999.0,0.0,28.08988764044944,312.5,138.88888888888889,9999.0,136.986301369863,9999.0,9999.0,54.34782608695652,9999.0,333.3333333333333,277.77777777777777,60.6060606060606,101.010101010101,232.5581395348837,66.66666666666667,66.2251655629139,9999.0,357.14285714285717,83.33333333333333,97.08737864077669,60.24096385542168,1000.0,101.010101010101,68.4931506849315,9999.0,50.76142131979696,9999.0,121.95121951219511,83.33333333333333,9999.0,312.5,117.6470588235294,23.980815347721823
gender_role_traditionalism|WVS_D,46.728971962616825,42.918454935622314,59.523809523809526,144.92753623188406,19.37984496124031,68.4931506849315,22.72727272727273,96.15384615384616,105.26315789473685,34.129692832764505,65.35947712418302,24.096385542168672,56.17977528089888,121.95121951219511,120.48192771084337,20.74688796680498,71.42857142857143,9999.0,9999.0,28.08988764044944,0.0,40.48582995951417,38.61003861003861,38.167938931297705,28.08988764044944,9999.0,9999.0,17.543859649122805,36.36363636363637,17.761989342806395,9.803921568627452,1000.0,23.148148148148145,50.76142131979696,10.660980810234543,136.986301369863,136.986301369863,62.5,33.222591362126245,14.22475106685633,175.43859649122805,36.101083032490976,344.82758620689657,15.748031496062993,9999.0,18.281535648994517,23.58490566037736,56.497175141242934,135.13513513513513,9999.0,87.71929824561403,114.9425287356322,9.569377990430622
immigrant_origin_status|WVS_G,131.57894736842104,86.20689655172414,129.87012987012986,13.36898395721925,144.92753623188406,55.24861878453038,117.6470588235294,31.25,156.25,243.90243902439022,79.36507936507937,49.26108374384237,45.24886877828054,153.84615384615384,41.666666666666664,156.25,294.11764705882354,1000.0,9999.0,312.5,40.48582995951417,0.0,70.92198581560284,27.62430939226519,90.09009009009009,9999.0,9999.0,769.2307692307693,212.7659574468085,21.14164904862579,93.45794392523365,9999.0,9999.0,9999.0,74.6268656716418,48.309178743961354,40.32258064516129,59.523809523809526,28.08988764044944,200.0,13.623978201634877,65.78947368421052,588.2352941176471,26.7379679144385,9999.0,59.523809523809526,14.285714285714285,52.083333333333336,31.847133757961785,9999.0,24.330900243309003,9.920634920634921,34.129692832764505
importance_of_life_domains|WVS_A,227.27272727272725,121.95121951219511,196.078431372549,161.29032258064515,9999.0,9999.0,9999.0,1000.0,294.11764705882354,131.57894736842104,175.43859649122805,94.33962264150944,149.2537313432836,400.0,175.43859649122805,76.92307692307692,140.8450704225352,65.35947712418302,9999.0,138.88888888888889,38.61003861003861,70.92198581560284,0.0,400.0,94.33962264150944,9999.0,9999.0,66.66666666666667,149.2537313432836,48.309178743961354,29.498525073746315,232.5581395348837,74.07407407407408,188.67924528301887,38.75968992248062,227.27272727272725,256.4102564102564,156.25,161.29032258064515,46.08294930875576,243.90243902439022,136.986301369863,1000.0,55.24861878453038,9999.0,64.93506493506493,166.66666666666666,9999.0,1000.0,9999.0,9999.0,109.89010989010988,42.37288135593221
institutional_threat_perception|WVS_H,9999.0,625.0,212.7659574468085,9999.0,113.63636363636363,208.33333333333334,46.948356807511736,82.64462809917356,270.27027027027026,48.309178743961354,204.08163265306123,9999.0,103.09278350515464,125.0,101.010101010101,33.557046979865774,9999.0,61.7283950617284,9999.0,9999.0,38.167938931297705,27.62430939226519,400.0,0.0,46.29629629629629,9999.0,9999.0,46.728971962616825,9999.0,370.3703703703703,40.48582995951417,45.662100456621005,79.36507936507937,84.03361344537815,25.188916876574307,833.3333333333334,9999.0,277.77777777777777,43.66812227074236,34.72222222222222,38.02281368821293,65.35947712418302,333.3333333333333,25.06265664160401,9999.0,39.21568627450981,9999.0,109.89010989010988,87.71929824561403,9999.0,51.282051282051285,32.362459546925564,20.120724346076457
international_organization_knowledge|WVS_E,76.92307692307692,9999.0,9999.0,136.986301369863,38.314176245210724,108.69565217391305,31.25,166.66666666666666,9999.0,9999.0,9999.0,26.455026455026456,9999.0,9999.0,9999.0,9999.0,25.44529262086514,38.02281368821293,9999.0,136.986301369863,28.08988764044944,90.09009009009009,94.33962264150944,46.29629629629629,0.0,9999.0,9999.0,32.362459546925564,35.587188612099645,9999.0,9999.0,80.0,33.222591362126245,63.291139240506325,9999.0,9999.0,71.42857142857143,71.42857142857143,38.167938931297705,17.152658662092627,25.906735751295336,33.333333333333336,9999.0,15.625,9999.0,9999.0,30.487804878048777,99.00990099009901,666.6666666666666,9999.0,1000.0,9999.0,16.722408026755854
job_scarcity_gender_discrimination|WVS_C,9999.0,9999.0,9999.0,9999.0,9999.0,9999.0,9999.0,9999.0,9999.0,9999.0,9999.0,9999.0,9999.0,9999.0,9999.0,9999.0,9999.0,9999.0,9999.0,9999.0,9999.0,9999.0,9999.0,9999.0,9999.0,0.0,9999.0,9999.0,9999.0,9999.0,9999.0,9999.0,9999.0,9999.0,9999.0,9999.0,9999.0,9999.0,9999.0,9999.0,9999.0,9999.0,9999.0,9999.0,9999.0,9999.0,9999.0,9999.0,9999.0,9999.0,9999.0,9999.0,9999.0
job_scarcity_nativist_preference|WVS_C,9999.0,9999.0,9999.0,9999.0,9999.0,9999.0,9999.0,9999.0,9999.0,9999.0,9999.0,9999.0,9999.0,9999.0,9999.0,9999.0,9999.0,9999.0,9999.0,9999.0,9999.0,9999.0,9999.0,9999.0,9999.0,9999.0,0.0,9999.0,9999.0,9999.0,9999.0,9999.0,9999.0,9999.0,9999.0,9999.0,9999.0,9999.0,9999.0,9999.0,9999.0,9999.0,9999.0,9999.0,9999.0,9999.0,9999.0,9999.0,9999.0,9999.0,9999.0,9999.0,9999.0
life_autonomy_morality_permissiveness|WVS_F,64.51612903225806,58.8235294117647,65.35947712418302,64.51612903225806,25.974025974025974,175.43859649122805,30.12048192771084,9999.0,163.93442622950818,49.504950495049506,100.0,30.12048192771084,106.38297872340425,119.04761904761905,196.078431372549,33.44481605351171,78.74015748031496,24.330900243309003,9999.0,54.34782608695652,17.543859649122805,769.2307692307693,66.66666666666667,46.728971962616825,32.362459546925564,9999.0,9999.0,0.0,68.02721088435375,29.761904761904763,12.970168612191959,1000.0,33.11258278145695,86.20689655172414,14.04494382022472,454.5454545454545,1000.0,9999.0,9999.0,9999.0,9999.0,41.666666666666664,714.2857142857143,9999.0,9999.0,22.371364653243848,22.72727272727273,58.47953216374269,9999.0,9999.0,400.0,72.99270072992701,14.005602240896357
neighborhood_disorder_and_crime|WVS_H,9999.0,263.1578947368421,322.5806451612903,9999.0,175.43859649122805,256.4102564102564,62.11180124223603,243.90243902439022,108.69565217391305,43.10344827586207,181.81818181818184,9999.0,32.57328990228013,138.88888888888889,526.3157894736842,22.573363431151243,9999.0,285.7142857142857,9999.0,9999.0,36.36363636363637,212.7659574468085,149.2537313432836,9999.0,35.587188612099645,9999.0,9999.0,68.02721088435375,0.0,37.59398496240602,37.03703703703704,85.47008547008546,54.054054054054056,60.6060606060606,33.67003367003367,70.92198581560284,9999.0,1000.0,370.3703703703703,30.030030030030026,188.67924528301887,105.26315789473685,277.77777777777777,43.859649122807014,9999.0,56.81818181818181,9999.0,163.93442622950818,140.8450704225352,9999.0,86.20689655172414,53.763440860215056,33.78378378378378
offline_political_participation|WVS_E,109.89010989010988,9999.0,9999.0,27.548209366391184,37.45318352059925,1000.0,34.84320557491289,93.45794392523365,9999.0,9999.0,9999.0,31.055900621118013,9999.0,9999.0,9999.0,9999.0,25.510204081632654,37.174721189591075,9999.0,333.3333333333333,17.761989342806395,21.14164904862579,48.309178743961354,370.3703703703703,9999.0,9999.0,9999.0,29.761904761904763,37.59398496240602,0.0,9999.0,39.0625,29.32551319648094,58.13953488372093,9999.0,9999.0,45.45454545454546,43.66812227074236,131.57894736842104,16.339869281045754,294.11764705882354,43.10344827586207,9999.0,22.123893805309734,9999.0,9999.0,370.3703703703703,588.2352941176471,63.69426751592357,9999.0,50.76142131979696,9999.0,21.551724137931036
online_political_participation|WVS_E,47.84688995215311,9999.0,9999.0,62.11180124223603,12.610340479192939,370.3703703703703,14.367816091954024,68.9655172413793,9999.0,9999.0,9999.0,15.479876160990711,9999.0,9999.0,9999.0,9999.0,13.94700139470014,13.037809647979138,9999.0,277.77777777777777,9.803921568627452,93.45794392523365,29.498525073746315,40.48582995951417,9999.0,9999.0,9999.0,12.970168612191959,37.03703703703704,9999.0,0.0,27.247956403269754,14.534883720930232,38.167938931297705,9999.0,9999.0,82.64462809917356,28.73563218390805,18.832391713747647,8.410428931875526,18.587360594795538,16.666666666666668,9999.0,8.319467554076539,9999.0,9999.0,16.58374792703151,34.013605442176875,400.0,9999.0,48.78048780487805,9999.0,7.552870090634442
outgroup_trust|WVS_G,108.69565217391305,91.74311926605505,138.88888888888889,29.32551319648094,106.38297872340425,833.3333333333334,1000.0,112.35955056179776,769.2307692307693,138.88888888888889,107.52688172043011,111.11111111111111,147.05882352941177,1000.0,48.543689320388346,90.09009009009009,39.21568627450981,476.1904761904762,9999.0,60.6060606060606,1000.0,9999.0,232.5581395348837,45.662100456621005,80.0,9999.0,9999.0,1000.0,85.47008547008546,39.0625,27.247956403269754,0.0,9999.0,9999.0,79.36507936507937,60.6060606060606,1000.0,80.0,181.81818181818184,103.09278350515464,1000.0,243.90243902439022,103.09278350515464,1000.0,9999.0,312.5,39.8406374501992,526.3157894736842,81.96721311475409,9999.0,54.34782608695652,34.84320557491289,90.09009009009009
perceived_negative_effects_of_immigration|WVS_G,99.00990099009901,64.51612903225806,84.03361344537815,555.5555555555555,39.21568627450981,625.0,38.167938931297705,217.3913043478261,156.25,58.13953488372093,133.33333333333334,35.46099290780142,70.92198581560284,135.13513513513513,104.16666666666667,37.87878787878788,59.523809523809526,35.97122302158274,9999.0,101.010101010101,23.148148148148145,9999.0,74.07407407407408,79.36507936507937,33.222591362126245,9999.0,9999.0,33.11258278145695,54.054054054054056,29.32551319648094,14.534883720930232,9999.0,0.0,9999.0,17.21170395869191,103.09278350515464,111.11111111111111,92.59259259259258,53.475935828877,23.364485981308412,109.89010989010988,50.0,333.3333333333333,23.923444976076556,9999.0,31.446540880503143,40.16064257028113,111.11111111111111,666.6666666666666,9999.0,243.90243902439022,181.81818181818184,19.646365422396855
perceived_positive_effects_of_immigration|WVS_G,131.57894736842104,188.67924528301887,312.5,1000.0,140.8450704225352,769.2307692307693,83.33333333333333,833.3333333333334,263.1578947368421,98.0392156862745,1000.0,60.975609756097555,88.49557522123894,263.1578947368421,333.3333333333333,58.47953216374269,151.51515151515153,104.16666666666667,9999.0,232.5581395348837,50.76142131979696,9999.0,188.67924528301887,84.03361344537815,63.291139240506325,9999.0,9999.0,86.20689655172414,60.6060606060606,58.13953488372093,38.167938931297705,9999.0,9999.0,0.0,39.21568627450981,161.29032258064515,111.11111111111111,312.5,149.2537313432836,45.87155963302752,232.5581395348837,112.35955056179776,1000.0,51.02040816326531,9999.0,80.64516129032258,80.64516129032258,588.2352941176471,1000.0,9999.0,454.5454545454545,250.0,40.16064257028113
political_information_sources|WVS_E,41.84100418410041,9999.0,9999.0,64.51612903225806,14.285714285714285,588.2352941176471,15.527950310559007,45.04504504504504,9999.0,9999.0,9999.0,15.45595054095827,9999.0,9999.0,9999.0,9999.0,22.831050228310502,14.025245441795231,9999.0,66.66666666666667,10.660980810234543,74.6268656716418,38.75968992248062,25.188916876574307,9999.0,9999.0,9999.0,14.04494382022472,33.67003367003367,9999.0,9999.0,79.36507936507937,17.21170395869191,39.21568627450981,0.0,9999.0,120.48192771084337,43.47826086956522,18.214936247723134,9.208103130755065,18.90359168241966,18.6219739292365,9999.0,9.041591320072332,9999.0,9999.0,13.071895424836601,34.48275862068965,69.44444444444444,9999.0,294.11764705882354,9999.0,7.674597083653108
postmaterialist_values|WVS_E,1000.0,9999.0,9999.0,31.347962382445143,1000.0,192.30769230769232,163.93442622950818,98.0392156862745,9999.0,9999.0,9999.0,129.87012987012986,9999.0,9999.0,9999.0,9999.0,41.49377593360996,909.090909090909,9999.0,66.2251655629139,136.986301369863,48.309178743961354,227.27272727272725,833.3333333333334,9999.0,9999.0,9999.0,454.5454545454545,70.92198581560284,9999.0,9999.0,60.6060606060606,103.09278350515464,161.29032258064515,9999.0,0.0,55.865921787709496,107.52688172043011,178.57142857142858,53.191489361702125,294.11764705882354,114.9425287356322,9999.0,123.4567901234568,9999.0,9999.0,70.4225352112676,158.73015873015873,62.11180124223603,9999.0,135.13513513513513,9999.0,714.2857142857143
precautionary_security_behaviors|WVS_H,9999.0,333.3333333333333,227.27272727272725,9999.0,77.51937984496124,227.27272727272725,357.14285714285717,74.6268656716418,149.2537313432836,94.33962264150944,400.0,9999.0,39.52569169960474,277.77777777777777,108.69565217391305,50.0,9999.0,140.8450704225352,9999.0,9999.0,136.986301369863,40.32258064516129,256.4102564102564,9999.0,71.42857142857143,9999.0,9999.0,1000.0,9999.0,45.45454545454546,82.64462809917356,1000.0,111.11111111111111,111.11111111111111,120.48192771084337,55.865921787709496,0.0,256.4102564102564,90.09009009009009,64.1025641025641,86.20689655172414,666.6666666666666,1000.0,1000.0,9999.0,1000.0,9999.0,94.33962264150944,60.975609756097555,9999.0,1000.0,27.3224043715847,1000.0
religion_versus_secularism_orientation|WVS_F,1000.0,106.38297872340425,158.73015873015873,72.46376811594203,78.125,1000.0,120.48192771084337,9999.0,370.3703703703703,454.5454545454545,169.49152542372883,208.33333333333334,119.04761904761905,416.6666666666667,94.33962264150944,200.0,64.1025641025641,106.38297872340425,9999.0,357.14285714285717,62.5,59.523809523809526,156.25,277.77777777777777,71.42857142857143,9999.0,9999.0,9999.0,1000.0,43.66812227074236,28.73563218390805,80.0,92.59259259259258,312.5,43.47826086956522,107.52688172043011,256.4102564102564,0.0,9999.0,9999.0,9999.0,121.95121951219511,238.0952380952381,9999.0,9999.0,125.0,384.61538461538464,588.2352941176471,9999.0,9999.0,102.04081632653062,70.92198581560284,82.64462809917356
religious_belief|WVS_F,90.09009009009009,94.33962264150944,67.11409395973155,28.653295128939828,31.645569620253163,1000.0,37.3134328358209,9999.0,1000.0,76.92307692307692,227.27272727272725,37.03703703703704,250.0,135.13513513513513,434.7826086956522,65.78947368421052,114.9425287356322,30.674846625766875,9999.0,83.33333333333333,33.222591362126245,28.08988764044944,161.29032258064515,43.66812227074236,38.167938931297705,9999.0,9999.0,9999.0,370.3703703703703,131.57894736842104,18.832391713747647,181.81818181818184,53.475935828877,149.2537313432836,18.214936247723134,178.57142857142858,90.09009009009009,9999.0,0.0,9999.0,9999.0,45.662100456621005,454.5454545454545,9999.0,9999.0,28.248587570621467,19.569471624266146,49.01960784313725,9999.0,9999.0,166.66666666666666,23.255813953488374,15.673981191222571
religious_exclusivism|WVS_F,46.29629629629629,37.735849056603776,50.25125628140703,555.5555555555555,22.93577981651376,1000.0,20.964360587002098,9999.0,93.45794392523365,33.898305084745765,87.71929824561403,20.120724346076457,35.3356890459364,66.66666666666667,53.763440860215056,19.801980198019802,28.08988764044944,22.42152466367713,9999.0,97.08737864077669,14.22475106685633,200.0,46.08294930875576,34.72222222222222,17.152658662092627,9999.0,9999.0,9999.0,30.030030030030026,16.339869281045754,8.410428931875526,103.09278350515464,23.364485981308412,45.87155963302752,9.208103130755065,53.191489361702125,64.1025641025641,9999.0,9999.0,0.0,9999.0,27.17391304347826,129.87012987012986,9999.0,9999.0,18.587360594795538,20.833333333333332,64.1025641025641,9999.0,9999.0,227.27272727272725,1000.0,10.638297872340425
religious_practice_and_self_identification|WVS_F,161.29032258064515,136.986301369863,58.13953488372093,28.81844380403458,47.61904761904761,55.55555555555556,51.02040816326531,9999.0,666.6666666666666,161.29032258064515,714.2857142857143,37.87878787878788,434.7826086956522,92.59259259259258,285.7142857142857,625.0,32.05128205128205,64.51612903225806,9999.0,60.24096385542168,175.43859649122805,13.623978201634877,243.90243902439022,38.02281368821293,25.906735751295336,9999.0,9999.0,9999.0,188.67924528301887,294.11764705882354,18.587360594795538,1000.0,109.89010989010988,232.5581395348837,18.90359168241966,294.11764705882354,86.20689655172414,9999.0,9999.0,9999.0,0.0,37.174721189591075,76.92307692307692,9999.0,9999.0,39.682539682539684,19.047619047619047,54.6448087431694,9999.0,9999.0,49.01960784313725,14.347202295552368,25.641025641025642
science_skepticism|WVS_I,116.27906976744185,80.0,76.33587786259541,121.95121951219511,40.816326530612244,277.77777777777777,43.859649122807014,107.52688172043011,243.90243902439022,78.125,188.67924528301887,42.37288135593221,103.09278350515464,123.4567901234568,120.48192771084337,55.865921787709496,50.0,47.16981132075472,9999.0,1000.0,36.101083032490976,65.78947368421052,136.986301369863,65.35947712418302,33.333333333333336,9999.0,9999.0,41.666666666666664,105.26315789473685,43.10344827586207,16.666666666666668,243.90243902439022,50.0,112.35955056179776,18.6219739292365,114.9425287356322,666.6666666666666,121.95121951219511,45.662100456621005,27.17391304347826,37.174721189591075,0.0,161.29032258064515,22.98850574712644,9999.0,36.36363636363637,33.557046979865774,97.08737864077669,169.49152542372883,9999.0,1000.0,68.9655172413793,22.123893805309734
science_technology_optimism|WVS_E,454.5454545454545,9999.0,9999.0,156.25,204.08163265306123,256.4102564102564,476.1904761904762,1000.0,9999.0,9999.0,9999.0,1000.0,9999.0,9999.0,9999.0,9999.0,74.07407407407408,526.3157894736842,9999.0,101.010101010101,344.82758620689657,588.2352941176471,1000.0,333.3333333333333,9999.0,9999.0,9999.0,714.2857142857143,277.77777777777777,9999.0,9999.0,103.09278350515464,333.3333333333333,1000.0,9999.0,9999.0,1000.0,238.0952380952381,454.5454545454545,129.87012987012986,76.92307692307692,161.29032258064515,0.0,126.58227848101265,9999.0,9999.0,833.3333333333334,666.6666666666666,500.0,9999.0,322.5806451612903,9999.0,1000.0
sexual_and_reproductive_morality_permissiveness|WVS_F,45.662100456621005,41.1522633744856,37.735849056603776,30.769230769230766,19.157088122605362,285.7142857142857,18.34862385321101,9999.0,112.35955056179776,32.78688524590164,98.0392156862745,18.01801801801802,58.13953488372093,60.975609756097555,105.26315789473685,23.58490566037736,29.940119760479043,18.65671641791045,9999.0,68.4931506849315,15.748031496062993,26.7379679144385,55.24861878453038,25.06265664160401,15.625,9999.0,9999.0,9999.0,43.859649122807014,22.123893805309734,8.319467554076539,1000.0,23.923444976076556,51.02040816326531,9.041591320072332,123.4567901234568,1000.0,9999.0,9999.0,9999.0,9999.0,22.98850574712644,126.58227848101265,0.0,9999.0,15.408320493066256,13.227513227513228,36.231884057971016,9999.0,9999.0,140.8450704225352,26.041666666666668,9.267840593141798
social_intolerance_outgroups|WVS_A,9999.0,9999.0,9999.0,9999.0,9999.0,9999.0,9999.0,9999.0,9999.0,9999.0,9999.0,9999.0,9999.0,9999.0,9999.0,9999.0,9999.0,9999.0,9999.0,9999.0,9999.0,9999.0,9999.0,9999.0,9999.0,9999.0,9999.0,9999.0,9999.0,9999.0,9999.0,9999.0,9999.0,9999.0,9999.0,9999.0,9999.0,9999.0,9999.0,9999.0,9999.0,9999.0,9999.0,9999.0,0.0,9999.0,9999.0,9999.0,9999.0,9999.0,9999.0,9999.0,9999.0
societal_change_attitudes|WVS_E,59.880239520958085,9999.0,9999.0,40.0,25.57544757033248,294.11764705882354,26.954177897574123,56.497175141242934,9999.0,9999.0,9999.0,27.100271002710027,9999.0,9999.0,9999.0,9999.0,78.74015748031496,23.809523809523807,9999.0,50.76142131979696,18.281535648994517,59.523809523809526,64.93506493506493,39.21568627450981,9999.0,9999.0,9999.0,22.371364653243848,56.81818181818181,9999.0,9999.0,312.5,31.446540880503143,80.64516129032258,9999.0,9999.0,1000.0,125.0,28.248587570621467,18.587360594795538,39.682539682539684,36.36363636363637,9999.0,15.408320493066256,9999.0,0.0,18.975332068311197,51.54639175257732,63.69426751592357,9999.0,344.82758620689657,9999.0,12.180267965895249
socioeconomic_insecurity_worry|WVS_H,9999.0,142.85714285714286,62.5,9999.0,25.125628140703515,500.0,24.752475247524753,29.15451895043732,476.1904761904762,40.983606557377044,1000.0,9999.0,128.2051282051282,93.45794392523365,68.02721088435375,32.57328990228013,9999.0,23.364485981308412,9999.0,9999.0,23.58490566037736,14.285714285714285,166.66666666666666,9999.0,30.487804878048777,9999.0,9999.0,22.72727272727273,9999.0,370.3703703703703,16.58374792703151,39.8406374501992,40.16064257028113,80.64516129032258,13.071895424836601,70.4225352112676,9999.0,384.61538461538464,19.569471624266146,20.833333333333332,19.047619047619047,33.557046979865774,833.3333333333334,13.227513227513228,9999.0,18.975332068311197,0.0,35.08771929824561,31.152647975077883,9999.0,43.29004329004329,13.736263736263735,10.526315789473685
subjective_wellbeing|WVS_A,238.0952380952381,192.30769230769232,107.52688172043011,45.662100456621005,9999.0,9999.0,9999.0,74.6268656716418,1000.0,192.30769230769232,250.0,88.49557522123894,151.51515151515153,344.82758620689657,400.0,204.08163265306123,270.27027027027026,51.02040816326531,9999.0,121.95121951219511,56.497175141242934,52.083333333333336,9999.0,109.89010989010988,99.00990099009901,9999.0,9999.0,58.47953216374269,163.93442622950818,588.2352941176471,34.013605442176875,526.3157894736842,111.11111111111111,588.2352941176471,34.48275862068965,158.73015873015873,94.33962264150944,588.2352941176471,49.01960784313725,64.1025641025641,54.6448087431694,97.08737864077669,666.6666666666666,36.231884057971016,9999.0,51.54639175257732,35.08771929824561,0.0,76.92307692307692,9999.0,9999.0,35.842293906810035,29.239766081871345
violence_tolerance|WVS_F,243.90243902439022,666.6666666666666,196.078431372549,28.011204481792713,66.66666666666667,588.2352941176471,111.11111111111111,9999.0,357.14285714285717,303.03030303030306,1000.0,144.92753623188406,72.99270072992701,909.090909090909,90.90909090909092,1000.0,113.63636363636363,72.99270072992701,9999.0,83.33333333333333,135.13513513513513,31.847133757961785,1000.0,87.71929824561403,666.6666666666666,9999.0,9999.0,9999.0,140.8450704225352,63.69426751592357,400.0,81.96721311475409,666.6666666666666,1000.0,69.44444444444444,62.11180124223603,60.975609756097555,9999.0,9999.0,9999.0,9999.0,169.49152542372883,500.0,9999.0,9999.0,63.69426751592357,31.152647975077883,76.92307692307692,0.0,9999.0,105.26315789473685,24.752475247524753,36.76470588235294
voluntary_association_active_membership|WVS_A,9999.0,9999.0,9999.0,9999.0,9999.0,9999.0,9999.0,9999.0,9999.0,9999.0,9999.0,9999.0,9999.0,9999.0,9999.0,9999.0,9999.0,9999.0,9999.0,9999.0,9999.0,9999.0,9999.0,9999.0,9999.0,9999.0,9999.0,9999.0,9999.0,9999.0,9999.0,9999.0,9999.0,9999.0,9999.0,9999.0,9999.0,9999.0,9999.0,9999.0,9999.0,9999.0,9999.0,9999.0,9999.0,9999.0,9999.0,9999.0,9999.0,0.0,9999.0,9999.0,9999.0
voluntary_association_belonging|WVS_A,163.93442622950818,119.04761904761905,344.82758620689657,36.90036900369004,9999.0,9999.0,9999.0,117.6470588235294,1000.0,181.81818181818184,107.52688172043011,91.74311926605505,384.61538461538464,476.1904761904762,75.75757575757576,149.2537313432836,96.15384615384616,169.49152542372883,9999.0,312.5,87.71929824561403,24.330900243309003,9999.0,51.282051282051285,1000.0,9999.0,9999.0,400.0,86.20689655172414,50.76142131979696,48.78048780487805,54.34782608695652,243.90243902439022,454.5454545454545,294.11764705882354,135.13513513513513,1000.0,102.04081632653062,166.66666666666666,227.27272727272725,49.01960784313725,1000.0,322.5806451612903,140.8450704225352,9999.0,344.82758620689657,43.29004329004329,9999.0,105.26315789473685,9999.0,0.0,31.347962382445143,217.3913043478261
