construct,authoritarian_governance_tolerance|WVS_E,autocracy_support|WVS_E,basic_needs_deprivation|WVS_H,child_qualities_autonomy_self_expression|WVS_A,child_qualities_conformity_tradition|WVS_A,child_qualities_prosocial_diligence|WVS_A,civic_dishonesty_tolerance|WVS_F,confidence_in_civil_society_organizations|WVS_E,confidence_in_domestic_institutions|WVS_E,confidence_in_international_organizations|WVS_E,crime_victimization|WVS_H,democratic_system_evaluation|WVS_E,democratic_values_importance|WVS_E,economic_ideology|WVS_E,electoral_integrity|WVS_E,existential_threat_worry|WVS_H,female_income_threat_to_marriage|WVS_D,gender_role_traditionalism|WVS_D,immigrant_origin_status|WVS_G,importance_of_life_domains|WVS_A,institutional_threat_perception|WVS_H,job_scarcity_gender_discrimination|WVS_C,job_scarcity_nativist_preference|WVS_C,life_autonomy_morality_permissiveness|WVS_F,neighborhood_disorder_and_crime|WVS_H,offline_political_participation|WVS_E,outgroup_trust|WVS_G,political_information_sources|WVS_E,postmaterialist_values|WVS_E,precautionary_security_behaviors|WVS_H,religion_versus_secularism_orientation|WVS_F,religious_belief|WVS_F,religious_exclusivism|WVS_F,religious_practice_and_self_identification|WVS_F,science_skepticism|WVS_I,science_technology_optimism|WVS_E,sexual_and_reproductive_morality_permissiveness|WVS_F,social_intolerance_outgroups|WVS_A,societal_change_attitudes|WVS_E,socioeconomic_insecurity_worry|WVS_H,subjective_wellbeing|WVS_A,violence_tolerance|WVS_F,voluntary_association_active_membership|WVS_A,voting_participation|WVS_E
authoritarian_governance_tolerance|WVS_E,0.0,62.56223033521407,25.706940874035993,200.65020877698652,44.59417354728151,51.282051282051285,19.083969465648853,51.03285125478623,38.9252393069187,40.63569360357989,46.62649948434023,42.66887512602621,96.14056529985882,76.92604551243295,51.44642901257441,27.397260273972606,86.29841963175298,49.01960784313725,24.154589371980677,60.25567240447165,30.030030030030026,60.412318476834606,9999.0,50.19625603864735,44.40042516185139,44.20959760635237,86.26084021394817,91.49641455824651,46.038147363222976,38.314176245210724,44.24778761061947,51.77889876424587,74.44491981593822,24.57002457002457,27.700831024930746,52.64101644551462,39.682539682539684,31.545741324921135,83.17820524185208,24.390243902439025,127.40183792815371,33.333333333333336,93.13812739131697,55.722672545102455
autocracy_support|WVS_E,62.56223033521407,0.0,54.94505494505494,225.4704078706461,66.2251655629139,113.61125573601011,43.47826086956522,75.42714265870259,63.31953071083506,65.02998500749625,68.76820640865584,67.06316652994258,117.77155731549122,124.01682519318622,75.84072041649078,59.1715976331361,134.72109579165542,86.7683041596085,46.29629629629629,82.39737932878727,60.975609756097555,88.1373004803967,9999.0,72.33796296296296,68.79471656576774,68.60388901026873,107.89183222958056,118.58118650532228,70.43243876713935,100.62111801242236,106.81001794583354,73.92060568856148,96.07591183157061,72.99270072992701,84.03361344537815,77.03530784943099,58.8235294117647,77.37656595431099,112.41631931287104,67.11409395973155,146.54282765737872,54.94505494505494,115.27983431563258,80.54287163876205
basic_needs_deprivation|WVS_H,25.706940874035993,54.94505494505494,0.0,206.05583200445733,29.239766081871345,76.98899215608728,22.42152466367713,46.29629629629629,29.069767441860463,32.89473684210526,48.732943469785575,26.315789473684212,80.78615783444866,86.83877956309803,53.191489361702125,47.996972234009604,96.21115368241806,54.6448087431694,26.881720430107528,37.735849056603776,44.64374688589935,55.07955936352509,9999.0,37.03703703703704,47.73798035987966,22.831050228310502,70.90643274853801,65.78947368421052,33.11258278145695,64.02111711924672,69.95472848465546,46.29629629629629,59.09051235052806,34.48275862068965,41.49377593360996,31.645569620253163,27.855153203342617,56.31982974842289,57.4712643678161,50.09718477647502,103.09278350515464,26.38522427440633,95.24457137676232,61.12829577257328
child_qualities_autonomy_self_expression|WVS_A,200.65020877698652,225.4704078706461,206.05583200445733,0.0,188.2302374293221,206.2772294834178,195.38156700384738,208.10713878156537,200.22674315329718,198.6771798018869,168.73706004140786,205.91207948878832,239.7766291818994,213.191143969176,212.39670293647606,209.38559193688758,201.424711373127,195.68895755168103,179.1741115743498,198.49896480331262,201.74747500550106,172.70531400966183,9999.0,196.98564761202934,185.5779427359491,204.74955914468228,229.89690409598876,178.57142857142858,206.12828947192395,224.6238735273503,239.37198067632852,193.55095582304557,207.34709865144646,176.08018420696195,202.73100443997654,212.31206826493298,190.76349175946956,218.5441903145073,256.7233881142536,208.131466258244,246.96835255841467,192.83344558357655,206.65593129361247,144.92753623188406
child_qualities_conformity_tradition|WVS_A,44.59417354728151,66.2251655629139,29.239766081871345,188.2302374293221,0.0,64.33622671526848,25.510204081632654,42.5531914893617,34.96503496503497,23.86634844868735,19.49317738791423,32.05128205128205,51.54639175257732,66.32562324116792,55.1044294365245,34.96503496503497,87.52038827226798,48.543689320388346,21.88183807439825,47.02702702702703,26.525198938992045,25.839793281653748,9999.0,25.38071065989848,26.315789473684212,25.641025641025642,41.666666666666664,52.35602094240838,30.395136778115504,82.65306122448979,69.44444444444444,21.645021645021647,29.850746268656714,61.68208718846378,66.66246745611825,44.84304932735426,20.0,59.40850916637842,68.4931506849315,55.09600289820071,107.71929824561403,21.78649237472767,66.00480529489099,43.30270119743804
child_qualities_prosocial_diligence|WVS_A,51.282051282051285,113.61125573601011,76.98899215608728,206.2772294834178,64.33622671526848,0.0,70.36602074770013,84.21312806751175,83.56304502349127,74.7831690878333,44.84304932735426,79.97109100050275,115.88261846784582,81.80814400910094,100.53755080184007,78.67931155602389,104.21539581059307,100.30165912518854,67.31495943971382,74.0020526116783,81.31208131208132,41.32231404958678,9999.0,73.06834579561853,82.98898071625345,80.23281988616264,106.00289338193515,104.21539581059307,83.45308793739287,87.71929824561403,95.52983889267075,69.65694510899198,70.4225352112676,45.24886877828054,61.7283950617284,81.48075283625155,66.86948104541594,82.82779260697242,129.99463149014497,69.44444444444444,154.58877929102997,68.93943486952293,81.80814400910094,61.34969325153375
civic_dishonesty_tolerance|WVS_F,19.083969465648853,43.47826086956522,22.42152466367713,195.38156700384738,25.510204081632654,70.36602074770013,0.0,31.948881789137378,19.841269841269842,21.551724137931036,29.673590504451038,23.58490566037736,77.05659583420997,84.92220928898142,32.362459546925564,25.57544757033248,97.70080138880479,43.29004329004329,16.207455429497568,45.87155963302752,22.22222222222222,51.318612149472685,9999.0,42.249122096164236,25.31645569620253,25.125628140703515,67.17687074829932,77.86622502404103,26.954177897574123,57.14285714285714,63.33175707626832,43.83176482176276,55.36095035028937,43.65399403567342,41.1522633744856,33.557046979865774,35.075379957799456,33.898305084745765,79.89278903149322,29.58579881656805,122.2130067814802,35.14684936889151,76.18521841142778,50.45403077196332
confidence_in_civil_society_organizations|WVS_E,51.03285125478623,75.42714265870259,46.29629629629629,208.10713878156537,42.5531914893617,84.21312806751175,31.948881789137378,0.0,50.551156652693685,50.46288566074841,39.37007874015748,55.53378744951473,94.09958324193903,92.29930146210484,62.72111643587256,57.52432935946986,107.39728962451123,75.23892507918067,29.498525073746315,56.81818181818181,48.309178743961354,51.81347150259067,9999.0,44.052863436123346,48.543689320388346,55.07397264407879,84.21985815602837,94.90921243177007,56.452702971320434,89.09173893199451,95.28063886540569,54.054054054054056,72.40393775801842,75.6028758248108,73.10114516362297,65.50592876900315,34.48275862068965,65.84718687388315,103.76756066411238,61.53468060570543,122.20205686630368,35.2112676056338,85.88170664713422,63.17960254968129
confidence_in_domestic_institutions|WVS_E,38.9252393069187,63.31953071083506,29.069767441860463,200.22674315329718,34.96503496503497,83.56304502349127,19.841269841269842,50.551156652693685,0.0,41.39299397920088,43.52454169130692,43.4261755016472,86.5114267176123,90.6701971876191,52.203729388195406,28.901734104046245,100.04257130693912,42.5531914893617,21.05263157894737,55.680322155966856,27.17391304347826,59.23433488429151,9999.0,39.52569169960474,33.333333333333336,44.96689798197336,76.63170163170163,87.32105590744334,46.79544773884396,68.4931506849315,69.44444444444444,48.543689320388346,64.81578123369168,38.314176245210724,40.816326530612244,53.398316821135616,28.653295128939828,38.167938931297705,86.54103180967655,33.003300330033,116.37259337455386,26.315789473684212,90.03616959828366,55.29920692141312
confidence_in_international_organizations|WVS_E,40.63569360357989,65.02998500749625,32.89473684210526,198.6771798018869,23.86634844868735,74.7831690878333,21.551724137931036,50.46288566074841,41.39299397920088,0.0,29.940119760479043,45.13662979830839,75.41274020126467,85.18873854500941,53.914183684856596,32.78688524590164,97.9673306448328,36.36363636363637,20.964360587002098,49.26108374384237,25.44529262086514,49.7061417303411,9999.0,36.231884057971016,30.030030030030026,46.539808157334576,65.53301511535402,76.22236939109573,47.91853848457622,78.69458128078817,84.88348121419935,30.959752321981423,53.71709471734407,65.20571817360445,62.70398751241663,55.108771117796806,23.58490566037736,47.84688995215311,90.36600120992136,51.13752295449909,111.30420390599139,22.573363431151243,76.45174766745579,53.749643570002846
crime_victimization|WVS_H,46.62649948434023,68.76820640865584,48.732943469785575,168.73706004140786,19.49317738791423,44.84304932735426,29.673590504451038,39.37007874015748,43.52454169130692,29.940119760479043,0.0,49.20987802679805,71.03956914049155,55.24861878453038,55.6945014744858,52.68339047489732,68.02721088435375,66.30375612411541,22.471910112359552,29.761904761904763,45.045273543510795,21.645021645021647,9999.0,28.248587570621467,45.80896686159844,38.167938931297705,61.159844054580894,69.28759646150951,38.61003861003861,84.94067572955095,88.31168831168831,24.813895781637715,38.61003861003861,49.26108374384237,68.1566495519984,63.230637484316816,22.026431718061673,61.841988852517034,87.98632807284574,57.55962941060516,109.7457299636757,24.096385542168672,46.51162790697675,23.809523809523807
democratic_system_evaluation|WVS_E,42.66887512602621,67.06316652994258,26.315789473684212,205.91207948878832,32.05128205128205,79.97109100050275,23.58490566037736,55.53378744951473,43.4261755016472,45.13662979830839,49.20987802679805,0.0,83.59767380385938,87.0782431646306,55.94736520730292,30.12048192771084,96.45061728395062,52.631578947368425,26.7379679144385,49.26108374384237,34.013605442176875,57.8910753329358,9999.0,45.662100456621005,44.052863436123346,48.71053380108087,73.71794871794872,84.40730299369042,50.539083557951486,79.36507936507937,86.91666273664568,51.282051282051285,61.902028319938765,34.72222222222222,43.10344827586207,57.14195264024313,30.12048192771084,56.497175141242934,83.78705384150031,34.602076124567475,117.83978017332487,28.98550724637681,95.7215059337748,60.98454325690425
democratic_values_importance|WVS_E,96.14056529985882,117.77155731549122,80.78615783444866,239.7766291818994,51.54639175257732,115.88261846784582,77.05659583420997,94.09958324193903,86.5114267176123,75.41274020126467,71.03956914049155,83.59767380385938,0.0,117.87201499374524,106.6508211891018,86.5114267176123,139.0667800248453,65.35947712418302,73.42822982697557,84.03361344537815,76.33587786259541,77.38618503423106,9999.0,76.9271024124758,77.86218122626153,77.18741739360297,93.21305841924399,103.9024126949857,81.94152853069282,134.1994529770671,120.99083619702176,65.78947368421052,78.125,113.22847894104109,118.20885920869557,96.38944107993157,66.66666666666667,110.95490091895573,120.03954243750883,106.64239465077802,133.33333333333334,73.332884127305,117.55119704746829,94.84909295001536
economic_ideology|WVS_E,76.92604551243295,124.01682519318622,86.83877956309803,213.191143969176,66.32562324116792,81.80814400910094,84.92220928898142,92.29930146210484,90.6701971876191,85.18873854500941,55.24861878453038,87.0782431646306,117.87201499374524,0.0,110.94312025901618,89.95000590481439,103.37891172052045,94.33962264150944,77.72052889688993,73.16556852160568,92.85082218015995,40.48582995951417,9999.0,72.23186170554592,82.15249662618083,79.39633579609004,107.99228990783459,103.37891172052045,93.85865739456898,100.89971026279673,99.00990099009901,71.83379234195931,81.97960589312413,52.35602094240838,70.4225352112676,88.5879050003794,71.06686971486585,104.16666666666667,131.98909793337037,84.40730299369042,158.78616796047987,78.5086436477271,80.97165991902834,68.26360773729195
electoral_integrity|WVS_E,51.44642901257441,75.84072041649078,53.191489361702125,212.39670293647606,55.1044294365245,100.53755080184007,32.362459546925564,62.72111643587256,52.203729388195406,53.914183684856596,55.6945014744858,55.94736520730292,106.6508211891018,110.94312025901618,0.0,54.054054054054056,123.72171235883954,75.65250283696886,33.222591362126245,69.32367439461723,43.859649122807014,75.06359554622665,9999.0,59.26425802879291,52.35602094240838,57.488087687629076,96.77109610319116,107.46045037893288,59.31663744449969,89.5053166897827,95.69421662319388,60.846900754391434,84.9551757051812,76.01645358259898,73.51472292141116,65.91950652679134,47.16981132075472,62.5,110.66275372951822,61.948258363493615,134.88910956636875,43.859649122807014,102.20612938146255,67.469166704592
existential_threat_worry|WVS_H,27.397260273972606,59.1715976331361,47.996972234009604,209.38559193688758,34.96503496503497,78.67931155602389,25.57544757033248,57.52432935946986,28.901734104046245,32.78688524590164,52.68339047489732,30.12048192771084,86.5114267176123,89.95000590481439,54.054054054054056,0.0,99.32238002413442,43.66812227074236,30.211480362537767,58.819523655492944,47.7976697925547,60.804828246688714,9999.0,50.76142131979696,50.89190326653501,33.11258278145695,76.63170163170163,87.32105590744334,43.47826086956522,65.71143651918334,71.64504788459207,55.55555555555556,64.81578123369168,37.59398496240602,43.10344827586207,35.97122302158274,33.898305084745765,54.94505494505494,97.08737864077669,51.78750417641163,121.6176033303598,31.847133757961785,99.19501838187406,64.45805570500352
female_income_threat_to_marriage|WVS_D,86.29841963175298,134.72109579165542,96.21115368241806,201.424711373127,87.52038827226798,104.21539581059307,97.70080138880479,107.39728962451123,100.04257130693912,97.9673306448328,68.02721088435375,96.45061728395062,139.0667800248453,103.37891172052045,123.72171235883954,99.32238002413442,0.0,107.2585964610399,90.4991209967133,95.5728203230978,113.07248442786454,62.893081761006286,9999.0,94.63911350703803,97.14758164530798,101.80358759758215,129.18705493893464,125.78616352201257,106.63724949439236,110.27208438211674,129.55974842767296,92.84110666599146,104.38685769461625,61.7283950617284,90.90909090909092,97.96027911969941,90.05364260241542,117.8441609566741,146.47415777359282,93.77967711301045,158.53799146777357,92.12359642652243,103.37891172052045,56.497175141242934
gender_role_traditionalism|WVS_D,49.01960784313725,86.7683041596085,54.6448087431694,195.68895755168103,48.543689320388346,100.30165912518854,43.29004329004329,75.23892507918067,42.5531914893617,36.36363636363637,66.30375612411541,52.631578947368425,65.35947712418302,94.33962264150944,75.65250283696886,43.66812227074236,107.2585964610399,0.0,51.02040816326531,80.50296285590403,39.682539682539684,74.3834826020421,9999.0,72.59552042160738,66.3936663936664,68.41567143074681,87.71929824561403,100.89971026279673,70.24422118761741,87.33378408834798,93.26739545375672,65.35947712418302,78.39443558904506,58.13953488372093,76.33587786259541,66.2251655629139,53.475935828877,77.18834837478906,112.1160731109855,72.87584210661134,123.4567901234568,52.631578947368425,112.48981638152536,50.76142131979696
immigrant_origin_status|WVS_G,24.154589371980677,46.29629629629629,26.881720430107528,179.1741115743498,21.88183807439825,67.31495943971382,16.207455429497568,29.498525073746315,21.05263157894737,20.964360587002098,22.471910112359552,26.7379679144385,73.42822982697557,77.72052889688993,33.222591362126245,30.211480362537767,90.4991209967133,51.02040816326531,0.0,36.101083032490976,22.573363431151243,41.84100418410041,9999.0,26.041666666666668,24.57002457002457,25.57544757033248,63.54850474106492,74.23785901680662,26.954177897574123,62.4687656171914,68.40237698260015,27.62430939226519,51.73258434305497,48.72461394200525,51.85542039691143,42.37288135593221,18.867924528301888,39.37007874015748,84.35298479792363,35.08771929824561,106.58722277391591,18.93939393939394,68.9835380193363,34.24657534246575
importance_of_life_domains|WVS_A,60.25567240447165,82.39737932878727,37.735849056603776,198.49896480331262,47.02702702702703,74.0020526116783,45.87155963302752,56.81818181818181,55.680322155966856,49.26108374384237,29.761904761904763,49.26108374384237,84.03361344537815,73.16556852160568,69.32367439461723,58.819523655492944,95.5728203230978,80.50296285590403,36.101083032490976,0.0,52.08968366863104,32.67973856209151,9999.0,35.97122302158274,47.39336492890995,25.706940874035993,68.02721088435375,39.52569169960474,39.8406374501992,91.06641799821901,68.9655172413793,34.013605442176875,49.01960784313725,68.52203246890154,78.6169937840889,58.47953216374269,27.027027027027028,75.47116177264846,58.8235294117647,62.60730987772603,114.74632527264106,31.948881789137378,73.16556852160568,53.57142857142857
institutional_threat_perception|WVS_H,30.030030030030026,60.975609756097555,44.64374688589935,201.74747500550106,26.525198938992045,81.31208131208132,22.22222222222222,48.309178743961354,27.17391304347826,25.44529262086514,45.045273543510795,34.013605442176875,76.33587786259541,92.85082218015995,43.859649122807014,47.7976697925547,113.07248442786454,39.682539682539684,22.573363431151243,52.08968366863104,0.0,52.36499222064579,9999.0,38.91050583657587,47.143388001175815,38.91050583657587,68.1918656056587,78.88121988140043,40.65040650406504,68.34420627524075,74.27781764064949,35.08771929824561,56.375945207648755,54.6000546000546,57.73086105496077,47.61904761904761,25.06265664160401,48.543689320388346,95.01834962392356,51.80802103879027,112.78195488721803,27.62430939226519,91.55690145048754,56.819938773617
job_scarcity_gender_discrimination|WVS_C,60.412318476834606,88.1373004803967,55.07955936352509,172.70531400966183,25.839793281653748,41.32231404958678,51.318612149472685,51.81347150259067,59.23433488429151,49.7061417303411,21.645021645021647,57.8910753329358,77.38618503423106,40.48582995951417,75.06359554622665,60.804828246688714,62.893081761006286,74.3834826020421,41.84100418410041,32.67973856209151,52.36499222064579,0.0,9999.0,31.746031746031747,41.666666666666664,38.91050583657587,67.50645994832041,62.893081761006286,56.234930059769255,84.38598322719838,66.66666666666667,31.347962382445143,41.49377593360996,35.842293906810035,46.51162790697675,70.682842609008,30.581039755351682,81.2110829242579,91.50326797385621,67.89357595809209,118.30033800096571,38.02281368821293,40.48582995951417,27.77777777777778
job_scarcity_nativist_preference|WVS_C,9999.0,9999.0,9999.0,9999.0,9999.0,9999.0,9999.0,9999.0,9999.0,9999.0,9999.0,9999.0,9999.0,9999.0,9999.0,9999.0,9999.0,9999.0,9999.0,9999.0,9999.0,9999.0,0.0,9999.0,9999.0,9999.0,9999.0,9999.0,9999.0,9999.0,9999.0,9999.0,9999.0,9999.0,9999.0,9999.0,9999.0,9999.0,9999.0,9999.0,9999.0,9999.0,9999.0,9999.0
life_autonomy_morality_permissiveness|WVS_F,50.19625603864735,72.33796296296296,37.03703703703704,196.98564761202934,25.38071065989848,73.06834579561853,42.249122096164236,44.052863436123346,39.52569169960474,36.231884057971016,28.248587570621467,45.662100456621005,76.9271024124758,72.23186170554592,59.26425802879291,50.76142131979696,94.63911350703803,72.59552042160738,26.041666666666668,35.97122302158274,38.91050583657587,31.746031746031747,9999.0,0.0,35.46099290780142,30.8641975308642,67.04737732656514,75.49691472118748,36.76470588235294,88.51043228385807,94.44404364926682,47.025732304920126,55.23145692855519,67.58832565284177,77.8970870635781,63.69426751592357,44.909591194968556,65.41174540682415,93.87386134482999,61.129385964912274,127.9515761716409,44.98106060606061,72.23186170554592,52.05811138014528
neighborhood_disorder_and_crime|WVS_H,44.40042516185139,68.79471656576774,47.73798035987966,185.5779427359491,26.315789473684212,82.98898071625345,25.31645569620253,48.543689320388346,33.333333333333336,30.030030030030026,45.80896686159844,44.052863436123346,77.86218122626153,82.15249662618083,52.35602094240838,50.89190326653501,97.14758164530798,66.3936663936664,24.57002457002457,47.39336492890995,47.143388001175815,41.666666666666664,9999.0,35.46099290780142,0.0,46.728971962616825,67.98245614035088,78.6718104160926,42.73504273504273,82.45931283905966,88.64821277247086,33.557046979865774,56.166535742340926,68.97044973187596,66.46871907068814,58.873502676068306,27.548209366391184,59.214760780948296,94.80894015861571,54.90225451277058,115.2675076120052,27.3224043715847,82.15249662618083,40.65040650406504
offline_political_participation|WVS_E,44.20959760635237,68.60388901026873,22.831050228310502,204.74955914468228,25.641025641025642,80.23281988616264,25.125628140703515,55.07397264407879,44.96689798197336,46.539808157334576,38.167938931297705,48.71053380108087,77.18741739360297,79.39633579609004,57.488087687629076,33.11258278145695,101.80358759758215,68.41567143074681,25.57544757033248,25.706940874035993,38.91050583657587,38.91050583657587,9999.0,30.8641975308642,46.728971962616825,0.0,67.3076923076923,65.23263257364073,52.07980603827764,65.35947712418302,88.45738521697183,38.46153846153846,55.491771909682356,48.543689320388346,52.91005291005291,54.476619848563665,24.813895781637715,59.023933225449284,80.30231459612659,36.90036900369004,97.08737864077669,25.0,79.39633579609004,59.82202291279823
outgroup_trust|WVS_G,86.26084021394817,107.89183222958056,70.90643274853801,229.89690409598876,41.666666666666664,106.00289338193515,67.17687074829932,84.21985815602837,76.63170163170163,65.53301511535402,61.159844054580894,73.71794871794872,93.21305841924399,107.99228990783459,96.77109610319116,76.63170163170163,129.18705493893464,87.71929824561403,63.54850474106492,68.02721088435375,68.1918656056587,67.50645994832041,9999.0,67.04737732656514,67.98245614035088,67.3076923076923,0.0,94.02268760907504,72.06180344478217,124.31972789115646,111.11111111111111,61.7283950617284,71.51741293532338,103.34875385513044,108.32913412278492,86.50971599402092,60.975609756097555,101.07517583304508,110.15981735159818,96.76266956486737,128.2051282051282,63.45315904139433,107.67147196155764,84.9693678641047
political_information_sources|WVS_E,91.49641455824651,118.58118650532228,65.78947368421052,178.57142857142858,52.35602094240838,104.21539581059307,77.86622502404103,94.90921243177007,87.32105590744334,76.22236939109573,69.28759646150951,84.40730299369042,103.9024126949857,103.37891172052045,107.46045037893288,87.32105590744334,125.78616352201257,100.89971026279673,74.23785901680662,39.52569169960474,78.88121988140043,62.893081761006286,9999.0,75.49691472118748,78.6718104160926,65.23263257364073,94.02268760907504,0.0,79.36632914980395,129.81059080345725,86.20689655172414,73.53929714178162,82.20676721106508,98.73537566781633,107.28324961782047,97.19907026976264,66.55271872663177,93.45794392523365,98.34922111136945,102.13300157733076,138.88888888888889,71.47457348874212,103.37891172052045,90.67085953878407
postmaterialist_values|WVS_E,46.038147363222976,70.43243876713935,33.11258278145695,206.12828947192395,30.395136778115504,83.45308793739287,26.954177897574123,56.452702971320434,46.79544773884396,47.91853848457622,38.61003861003861,50.539083557951486,81.94152853069282,93.85865739456898,59.31663744449969,43.47826086956522,106.63724949439236,70.24422118761741,26.954177897574123,39.8406374501992,40.65040650406504,56.234930059769255,9999.0,36.76470588235294,42.73504273504273,52.07980603827764,72.06180344478217,79.36632914980395,0.0,84.09703504043127,90.28593497384244,47.16981132075472,60.24588304677222,67.5953414021466,68.10644127205973,60.5112248774399,27.62430939226519,60.852482982319884,90.58384714927305,47.84688995215311,115.34360763787922,28.98550724637681,85.12166651701536,61.20075324003987
precautionary_security_behaviors|WVS_H,38.314176245210724,100.62111801242236,64.02111711924672,224.6238735273503,82.65306122448979,87.71929824561403,57.14285714285714,89.09173893199451,68.4931506849315,78.69458128078817,84.94067572955095,79.36507936507937,134.1994529770671,100.89971026279673,89.5053166897827,65.71143651918334,110.27208438211674,87.33378408834798,62.4687656171914,91.06641799821901,68.34420627524075,84.38598322719838,9999.0,88.51043228385807,82.45931283905966,65.35947712418302,124.31972789115646,129.81059080345725,84.09703504043127,0.0,80.64516129032258,90.09307500945658,64.93506493506493,48.543689320388346,56.81818181818181,84.77557337835935,77.99671592775042,69.85991757013186,121.49238148706283,62.70442014764975,156.67818420111996,71.64750957854406,117.98813376483278,79.69633729546624
religion_versus_secularism_orientation|WVS_F,44.24778761061947,106.81001794583354,69.95472848465546,239.37198067632852,69.44444444444444,95.52983889267075,63.33175707626832,95.28063886540569,69.44444444444444,84.88348121419935,88.31168831168831,86.91666273664568,120.99083619702176,99.00990099009901,95.69421662319388,71.64504788459207,129.55974842767296,93.26739545375672,68.40237698260015,68.9655172413793,74.27781764064949,66.66666666666667,9999.0,94.44404364926682,88.64821277247086,88.45738521697183,111.11111111111111,86.20689655172414,90.28593497384244,80.64516129032258,0.0,91.08946608946609,99.29519071310116,68.81781218064404,71.94861863555022,96.88880405613409,83.93032729315915,64.51612903225806,127.42599285247155,68.6380315130585,156.25,77.58112094395281,107.15249662618083,94.44444444444446
religious_belief|WVS_F,51.77889876424587,73.92060568856148,46.29629629629629,193.55095582304557,21.645021645021647,69.65694510899198,43.83176482176276,54.054054054054056,48.543689320388346,30.959752321981423,24.813895781637715,51.282051282051285,65.78947368421052,71.83379234195931,60.846900754391434,55.55555555555556,92.84110666599146,65.35947712418302,27.62430939226519,34.013605442176875,35.08771929824561,31.347962382445143,9999.0,47.025732304920126,33.557046979865774,38.46153846153846,61.7283950617284,73.53929714178162,47.16981132075472,90.09307500945658,91.08946608946609,0.0,51.495767913678364,67.19025628925517,77.85959028942189,66.48807097237591,41.64502164502164,66.99438813242267,90.13817232995315,62.7120286905108,91.74311926605505,43.431514019749315,70.92198581560284,48.62341959116152
religious_exclusivism|WVS_F,74.44491981593822,96.07591183157061,59.09051235052806,207.34709865144646,29.850746268656714,70.4225352112676,55.36095035028937,72.40393775801842,64.81578123369168,53.71709471734407,38.61003861003861,61.902028319938765,78.125,81.97960589312413,84.9551757051812,64.81578123369168,104.38685769461625,78.39443558904506,51.73258434305497,49.01960784313725,56.375945207648755,41.49377593360996,9999.0,55.23145692855519,56.166535742340926,55.491771909682356,71.51741293532338,82.20676721106508,60.24588304677222,64.93506493506493,99.29519071310116,51.495767913678364,0.0,77.33606984042,80.64516129032258,74.69379559601097,49.850746268656714,89.25925543503513,98.34389695358823,84.94674916685742,91.74311926605505,51.63723864338438,81.97960589312413,62.41956241956241
religious_practice_and_self_identification|WVS_F,24.57002457002457,72.99270072992701,34.48275862068965,176.08018420696195,61.68208718846378,45.24886877828054,43.65399403567342,75.6028758248108,38.314176245210724,65.20571817360445,49.26108374384237,34.72222222222222,113.22847894104109,52.35602094240838,76.01645358259898,37.59398496240602,61.7283950617284,58.13953488372093,48.72461394200525,68.52203246890154,54.6000546000546,35.842293906810035,9999.0,67.58832565284177,68.97044973187596,48.543689320388346,103.34875385513044,98.73537566781633,67.5953414021466,48.543689320388346,68.81781218064404,67.19025628925517,77.33606984042,0.0,30.12048192771084,36.231884057971016,62.33791182403227,56.11576589494571,84.74576271186442,32.05128205128205,133.19346430160851,57.90335790335791,69.44444444444444,31.152647975077883
science_skepticism|WVS_I,27.700831024930746,84.03361344537815,41.49377593360996,202.73100443997654,66.66246745611825,61.7283950617284,41.1522633744856,73.10114516362297,40.816326530612244,62.70398751241663,68.1566495519984,43.10344827586207,118.20885920869557,70.4225352112676,73.51472292141116,43.10344827586207,90.90909090909092,76.33587786259541,51.85542039691143,78.6169937840889,57.73086105496077,46.51162790697675,9999.0,77.8970870635781,66.46871907068814,52.91005291005291,108.32913412278492,107.28324961782047,68.10644127205973,56.81818181818181,71.94861863555022,77.85959028942189,80.64516129032258,30.12048192771084,0.0,43.47826086956522,67.38337070747043,59.24657234985188,98.96504030142606,35.842293906810035,144.5865594387646,61.03416435826408,86.99745786649092,57.80346820809249
science_technology_optimism|WVS_E,52.64101644551462,77.03530784943099,31.645569620253163,212.31206826493298,44.84304932735426,81.48075283625155,33.557046979865774,65.50592876900315,53.398316821135616,55.108771117796806,63.230637484316816,57.14195264024313,96.38944107993157,88.5879050003794,65.91950652679134,35.97122302158274,97.96027911969941,66.2251655629139,42.37288135593221,58.47953216374269,47.61904761904761,70.682842609008,9999.0,63.69426751592357,58.873502676068306,54.476619848563665,86.50971599402092,97.19907026976264,60.5112248774399,84.77557337835935,96.88880405613409,66.48807097237591,74.69379559601097,36.231884057971016,43.47826086956522,0.0,46.08294930875576,67.45535206461153,89.11683398806926,44.052863436123346,133.80224755436979,44.24778761061947,105.67632850241546,67.3845320330489
sexual_and_reproductive_morality_permissiveness|WVS_F,39.682539682539684,58.8235294117647,27.855153203342617,190.76349175946956,20.0,66.86948104541594,35.075379957799456,34.48275862068965,28.653295128939828,23.58490566037736,22.026431718061673,30.12048192771084,66.66666666666667,71.06686971486585,47.16981132075472,33.898305084745765,90.05364260241542,53.475935828877,18.867924528301888,27.027027027027028,25.06265664160401,30.581039755351682,9999.0,44.909591194968556,27.548209366391184,24.813895781637715,60.975609756097555,66.55271872663177,27.62430939226519,77.99671592775042,83.93032729315915,41.64502164502164,49.850746268656714,62.33791182403227,67.38337070747043,46.08294930875576,0.0,58.238003268459366,84.74576271186442,53.9556438265475,87.71929824561403,37.80731846769583,68.53805962503841,45.83595552758548
social_intolerance_outgroups|WVS_A,31.545741324921135,77.37656595431099,56.31982974842289,218.5441903145073,59.40850916637842,82.82779260697242,33.898305084745765,65.84718687388315,38.167938931297705,47.84688995215311,61.841988852517034,56.497175141242934,110.95490091895573,104.16666666666667,62.5,54.94505494505494,117.8441609566741,77.18834837478906,39.37007874015748,75.47116177264846,48.543689320388346,81.2110829242579,9999.0,65.41174540682415,59.214760780948296,59.023933225449284,101.07517583304508,93.45794392523365,60.852482982319884,69.85991757013186,64.51612903225806,66.99438813242267,89.25925543503513,56.11576589494571,59.24657234985188,67.45535206461153,58.238003268459366,0.0,113.79109411623898,52.35602094240838,145.95730151407338,58.30947267955142,108.35361675949378,73.61665408262323
societal_change_attitudes|WVS_E,83.17820524185208,112.41631931287104,57.4712643678161,256.7233881142536,68.4931506849315,129.99463149014497,79.89278903149322,103.76756066411238,86.54103180967655,90.36600120992136,87.98632807284574,83.78705384150031,120.03954243750883,131.98909793337037,110.66275372951822,97.08737864077669,146.47415777359282,112.1160731109855,84.35298479792363,58.8235294117647,95.01834962392356,91.50326797385621,9999.0,93.87386134482999,94.80894015861571,80.30231459612659,110.15981735159818,98.34922111136945,90.58384714927305,121.49238148706283,127.42599285247155,90.13817232995315,98.34389695358823,84.74576271186442,98.96504030142606,89.11683398806926,84.74576271186442,113.79109411623898,0.0,98.0392156862745,160.56404787297075,83.85648864222243,131.98909793337037,111.79585188236955
socioeconomic_insecurity_worry|WVS_H,24.390243902439025,67.11409395973155,50.09718477647502,208.131466258244,55.09600289820071,69.44444444444444,29.58579881656805,61.53468060570543,33.003300330033,51.13752295449909,57.55962941060516,34.602076124567475,106.64239465077802,84.40730299369042,61.948258363493615,51.78750417641163,93.77967711301045,72.87584210661134,35.08771929824561,62.60730987772603,51.80802103879027,67.89357595809209,9999.0,61.129385964912274,54.90225451277058,36.90036900369004,96.76266956486737,102.13300157733076,47.84688995215311,62.70442014764975,68.6380315130585,62.7120286905108,84.94674916685742,32.05128205128205,35.842293906810035,44.052863436123346,53.9556438265475,52.35602094240838,98.0392156862745,0.0,133.98774764446674,45.662100456621005,101.4957264957265,63.203930026359934
subjective_wellbeing|WVS_A,127.40183792815371,146.54282765737872,103.09278350515464,246.96835255841467,107.71929824561403,154.58877929102997,122.2130067814802,122.20205686630368,116.37259337455386,111.30420390599139,109.7457299636757,117.83978017332487,133.33333333333334,158.78616796047987,134.88910956636875,121.6176033303598,158.53799146777357,123.4567901234568,106.58722277391591,114.74632527264106,112.78195488721803,118.30033800096571,9999.0,127.9515761716409,115.2675076120052,97.08737864077669,128.2051282051282,138.88888888888889,115.34360763787922,156.67818420111996,156.25,91.74311926605505,91.74311926605505,133.19346430160851,144.5865594387646,133.80224755436979,87.71929824561403,145.95730151407338,160.56404787297075,133.98774764446674,0.0,106.38297872340425,156.25735787065244,102.04081632653062
violence_tolerance|WVS_F,33.333333333333336,54.94505494505494,26.38522427440633,192.83344558357655,21.78649237472767,68.93943486952293,35.14684936889151,35.2112676056338,26.315789473684212,22.573363431151243,24.096385542168672,28.98550724637681,73.332884127305,78.5086436477271,43.859649122807014,31.847133757961785,92.12359642652243,52.631578947368425,18.93939393939394,31.948881789137378,27.62430939226519,38.02281368821293,9999.0,44.98106060606061,27.3224043715847,25.0,63.45315904139433,71.47457348874212,28.98550724637681,71.64750957854406,77.58112094395281,43.431514019749315,51.63723864338438,57.90335790335791,61.03416435826408,44.24778761061947,37.80731846769583,58.30947267955142,83.85648864222243,45.662100456621005,106.38297872340425,0.0,70.60801344914542,47.90590935169248
voluntary_association_active_membership|WVS_A,93.13812739131697,115.27983431563258,95.24457137676232,206.65593129361247,66.00480529489099,81.80814400910094,76.18521841142778,85.88170664713422,90.03616959828366,76.45174766745579,46.51162790697675,95.7215059337748,117.55119704746829,80.97165991902834,102.20612938146255,99.19501838187406,103.37891172052045,112.48981638152536,68.9835380193363,73.16556852160568,91.55690145048754,40.48582995951417,9999.0,72.23186170554592,82.15249662618083,79.39633579609004,107.67147196155764,103.37891172052045,85.12166651701536,117.98813376483278,107.15249662618083,70.92198581560284,81.97960589312413,69.44444444444444,86.99745786649092,105.67632850241546,68.53805962503841,108.35361675949378,131.98909793337037,101.4957264957265,156.25735787065244,70.60801344914542,0.0,61.7283950617284
voting_participation|WVS_E,55.722672545102455,80.54287163876205,61.12829577257328,144.92753623188406,43.30270119743804,61.34969325153375,50.45403077196332,63.17960254968129,55.29920692141312,53.749643570002846,23.809523809523807,60.98454325690425,94.84909295001536,68.26360773729195,67.469166704592,64.45805570500352,56.497175141242934,50.76142131979696,34.24657534246575,53.57142857142857,56.819938773617,27.77777777777778,9999.0,52.05811138014528,40.65040650406504,59.82202291279823,84.9693678641047,90.67085953878407,61.20075324003987,79.69633729546624,94.44444444444446,48.62341959116152,62.41956241956241,31.152647975077883,57.80346820809249,67.3845320330489,45.83595552758548,73.61665408262323,111.79585188236955,63.203930026359934,102.04081632653062,47.90590935169248,61.7283950617284,0.0
