construct,authoritarian_governance_tolerance|WVS_E,autocracy_support|WVS_E,basic_needs_deprivation|WVS_H,child_qualities_autonomy_self_expression|WVS_A,child_qualities_conformity_tradition|WVS_A,child_qualities_prosocial_diligence|WVS_A,civic_dishonesty_tolerance|WVS_F,confidence_in_civil_society_organizations|WVS_E,confidence_in_domestic_institutions|WVS_E,confidence_in_international_organizations|WVS_E,crime_victimization|WVS_H,democratic_system_evaluation|WVS_E,democratic_values_importance|WVS_E,economic_ideology|WVS_E,electoral_integrity|WVS_E,existential_threat_worry|WVS_H,female_income_threat_to_marriage|WVS_D,gender_role_traditionalism|WVS_D,immigrant_origin_status|WVS_G,importance_of_life_domains|WVS_A,institutional_threat_perception|WVS_H,job_scarcity_gender_discrimination|WVS_C,job_scarcity_nativist_preference|WVS_C,life_autonomy_morality_permissiveness|WVS_F,neighborhood_disorder_and_crime|WVS_H,offline_political_participation|WVS_E,outgroup_trust|WVS_G,political_information_sources|WVS_E,postmaterialist_values|WVS_E,precautionary_security_behaviors|WVS_H,religion_versus_secularism_orientation|WVS_F,religious_belief|WVS_F,religious_exclusivism|WVS_F,religious_practice_and_self_identification|WVS_F,science_skepticism|WVS_I,science_technology_optimism|WVS_E,sexual_and_reproductive_morality_permissiveness|WVS_F,social_intolerance_outgroups|WVS_A,societal_change_attitudes|WVS_E,socioeconomic_insecurity_worry|WVS_H,subjective_wellbeing|WVS_A,violence_tolerance|WVS_F,voluntary_association_active_membership|WVS_A,voting_participation|WVS_E
authoritarian_governance_tolerance|WVS_E,0.0,64.47619377309306,35.76220978808517,35.32153942900321,66.00750917302159,72.57434555924937,25.646548408437056,48.75690898009794,55.44724915816391,30.02417181270657,34.83861032038593,32.88389310708206,35.27102838345749,34.392188733024746,26.208882677378266,38.23018746898266,41.35204303801179,26.36523626162783,16.077170418006432,72.66153255792412,9999.0,30.241476367014933,39.88669422753024,41.638539504555375,31.825201914069424,24.64615070935176,59.36837293157399,34.136840130366856,39.38023453452986,34.95236302201259,33.902482360965436,35.34883442651254,29.51115880805809,31.972395547840545,51.93268347173522,70.72197916117582,26.7495290092551,26.911406604355296,40.39209381143791,25.217938242503692,48.75690898009794,34.66453101280197,46.16721645964763,23.652927993764006
autocracy_support|WVS_E,64.47619377309306,0.0,50.54135895257391,46.855641385962436,71.46138532999848,95.37527250077858,54.103478262728785,75.1256775353161,87.76910209524411,54.4582123529492,45.535859489347864,57.134008182959235,67.59288132053769,64.30802103879027,47.78554778554779,39.37007874015748,48.31239057686767,42.610294903872884,48.39902335508663,88.90659120016917,9999.0,49.6063233984171,50.28973256398006,57.03036208507222,64.14705485114962,56.96800364643195,91.69022586865418,41.689984527913246,49.71429750190812,29.58579881656805,66.22433529804563,38.167938931297705,34.96503496503497,45.0896747855603,57.38655962871209,103.04383209825602,42.16441516876931,41.80966193286522,46.525728606653466,57.53979117958389,76.39407868765667,58.09442294685927,53.179971212758105,40.82326577932905
basic_needs_deprivation|WVS_H,35.76220978808517,50.54135895257391,0.0,22.93577981651376,52.072674352502446,76.18221451132167,29.254417360509365,50.934538045885375,59.05511811023622,33.45376689415228,26.14714851185184,36.49176205915437,38.8788973355298,38.000057685097055,28.396836808051763,28.52969186318661,30.77389237659669,21.598272138228943,19.68503937007874,63.191153238546605,9999.0,27.257295815107398,37.221345632560585,23.752969121140143,35.43307086614173,28.25401966142407,51.54639175257732,15.797788309636653,25.38071065989848,26.036575033564045,37.510351313037745,28.408128788829593,15.576323987538942,21.691973969631235,37.997848651216074,74.32984811324815,18.552875695732837,15.723270440251572,21.008403361344538,28.825807194576,47.16981132075472,34.907841470881195,28.73563218390805,17.636684303350968
child_qualities_autonomy_self_expression|WVS_A,35.32153942900321,46.855641385962436,22.93577981651376,0.0,48.38695678589097,75.74154415223973,24.94882391863894,51.92410757308829,58.614447751154266,31.3837838088417,18.76172607879925,36.05109170007241,38.43822697644784,37.5593873260151,24.71111924144029,24.843974296575137,27.08817480998522,13.64256480218281,19.24436901099678,59.9388610984791,9999.0,24.271844660194173,33.53562806594911,25.125628140703515,34.99240050705977,27.81334930234211,62.53557152456433,13.60544217687075,22.321428571428573,22.350857466952572,37.06968095395578,23.364517867987743,11.890606420927469,17.636684303350968,34.3121310846046,73.88917775416618,12.836970474967908,18.17479230706744,22.321428571428573,28.38513683549404,47.42634858596659,28.93976860276943,30.105542668650603,11.668611435239207
child_qualities_conformity_tradition|WVS_A,66.00750917302159,71.46138532999848,52.072674352502446,48.38695678589097,0.0,106.42751389625809,55.634793662657316,76.65699293524463,89.30041749517264,55.989527752877734,47.0671748892764,66.73706144409078,69.12419672046622,68.24535707003348,49.31686318547632,49.449718240611176,51.693918754021254,41.49377593360996,49.930338755015164,83.88971529387345,9999.0,50.98910398815191,58.14137200998515,52.547714730934615,65.67837025107815,50.0,84.72222222222223,36.496350364963504,43.47826086956522,46.95660141098861,67.75565069797416,49.10669084415645,36.496350364963504,47.01159747327055,58.91787502864064,104.57514749818456,44.646309615167254,43.340977332793756,48.057044006582004,59.07110657951242,75.27755971739374,59.62573834678781,54.711286612686635,42.354581179257586
child_qualities_prosocial_diligence|WVS_A,72.57434555924937,95.37527250077858,76.18221451132167,75.74154415223973,106.42751389625809,0.0,66.06655313167356,89.17691370333444,95.86725388140042,70.44417653594307,75.25861504362244,73.30389783031856,75.691033106694,74.81219345626124,66.62888740061477,78.65019219221918,81.7720477612483,66.78524098486433,56.497175141242934,106.6817911737698,9999.0,70.66148109025143,80.30669895076674,82.05854422779188,72.24520663730593,65.06615543258826,99.78837765481049,74.55684485360335,65.35947712418302,65.78947368421052,74.32248708420194,75.76883914974906,69.9311635312946,72.39240027107705,92.35268819497173,111.14198388441233,67.1695337324916,67.3314113275918,80.8120985346744,65.6379429657402,89.17691370333444,75.08453573603848,86.58722118288414,64.07293271700051
civic_dishonesty_tolerance|WVS_F,25.646548408437056,54.103478262728785,29.254417360509365,24.94882391863894,55.634793662657316,66.06655313167356,0.0,42.24911655252213,48.939456730588105,23.51637938513076,24.46589481002166,26.37610067950625,28.763235955881676,27.884396305448938,19.701090249802455,27.857471958618394,30.97932752764752,19.85744383405202,9.569377990430622,66.15374013034831,9999.0,23.73368393943912,33.37890179995443,31.265823994191102,25.317409486493617,18.13835828177595,52.86058050399817,25.863392860572095,31.55279739582342,24.57964751164832,27.39468993338963,24.97611891614827,19.13844329769382,21.599680037476272,41.559967961370944,64.21418673360002,19.370346466347357,19.083969465648853,30.699136939312314,18.71014581492788,42.24911655252213,28.156738585226158,37.353379545416956,13.280212483399733
confidence_in_civil_society_organizations|WVS_E,48.75690898009794,75.1256775353161,50.934538045885375,51.92410757308829,76.65699293524463,89.17691370333444,42.24911655252213,0.0,72.04981730224898,46.626739956791646,46.56200540359067,49.48646125116714,51.87359652754256,50.99475687710982,42.81145082146334,53.1140104459288,55.35821095933888,38.91050583657587,32.67973856209151,85.20680213287216,9999.0,46.74529298048962,56.48926237161531,50.4319677578408,48.4277700581545,41.24871885343684,75.97094107565906,42.436701131645364,47.68009553580836,50.62089361630623,50.50505050505051,51.95140257059762,40.16064257028113,45.509928779681175,62.58216723395826,87.32454730526091,41.49377593360996,35.2112676056338,49.15826900033394,41.82050638658877,65.35947712418302,51.26709915688704,58.37557881800426,40.255496137849086
confidence_in_domestic_institutions|WVS_E,55.44724915816391,87.76910209524411,59.05511811023622,58.614447751154266,89.30041749517264,95.86725388140042,48.939456730588105,72.04981730224898,0.0,53.31708013485762,58.13151864253698,56.17680142923311,58.56393670560854,57.685097055175795,49.50179099952932,61.52309579113372,64.64495136016285,49.65814458377888,39.37007874015748,95.95444088007517,9999.0,53.53438468916598,63.17960254968129,64.93144782670643,55.118110236220474,47.93905903150281,82.66128125372504,57.429748452517906,62.673142856680904,58.24527134416365,57.195390683116486,58.641742748663596,52.80406713020914,55.2653038699916,75.22559179388628,94.01488748332687,50.04243733140615,50.20431492650634,63.68500213358896,48.51084656465474,72.04981730224898,57.95743933495302,69.46012478179868,46.94583631591506
confidence_in_international_organizations|WVS_E,30.02417181270657,54.4582123529492,33.45376689415228,31.3837838088417,55.989527752877734,70.44417653594307,23.51637938513076,46.626739956791646,53.31708013485762,0.0,29.081234251857577,30.753724083775772,33.1408593601512,32.26201970971845,24.078713654071976,32.4465452635619,34.69074577697198,19.880715705765407,13.94700139470014,66.1770120020617,9999.0,28.11130734370864,37.75652520422395,32.951196606107715,29.69503289076313,22.51598168604547,57.23820390826769,24.95592997991227,30.199324384075275,29.953428433939333,31.772313337659142,33.21866540320625,19.49317738791423,28.02915762794808,41.91470205159136,68.59181013786954,19.72386587771203,17.73049645390071,31.05387102953273,23.087769219197398,46.626739956791646,32.53436198949568,37.70811363563736,21.522758970457716
crime_victimization|WVS_H,34.83861032038593,45.535859489347864,26.14714851185184,18.76172607879925,47.0671748892764,75.25861504362244,24.46589481002166,46.56200540359067,58.13151864253698,29.081234251857577,0.0,35.56816259145513,37.95529786783055,37.076458217397814,22.52252252252252,23.52419239996056,25.768392913370647,12.315270935960593,18.7614399023795,58.61156723225688,9999.0,20.53388090349076,32.21584616933454,25.31645569620253,34.50947139844249,27.330420193724827,62.05264241594705,12.150668286755772,22.573363431151243,21.031075570337997,36.586751845338505,22.88158875937046,10.570824524312895,16.39344262295082,32.99234918799002,73.4062486455489,12.135922330097086,11.350737797956867,21.186440677966104,27.90220772687676,46.09905471974437,28.45683949415215,28.785760772036028,11.185682326621924
democratic_system_evaluation|WVS_E,32.88389310708206,57.134008182959235,36.49176205915437,36.05109170007241,66.73706144409078,73.30389783031856,26.37610067950625,49.48646125116714,56.17680142923311,30.753724083775772,35.56816259145513,0.0,36.000580654526686,35.12174100409395,26.938434948447465,34.013605442176875,42.081595309080996,27.09478853269703,16.80672268907563,73.39108482899331,9999.0,30.971028638084128,40.61624649859944,42.36809177562458,32.55475418513862,25.37570298042096,58.13953488372093,34.86639240143606,40.10978680559906,27.548209366391184,34.63203463203463,34.96503496503497,30.240711079127287,32.701947818909744,52.66223574280442,71.45153143224503,27.479081280324294,27.640958875424495,41.121646082507105,25.947490513572887,49.48646125116714,35.39408328387117,46.89676873071683,24.382480264833205
democratic_values_importance|WVS_E,35.27102838345749,67.59288132053769,38.8788973355298,38.43822697644784,69.12419672046622,75.691033106694,28.763235955881676,51.87359652754256,58.56393670560854,33.1408593601512,37.95529786783055,36.000580654526686,0.0,37.508876280469366,29.32557022482289,41.34687501642729,44.46873058545641,29.481923809072455,19.193857965451055,75.77822010536875,9999.0,33.35816391445955,43.00338177497486,44.755227051999995,34.94188946151405,27.762838256796385,62.48506047901861,37.25352767781148,42.49692208197448,38.06905056945722,37.01916990841006,38.465521973957166,32.62784635550271,35.08908309528517,55.049371019179844,73.83866670862045,29.86621655669972,30.02809415179992,43.50878135888253,28.334625789948312,51.87359652754256,37.78121856024659,49.28390400709226,26.76961554120863
economic_ideology|WVS_E,34.392188733024746,64.30802103879027,38.000057685097055,37.5593873260151,68.24535707003348,74.81219345626124,27.884396305448938,50.99475687710982,57.685097055175795,32.26201970971845,37.076458217397814,35.12174100409395,37.508876280469366,0.0,28.44673057439015,39.682539682539684,43.589890935023675,28.603084158639714,18.315018315018314,74.899380454936,9999.0,32.479324264026815,42.12454212454212,43.87638740156726,34.06304981108131,26.883998606363644,52.35602094240838,36.37468802737874,41.618082431541744,34.72222222222222,36.14033025797732,37.58668232352443,31.749006705069974,34.21024344485242,54.170531368747106,72.95982705818771,28.98737690626698,29.149254501367178,42.62994170844979,27.455786139515574,50.99475687710982,36.90237890981385,48.405064356659516,25.89077589077589
electoral_integrity|WVS_E,26.208882677378266,47.78554778554779,28.396836808051763,24.71111924144029,49.31686318547632,66.62888740061477,19.701090249802455,42.81145082146334,49.50179099952932,24.078713654071976,22.52252252252252,26.938434948447465,29.32557022482289,28.44673057439015,0.0,25.77388069616049,28.018081209570575,15.337423312883438,10.131712259371835,61.63371960917973,9999.0,24.29601820838033,33.94123606889564,28.44821337972023,25.879743755434827,18.700692550717164,53.422914772939386,19.5454623833911,25.69634115768779,23.280763866537924,27.95702420233084,29.403376267877945,12.820512820512821,17.6056338028169,35.24203748418995,64.77652100254123,13.440860215053764,13.227513227513228,24.381206462131317,19.27248008386909,42.81145082146334,28.719072854167372,31.035449068235955,17.70746983512941
existential_threat_worry|WVS_H,38.23018746898266,39.37007874015748,28.52969186318661,24.843974296575137,49.449718240611176,78.65019219221918,27.857471958618394,53.1140104459288,61.52309579113372,32.4465452635619,23.52419239996056,34.013605442176875,41.34687501642729,39.682539682539684,25.77388069616049,0.0,25.839793281653748,20.59862781448559,22.153017050976235,63.75997704020291,9999.0,27.59465630902981,27.855153203342617,32.41797647726407,37.901048547039224,30.721997342321565,65.44421956454379,16.366612111292962,27.702630412520826,23.41361892167277,39.978328993935236,16.0,12.953367875647668,19.801980198019802,35.3748925393248,76.79782579414564,17.094017094017094,19.797994843477923,24.514061517266164,31.293784875473495,54.38241159826937,31.848416642748884,31.168304123370802,14.57725947521866
female_income_threat_to_marriage|WVS_D,41.35204303801179,48.31239057686767,30.77389237659669,27.08817480998522,51.693918754021254,81.7720477612483,30.97932752764752,55.35821095933888,64.64495136016285,34.69074577697198,25.768392913370647,42.081595309080996,44.46873058545641,43.589890935023675,28.018081209570575,25.839793281653748,0.0,22.842828327895674,25.27487262000536,64.25677133700438,9999.0,29.83885682243989,36.8425900340794,32.914770774065545,41.022904116068354,33.843852911350695,68.56607513357291,16.863406408094434,29.94683092593091,18.726591760299623,43.100184562964365,21.231422505307854,15.197568389057752,25.839793281653748,37.61909305273488,79.91968136317476,19.607843137254903,22.042195356888005,26.75826203067625,34.41564044450262,56.62661211167945,34.97027221177801,33.41250463678089,17.699115044247787
gender_role_traditionalism|WVS_D,26.36523626162783,42.610294903872884,21.598272138228943,13.64256480218281,41.49377593360996,66.78524098486433,19.85744383405202,38.91050583657587,49.65814458377888,19.880715705765407,12.315270935960593,27.09478853269703,29.481923809072455,28.603084158639714,15.337423312883438,20.59862781448559,22.842828327895674,0.0,10.2880658436214,46.29629629629629,9999.0,13.10615989515072,29.290281583859567,17.035775127768314,26.036097339684392,18.85704613496673,53.57926835718895,8.32639467110741,14.43001443001443,18.105510984863024,28.113377786580404,18.281535648994517,7.6452599388379205,12.300123001230013,30.06678460251505,64.9328745867908,8.382229673093043,7.390983000739098,15.923566878980893,19.428833668118656,33.78378378378378,24.951648718989517,19.801980198019802,7.680491551459292
immigrant_origin_status|WVS_G,16.077170418006432,48.39902335508663,19.68503937007874,19.24436901099678,49.930338755015164,56.497175141242934,9.569377990430622,32.67973856209151,39.37007874015748,13.94700139470014,18.7614399023795,16.80672268907563,19.193857965451055,18.315018315018314,10.131712259371835,22.153017050976235,25.27487262000536,10.2880658436214,0.0,56.58436213991769,9999.0,14.164305949008499,23.809523809523807,25.561369086548943,15.748031496062993,8.56898029134533,43.291202513567555,18.059669712360424,23.30306411652343,18.875192604006163,17.825311942959004,19.27166400850611,13.43398839005166,15.895225129834113,35.85551305372879,54.6448087431694,10.672358591248665,10.834236186348864,24.314923393431474,9.140767824497258,32.67973856209151,18.587360594795538,30.0900460416412,7.575757575757575
importance_of_life_domains|WVS_A,72.66153255792412,88.90659120016917,63.191153238546605,59.9388610984791,83.88971529387345,106.6817911737698,66.15374013034831,85.20680213287216,95.95444088007517,66.1770120020617,58.61156723225688,73.39108482899331,75.77822010536875,74.899380454936,61.63371960917973,63.75997704020291,64.25677133700438,46.29629629629629,56.58436213991769,0.0,9999.0,59.40245619144701,75.58657788015586,63.33207142406461,72.33239363598068,51.282051282051285,86.0042735042735,47.39336492890995,41.32231404958678,60.263377798922825,74.40967408287669,60.00370540810289,53.941556235134215,57.908612037217,72.77407558880843,111.22917088308708,54.678525969389334,53.68727929703539,62.21986317527718,65.72512996441495,74.0020526116783,71.24794501528581,66.01367207427813,53.97678784775558
institutional_threat_perception|WVS_H,9999.0,9999.0,9999.0,9999.0,9999.0,9999.0,9999.0,9999.0,9999.0,9999.0,9999.0,9999.0,9999.0,9999.0,9999.0,9999.0,9999.0,9999.0,9999.0,9999.0,0.0,9999.0,9999.0,9999.0,9999.0,9999.0,9999.0,9999.0,9999.0,9999.0,9999.0,9999.0,9999.0,9999.0,9999.0,9999.0,9999.0,9999.0,9999.0,9999.0,9999.0,9999.0,9999.0,9999.0
job_scarcity_gender_discrimination|WVS_C,30.241476367014933,49.6063233984171,27.257295815107398,24.271844660194173,50.98910398815191,70.66148109025143,23.73368393943912,46.74529298048962,53.53438468916598,28.11130734370864,20.53388090349076,30.971028638084128,33.35816391445955,32.479324264026815,24.29601820838033,27.59465630902981,29.83885682243989,13.10615989515072,14.164305949008499,59.40245619144701,9999.0,0.0,36.28631007840379,26.754725527062828,29.912337445071493,22.733286240353827,57.45550846257605,14.492753623188404,22.026431718061673,25.101539479407244,31.989617891967505,25.701508673644895,14.641288433382138,21.832686548903197,37.06281309705927,68.8091146921779,15.105740181268883,11.534025374855824,25.481026769555964,23.305073773505757,46.84404451110001,31.276759408426578,32.856224681105274,14.005602240896357
job_scarcity_nativist_preference|WVS_C,39.88669422753024,50.28973256398006,37.221345632560585,33.53562806594911,58.14137200998515,80.30669895076674,33.37890179995443,56.48926237161531,63.17960254968129,37.75652520422395,32.21584616933454,40.61624649859944,43.00338177497486,42.12454212454212,33.94123606889564,27.855153203342617,36.8425900340794,29.290281583859567,23.809523809523807,75.58657788015586,9999.0,36.28631007840379,0.0,43.7103487650589,39.5575553055868,32.37850410086914,67.10072632309135,28.328611898016998,36.394284181894804,20.70393374741201,41.634835752482815,24.154589371980677,21.645021645021647,35.41973855678657,44.066546308698776,78.4543325526932,30.211480362537767,28.4896486128519,33.20571528664014,32.95029163402106,56.48926237161531,42.396884404319344,39.85995789274478,27.100271002710027
life_autonomy_morality_permissiveness|WVS_F,41.638539504555375,57.03036208507222,23.752969121140143,25.125628140703515,52.547714730934615,82.05854422779188,31.265823994191102,50.4319677578408,64.93144782670643,32.951196606107715,25.31645569620253,42.36809177562458,44.755227051999995,43.87638740156726,28.44821337972023,32.41797647726407,32.914770774065545,17.035775127768314,25.561369086548943,63.33207142406461,9999.0,26.754725527062828,43.7103487650589,0.0,41.309400582611936,34.13034937789428,68.85257160011649,16.051364365971107,25.706940874035993,28.921377235983975,43.38668102950795,28.661704845164046,22.065327120037256,25.519361326254376,41.43207502586959,80.20617782971834,22.368662982800284,15.220700152207003,27.62430939226519,34.7021369110462,48.78048780487805,35.25676867832159,31.25,17.98561151079137
neighborhood_disorder_and_crime|WVS_H,31.825201914069424,64.14705485114962,35.43307086614173,34.99240050705977,65.67837025107815,72.24520663730593,25.317409486493617,48.4277700581545,55.118110236220474,29.69503289076313,34.50947139844249,32.55475418513862,34.94188946151405,34.06304981108131,25.879743755434827,37.901048547039224,41.022904116068354,26.036097339684392,15.748031496062993,72.33239363598068,9999.0,29.912337445071493,39.5575553055868,41.309400582611936,0.0,24.317011787408322,59.03923400963055,33.80770120842342,39.05109561258642,34.62322410006915,33.573343439022,35.0196955045691,29.182019886114652,31.643256625897106,51.60354454979178,70.39284023923238,26.42039008731166,26.582267682411857,40.06295488949447,24.888799320560253,48.4277700581545,34.335392090858534,45.838077537704194,23.323789071820567
offline_political_participation|WVS_E,24.64615070935176,56.96800364643195,28.25401966142407,27.81334930234211,50.0,65.06615543258826,18.13835828177595,41.24871885343684,47.93905903150281,22.51598168604547,27.330420193724827,25.37570298042096,27.762838256796385,26.883998606363644,18.700692550717164,30.721997342321565,33.843852911350695,18.85704613496673,8.56898029134533,51.282051282051285,9999.0,22.733286240353827,32.37850410086914,34.13034937789428,24.317011787408322,0.0,34.72222222222222,26.628650003705754,31.872044407868756,27.444172895351493,26.394292234304334,27.84064429985144,22.002968681396986,24.464205421179443,44.42449334507412,63.21378903451473,19.241338882593993,19.403216477694194,32.883903684776804,17.709748115842586,39.8406374501992,27.156340886140867,38.65902633298653,16.144737867102904
outgroup_trust|WVS_G,59.36837293157399,91.69022586865418,51.54639175257732,62.53557152456433,84.72222222222223,99.78837765481049,52.86058050399817,75.97094107565906,82.66128125372504,57.23820390826769,62.05264241594705,58.13953488372093,62.48506047901861,52.35602094240838,53.422914772939386,65.44421956454379,68.56607513357291,53.57926835718895,43.291202513567555,86.0042735042735,9999.0,57.45550846257605,67.10072632309135,68.85257160011649,59.03923400963055,34.72222222222222,0.0,61.35087222592798,66.59426663009098,62.166395117573714,61.11651445652656,62.56286652207366,56.72519090361921,59.186427643401665,79.14671556729634,97.93601125673695,53.963561104816215,54.125438699916415,67.60612590699903,43.29004329004329,74.56285967242142,61.87856310836309,73.38124855520874,50.866960089325126
political_information_sources|WVS_E,34.136840130366856,41.689984527913246,15.797788309636653,13.60544217687075,36.496350364963504,74.55684485360335,25.863392860572095,42.436701131645364,57.429748452517906,24.95592997991227,12.150668286755772,34.86639240143606,37.25352767781148,36.37468802737874,19.5454623833911,16.366612111292962,16.863406408094434,8.32639467110741,18.059669712360424,47.39336492890995,9999.0,14.492753623188404,28.328611898016998,16.051364365971107,33.80770120842342,26.628650003705754,61.35087222592798,0.0,19.694261456186126,12.87001287001287,35.88498165531943,12.610340479192939,6.724949562878279,10.515247108307046,25.38071065989848,72.70447845552982,8.149959250203748,7.225433526011561,18.285643204496775,27.20043753685768,40.0,29.854337544702584,19.37984496124031,12.583180377172361
postmaterialist_values|WVS_E,39.38023453452986,49.71429750190812,25.38071065989848,22.321428571428573,43.47826086956522,65.35947712418302,31.55279739582342,47.68009553580836,62.673142856680904,30.199324384075275,22.573363431151243,40.10978680559906,42.49692208197448,41.618082431541744,25.69634115768779,27.702630412520826,29.94683092593091,14.43001443001443,23.30306411652343,41.32231404958678,9999.0,22.026431718061673,36.394284181894804,25.706940874035993,39.05109561258642,31.872044407868756,66.59426663009098,19.694261456186126,0.0,25.20951358289826,41.128376059482434,30.10551223352553,14.749262536873157,22.767489104221937,37.170787200550286,77.94787285969284,17.825311942959004,12.468827930174564,26.309956178491653,32.44383194102068,32.67973856209151,36.246165969533024,24.691358024691358,18.9750088020028
precautionary_security_behaviors|WVS_H,34.95236302201259,29.58579881656805,26.036575033564045,22.350857466952572,46.95660141098861,65.78947368421052,24.57964751164832,50.62089361630623,58.24527134416365,29.953428433939333,21.031075570337997,27.548209366391184,38.06905056945722,34.72222222222222,23.280763866537924,23.41361892167277,18.726591760299623,18.105510984863024,18.875192604006163,60.263377798922825,9999.0,25.101539479407244,20.70393374741201,28.921377235983975,34.62322410006915,27.444172895351493,62.166395117573714,12.87001287001287,25.20951358289826,0.0,36.70050454696516,11.481056257175661,10.460251046025103,15.503875968992247,29.673590504451038,73.52000134717557,12.578616352201257,17.304878013855358,18.281535648994517,28.015960428503423,51.554931166097674,28.57059219577881,28.675187293748237,11.299435028248588
religion_versus_secularism_orientation|WVS_F,33.902482360965436,66.22433529804563,37.510351313037745,37.06968095395578,67.75565069797416,74.32248708420194,27.39468993338963,50.50505050505051,57.195390683116486,31.772313337659142,36.586751845338505,34.63203463203463,37.01916990841006,36.14033025797732,27.95702420233084,39.978328993935236,43.100184562964365,28.113377786580404,17.825311942959004,74.40967408287669,9999.0,31.989617891967505,41.634835752482815,43.38668102950795,33.573343439022,26.394292234304334,61.11651445652656,35.88498165531943,41.128376059482434,36.70050454696516,0.0,37.09697595146511,31.259300333010664,33.72053707279312,53.68082499668779,72.47012068612841,28.49767053420767,28.65954812930787,42.14023533639048,26.966079767456264,50.50505050505051,36.412672537754545,47.915357984600206,25.40106951871658
religious_belief|WVS_F,35.34883442651254,38.167938931297705,28.408128788829593,23.364517867987743,49.10669084415645,75.76883914974906,24.97611891614827,51.95140257059762,58.641742748663596,33.21866540320625,22.88158875937046,34.96503496503497,38.465521973957166,37.58668232352443,29.403376267877945,16.0,21.231422505307854,18.281535648994517,19.27166400850611,60.00370540810289,9999.0,25.701508673644895,24.154589371980677,28.661704845164046,35.0196955045691,27.84064429985144,62.56286652207366,12.610340479192939,30.10551223352553,11.481056257175661,37.09697595146511,0.0,17.55413724704262,20.015373986825075,33.11258278145695,73.91647275167551,17.78604041569616,17.636684303350968,20.5761316872428,28.41243183300337,51.95140257059762,28.96706360027876,31.990185440433248,11.695906432748536
religious_exclusivism|WVS_F,29.51115880805809,34.96503496503497,15.576323987538942,11.890606420927469,36.496350364963504,69.9311635312946,19.13844329769382,40.16064257028113,52.80406713020914,19.49317738791423,10.570824524312895,30.240711079127287,32.62784635550271,31.749006705069974,12.820512820512821,12.953367875647668,15.197568389057752,7.6452599388379205,13.43398839005166,53.941556235134215,9999.0,14.641288433382138,21.645021645021647,22.065327120037256,29.182019886114652,22.002968681396986,56.72519090361921,6.724949562878279,14.749262536873157,10.460251046025103,31.259300333010664,17.55413724704262,0.0,14.177698368370622,22.42152466367713,68.07879713322106,11.948364797241709,6.844626967830253,11.560693641618498,22.57475621454892,41.4290437226217,23.12938798182431,18.214936247723134,5.8582308142940835
religious_practice_and_self_identification|WVS_F,31.972395547840545,45.0896747855603,21.691973969631235,17.636684303350968,47.01159747327055,72.39240027107705,21.599680037476272,45.509928779681175,55.2653038699916,28.02915762794808,16.39344262295082,32.701947818909744,35.08908309528517,34.21024344485242,17.6056338028169,19.801980198019802,25.839793281653748,12.300123001230013,15.895225129834113,57.908612037217,9999.0,21.832686548903197,35.41973855678657,25.519361326254376,31.643256625897106,24.464205421179443,59.186427643401665,10.515247108307046,22.767489104221937,15.503875968992247,33.72053707279312,20.015373986825075,14.177698368370622,0.0,35.89595776820553,70.54003387300352,14.409601537024162,10.298661174047373,15.64945226917058,25.035992954331373,46.083906785013795,25.590624721606762,29.41176470588235,8.319467554076539
science_skepticism|WVS_I,51.93268347173522,57.38655962871209,37.997848651216074,34.3121310846046,58.91787502864064,92.35268819497173,41.559967961370944,62.58216723395826,75.22559179388628,41.91470205159136,32.99234918799002,52.66223574280442,55.049371019179844,54.170531368747106,35.24203748418995,35.3748925393248,37.61909305273488,30.06678460251505,35.85551305372879,72.77407558880843,9999.0,37.06281309705927,44.066546308698776,41.43207502586959,51.60354454979178,44.42449334507412,79.14671556729634,25.38071065989848,37.170787200550286,29.673590504451038,53.68082499668779,33.11258278145695,22.42152466367713,35.89595776820553,0.0,90.50032179689819,28.409090909090907,29.266151631507384,33.982218305295625,44.996280878226045,63.85056838629883,45.55091264550144,40.63646091140026,28.279755477971214
science_technology_optimism|WVS_E,70.72197916117582,103.04383209825602,74.32984811324815,73.88917775416618,104.57514749818456,111.14198388441233,64.21418673360002,87.32454730526091,94.01488748332687,68.59181013786954,73.4062486455489,71.45153143224503,73.83866670862045,72.95982705818771,64.77652100254123,76.79782579414564,79.91968136317476,64.9328745867908,54.6448087431694,111.22917088308708,9999.0,68.8091146921779,78.4543325526932,80.20617782971834,70.39284023923238,63.21378903451473,97.93601125673695,72.70447845552982,77.94787285969284,73.52000134717557,72.47012068612841,73.91647275167551,68.07879713322106,70.54003387300352,90.50032179689819,0.0,65.31716733441806,65.47904492951827,78.95973213660086,63.78557656766666,87.32454730526091,73.23216933796493,84.73485478481061,62.22056631892698
sexual_and_reproductive_morality_permissiveness|WVS_F,26.7495290092551,42.16441516876931,18.552875695732837,12.836970474967908,44.646309615167254,67.1695337324916,19.370346466347357,41.49377593360996,50.04243733140615,19.72386587771203,12.135922330097086,27.479081280324294,29.86621655669972,28.98737690626698,13.440860215053764,17.094017094017094,19.607843137254903,8.382229673093043,10.672358591248665,54.678525969389334,9999.0,15.105740181268883,30.211480362537767,22.368662982800284,26.42039008731166,19.241338882593993,53.963561104816215,8.149959250203748,17.825311942959004,12.578616352201257,28.49767053420767,17.78604041569616,11.948364797241709,14.409601537024162,28.409090909090907,65.31716733441806,0.0,7.147962830593281,13.64256480218281,19.813126415745923,42.166013456876826,23.361291150477847,22.172949002217294,6.090133982947624
social_intolerance_outgroups|WVS_A,26.911406604355296,41.80966193286522,15.723270440251572,18.17479230706744,43.340977332793756,67.3314113275918,19.083969465648853,35.2112676056338,50.20431492650634,17.73049645390071,11.350737797956867,27.640958875424495,30.02809415179992,29.149254501367178,13.227513227513228,19.797994843477923,22.042195356888005,7.390983000739098,10.834236186348864,53.68727929703539,9999.0,11.534025374855824,28.4896486128519,15.220700152207003,26.582267682411857,19.403216477694194,54.125438699916415,7.225433526011561,12.468827930174564,17.304878013855358,28.65954812930787,17.636684303350968,6.844626967830253,10.298661174047373,29.266151631507384,65.47904492951827,7.147962830593281,0.0,13.94700139470014,19.97500401084612,41.17476678452288,23.77733803935846,25.05956321555339,6.506180871828237
societal_change_attitudes|WVS_E,40.39209381143791,46.525728606653466,21.008403361344538,22.321428571428573,48.057044006582004,80.8120985346744,30.699136939312314,49.15826900033394,63.68500213358896,31.05387102953273,21.186440677966104,41.121646082507105,43.50878135888253,42.62994170844979,24.381206462131317,24.514061517266164,26.75826203067625,15.923566878980893,24.314923393431474,62.21986317527718,9999.0,25.481026769555964,33.20571528664014,27.62430939226519,40.06295488949447,32.883903684776804,67.60612590699903,18.285643204496775,26.309956178491653,18.281535648994517,42.14023533639048,20.5761316872428,11.560693641618498,15.64945226917058,33.982218305295625,78.95973213660086,13.64256480218281,13.94700139470014,0.0,33.45569121792873,49.707350662764675,34.69008162344281,29.77562988934163,17.41892445591258
socioeconomic_insecurity_worry|WVS_H,25.217938242503692,57.53979117958389,28.825807194576,28.38513683549404,59.07110657951242,65.6379429657402,18.71014581492788,41.82050638658877,48.51084656465474,23.087769219197398,27.90220772687676,25.947490513572887,28.334625789948312,27.455786139515574,19.27248008386909,31.293784875473495,34.41564044450262,19.428833668118656,9.140767824497258,65.72512996441495,9999.0,23.305073773505757,32.95029163402106,34.7021369110462,24.888799320560253,17.709748115842586,43.29004329004329,27.20043753685768,32.44383194102068,28.015960428503423,26.966079767456264,28.41243183300337,22.57475621454892,25.035992954331373,44.996280878226045,63.78557656766666,19.813126415745923,19.97500401084612,33.45569121792873,0.0,41.82050638658877,27.728128419292794,39.23081386613846,16.716525400254834
subjective_wellbeing|WVS_A,48.75690898009794,76.39407868765667,47.16981132075472,47.42634858596659,75.27755971739374,89.17691370333444,42.24911655252213,65.35947712418302,72.04981730224898,46.626739956791646,46.09905471974437,49.48646125116714,51.87359652754256,50.99475687710982,42.81145082146334,54.38241159826937,56.62661211167945,33.78378378378378,32.67973856209151,74.0020526116783,9999.0,46.84404451110001,56.48926237161531,48.78048780487805,48.4277700581545,39.8406374501992,74.56285967242142,40.0,32.67973856209151,51.554931166097674,50.50505050505051,51.95140257059762,41.4290437226217,46.083906785013795,63.85056838629883,87.32454730526091,42.166013456876826,41.17476678452288,49.707350662764675,41.82050638658877,0.0,51.26709915688704,53.58576398180358,40.255496137849086
violence_tolerance|WVS_F,34.66453101280197,58.09442294685927,34.907841470881195,28.93976860276943,59.62573834678781,75.08453573603848,28.156738585226158,51.26709915688704,57.95743933495302,32.53436198949568,28.45683949415215,35.39408328387117,37.78121856024659,36.90237890981385,28.719072854167372,31.848416642748884,34.97027221177801,24.951648718989517,18.587360594795538,71.24794501528581,9999.0,31.276759408426578,42.396884404319344,35.25676867832159,34.335392090858534,27.156340886140867,61.87856310836309,29.854337544702584,36.246165969533024,28.57059219577881,36.412672537754545,28.96706360027876,23.12938798182431,25.590624721606762,45.55091264550144,73.23216933796493,23.361291150477847,23.77733803935846,34.69008162344281,27.728128419292794,51.26709915688704,0.0,41.34432422954744,17.271157167530223
voluntary_association_active_membership|WVS_A,46.16721645964763,53.179971212758105,28.73563218390805,30.105542668650603,54.711286612686635,86.58722118288414,37.353379545416956,58.37557881800426,69.46012478179868,37.70811363563736,28.785760772036028,46.89676873071683,49.28390400709226,48.405064356659516,31.035449068235955,31.168304123370802,33.41250463678089,19.801980198019802,30.0900460416412,66.01367207427813,9999.0,32.856224681105274,39.85995789274478,31.25,45.838077537704194,38.65902633298653,73.38124855520874,19.37984496124031,24.691358024691358,28.675187293748237,47.915357984600206,31.990185440433248,18.214936247723134,29.41176470588235,40.63646091140026,84.73485478481061,22.172949002217294,25.05956321555339,29.77562988934163,39.23081386613846,53.58576398180358,41.34432422954744,0.0,24.07316706201722
voting_participation|WVS_E,23.652927993764006,40.82326577932905,17.636684303350968,11.668611435239207,42.354581179257586,64.07293271700051,13.280212483399733,40.255496137849086,46.94583631591506,21.522758970457716,11.185682326621924,24.382480264833205,26.76961554120863,25.89077589077589,17.70746983512941,14.57725947521866,17.699115044247787,7.680491551459292,7.575757575757575,53.97678784775558,9999.0,14.005602240896357,27.100271002710027,17.98561151079137,23.323789071820567,16.144737867102904,50.866960089325126,12.583180377172361,18.9750088020028,11.299435028248588,25.40106951871658,11.695906432748536,5.8582308142940835,8.319467554076539,28.279755477971214,62.22056631892698,6.090133982947624,6.506180871828237,17.41892445591258,16.716525400254834,40.255496137849086,17.271157167530223,24.07316706201722,0.0
