construct,authoritarian_governance_tolerance|WVS_E,autocracy_support|WVS_E,basic_needs_deprivation|WVS_H,child_qualities_autonomy_self_expression|WVS_A,child_qualities_conformity_tradition|WVS_A,child_qualities_prosocial_diligence|WVS_A,civic_dishonesty_tolerance|WVS_F,confidence_in_civil_society_organizations|WVS_E,confidence_in_domestic_institutions|WVS_E,confidence_in_international_organizations|WVS_E,crime_victimization|WVS_H,democratic_system_evaluation|WVS_E,democratic_values_importance|WVS_E,economic_ideology|WVS_E,electoral_integrity|WVS_E,existential_threat_worry|WVS_H,female_income_threat_to_marriage|WVS_D,gender_role_traditionalism|WVS_D,immigrant_origin_status|WVS_G,importance_of_life_domains|WVS_A,institutional_threat_perception|WVS_H,job_scarcity_gender_discrimination|WVS_C,job_scarcity_nativist_preference|WVS_C,life_autonomy_morality_permissiveness|WVS_F,neighborhood_disorder_and_crime|WVS_H,offline_political_participation|WVS_E,outgroup_trust|WVS_G,political_information_sources|WVS_E,postmaterialist_values|WVS_E,precautionary_security_behaviors|WVS_H,religion_versus_secularism_orientation|WVS_F,religious_belief|WVS_F,religious_exclusivism|WVS_F,religious_practice_and_self_identification|WVS_F,science_skepticism|WVS_I,science_technology_optimism|WVS_E,sexual_and_reproductive_morality_permissiveness|WVS_F,social_intolerance_outgroups|WVS_A,societal_change_attitudes|WVS_E,socioeconomic_insecurity_worry|WVS_H,subjective_wellbeing|WVS_A,violence_tolerance|WVS_F,voluntary_association_active_membership|WVS_A,voting_participation|WVS_E
authoritarian_governance_tolerance|WVS_E,0.0,103.95245305190844,9999.0,101.16171481443405,104.94158251906438,121.77318853480506,140.10679468965856,77.96041061566969,79.62400046467502,9999.0,78.14203131695069,141.41027946678776,138.38299517237238,141.48585141485853,9999.0,78.60752386299832,81.1827089199352,95.92848054644077,72.99270072992701,85.05542690604281,9999.0,99.58844541077806,82.24339453196217,82.36477195766834,9999.0,9999.0,97.41153626267383,80.9103571036404,81.55434456554345,81.16931561136609,90.97831224071838,88.28322060760286,89.09576031124746,77.73428441887911,90.09009009009009,81.69592092139786,80.27072110838407,82.43557136259935,77.88028626267383,91.20763697765014,138.34034502493972,94.77919310465468,9999.0,83.33396236384635
autocracy_support|WVS_E,103.95245305190844,0.0,9999.0,59.12876640648847,62.9086341111188,79.74024012685948,98.07384628171297,35.9274622077241,37.59105205672943,9999.0,36.10908290900511,99.37733105884219,96.35004676442679,99.45290300691293,9999.0,36.57457545505273,39.14976051198961,53.895532138495184,30.959752321981423,43.02247849809723,9999.0,57.55549700283248,40.21044612401658,40.331823549722756,9999.0,9999.0,55.378587854728245,38.877408695694804,39.52139615759786,39.136367203420505,48.94536383277279,46.25027219965726,47.06281190330188,35.70133601093353,51.81347150259067,39.66297251345227,38.237772700438484,40.40262295465376,35.847337854728245,49.17468856970456,96.30739661699414,52.74624469670909,9999.0,41.301013955900764
basic_needs_deprivation|WVS_H,9999.0,9999.0,0.0,9999.0,9999.0,9999.0,9999.0,9999.0,9999.0,9999.0,9999.0,9999.0,9999.0,9999.0,9999.0,9999.0,9999.0,9999.0,9999.0,9999.0,9999.0,9999.0,9999.0,9999.0,9999.0,9999.0,9999.0,9999.0,9999.0,9999.0,9999.0,9999.0,9999.0,9999.0,9999.0,9999.0,9999.0,9999.0,9999.0,9999.0,9999.0,9999.0,9999.0,9999.0
child_qualities_autonomy_self_expression|WVS_A,101.16171481443405,59.12876640648847,9999.0,0.0,60.11789587364442,76.94950188938509,95.28310804423859,33.13672397024972,34.80031381925505,9999.0,33.31834467153073,96.58659282136782,93.5593085269524,96.66216476943855,9999.0,33.78383721757835,36.35902227451523,51.104793901020805,28.169014084507044,40.23174026062284,9999.0,54.76475876535811,37.4197078865422,37.54108531224837,9999.0,9999.0,52.587849617253866,36.086670458220425,36.730657920123484,36.345628965946126,46.15462559529841,43.45953396218289,44.27207366582749,32.91059777345915,49.26606049800915,36.87223427597789,35.447034462964105,37.61188471717938,33.056599617253866,46.38395033223018,93.51665837951975,49.95550645923471,9999.0,38.510275718426385
child_qualities_conformity_tradition|WVS_A,104.94158251906438,62.9086341111188,9999.0,60.11789587364442,0.0,80.72936959401542,99.06297574886892,36.91659167488005,38.580181523885386,9999.0,37.098212376161065,100.36646052599815,97.33917623158274,100.44203247406888,9999.0,37.563704922208686,40.13888997914557,54.88466160565114,31.948881789137378,44.01160796525318,9999.0,58.544626469988444,41.19957559117253,41.320953016878704,9999.0,9999.0,56.3677173218842,39.86653816285076,40.51052562475382,40.12549667057646,49.93449329992875,47.23940166681322,48.051941370457826,36.690465478089486,53.04592820263949,40.65210198060822,39.22690216759444,41.39175242180971,36.8364673218842,50.16381803686051,97.29652608415009,53.735374163865046,9999.0,42.29014342305672
child_qualities_prosocial_diligence|WVS_A,121.77318853480506,79.74024012685948,9999.0,76.94950188938509,80.72936959401542,0.0,115.8945817646096,53.74819769062072,55.41178753962606,9999.0,53.92981839190173,117.19806654173883,114.17078224732342,117.27363848980956,9999.0,54.39531093794936,56.970495994886235,71.71626762139181,48.78048780487805,60.84321398099385,9999.0,75.3762324857291,58.0311816069132,58.15255903261938,9999.0,9999.0,73.19932333762488,56.698144178591434,57.342131640494486,56.957102686317135,66.76609931566942,64.0710076825539,64.8835473861985,53.52207149383016,69.87753421838016,57.4837079963489,56.05850818333511,58.22335843755038,53.668073337624875,66.99542405260118,114.12813209989076,70.56698017960572,9999.0,59.12174943879739
civic_dishonesty_tolerance|WVS_F,140.10679468965856,98.07384628171297,9999.0,95.28310804423859,99.06297574886892,115.8945817646096,0.0,72.08180384547423,73.74539369447956,9999.0,72.26342454675523,135.5316726965923,132.50438840217691,135.60724464466307,9999.0,72.72891709280286,75.30410214973973,90.0498737762453,67.11409395973155,79.17682013584735,9999.0,93.7098386405826,76.3647877617667,76.48616518747288,9999.0,9999.0,91.53292949247837,75.03175033344493,75.67573779534798,75.29070884117063,85.09970547052292,82.4046138374074,83.217153541052,71.85567764868365,88.21114037323366,75.8173141512024,74.3921143381886,76.55696459240389,72.00167949247837,85.32903020745468,132.46173825474426,88.90058633445922,9999.0,77.45535559365089
confidence_in_civil_society_organizations|WVS_E,77.96041061566969,35.9274622077241,9999.0,33.13672397024972,36.91659167488005,53.74819769062072,72.08180384547423,0.0,11.599009620490683,9999.0,10.117040472766359,73.38528862260344,70.35800432818804,73.46086057067419,9999.0,10.58253301881398,13.15771807575086,27.903489702256433,4.967709885742672,17.030436061858474,9999.0,31.563454566593734,14.218403687777826,14.339781113484001,9999.0,9999.0,25.0,12.885366259456053,13.529353721359112,13.144324767181757,22.95332139653404,20.258229763418512,21.070769467063123,9.709293574694783,26.06475629924478,13.670930077213516,12.245730264199732,14.410580518415006,9.855295418489495,23.182646133465806,70.31535418075538,26.75420226047034,9999.0,15.308971519662013
confidence_in_domestic_institutions|WVS_E,79.62400046467502,37.59105205672943,9999.0,34.80031381925505,38.580181523885386,55.41178753962606,73.74539369447956,11.599009620490683,0.0,9999.0,11.780630321771698,75.04887847160877,72.02159417719338,75.12445041967952,9999.0,12.24612286781932,14.821307924756201,29.567079551261774,6.631299734748011,18.694025910863814,9999.0,33.227044415599075,15.881993536783163,16.003370962489342,9999.0,9999.0,29.41176470588235,14.548956108461393,15.192943570364449,14.807914616187094,24.61691124553938,21.921819612423853,22.734359316068463,11.37288342370012,27.72834614825012,15.334519926218857,13.909320113205071,16.074170367420344,11.518885267494834,24.846235982471146,71.97894402976073,28.41779210947568,9999.0,16.97256136866735
confidence_in_international_organizations|WVS_E,9999.0,9999.0,9999.0,9999.0,9999.0,9999.0,9999.0,9999.0,9999.0,0.0,9999.0,9999.0,9999.0,9999.0,9999.0,9999.0,9999.0,9999.0,9999.0,9999.0,9999.0,9999.0,9999.0,9999.0,9999.0,9999.0,9999.0,9999.0,9999.0,9999.0,9999.0,9999.0,9999.0,9999.0,9999.0,9999.0,9999.0,9999.0,9999.0,9999.0,9999.0,9999.0,9999.0,9999.0
crime_victimization|WVS_H,78.14203131695069,36.10908290900511,9999.0,33.31834467153073,37.098212376161065,53.92981839190173,72.26342454675523,10.117040472766359,11.780630321771698,9999.0,0.0,73.56690932388446,60.24096385542168,73.64248127195519,9999.0,10.764153720094995,13.339338777031877,28.08511040353745,5.1493305870236865,17.21205676313949,9999.0,31.74507526787475,14.400024389058839,14.521401814765017,9999.0,9999.0,19.801980198019802,13.066986960737069,13.710974422640124,13.32594546846277,23.134942097815056,20.43985046469953,21.25239016834414,9.890914275975796,21.321961620469086,13.852550778494532,12.427350965480747,14.592201219696019,10.03691611977051,23.36426683474682,70.4969748820364,26.935822961751356,9999.0,15.490592220943025
democratic_system_evaluation|WVS_E,141.41027946678776,99.37733105884219,9999.0,96.58659282136782,100.36646052599815,117.19806654173883,135.5316726965923,73.38528862260344,75.04887847160877,9999.0,73.56690932388446,0.0,133.8078731793061,136.91072942179227,9999.0,74.03240186993207,76.60758692686895,71.42857142857143,68.41757873686076,80.48030491297658,9999.0,78.74015748031496,77.66827253889592,77.78964996460209,9999.0,9999.0,87.71929824561403,76.33523511057415,76.9792225724772,60.24096385542168,86.40319024765213,83.70809861453661,77.51937984496124,73.15916242581288,89.51462515036287,77.12079892833161,75.69559911531783,77.8604493695331,73.30516426960759,86.6325149845839,91.74311926605505,90.20407111158843,9999.0,78.7588403707801
democratic_values_importance|WVS_E,138.38299517237238,96.35004676442679,9999.0,93.5593085269524,97.33917623158274,114.17078224732342,132.50438840217691,70.35800432818804,72.02159417719338,9999.0,60.24096385542168,133.8078731793061,0.0,133.8834451273769,9999.0,71.00511757551668,73.58030263245355,88.32607425895912,65.39029444244537,77.45302061856117,9999.0,91.98603912329642,74.64098824448052,74.7623656701867,9999.0,9999.0,80.04294405344149,73.30795081615875,73.9519382780618,73.56690932388445,83.37590595323674,80.68081432012121,81.49335402376582,70.13187813139747,62.11180124223603,74.09351463391621,72.66831482090242,74.8331650751177,70.27787997519219,83.6052306901685,130.73793873745808,87.17678681717304,9999.0,75.73155607636471
economic_ideology|WVS_E,141.48585141485853,99.45290300691293,9999.0,96.66216476943855,100.44203247406888,117.27363848980956,135.60724464466307,73.46086057067419,75.12445041967952,9999.0,73.64248127195519,136.91072942179227,133.8834451273769,0.0,9999.0,74.10797381800282,76.68315887493969,91.42893050144527,68.4931506849315,80.55587686104731,9999.0,95.08889536578258,77.74384448696667,77.86522191267284,9999.0,9999.0,92.91198621767833,76.41080705864489,77.05479452054794,76.66976556637059,86.47876219572288,83.78367056260734,84.59621026625196,73.23473437388361,89.59019709843362,77.19637087640236,75.77117106338856,77.93602131760385,73.38073621767833,86.70808693265464,133.8407949799442,90.27964305965918,9999.0,78.83441231885085
electoral_integrity|WVS_E,9999.0,9999.0,9999.0,9999.0,9999.0,9999.0,9999.0,9999.0,9999.0,9999.0,9999.0,9999.0,9999.0,9999.0,0.0,9999.0,9999.0,9999.0,9999.0,9999.0,9999.0,9999.0,9999.0,9999.0,9999.0,9999.0,9999.0,9999.0,9999.0,9999.0,9999.0,9999.0,9999.0,9999.0,9999.0,9999.0,9999.0,9999.0,9999.0,9999.0,9999.0,9999.0,9999.0,9999.0
existential_threat_worry|WVS_H,78.60752386299832,36.57457545505273,9999.0,33.78383721757835,37.563704922208686,54.39531093794936,72.72891709280286,10.58253301881398,12.24612286781932,9999.0,10.764153720094995,74.03240186993207,71.00511757551668,74.10797381800282,9999.0,0.0,13.804831323079497,28.55060294958507,5.614823133071308,17.67754930918711,9999.0,32.21056781392237,14.865516935106461,14.986894360812638,9999.0,9999.0,24.875621890547265,13.53247950678469,14.176466968687746,13.791438014510392,23.600434643862677,20.90534301074715,21.71788271439176,10.356406822023418,26.711869546573418,14.318043324542153,12.892843511528369,15.057693765743641,10.50240866581813,23.829759380794442,70.96246742808403,27.401315507798977,9999.0,15.956084766990648
female_income_threat_to_marriage|WVS_D,81.1827089199352,39.14976051198961,9999.0,36.35902227451523,40.13888997914557,56.970495994886235,75.30410214973973,13.15771807575086,14.821307924756201,9999.0,13.339338777031877,76.60758692686895,73.58030263245355,76.68315887493969,9999.0,13.804831323079497,0.0,31.12578800652195,8.19000819000819,20.252734366123992,9999.0,34.785752870859255,17.440701992043344,17.56207941774952,9999.0,9999.0,32.60884372275501,16.10766456372157,16.75165202562463,16.366623071447272,26.175619700799558,23.48052806768403,24.29306777132864,12.9315918789603,29.2870546035103,16.893228381479034,15.46802856846525,17.632878822680524,13.077593722755012,26.404944437731324,73.5376524850209,29.976500564735858,9999.0,18.53126982392753
gender_role_traditionalism|WVS_D,95.92848054644077,53.895532138495184,9999.0,51.104793901020805,54.88466160565114,71.71626762139181,90.0498737762453,27.903489702256433,29.567079551261774,9999.0,28.08511040353745,71.42857142857143,88.32607425895912,91.42893050144527,9999.0,28.55060294958507,31.12578800652195,0.0,22.93577981651376,34.99850599262956,9999.0,49.53152449736483,32.186473618548916,32.30785104425509,9999.0,9999.0,47.354615349260584,30.853436190227143,31.497423652130202,31.112394697952844,40.92139132730513,38.226299694189606,39.03883939783421,27.67736350546587,44.03282623001587,31.639000007984606,30.213800194970823,32.3786504491861,27.823365349260584,41.150716064236896,88.28342411152647,44.72227219124143,9999.0,33.2770414504331
immigrant_origin_status|WVS_G,72.99270072992701,30.959752321981423,9999.0,28.169014084507044,31.948881789137378,48.78048780487805,67.11409395973155,4.967709885742672,6.631299734748011,9999.0,5.1493305870236865,68.41757873686076,65.39029444244537,68.4931506849315,9999.0,5.614823133071308,8.19000819000819,22.93577981651376,0.0,12.062726176115802,9999.0,26.595744680851062,9.250693802035153,9.37207122774133,9999.0,9999.0,24.418835532746822,7.917656373713381,8.561643835616438,8.176614881439084,17.98561151079137,15.290519877675841,16.10305958132045,4.74158368895211,21.09704641350211,8.703220191470844,7.27802037845706,9.442870632672333,4.887585532746823,18.214936247723134,65.34764429501271,21.78649237472767,9999.0,10.34126163391934
importance_of_life_domains|WVS_A,85.05542690604281,43.02247849809723,9999.0,40.23174026062284,44.01160796525318,60.84321398099385,79.17682013584735,17.030436061858474,18.694025910863814,9999.0,17.21205676313949,80.48030491297658,77.45302061856117,80.55587686104731,9999.0,17.67754930918711,20.252734366123992,34.99850599262956,12.062726176115802,0.0,9999.0,38.658470856966865,21.313419978150954,21.434797403857132,9999.0,9999.0,36.48156170886263,19.980382549829184,20.62437001173224,20.23934105755489,30.04833768690717,27.353246053791644,28.165785757436254,16.804309865067914,33.159772589617916,20.765946367586647,19.340746554572863,21.505596808788134,16.950311708862625,30.277662423838937,77.41037047112852,33.849218550843474,9999.0,22.40398781003514
institutional_threat_perception|WVS_H,9999.0,9999.0,9999.0,9999.0,9999.0,9999.0,9999.0,9999.0,9999.0,9999.0,9999.0,9999.0,9999.0,9999.0,9999.0,9999.0,9999.0,9999.0,9999.0,9999.0,0.0,9999.0,9999.0,9999.0,9999.0,9999.0,9999.0,9999.0,9999.0,9999.0,9999.0,9999.0,9999.0,9999.0,9999.0,9999.0,9999.0,9999.0,9999.0,9999.0,9999.0,9999.0,9999.0,9999.0
job_scarcity_gender_discrimination|WVS_C,99.58844541077806,57.55549700283248,9999.0,54.76475876535811,58.544626469988444,75.3762324857291,93.7098386405826,31.563454566593734,33.227044415599075,9999.0,31.74507526787475,78.74015748031496,91.98603912329642,95.08889536578258,9999.0,32.21056781392237,34.785752870859255,49.53152449736483,26.595744680851062,38.658470856966865,9999.0,0.0,35.846438482886214,35.96781590859239,9999.0,9999.0,51.01458021359788,34.51340105456444,35.1573885164675,34.77235956229015,44.58135619164243,41.886264558526904,42.698804262171514,31.337328369803174,47.69279109435317,35.2989648723219,33.87376505930812,36.038615313523394,31.483330213597885,44.8106809285742,91.94338897586377,48.38223705557873,9999.0,36.9370063147704
job_scarcity_nativist_preference|WVS_C,82.24339453196217,40.21044612401658,9999.0,37.4197078865422,41.19957559117253,58.0311816069132,76.3647877617667,14.218403687777826,15.881993536783163,9999.0,14.400024389058839,77.66827253889592,74.64098824448052,77.74384448696667,9999.0,14.865516935106461,17.440701992043344,32.186473618548916,9.250693802035153,21.313419978150954,9999.0,35.846438482886214,0.0,18.62276502977648,9999.0,9999.0,33.66952933478198,17.168350175748536,17.81233763765159,17.427308683474237,27.236305312826524,24.541213679710992,25.353753383355603,13.992277490987263,30.347740215537264,17.953913993506,16.528714180492212,18.693564434707486,14.138279334781977,27.46563004975829,74.59833809704787,31.037186176762823,9999.0,19.591955435954493
life_autonomy_morality_permissiveness|WVS_F,82.36477195766834,40.331823549722756,9999.0,37.54108531224837,41.320953016878704,58.15255903261938,76.48616518747288,14.339781113484001,16.003370962489342,9999.0,14.521401814765017,77.78964996460209,74.7623656701867,77.86522191267284,9999.0,14.986894360812638,17.56207941774952,32.30785104425509,9.37207122774133,21.434797403857132,9999.0,35.96781590859239,18.62276502977648,0.0,9999.0,9999.0,33.790906760488156,17.28972760145471,17.933715063357766,17.548686109180416,27.3576827385327,24.66259110541717,25.47513080906178,14.11365491669344,30.46911764124344,18.075291419212174,16.65009160619839,18.81494186041366,14.259656760488152,27.587007475464464,74.71971552275404,31.158563602469,9999.0,19.713332861660668
neighborhood_disorder_and_crime|WVS_H,9999.0,9999.0,9999.0,9999.0,9999.0,9999.0,9999.0,9999.0,9999.0,9999.0,9999.0,9999.0,9999.0,9999.0,9999.0,9999.0,9999.0,9999.0,9999.0,9999.0,9999.0,9999.0,9999.0,9999.0,0.0,9999.0,9999.0,9999.0,9999.0,9999.0,9999.0,9999.0,9999.0,9999.0,9999.0,9999.0,9999.0,9999.0,9999.0,9999.0,9999.0,9999.0,9999.0,9999.0
offline_political_participation|WVS_E,9999.0,9999.0,9999.0,9999.0,9999.0,9999.0,9999.0,9999.0,9999.0,9999.0,9999.0,9999.0,9999.0,9999.0,9999.0,9999.0,9999.0,9999.0,9999.0,9999.0,9999.0,9999.0,9999.0,9999.0,9999.0,0.0,9999.0,9999.0,9999.0,9999.0,9999.0,9999.0,9999.0,9999.0,9999.0,9999.0,9999.0,9999.0,9999.0,9999.0,9999.0,9999.0,9999.0,9999.0
outgroup_trust|WVS_G,97.41153626267383,55.378587854728245,9999.0,52.587849617253866,56.3677173218842,73.19932333762488,91.53292949247837,25.0,29.41176470588235,9999.0,19.801980198019802,87.71929824561403,80.04294405344149,92.91198621767833,9999.0,24.875621890547265,32.60884372275501,47.354615349260584,24.418835532746822,36.48156170886263,9999.0,51.01458021359788,33.66952933478198,33.790906760488156,9999.0,9999.0,0.0,19.267822736030826,27.100271002710027,32.595450414185905,42.40444704353819,39.70935541042266,40.52189511406728,21.691973969631235,35.26782273603082,33.12205572421767,31.696855911203883,33.86170616541916,19.53125,42.63377178046996,82.29803457569184,46.20532790747449,9999.0,32.74169772653731
political_information_sources|WVS_E,80.9103571036404,38.877408695694804,9999.0,36.086670458220425,39.86653816285076,56.698144178591434,75.03175033344493,12.885366259456053,14.548956108461393,9999.0,13.066986960737069,76.33523511057415,73.30795081615875,76.41080705864489,9999.0,13.53247950678469,16.10766456372157,30.853436190227143,7.917656373713381,19.980382549829184,9999.0,34.51340105456444,17.168350175748536,17.28972760145471,9999.0,9999.0,19.267822736030826,0.0,16.47930020932982,16.094271255152464,25.90326788450475,23.208176251389222,24.020715955033833,12.659240062665491,16.0,16.620876565184226,15.195676752170442,17.360527006385716,12.805241906460203,26.132592621436515,73.2653006687261,29.70414874844105,9999.0,18.258918007632722
postmaterialist_values|WVS_E,81.55434456554345,39.52139615759786,9999.0,36.730657920123484,40.51052562475382,57.342131640494486,75.67573779534798,13.529353721359112,15.192943570364449,9999.0,13.710974422640124,76.9792225724772,73.9519382780618,77.05479452054794,9999.0,14.176466968687746,16.75165202562463,31.497423652130202,8.561643835616438,20.62437001173224,9999.0,35.1573885164675,17.81233763765159,17.933715063357766,9999.0,9999.0,27.100271002710027,16.47930020932982,0.0,16.738258717055523,26.54725534640781,23.852163713292278,24.664703416936888,13.303227524568548,28.653295128939828,17.264864027087285,15.839664214073498,18.00451446828877,13.449229368363262,26.776580083339574,73.90928813062915,30.34813621034411,9999.0,18.902905469535778
precautionary_security_behaviors|WVS_H,81.16931561136609,39.136367203420505,9999.0,36.345628965946126,40.12549667057646,56.957102686317135,75.29070884117063,13.144324767181757,14.807914616187094,9999.0,13.32594546846277,60.24096385542168,73.56690932388445,76.66976556637059,9999.0,13.791438014510392,16.366623071447272,31.112394697952844,8.176614881439084,20.23934105755489,9999.0,34.77235956229015,17.427308683474237,17.548686109180416,9999.0,9999.0,32.595450414185905,16.094271255152464,16.738258717055523,0.0,26.16222639223045,23.467134759114927,24.279674462759537,12.918198570391194,29.273661294941192,16.879835072909927,15.454635259896143,17.619485514111418,13.064200414185908,26.391551129162217,68.4931506849315,29.96310725616675,9999.0,18.517876515358424
religion_versus_secularism_orientation|WVS_F,90.97831224071838,48.94536383277279,9999.0,46.15462559529841,49.93449329992875,66.76609931566942,85.09970547052292,22.95332139653404,24.61691124553938,9999.0,23.134942097815056,86.40319024765213,83.37590595323674,86.47876219572288,9999.0,23.600434643862677,26.175619700799558,40.92139132730513,17.98561151079137,30.04833768690717,9999.0,44.58135619164243,27.236305312826524,27.3576827385327,9999.0,9999.0,42.40444704353819,25.90326788450475,26.54725534640781,26.16222639223045,0.0,33.276131388467206,34.088671092111824,22.727195199743477,39.08265792429348,26.688831702262213,25.26363188924843,27.428482143463704,22.87319704353819,36.2005477585145,83.33325580580407,39.77210388551904,9999.0,28.32687314471071
religious_belief|WVS_F,88.28322060760286,46.25027219965726,9999.0,43.45953396218289,47.23940166681322,64.0710076825539,82.4046138374074,20.258229763418512,21.921819612423853,9999.0,20.43985046469953,83.70809861453661,80.68081432012121,83.78367056260734,9999.0,20.90534301074715,23.48052806768403,38.226299694189606,15.290519877675841,27.353246053791644,9999.0,41.886264558526904,24.541213679710992,24.66259110541717,9999.0,9999.0,39.70935541042266,23.208176251389222,23.852163713292278,23.467134759114927,33.276131388467206,0.0,31.393579458996292,20.032103566627953,36.38756629117795,23.993740069146686,22.568540256132902,24.733390510348173,20.178105410422663,33.50545612539898,80.63816417268856,37.077012252403506,9999.0,25.63178151159518
religious_exclusivism|WVS_F,89.09576031124746,47.06281190330188,9999.0,44.27207366582749,48.051941370457826,64.8835473861985,83.217153541052,21.070769467063123,22.734359316068463,9999.0,21.25239016834414,77.51937984496124,81.49335402376582,84.59621026625196,9999.0,21.71788271439176,24.29306777132864,39.03883939783421,16.10305958132045,28.165785757436254,9999.0,42.698804262171514,25.353753383355603,25.47513080906178,9999.0,9999.0,40.52189511406728,24.020715955033833,24.664703416936888,24.279674462759537,34.088671092111824,31.393579458996292,0.0,20.844643270272563,37.200105994822565,24.806279772791296,23.381079959777512,25.545930213992783,20.990645114067274,34.31799582904358,81.45070387633316,37.88955195604812,9999.0,26.44432121523979
religious_practice_and_self_identification|WVS_F,77.73428441887911,35.70133601093353,9999.0,32.91059777345915,36.690465478089486,53.52207149383016,71.85567764868365,9.709293574694783,11.37288342370012,9999.0,9.890914275975796,73.15916242581288,70.13187813139747,73.23473437388361,9999.0,10.356406822023418,12.9315918789603,27.67736350546587,4.74158368895211,16.804309865067914,9999.0,31.337328369803174,13.992277490987263,14.11365491669344,9999.0,9999.0,21.691973969631235,12.659240062665491,13.303227524568548,12.918198570391194,22.727195199743477,20.032103566627953,20.844643270272563,0.0,25.838630102454218,13.444803880422954,12.019604067409169,14.184454321624443,9.629169221698934,22.956519936675242,60.6060606060606,26.528076063679777,9999.0,11.049723756906078
science_skepticism|WVS_I,90.09009009009009,51.81347150259067,9999.0,49.26606049800915,53.04592820263949,69.87753421838016,88.21114037323366,26.06475629924478,27.72834614825012,9999.0,21.321961620469086,89.51462515036287,62.11180124223603,89.59019709843362,9999.0,26.711869546573418,29.2870546035103,44.03282623001587,21.09704641350211,33.159772589617916,9999.0,47.69279109435317,30.347740215537264,30.46911764124344,9999.0,9999.0,35.26782273603082,16.0,28.653295128939828,29.273661294941192,39.08265792429348,36.38756629117795,37.200105994822565,25.838630102454218,0.0,29.800266604972954,28.37506679195917,30.539917046174445,23.980815347721823,39.311982661225244,86.44469070851483,42.88353878822978,9999.0,31.43830804742145
science_technology_optimism|WVS_E,81.69592092139786,39.66297251345227,9999.0,36.87223427597789,40.65210198060822,57.4837079963489,75.8173141512024,13.670930077213516,15.334519926218857,9999.0,13.852550778494532,77.12079892833161,74.09351463391621,77.19637087640236,9999.0,14.318043324542153,16.893228381479034,31.639000007984606,8.703220191470844,20.765946367586647,9999.0,35.2989648723219,17.953913993506,18.075291419212174,9999.0,9999.0,33.12205572421767,16.620876565184226,17.264864027087285,16.879835072909927,26.688831702262213,23.993740069146686,24.806279772791296,13.444803880422954,29.800266604972954,0.0,15.981240569927905,18.14609082414318,13.590805724217667,26.91815643919398,74.05086448648356,30.489712566198513,9999.0,19.044481825390186
sexual_and_reproductive_morality_permissiveness|WVS_F,80.27072110838407,38.237772700438484,9999.0,35.447034462964105,39.22690216759444,56.05850818333511,74.3921143381886,12.245730264199732,13.909320113205071,9999.0,12.427350965480747,75.69559911531783,72.66831482090242,75.77117106338856,9999.0,12.892843511528369,15.46802856846525,30.213800194970823,7.27802037845706,19.340746554572863,9999.0,33.87376505930812,16.528714180492212,16.65009160619839,9999.0,9999.0,31.696855911203883,15.195676752170442,15.839664214073498,15.454635259896143,25.26363188924843,22.568540256132902,23.381079959777512,12.019604067409169,28.37506679195917,15.981240569927905,0.0,16.720891011129392,12.165605911203883,25.492956626180195,72.62566467346977,29.06451275318473,9999.0,17.6192820123764
social_intolerance_outgroups|WVS_A,82.43557136259935,40.40262295465376,9999.0,37.61188471717938,41.39175242180971,58.22335843755038,76.55696459240389,14.410580518415006,16.074170367420344,9999.0,14.592201219696019,77.8604493695331,74.8331650751177,77.93602131760385,9999.0,15.057693765743641,17.632878822680524,32.3786504491861,9.442870632672333,21.505596808788134,9999.0,36.038615313523394,18.693564434707486,18.81494186041366,9999.0,9999.0,33.86170616541916,17.360527006385716,18.00451446828877,17.619485514111418,27.428482143463704,24.733390510348173,25.545930213992783,14.184454321624443,30.539917046174445,18.14609082414318,16.720891011129392,0.0,14.330456165419157,27.65780688039547,74.79051492768505,31.229363007400003,9999.0,19.784132266591673
societal_change_attitudes|WVS_E,77.88028626267383,35.847337854728245,9999.0,33.056599617253866,36.8364673218842,53.668073337624875,72.00167949247837,9.855295418489495,11.518885267494834,9999.0,10.03691611977051,73.30516426960759,70.27787997519219,73.38073621767833,9999.0,10.50240866581813,13.077593722755012,27.823365349260584,4.887585532746823,16.950311708862625,9999.0,31.483330213597885,14.138279334781977,14.259656760488152,9999.0,9999.0,19.53125,12.805241906460203,13.449229368363262,13.064200414185908,22.87319704353819,20.178105410422663,20.990645114067274,9.629169221698934,23.980815347721823,13.590805724217667,12.165605911203883,14.330456165419157,0.0,23.102521780469957,70.23522982775954,26.67407790747449,9999.0,15.228847166666164
socioeconomic_insecurity_worry|WVS_H,91.20763697765014,49.17468856970456,9999.0,46.38395033223018,50.16381803686051,66.99542405260118,85.32903020745468,23.182646133465806,24.846235982471146,9999.0,23.36426683474682,86.6325149845839,83.6052306901685,86.70808693265464,9999.0,23.829759380794442,26.404944437731324,41.150716064236896,18.214936247723134,30.277662423838937,9999.0,44.8106809285742,27.46563004975829,27.587007475464464,9999.0,9999.0,42.63377178046996,26.132592621436515,26.776580083339574,26.391551129162217,36.2005477585145,33.50545612539898,34.31799582904358,22.956519936675242,39.311982661225244,26.91815643919398,25.492956626180195,27.65780688039547,23.102521780469957,0.0,83.56258054273584,40.0014286224508,9999.0,24.875621890547265
subjective_wellbeing|WVS_A,138.34034502493972,96.30739661699414,9999.0,93.51665837951975,97.29652608415009,114.12813209989076,132.46173825474426,70.31535418075538,71.97894402976073,9999.0,70.4969748820364,91.74311926605505,130.73793873745808,133.8407949799442,9999.0,70.96246742808403,73.5376524850209,88.28342411152647,65.34764429501271,77.41037047112852,9999.0,91.94338897586377,74.59833809704787,74.71971552275404,9999.0,9999.0,82.29803457569184,73.2653006687261,73.90928813062915,68.4931506849315,83.33325580580407,80.63816417268856,81.45070387633316,60.6060606060606,86.44469070851483,74.05086448648356,72.62566467346977,74.79051492768505,70.23522982775954,83.56258054273584,0.0,87.13413666974037,9999.0,59.523809523809526
violence_tolerance|WVS_F,94.77919310465468,52.74624469670909,9999.0,49.95550645923471,53.735374163865046,70.56698017960572,88.90058633445922,26.75420226047034,28.41779210947568,9999.0,26.935822961751356,90.20407111158843,87.17678681717304,90.27964305965918,9999.0,27.401315507798977,29.976500564735858,44.72227219124143,21.78649237472767,33.849218550843474,9999.0,48.38223705557873,31.037186176762823,31.158563602469,9999.0,9999.0,46.20532790747449,29.70414874844105,30.34813621034411,29.96310725616675,39.77210388551904,37.077012252403506,37.88955195604812,26.528076063679777,42.88353878822978,30.489712566198513,29.06451275318473,31.229363007400003,26.67407790747449,40.0014286224508,87.13413666974037,0.0,9999.0,32.12775400864701
voluntary_association_active_membership|WVS_A,9999.0,9999.0,9999.0,9999.0,9999.0,9999.0,9999.0,9999.0,9999.0,9999.0,9999.0,9999.0,9999.0,9999.0,9999.0,9999.0,9999.0,9999.0,9999.0,9999.0,9999.0,9999.0,9999.0,9999.0,9999.0,9999.0,9999.0,9999.0,9999.0,9999.0,9999.0,9999.0,9999.0,9999.0,9999.0,9999.0,9999.0,9999.0,9999.0,9999.0,9999.0,9999.0,0.0,9999.0
voting_participation|WVS_E,83.33396236384635,41.301013955900764,9999.0,38.510275718426385,42.29014342305672,59.12174943879739,77.45535559365089,15.308971519662013,16.97256136866735,9999.0,15.490592220943025,78.7588403707801,75.73155607636471,78.83441231885085,9999.0,15.956084766990648,18.53126982392753,33.2770414504331,10.34126163391934,22.40398781003514,9999.0,36.9370063147704,19.591955435954493,19.713332861660668,9999.0,9999.0,32.74169772653731,18.258918007632722,18.902905469535778,18.517876515358424,28.32687314471071,25.63178151159518,26.44432121523979,11.049723756906078,31.43830804742145,19.044481825390186,17.6192820123764,19.784132266591673,15.228847166666164,24.875621890547265,59.523809523809526,32.12775400864701,9999.0,0.0
