construct,authoritarian_governance_tolerance|WVS_E,autocracy_support|WVS_E,child_qualities_autonomy_self_expression|WVS_A,child_qualities_conformity_tradition|WVS_A,child_qualities_prosocial_diligence|WVS_A,civic_dishonesty_tolerance|WVS_F,confidence_in_civil_society_organizations|WVS_E,confidence_in_domestic_institutions|WVS_E,confidence_in_international_organizations|WVS_E,democratic_system_evaluation|WVS_E,democratic_values_importance|WVS_E,economic_ideology|WVS_E,gender_role_traditionalism|WVS_D,immigrant_origin_status|WVS_G,importance_of_life_domains|WVS_A,job_scarcity_gender_discrimination|WVS_C,job_scarcity_nativist_preference|WVS_C,life_autonomy_morality_permissiveness|WVS_F,offline_political_participation|WVS_E,outgroup_trust|WVS_G,postmaterialist_values|WVS_E,religious_belief|WVS_F,religious_practice_and_self_identification|WVS_F,science_technology_optimism|WVS_E,sexual_and_reproductive_morality_permissiveness|WVS_F,social_intolerance_outgroups|WVS_A,societal_change_attitudes|WVS_E,subjective_wellbeing|WVS_A,violence_tolerance|WVS_F,voluntary_association_active_membership|WVS_A,work_ethic|WVS_C
authoritarian_governance_tolerance|WVS_E,0.0,0.0,0.0,0.0,0.0,0.0,0.0,0.0,0.0,0.0,0.0,0.0,0.0,0.0,0.0,0.0,0.0,0.0,0.0,0.0,0.0,0.0,0.0,0.0,0.0,0.0,0.0,0.0,0.0,0.0,0.0
autocracy_support|WVS_E,0.0,0.0,0.0,13.845302736182262,1.1540561196637213,0.0,9953.590620031797,9938.241065597074,9961.273641851107,9959.221417194965,0.0,9932.908045977012,0.0,9.975531714662146,0.0,0.0,0.0,4.365306926740992,9973.046102559165,0.0,9956.239732945081,52.21499939809799,43.24430065970241,9956.824341627158,3.856577455312731,0.0,9966.7530777638,12.415039412016373,0.0,0.0,5.350404235432265
child_qualities_autonomy_self_expression|WVS_A,0.0,0.0,0.0,9969.202368486025,9967.532110091743,7.6531678642010945,15.69155805356062,40.38182077724254,3.133607967888885,29.650300330032152,0.0,198.77785071629916,0.0,118.83762168824883,9959.847240051347,0.0,0.0,0.0,0.0,0.0,1.657863015689685,10.057379012163615,8.339120319817546,18.309911608675073,0.0,9979.40202879093,0.0,9976.24212262115,0.0,0.0,0.0
child_qualities_conformity_tradition|WVS_A,0.0,13.845302736182262,9969.202368486025,0.0,9961.038772886275,49.01718107552838,157.37740171988293,42.77170629263972,8.853493350045746,9.539630655567848,0.0,933.5061893609903,83.29219416652572,35.58829975992519,9944.636525673544,0.0,0.0,0.0,0.007523176555974231,7.805551788582825,662.0358097043058,0.0,0.0,10.805558750764227,0.0,9972.589888700246,0.0,9970.197460228314,0.0,0.0,0.09789873427612505
child_qualities_prosocial_diligence|WVS_A,0.0,1.1540561196637213,9967.532110091743,9961.038772886275,0.0,47.81763031699369,43.419878252783136,98.34508077803179,12.23529659633192,21.521318513706277,0.0,512.9811775550293,0.0,950.0507440421603,9946.97726965228,0.0,0.0,0.0,0.0,0.9619144947011762,37.64739808120296,16.982126678197844,16.741016975078693,29.504049504049505,0.0,9970.869918699187,4.728790306775345,9968.078527021398,0.0,0.0,0.0
civic_dishonesty_tolerance|WVS_F,0.0,0.0,7.6531678642010945,49.01718107552838,47.81763031699369,0.0,4.751698697470644,0.0,6.75159993130989,57.33414679786713,0.0,91.48207881646013,55.58824953402148,0.0,111.55704477951984,12.678985465497277,4.024112727937194,9975.892978003385,808.1429780033841,44.05877059781927,12.022845169931408,9966.025669010822,9970.02299971891,12.320442391373348,9978.219029783319,14.679906412799543,288.925929244339,0.0,0.0,0.0,0.0
confidence_in_civil_society_organizations|WVS_E,0.0,9953.590620031797,15.69155805356062,157.37740171988293,43.419878252783136,4.751698697470644,0.0,9920.103930988964,9939.152872335828,9936.231502939549,0.0,9910.997363216875,0.0,933.3964699818358,10.759747601852865,15.27037372947487,17.338077445638348,104.0778839895778,9956.249702532721,33.106124952355884,9943.319677844032,0.0,0.0,9933.866813077822,65.00195848021934,0.14975561461836406,9945.386314754403,220.1485550215342,0.0,0.0,18.70468029004614
confidence_in_domestic_institutions|WVS_E,0.0,9938.241065597074,40.38182077724254,42.77170629263972,98.34508077803179,0.0,9920.103930988964,0.0,9938.093714471333,9934.127242386316,0.0,9918.646314702466,947.8723404255319,67.29249011857708,923.0452311585886,11.79175434494583,8.204832008023502,0.0,9953.219089651539,112.6756450120701,9929.210249464195,0.0,0.0,9931.28094257607,0.0,27.478614174420265,9948.035131123206,8.005440360874367,0.0,0.0,1.9029376600126469
confidence_in_international_organizations|WVS_E,0.0,9961.273641851107,3.133607967888885,8.853493350045746,12.23529659633192,6.75159993130989,9939.152872335828,9938.093714471333,0.0,9956.706326651707,0.0,9931.624707063944,8.673675296464637,0.0,28.451896191500275,0.0,0.0,2.465909317289878,9970.145651199775,0.0,9949.005617346365,32.72297406968447,30.89968381718886,9954.3092510839,0.0,0.0,9964.237987220542,4.823650567009345,0.0,0.0,17.133434253717965
democratic_system_evaluation|WVS_E,0.0,9959.221417194965,29.650300330032152,9.539630655567848,21.521318513706277,57.33414679786713,9936.231502939549,9934.127242386316,9956.706326651707,0.0,0.0,9926.63255058337,181.6498343144012,0.0,169.63878536270855,0.0,0.0,3.511467363607018,9968.093426543634,0.0,9942.857176415317,0.0,0.0,9952.257026427758,0.0,5.53926360377973,9962.1857625644,2.503070393479071,0.0,0.0,30.990771092317765
democratic_values_importance|WVS_E,0.0,0.0,0.0,0.0,0.0,0.0,0.0,0.0,0.0,0.0,0.0,0.0,0.0,0.0,0.0,0.0,0.0,0.0,0.0,0.0,0.0,0.0,0.0,0.0,0.0,0.0,0.0,0.0,0.0,0.0,0.0
economic_ideology|WVS_E,0.0,9932.908045977012,198.77785071629916,933.5061893609903,512.9811775550293,91.48207881646013,9910.997363216875,9918.646314702466,9931.624707063944,9926.63255058337,0.0,0.0,0.0,0.0,0.0,1.2430585786250887,27.813192837103003,24.805454415649322,9943.380907168443,0.0,9916.282653759288,0.0,0.0,9923.001814882033,19.223763414501278,72.99257691107219,9932.694695575647,23.346922254026076,0.0,0.0,64.66949484923018
gender_role_traditionalism|WVS_D,0.0,0.0,0.0,83.29219416652572,0.0,55.58824953402148,0.0,947.8723404255319,8.673675296464637,181.6498343144012,0.0,0.0,0.0,105.35103324074693,0.0,0.0,0.0,0.0,0.0,0.0,0.0,22.226928069516198,19.355852510368113,31.823910034919216,0.0,0.0,3.3534615419093825,0.0,0.0,0.0,0.0
immigrant_origin_status|WVS_G,0.0,9.975531714662146,118.83762168824883,35.58829975992519,950.0507440421603,0.0,933.3964699818358,67.29249011857708,0.0,0.0,0.0,0.0,105.35103324074693,0.0,79.88435574642472,33.893908739422464,152.37938722023412,70.98341473341472,0.0,9955.037814563802,222.18747828503925,76.2259958507423,19.73945559108951,0.0,11.038404242287733,588.2930446406207,183.10375045785312,158.9943269542769,0.0,0.0,0.0
importance_of_life_domains|WVS_A,0.0,0.0,9959.847240051347,9944.636525673544,9946.97726965228,111.55704477951984,10.759747601852865,923.0452311585886,28.451896191500275,169.63878536270855,0.0,0.0,0.0,79.88435574642472,0.0,0.0,0.0,6.817441481688306,0.5141315754259139,16.90446783770087,70.03091539737596,153.64991071498721,139.2264267820897,67.099519860323,0.0,9964.01869926115,6.816848131495533,9952.668900147082,0.0,0.0,0.0
job_scarcity_gender_discrimination|WVS_C,0.0,0.0,0.0,0.0,0.0,12.678985465497277,15.27037372947487,11.79175434494583,0.0,0.0,0.0,1.2430585786250887,0.0,33.893908739422464,0.0,0.0,9982.890183890184,0.0,0.0,0.0,4.198064348830947,0.0,0.0,0.0,0.0,0.0,0.0,0.0,0.0,0.0,9983.21707742096
job_scarcity_nativist_preference|WVS_C,0.0,0.0,0.0,0.0,0.0,4.024112727937194,17.338077445638348,8.204832008023502,0.0,0.0,0.0,27.813192837103003,0.0,152.37938722023412,0.0,9982.890183890184,0.0,0.0,0.0,0.0,7.69629088734181,0.0,0.0,0.0,0.0,0.0,0.0,0.0,0.0,0.0,9982.49187669576
life_autonomy_morality_permissiveness|WVS_F,0.0,4.365306926740992,0.0,0.0,0.0,9975.892978003385,104.0778839895778,0.0,2.465909317289878,3.511467363607018,0.0,24.805454415649322,0.0,70.98341473341472,6.817441481688306,0.0,0.0,0.0,0.0,0.0,6.803403948183224,9972.933881064162,9973.525738439088,9.457753207753207,9980.891025641025,0.0,0.0,0.0,0.0,0.0,0.0
offline_political_participation|WVS_E,0.0,9973.046102559165,0.0,0.007523176555974231,0.0,808.1429780033841,9956.249702532721,9953.219089651539,9970.145651199775,9968.093426543634,0.0,9943.380907168443,0.0,0.0,0.5141315754259139,0.0,0.0,0.0,0.0,0.0,9964.126783050777,0.0,0.47162088888198994,9965.696350975826,0.0,0.0,9975.62508711247,0.0,0.0,0.0,0.0
outgroup_trust|WVS_G,0.0,0.0,0.0,7.805551788582825,0.9619144947011762,44.05877059781927,33.106124952355884,112.6756450120701,0.0,0.0,0.0,0.0,0.0,9955.037814563802,16.90446783770087,0.0,0.0,0.0,0.0,0.0,37.90548188011189,8.431763502044664,12.859335714844867,0.0,0.0,0.0,0.0,0.0,0.0,0.0,2.2808131076477203
postmaterialist_values|WVS_E,0.0,9956.239732945081,1.657863015689685,662.0358097043058,37.64739808120296,12.022845169931408,9943.319677844032,9929.210249464195,9949.005617346365,9942.857176415317,0.0,9916.282653759288,0.0,222.18747828503925,70.03091539737596,4.198064348830947,7.69629088734181,6.803403948183224,9964.126783050777,37.90548188011189,0.0,285.94908667139407,234.39086182392768,9940.46010084751,4.132780833534966,0.0,9955.239059764941,15.632703226125734,0.0,0.0,0.0
religious_belief|WVS_F,0.0,52.21499939809799,10.057379012163615,0.0,16.982126678197844,9966.025669010822,0.0,0.0,32.72297406968447,0.0,0.0,0.0,22.226928069516198,76.2259958507423,153.64991071498721,0.0,0.0,9972.933881064162,0.0,8.431763502044664,285.94908667139407,0.0,9968.080976802376,21.508918222533246,9975.658240038521,6.071212698673126,1.863600133460146,0.0,0.0,0.0,0.0
religious_practice_and_self_identification|WVS_F,0.0,43.24430065970241,8.339120319817546,0.0,16.741016975078693,9970.02299971891,0.0,0.0,30.89968381718886,0.0,0.0,0.0,19.355852510368113,19.73945559108951,139.2264267820897,0.0,0.0,9973.525738439088,0.47162088888198994,12.859335714844867,234.39086182392768,9968.080976802376,0.0,19.201537752896584,9975.612431702251,5.526450412189142,0.0,0.0,0.0,0.0,0.0
science_technology_optimism|WVS_E,0.0,9956.824341627158,18.309911608675073,10.805558750764227,29.504049504049505,12.320442391373348,9933.866813077822,9931.28094257607,9954.3092510839,9952.257026427758,0.0,9923.001814882033,31.823910034919216,0.0,67.099519860323,0.0,0.0,9.457753207753207,9965.696350975826,0.0,9940.46010084751,21.508918222533246,19.201537752896584,0.0,0.0,0.6332274624957535,9959.788686996593,5.276311127374953,0.0,0.0,11.197712349716895
sexual_and_reproductive_morality_permissiveness|WVS_F,0.0,3.856577455312731,0.0,0.0,0.0,9978.219029783319,65.00195848021934,0.0,0.0,0.0,0.0,19.223763414501278,0.0,11.038404242287733,0.0,0.0,0.0,9980.891025641025,0.0,0.0,4.132780833534966,9975.658240038521,9975.612431702251,0.0,0.0,0.0,0.0,0.0,0.0,0.0,0.0
social_intolerance_outgroups|WVS_A,0.0,0.0,9979.40202879093,9972.589888700246,9970.869918699187,14.679906412799543,0.14975561461836406,27.478614174420265,0.0,5.53926360377973,0.0,72.99257691107219,0.0,588.2930446406207,9964.01869926115,0.0,0.0,0.0,0.0,0.0,0.0,6.071212698673126,5.526450412189142,0.6332274624957535,0.0,0.0,0.0,9979.629642835369,0.0,0.0,0.0
societal_change_attitudes|WVS_E,0.0,9966.7530777638,0.0,0.0,4.728790306775345,288.925929244339,9945.386314754403,9948.035131123206,9964.237987220542,9962.1857625644,0.0,9932.694695575647,3.3534615419093825,183.10375045785312,6.816848131495533,0.0,0.0,0.0,9975.62508711247,0.0,9955.239059764941,1.863600133460146,0.0,9959.788686996593,0.0,0.0,0.0,0.0,0.0,0.0,0.0
subjective_wellbeing|WVS_A,0.0,12.415039412016373,9976.24212262115,9970.197460228314,9968.078527021398,0.0,220.1485550215342,8.005440360874367,4.823650567009345,2.503070393479071,0.0,23.346922254026076,0.0,158.9943269542769,9952.668900147082,0.0,0.0,0.0,0.0,0.0,15.632703226125734,0.0,0.0,5.276311127374953,0.0,9979.629642835369,0.0,0.0,0.0,0.0,0.0
violence_tolerance|WVS_F,0.0,0.0,0.0,0.0,0.0,0.0,0.0,0.0,0.0,0.0,0.0,0.0,0.0,0.0,0.0,0.0,0.0,0.0,0.0,0.0,0.0,0.0,0.0,0.0,0.0,0.0,0.0,0.0,0.0,0.0,0.0
voluntary_association_active_membership|WVS_A,0.0,0.0,0.0,0.0,0.0,0.0,0.0,0.0,0.0,0.0,0.0,0.0,0.0,0.0,0.0,0.0,0.0,0.0,0.0,0.0,0.0,0.0,0.0,0.0,0.0,0.0,0.0,0.0,0.0,0.0,0.0
work_ethic|WVS_C,0.0,5.350404235432265,0.0,0.09789873427612505,0.0,0.0,18.70468029004614,1.9029376600126469,17.133434253717965,30.990771092317765,0.0,64.66949484923018,0.0,0.0,0.0,9983.21707742096,9982.49187669576,0.0,0.0,2.2808131076477203,0.0,0.0,0.0,11.197712349716895,0.0,0.0,0.0,0.0,0.0,0.0,0.0
