construct,acceptance_of_state_surveillance|WVS_H,authoritarian_governance_tolerance|WVS_E,autocracy_support|WVS_E,basic_needs_deprivation|WVS_H,child_qualities_autonomy_self_expression|WVS_A,child_qualities_conformity_tradition|WVS_A,child_qualities_prosocial_diligence|WVS_A,civic_dishonesty_tolerance|WVS_F,confidence_in_civil_society_organizations|WVS_E,confidence_in_domestic_institutions|WVS_E,confidence_in_international_organizations|WVS_E,crime_victimization|WVS_H,democratic_system_evaluation|WVS_E,democratic_values_importance|WVS_E,economic_ideology|WVS_E,electoral_integrity|WVS_E,existential_threat_worry|WVS_H,familial_duty_obligations|WVS_D,female_income_threat_to_marriage|WVS_D,freedom_security_tradeoff_perception|WVS_H,gender_role_traditionalism|WVS_D,immigrant_origin_status|WVS_G,importance_of_life_domains|WVS_A,institutional_threat_perception|WVS_H,international_organization_knowledge|WVS_E,job_scarcity_gender_discrimination|WVS_C,job_scarcity_nativist_preference|WVS_C,life_autonomy_morality_permissiveness|WVS_F,multilevel_place_attachment|WVS_G,neighborhood_disorder_and_crime|WVS_H,offline_political_participation|WVS_E,online_political_participation|WVS_E,outgroup_trust|WVS_G,perceived_negative_effects_of_immigration|WVS_G,perceived_positive_effects_of_immigration|WVS_G,political_information_sources|WVS_E,postmaterialist_values|WVS_E,precautionary_security_behaviors|WVS_H,religion_versus_secularism_orientation|WVS_F,religious_belief|WVS_F,religious_exclusivism|WVS_F,religious_practice_and_self_identification|WVS_F,science_skepticism|WVS_I,science_technology_optimism|WVS_E,sexual_and_reproductive_morality_permissiveness|WVS_F,social_intolerance_outgroups|WVS_A,societal_change_attitudes|WVS_E,socioeconomic_insecurity_worry|WVS_H,subjective_wellbeing|WVS_A,violence_tolerance|WVS_F,voluntary_association_active_membership|WVS_A,voluntary_association_belonging|WVS_A,voting_participation|WVS_E,work_ethic|WVS_C
acceptance_of_state_surveillance|WVS_H,0.0,9999.0,9999.0,9999.0,9999.0,9999.0,9999.0,9999.0,9999.0,9999.0,9999.0,9999.0,9999.0,9999.0,9999.0,9999.0,9999.0,9999.0,9999.0,9999.0,9999.0,9999.0,9999.0,9999.0,9999.0,9999.0,9999.0,9999.0,9999.0,9999.0,9999.0,9999.0,9999.0,9999.0,9999.0,9999.0,9999.0,9999.0,9999.0,9999.0,9999.0,9999.0,9999.0,9999.0,9999.0,9999.0,9999.0,9999.0,9999.0,9999.0,9999.0,9999.0,9999.0,9999.0
authoritarian_governance_tolerance|WVS_E,9999.0,0.0,278.22023999150474,9999.0,80.0,112.69972301298745,109.24939237228583,138.93877684577723,105.119825708061,87.43169398907104,72.84828950643973,9999.0,69.22146214342222,257.004692563513,164.49883776257627,9999.0,9999.0,9999.0,9999.0,9999.0,65.94607611585022,93.07026633400486,63.69426751592357,9999.0,9999.0,76.8570763216882,45.662100456621005,99.28766588602655,9999.0,9999.0,62.30103556477408,9999.0,74.07407407407408,9999.0,9999.0,9999.0,62.51226167757584,9999.0,9999.0,70.72475709822501,9999.0,154.0458760901024,9999.0,75.57354925775978,93.05546538553097,75.07386516250335,88.58055539224333,9999.0,54.6448087431694,58.8235294117647,128.99543378995435,9999.0,9999.0,40.48582995951417
autocracy_support|WVS_E,9999.0,278.22023999150474,0.0,9999.0,311.6131990586932,301.48044529929473,296.14543145054853,325.83481592403996,311.3216473578556,311.29829701519867,279.50649634239545,9999.0,262.23173003933476,443.90073164177574,351.39487684083895,9999.0,9999.0,9999.0,9999.0,9999.0,252.84211519411292,279.96630541226756,299.7084371539313,9999.0,9999.0,256.4102564102564,232.5581395348837,286.32158039509875,9999.0,9999.0,249.19707464303679,9999.0,269.1881761649203,9999.0,9999.0,9999.0,252.0893895348837,9999.0,9999.0,257.6207961764877,9999.0,340.9419151683651,9999.0,285.4681924449366,279.95150446379364,261.9699042407661,275.47659447050603,9999.0,279.5001049460671,300.86987733976173,315.891472868217,9999.0,9999.0,274.11582125294535
basic_needs_deprivation|WVS_H,9999.0,9999.0,9999.0,0.0,9999.0,9999.0,9999.0,9999.0,9999.0,9999.0,9999.0,9999.0,9999.0,9999.0,9999.0,9999.0,9999.0,9999.0,9999.0,9999.0,9999.0,9999.0,9999.0,9999.0,9999.0,9999.0,9999.0,9999.0,9999.0,9999.0,9999.0,9999.0,9999.0,9999.0,9999.0,9999.0,9999.0,9999.0,9999.0,9999.0,9999.0,9999.0,9999.0,9999.0,9999.0,9999.0,9999.0,9999.0,9999.0,9999.0,9999.0,9999.0,9999.0,9999.0
child_qualities_autonomy_self_expression|WVS_A,9999.0,80.0,311.6131990586932,9999.0,0.0,106.94173705869612,130.69513519693592,128.2051282051282,76.92307692307692,126.58756341190488,65.78947368421052,9999.0,68.02721088435375,259.84438184142954,167.3385270404928,9999.0,9999.0,9999.0,9999.0,9999.0,99.33903518303873,95.90995561192136,107.14285714285714,9999.0,9999.0,88.67832847424685,79.05505952380952,130.11456628477904,9999.0,9999.0,95.6939946319626,9999.0,99.52380952380952,9999.0,9999.0,9999.0,59.523809523809526,9999.0,9999.0,104.11771616541353,9999.0,156.88556536801892,9999.0,64.51612903225806,100.0,108.46682422969187,121.97351445943184,9999.0,93.80067816600324,61.7283950617284,156.2881562881563,9999.0,9999.0,72.99270072992701
child_qualities_conformity_tradition|WVS_A,9999.0,112.69972301298745,301.48044529929473,9999.0,106.94173705869612,0.0,103.44553194875468,147.90825047385204,73.78378378378378,48.07692307692308,41.1522633744856,9999.0,43.47826086956522,197.71821001329195,105.21235521235522,9999.0,9999.0,9999.0,9999.0,9999.0,74.91554974392503,33.78378378378378,84.97203680317517,9999.0,9999.0,71.05321589815705,68.92230576441102,67.56756756756756,9999.0,9999.0,56.497175141242934,9999.0,90.20723283218204,9999.0,9999.0,9999.0,88.45355576441102,9999.0,9999.0,43.859649122807014,9999.0,94.75939353988133,9999.0,61.7283950617284,116.31567069332098,89.31419457735248,111.84076070003334,9999.0,69.16346785627832,91.91368469428255,137.4976374976375,9999.0,9999.0,72.21389305347327
child_qualities_prosocial_diligence|WVS_A,9999.0,109.24939237228583,296.14543145054853,9999.0,130.69513519693592,103.44553194875468,0.0,122.25378447376937,78.125,102.25777057811075,98.19658200358796,9999.0,74.48433919022153,241.6520138062507,149.14615900531393,9999.0,9999.0,9999.0,9999.0,9999.0,49.26108374384237,77.7175875767425,115.97811512383149,9999.0,9999.0,42.016806722689076,63.587291915664814,96.15384615384616,9999.0,9999.0,46.948356807511736,9999.0,88.52843462966582,9999.0,9999.0,9999.0,71.1713256731264,9999.0,9999.0,75.46162277620078,9999.0,137.7566589650813,9999.0,114.56481994636295,110.98065684457478,92.99905662154717,102.99241647878662,9999.0,77.25138711054204,95.20829608439121,146.92062524899814,9999.0,9999.0,85.70804672999236
civic_dishonesty_tolerance|WVS_F,9999.0,138.93877684577723,325.83481592403996,9999.0,128.2051282051282,147.90825047385204,122.25378447376937,0.0,75.18796992481204,142.20817697017577,138.14698839565295,9999.0,114.43474558228655,279.1223961543202,186.61654135338347,9999.0,9999.0,9999.0,9999.0,9999.0,72.99270072992701,115.18796992481204,155.9285215158965,9999.0,9999.0,81.96721311475409,93.27667638915622,128.37945928651416,9999.0,9999.0,96.5232538716682,9999.0,128.47884102173083,9999.0,9999.0,9999.0,111.12173206519141,9999.0,9999.0,104.04860135104502,9999.0,161.48827595116595,9999.0,111.11111111111111,121.6995978317888,122.68844109503857,136.19513132477854,9999.0,126.8262841746985,121.48426622110833,154.55304928989142,9999.0,9999.0,133.1481637832531
confidence_in_civil_society_organizations|WVS_E,9999.0,105.119825708061,311.3216473578556,9999.0,76.92307692307692,73.78378378378378,78.125,75.18796992481204,0.0,76.36363636363637,70.12048192771084,9999.0,80.32258064516128,203.93442622950818,111.42857142857143,9999.0,9999.0,9999.0,9999.0,9999.0,58.47953216374269,40.0,117.96737187986395,9999.0,9999.0,77.34745669204457,78.7635078229719,53.191489361702125,9999.0,9999.0,70.76923076923077,9999.0,115.39354445300853,9999.0,9999.0,9999.0,92.94841753366451,9999.0,9999.0,65.97402597402598,9999.0,100.97560975609755,9999.0,90.34915973241964,46.51162790697675,81.96721311475409,121.68196275859421,9999.0,94.34782608695653,46.29629629629629,79.36507936507937,9999.0,9999.0,70.92198581560284
confidence_in_domestic_institutions|WVS_E,9999.0,87.43169398907104,311.29829701519867,9999.0,126.58756341190488,48.07692307692308,102.25777057811075,142.20817697017577,76.36363636363637,0.0,60.79808972769435,9999.0,59.24191170092809,200.29806259314455,107.79220779220779,9999.0,9999.0,9999.0,9999.0,9999.0,79.10888838372357,36.36363636363637,59.1715976331361,9999.0,9999.0,60.24096385542168,78.74015748031496,77.42974238875878,9999.0,9999.0,63.08991554893194,9999.0,83.33333333333333,9999.0,9999.0,9999.0,67.99815285153544,9999.0,9999.0,62.33766233766234,9999.0,97.33924611973393,9999.0,70.10031808172253,117.38382099827882,64.51612903225806,121.21657361151924,9999.0,32.78688524590164,111.5595110474913,121.95121951219511,9999.0,9999.0,57.14285714285714
confidence_in_international_organizations|WVS_E,9999.0,72.84828950643973,279.50649634239545,9999.0,65.78947368421052,41.1522633744856,98.19658200358796,138.14698839565295,70.12048192771084,60.79808972769435,0.0,9999.0,54.46623093681917,194.05490815721902,101.54905335628227,9999.0,9999.0,9999.0,9999.0,9999.0,67.23233246674094,30.12048192771084,47.84688995215311,9999.0,9999.0,56.17977528089888,46.948356807511736,72.65406162464986,9999.0,9999.0,58.314234784823014,9999.0,54.6448087431694,9999.0,9999.0,9999.0,54.38889126498724,9999.0,9999.0,56.09450790173682,9999.0,91.0960916838084,9999.0,65.32463731761361,92.60342340234725,76.36012151339409,89.86681174313405,9999.0,28.011204481792713,50.76142131979696,107.52688172043011,9999.0,9999.0,32.362459546925564
crime_victimization|WVS_H,9999.0,9999.0,9999.0,9999.0,9999.0,9999.0,9999.0,9999.0,9999.0,9999.0,9999.0,0.0,9999.0,9999.0,9999.0,9999.0,9999.0,9999.0,9999.0,9999.0,9999.0,9999.0,9999.0,9999.0,9999.0,9999.0,9999.0,9999.0,9999.0,9999.0,9999.0,9999.0,9999.0,9999.0,9999.0,9999.0,9999.0,9999.0,9999.0,9999.0,9999.0,9999.0,9999.0,9999.0,9999.0,9999.0,9999.0,9999.0,9999.0,9999.0,9999.0,9999.0,9999.0,9999.0
democratic_system_evaluation|WVS_E,9999.0,69.22146214342222,262.23173003933476,9999.0,68.02721088435375,43.47826086956522,74.48433919022153,114.43474558228655,80.32258064516128,59.24191170092809,54.46623093681917,9999.0,0.0,204.25700687466946,111.75115207373273,9999.0,9999.0,9999.0,9999.0,9999.0,49.95756616368025,40.32258064516129,41.49377593360996,9999.0,9999.0,32.467532467532465,29.673590504451038,71.0978835978836,9999.0,9999.0,46.31252561260412,9999.0,46.728971962616825,9999.0,9999.0,9999.0,49.20484050445104,9999.0,9999.0,54.73624714605505,9999.0,101.29819040125884,9999.0,63.76845929084735,77.06695543336099,59.08535521033339,72.59204544007335,9999.0,26.455026455026456,68.02721088435375,111.11111111111111,9999.0,9999.0,28.73563218390805
democratic_values_importance|WVS_E,9999.0,257.004692563513,443.90073164177574,9999.0,259.84438184142954,197.71821001329195,241.6520138062507,279.1223961543202,203.93442622950818,200.29806259314455,194.05490815721902,9999.0,204.25700687466946,0.0,235.36299765807962,9999.0,9999.0,9999.0,9999.0,9999.0,218.40033946319392,163.93442622950818,241.90179810937212,9999.0,9999.0,209.25969775565306,211.34259210689203,257.1259155912103,9999.0,9999.0,194.70365699873895,9999.0,240.99995329503525,9999.0,9999.0,9999.0,230.87384210689203,9999.0,9999.0,189.90845220353415,9999.0,224.91003598560573,9999.0,241.4538060744694,250.44605413648492,235.36299765807962,254.26104704251435,9999.0,218.2822523164647,244.81632947701598,283.2995055945876,9999.0,9999.0,226.41736770414457
economic_ideology|WVS_E,9999.0,164.49883776257627,351.39487684083895,9999.0,167.3385270404928,105.21235521235522,149.14615900531393,186.61654135338347,111.42857142857143,107.79220779220779,101.54905335628227,9999.0,111.75115207373273,235.36299765807962,0.0,9999.0,9999.0,9999.0,9999.0,9999.0,125.89448466225717,71.42857142857143,149.3959433084354,9999.0,9999.0,116.7538429547163,118.83673730595527,164.62006079027356,9999.0,9999.0,102.19780219780219,9999.0,148.49409849409847,9999.0,9999.0,9999.0,138.36798730595527,9999.0,9999.0,97.40259740259741,9999.0,132.40418118466897,9999.0,148.94795127353268,157.9401993355482,142.85714285714286,161.7551922415776,9999.0,125.77639751552795,152.31047467607925,190.79365079365078,9999.0,9999.0,133.91151290320784
electoral_integrity|WVS_E,9999.0,9999.0,9999.0,9999.0,9999.0,9999.0,9999.0,9999.0,9999.0,9999.0,9999.0,9999.0,9999.0,9999.0,9999.0,0.0,9999.0,9999.0,9999.0,9999.0,9999.0,9999.0,9999.0,9999.0,9999.0,9999.0,9999.0,9999.0,9999.0,9999.0,9999.0,9999.0,9999.0,9999.0,9999.0,9999.0,9999.0,9999.0,9999.0,9999.0,9999.0,9999.0,9999.0,9999.0,9999.0,9999.0,9999.0,9999.0,9999.0,9999.0,9999.0,9999.0,9999.0,9999.0
existential_threat_worry|WVS_H,9999.0,9999.0,9999.0,9999.0,9999.0,9999.0,9999.0,9999.0,9999.0,9999.0,9999.0,9999.0,9999.0,9999.0,9999.0,9999.0,0.0,9999.0,9999.0,9999.0,9999.0,9999.0,9999.0,9999.0,9999.0,9999.0,9999.0,9999.0,9999.0,9999.0,9999.0,9999.0,9999.0,9999.0,9999.0,9999.0,9999.0,9999.0,9999.0,9999.0,9999.0,9999.0,9999.0,9999.0,9999.0,9999.0,9999.0,9999.0,9999.0,9999.0,9999.0,9999.0,9999.0,9999.0
familial_duty_obligations|WVS_D,9999.0,9999.0,9999.0,9999.0,9999.0,9999.0,9999.0,9999.0,9999.0,9999.0,9999.0,9999.0,9999.0,9999.0,9999.0,9999.0,9999.0,0.0,9999.0,9999.0,9999.0,9999.0,9999.0,9999.0,9999.0,9999.0,9999.0,9999.0,9999.0,9999.0,9999.0,9999.0,9999.0,9999.0,9999.0,9999.0,9999.0,9999.0,9999.0,9999.0,9999.0,9999.0,9999.0,9999.0,9999.0,9999.0,9999.0,9999.0,9999.0,9999.0,9999.0,9999.0,9999.0,9999.0
female_income_threat_to_marriage|WVS_D,9999.0,9999.0,9999.0,9999.0,9999.0,9999.0,9999.0,9999.0,9999.0,9999.0,9999.0,9999.0,9999.0,9999.0,9999.0,9999.0,9999.0,9999.0,0.0,9999.0,9999.0,9999.0,9999.0,9999.0,9999.0,9999.0,9999.0,9999.0,9999.0,9999.0,9999.0,9999.0,9999.0,9999.0,9999.0,9999.0,9999.0,9999.0,9999.0,9999.0,9999.0,9999.0,9999.0,9999.0,9999.0,9999.0,9999.0,9999.0,9999.0,9999.0,9999.0,9999.0,9999.0,9999.0
freedom_security_tradeoff_perception|WVS_H,9999.0,9999.0,9999.0,9999.0,9999.0,9999.0,9999.0,9999.0,9999.0,9999.0,9999.0,9999.0,9999.0,9999.0,9999.0,9999.0,9999.0,9999.0,9999.0,0.0,9999.0,9999.0,9999.0,9999.0,9999.0,9999.0,9999.0,9999.0,9999.0,9999.0,9999.0,9999.0,9999.0,9999.0,9999.0,9999.0,9999.0,9999.0,9999.0,9999.0,9999.0,9999.0,9999.0,9999.0,9999.0,9999.0,9999.0,9999.0,9999.0,9999.0,9999.0,9999.0,9999.0,9999.0
gender_role_traditionalism|WVS_D,9999.0,65.94607611585022,252.84211519411292,9999.0,99.33903518303873,74.91554974392503,49.26108374384237,72.99270072992701,58.47953216374269,79.10888838372357,67.23233246674094,9999.0,49.95756616368025,218.40033946319392,125.89448466225717,9999.0,9999.0,9999.0,9999.0,9999.0,0.0,54.46591323368574,87.43427327827683,9999.0,9999.0,18.867924528301888,20.28397565922921,74.04741651944427,9999.0,9999.0,23.696682464454977,9999.0,56.91401228926584,9999.0,9999.0,9999.0,39.81522565922921,9999.0,9999.0,31.055900621118013,9999.0,88.49557522123894,9999.0,73.19402856928212,67.67734058813916,49.69574036511156,63.20243059485152,9999.0,53.99971276748528,48.543689320388346,103.61730899256254,9999.0,9999.0,61.841657377290886
immigrant_origin_status|WVS_G,9999.0,93.07026633400486,279.96630541226756,9999.0,95.90995561192136,33.78378378378378,77.7175875767425,115.18796992481204,40.0,36.36363636363637,30.12048192771084,9999.0,40.32258064516129,163.93442622950818,71.42857142857143,9999.0,9999.0,9999.0,9999.0,9999.0,54.46591323368574,0.0,77.96737187986395,9999.0,9999.0,45.32527152614489,47.408165877383844,93.19148936170212,9999.0,9999.0,30.769230769230766,9999.0,77.06552706552705,9999.0,9999.0,9999.0,66.93941587738385,9999.0,9999.0,25.974025974025974,9999.0,60.975609756097555,9999.0,77.51937984496124,86.51162790697674,71.42857142857143,90.32662081300616,9999.0,54.34782608695652,80.88190324750781,119.36507936507937,9999.0,9999.0,62.482941474636405
importance_of_life_domains|WVS_A,9999.0,63.69426751592357,299.7084371539313,9999.0,107.14285714285714,84.97203680317517,115.97811512383149,155.9285215158965,117.96737187986395,59.1715976331361,47.84688995215311,9999.0,41.49377593360996,241.90179810937212,149.3959433084354,9999.0,9999.0,9999.0,9999.0,9999.0,87.43427327827683,77.96737187986395,0.0,9999.0,9999.0,73.96130840114242,67.15029761904762,100.0,9999.0,9999.0,73.52941176470588,9999.0,87.61904761904762,9999.0,9999.0,9999.0,47.61904761904761,9999.0,9999.0,92.21295426065163,9999.0,138.9429816359615,9999.0,50.25125628140703,108.22510822510822,96.56206232492997,110.06875255466993,9999.0,67.94880238863641,94.30411971753037,150.48363095238093,9999.0,9999.0,60.6060606060606
institutional_threat_perception|WVS_H,9999.0,9999.0,9999.0,9999.0,9999.0,9999.0,9999.0,9999.0,9999.0,9999.0,9999.0,9999.0,9999.0,9999.0,9999.0,9999.0,9999.0,9999.0,9999.0,9999.0,9999.0,9999.0,9999.0,0.0,9999.0,9999.0,9999.0,9999.0,9999.0,9999.0,9999.0,9999.0,9999.0,9999.0,9999.0,9999.0,9999.0,9999.0,9999.0,9999.0,9999.0,9999.0,9999.0,9999.0,9999.0,9999.0,9999.0,9999.0,9999.0,9999.0,9999.0,9999.0,9999.0,9999.0
international_organization_knowledge|WVS_E,9999.0,9999.0,9999.0,9999.0,9999.0,9999.0,9999.0,9999.0,9999.0,9999.0,9999.0,9999.0,9999.0,9999.0,9999.0,9999.0,9999.0,9999.0,9999.0,9999.0,9999.0,9999.0,9999.0,9999.0,0.0,9999.0,9999.0,9999.0,9999.0,9999.0,9999.0,9999.0,9999.0,9999.0,9999.0,9999.0,9999.0,9999.0,9999.0,9999.0,9999.0,9999.0,9999.0,9999.0,9999.0,9999.0,9999.0,9999.0,9999.0,9999.0,9999.0,9999.0,9999.0,9999.0
job_scarcity_gender_discrimination|WVS_C,9999.0,76.8570763216882,256.4102564102564,9999.0,88.67832847424685,71.05321589815705,42.016806722689076,81.96721311475409,77.34745669204457,60.24096385542168,56.17977528089888,9999.0,32.467532467532465,209.25969775565306,116.7538429547163,9999.0,9999.0,9999.0,9999.0,9999.0,18.867924528301888,45.32527152614489,73.96130840114242,9999.0,9999.0,0.0,31.1949758650672,84.95841672528225,9999.0,9999.0,14.55604075691412,9999.0,46.51162790697675,9999.0,9999.0,9999.0,29.15451895043732,9999.0,9999.0,33.44481605351171,9999.0,106.30088128224244,9999.0,82.17250389576532,78.58834079397715,60.60674057094955,60.975609756097555,9999.0,44.85907105994442,53.191489361702125,114.52830919840052,9999.0,9999.0,51.180950668498994
job_scarcity_nativist_preference|WVS_C,9999.0,45.662100456621005,232.5581395348837,9999.0,79.05505952380952,68.92230576441102,63.587291915664814,93.27667638915622,78.7635078229719,78.74015748031496,46.948356807511736,9999.0,29.673590504451038,211.34259210689203,118.83673730595527,9999.0,9999.0,9999.0,9999.0,9999.0,20.28397565922921,47.408165877383844,67.15029761904762,9999.0,9999.0,31.1949758650672,0.0,53.763440860215056,9999.0,9999.0,16.638935108153078,9999.0,36.63003663003663,9999.0,9999.0,9999.0,19.53125,9999.0,9999.0,25.06265664160401,9999.0,108.3837756334814,9999.0,52.91005291005291,47.39336492890995,29.41176470588235,42.918454935622314,9999.0,46.941965411183375,68.31173780487805,83.33333333333333,9999.0,9999.0,41.55768171806167
life_autonomy_morality_permissiveness|WVS_F,9999.0,99.28766588602655,286.32158039509875,9999.0,130.11456628477904,67.56756756756756,96.15384615384616,128.37945928651416,53.191489361702125,77.42974238875878,72.65406162464986,9999.0,71.0978835978836,257.1259155912103,164.62006079027356,9999.0,9999.0,9999.0,9999.0,9999.0,74.04741651944427,93.19148936170212,100.0,9999.0,9999.0,84.95841672528225,53.763440860215056,0.0,9999.0,9999.0,70.40237596836813,9999.0,90.39347749025168,9999.0,9999.0,9999.0,73.29469086021506,9999.0,9999.0,78.82609750181906,9999.0,154.1670991177997,9999.0,81.95628997867804,94.6281992033626,41.1522633744856,96.68189579583736,9999.0,44.642857142857146,99.48778565799842,69.93006993006993,9999.0,9999.0,95.32112257827673
multilevel_place_attachment|WVS_G,9999.0,9999.0,9999.0,9999.0,9999.0,9999.0,9999.0,9999.0,9999.0,9999.0,9999.0,9999.0,9999.0,9999.0,9999.0,9999.0,9999.0,9999.0,9999.0,9999.0,9999.0,9999.0,9999.0,9999.0,9999.0,9999.0,9999.0,9999.0,0.0,9999.0,9999.0,9999.0,9999.0,9999.0,9999.0,9999.0,9999.0,9999.0,9999.0,9999.0,9999.0,9999.0,9999.0,9999.0,9999.0,9999.0,9999.0,9999.0,9999.0,9999.0,9999.0,9999.0,9999.0,9999.0
neighborhood_disorder_and_crime|WVS_H,9999.0,9999.0,9999.0,9999.0,9999.0,9999.0,9999.0,9999.0,9999.0,9999.0,9999.0,9999.0,9999.0,9999.0,9999.0,9999.0,9999.0,9999.0,9999.0,9999.0,9999.0,9999.0,9999.0,9999.0,9999.0,9999.0,9999.0,9999.0,9999.0,0.0,9999.0,9999.0,9999.0,9999.0,9999.0,9999.0,9999.0,9999.0,9999.0,9999.0,9999.0,9999.0,9999.0,9999.0,9999.0,9999.0,9999.0,9999.0,9999.0,9999.0,9999.0,9999.0,9999.0,9999.0
offline_political_participation|WVS_E,9999.0,62.30103556477408,249.19707464303679,9999.0,95.6939946319626,56.497175141242934,46.948356807511736,96.5232538716682,70.76923076923077,63.08991554893194,58.314234784823014,9999.0,46.31252561260412,194.70365699873895,102.19780219780219,9999.0,9999.0,9999.0,9999.0,9999.0,23.696682464454977,30.769230769230766,73.52941176470588,9999.0,9999.0,14.55604075691412,16.638935108153078,70.40237596836813,9999.0,9999.0,0.0,9999.0,46.29629629629629,9999.0,9999.0,9999.0,36.17018510815308,9999.0,9999.0,41.701591749757085,9999.0,91.74484052532833,9999.0,67.6164631388512,64.03230003706304,46.050699814035426,59.55739004377539,9999.0,30.3030303030303,67.74753011861624,99.9722684414864,9999.0,9999.0,38.75968992248062
online_political_participation|WVS_E,9999.0,9999.0,9999.0,9999.0,9999.0,9999.0,9999.0,9999.0,9999.0,9999.0,9999.0,9999.0,9999.0,9999.0,9999.0,9999.0,9999.0,9999.0,9999.0,9999.0,9999.0,9999.0,9999.0,9999.0,9999.0,9999.0,9999.0,9999.0,9999.0,9999.0,9999.0,0.0,9999.0,9999.0,9999.0,9999.0,9999.0,9999.0,9999.0,9999.0,9999.0,9999.0,9999.0,9999.0,9999.0,9999.0,9999.0,9999.0,9999.0,9999.0,9999.0,9999.0,9999.0,9999.0
outgroup_trust|WVS_G,9999.0,74.07407407407408,269.1881761649203,9999.0,99.52380952380952,90.20723283218204,88.52843462966582,128.47884102173083,115.39354445300853,83.33333333333333,54.6448087431694,9999.0,46.728971962616825,240.99995329503525,148.49409849409847,9999.0,9999.0,9999.0,9999.0,9999.0,56.91401228926584,77.06552706552705,87.61904761904762,9999.0,9999.0,46.51162790697675,36.63003663003663,90.39347749025168,9999.0,9999.0,46.29629629629629,9999.0,0.0,9999.0,9999.0,9999.0,40.0,9999.0,9999.0,61.692693271640636,9999.0,138.0411368216246,9999.0,65.35947712418302,84.02340155894657,66.04180133591898,79.54849156565894,9999.0,73.18399841764328,88.78048780487805,119.96336996336996,9999.0,9999.0,47.39336492890995
perceived_negative_effects_of_immigration|WVS_G,9999.0,9999.0,9999.0,9999.0,9999.0,9999.0,9999.0,9999.0,9999.0,9999.0,9999.0,9999.0,9999.0,9999.0,9999.0,9999.0,9999.0,9999.0,9999.0,9999.0,9999.0,9999.0,9999.0,9999.0,9999.0,9999.0,9999.0,9999.0,9999.0,9999.0,9999.0,9999.0,9999.0,0.0,9999.0,9999.0,9999.0,9999.0,9999.0,9999.0,9999.0,9999.0,9999.0,9999.0,9999.0,9999.0,9999.0,9999.0,9999.0,9999.0,9999.0,9999.0,9999.0,9999.0
perceived_positive_effects_of_immigration|WVS_G,9999.0,9999.0,9999.0,9999.0,9999.0,9999.0,9999.0,9999.0,9999.0,9999.0,9999.0,9999.0,9999.0,9999.0,9999.0,9999.0,9999.0,9999.0,9999.0,9999.0,9999.0,9999.0,9999.0,9999.0,9999.0,9999.0,9999.0,9999.0,9999.0,9999.0,9999.0,9999.0,9999.0,9999.0,0.0,9999.0,9999.0,9999.0,9999.0,9999.0,9999.0,9999.0,9999.0,9999.0,9999.0,9999.0,9999.0,9999.0,9999.0,9999.0,9999.0,9999.0,9999.0,9999.0
political_information_sources|WVS_E,9999.0,9999.0,9999.0,9999.0,9999.0,9999.0,9999.0,9999.0,9999.0,9999.0,9999.0,9999.0,9999.0,9999.0,9999.0,9999.0,9999.0,9999.0,9999.0,9999.0,9999.0,9999.0,9999.0,9999.0,9999.0,9999.0,9999.0,9999.0,9999.0,9999.0,9999.0,9999.0,9999.0,9999.0,9999.0,0.0,9999.0,9999.0,9999.0,9999.0,9999.0,9999.0,9999.0,9999.0,9999.0,9999.0,9999.0,9999.0,9999.0,9999.0,9999.0,9999.0,9999.0,9999.0
postmaterialist_values|WVS_E,9999.0,62.51226167757584,252.0893895348837,9999.0,59.523809523809526,88.45355576441102,71.1713256731264,111.12173206519141,92.94841753366451,67.99815285153544,54.38889126498724,9999.0,49.20484050445104,230.87384210689203,138.36798730595527,9999.0,9999.0,9999.0,9999.0,9999.0,39.81522565922921,66.93941587738385,47.61904761904761,9999.0,9999.0,29.15451895043732,19.53125,73.29469086021506,9999.0,9999.0,36.17018510815308,9999.0,40.0,9999.0,9999.0,9999.0,0.0,9999.0,9999.0,44.59390664160401,9999.0,127.9150256334814,9999.0,57.11415101630728,60.6060606060606,48.94301470588235,62.449704935622314,9999.0,35.2112676056338,48.78048780487805,102.86458333333333,9999.0,9999.0,22.026431718061673
precautionary_security_behaviors|WVS_H,9999.0,9999.0,9999.0,9999.0,9999.0,9999.0,9999.0,9999.0,9999.0,9999.0,9999.0,9999.0,9999.0,9999.0,9999.0,9999.0,9999.0,9999.0,9999.0,9999.0,9999.0,9999.0,9999.0,9999.0,9999.0,9999.0,9999.0,9999.0,9999.0,9999.0,9999.0,9999.0,9999.0,9999.0,9999.0,9999.0,9999.0,0.0,9999.0,9999.0,9999.0,9999.0,9999.0,9999.0,9999.0,9999.0,9999.0,9999.0,9999.0,9999.0,9999.0,9999.0,9999.0,9999.0
religion_versus_secularism_orientation|WVS_F,9999.0,9999.0,9999.0,9999.0,9999.0,9999.0,9999.0,9999.0,9999.0,9999.0,9999.0,9999.0,9999.0,9999.0,9999.0,9999.0,9999.0,9999.0,9999.0,9999.0,9999.0,9999.0,9999.0,9999.0,9999.0,9999.0,9999.0,9999.0,9999.0,9999.0,9999.0,9999.0,9999.0,9999.0,9999.0,9999.0,9999.0,9999.0,0.0,9999.0,9999.0,9999.0,9999.0,9999.0,9999.0,9999.0,9999.0,9999.0,9999.0,9999.0,9999.0,9999.0,9999.0,9999.0
religious_belief|WVS_F,9999.0,70.72475709822501,257.6207961764877,9999.0,104.11771616541353,43.859649122807014,75.46162277620078,104.04860135104502,65.97402597402598,62.33766233766234,56.09450790173682,9999.0,54.73624714605505,189.90845220353415,97.40259740259741,9999.0,9999.0,9999.0,9999.0,9999.0,31.055900621118013,25.974025974025974,92.21295426065163,9999.0,9999.0,33.44481605351171,25.06265664160401,78.82609750181906,9999.0,9999.0,41.701591749757085,9999.0,61.692693271640636,9999.0,9999.0,9999.0,44.59390664160401,9999.0,9999.0,0.0,9999.0,86.94963573012353,9999.0,77.97270955165692,72.45602157051397,45.45454545454546,67.98111157722633,9999.0,68.4931506849315,79.59958994150637,108.39598997493734,9999.0,9999.0,66.62033835966568
religious_exclusivism|WVS_F,9999.0,9999.0,9999.0,9999.0,9999.0,9999.0,9999.0,9999.0,9999.0,9999.0,9999.0,9999.0,9999.0,9999.0,9999.0,9999.0,9999.0,9999.0,9999.0,9999.0,9999.0,9999.0,9999.0,9999.0,9999.0,9999.0,9999.0,9999.0,9999.0,9999.0,9999.0,9999.0,9999.0,9999.0,9999.0,9999.0,9999.0,9999.0,9999.0,9999.0,0.0,9999.0,9999.0,9999.0,9999.0,9999.0,9999.0,9999.0,9999.0,9999.0,9999.0,9999.0,9999.0,9999.0
religious_practice_and_self_identification|WVS_F,9999.0,154.0458760901024,340.9419151683651,9999.0,156.88556536801892,94.75939353988133,137.7566589650813,161.48827595116595,100.97560975609755,97.33924611973393,91.0960916838084,9999.0,101.29819040125884,224.91003598560573,132.40418118466897,9999.0,9999.0,9999.0,9999.0,9999.0,88.49557522123894,60.975609756097555,138.9429816359615,9999.0,9999.0,106.30088128224244,108.3837756334814,154.1670991177997,9999.0,9999.0,91.74484052532833,9999.0,138.0411368216246,9999.0,9999.0,9999.0,127.9150256334814,9999.0,9999.0,86.94963573012353,9999.0,0.0,9999.0,138.4949896010588,147.4872376630743,132.404181184669,151.30223056910373,9999.0,115.32343584305409,137.0392645416273,172.41379310344828,9999.0,9999.0,123.45855123073396
science_skepticism|WVS_I,9999.0,9999.0,9999.0,9999.0,9999.0,9999.0,9999.0,9999.0,9999.0,9999.0,9999.0,9999.0,9999.0,9999.0,9999.0,9999.0,9999.0,9999.0,9999.0,9999.0,9999.0,9999.0,9999.0,9999.0,9999.0,9999.0,9999.0,9999.0,9999.0,9999.0,9999.0,9999.0,9999.0,9999.0,9999.0,9999.0,9999.0,9999.0,9999.0,9999.0,9999.0,9999.0,0.0,9999.0,9999.0,9999.0,9999.0,9999.0,9999.0,9999.0,9999.0,9999.0,9999.0,9999.0
science_technology_optimism|WVS_E,9999.0,75.57354925775978,285.4681924449366,9999.0,64.51612903225806,61.7283950617284,114.56481994636295,111.11111111111111,90.34915973241964,70.10031808172253,65.32463731761361,9999.0,63.76845929084735,241.4538060744694,148.94795127353268,9999.0,9999.0,9999.0,9999.0,9999.0,73.19402856928212,77.51937984496124,50.25125628140703,9999.0,9999.0,82.17250389576532,52.91005291005291,81.95628997867804,9999.0,9999.0,67.6164631388512,9999.0,65.35947712418302,9999.0,9999.0,9999.0,57.11415101630728,9999.0,9999.0,77.97270955165692,9999.0,138.4949896010588,9999.0,0.0,89.28571428571429,82.32181761593526,95.82850784567523,9999.0,37.3134328358209,44.052863436123346,113.63636363636363,9999.0,9999.0,35.08771929824561
sexual_and_reproductive_morality_permissiveness|WVS_F,9999.0,93.05546538553097,279.95150446379364,9999.0,100.0,116.31567069332098,110.98065684457478,121.6995978317888,46.51162790697675,117.38382099827882,92.60342340234725,9999.0,77.06695543336099,250.44605413648492,157.9401993355482,9999.0,9999.0,9999.0,9999.0,9999.0,67.67734058813916,86.51162790697674,108.22510822510822,9999.0,9999.0,78.58834079397715,47.39336492890995,94.6281992033626,9999.0,9999.0,64.03230003706304,9999.0,84.02340155894657,9999.0,9999.0,9999.0,60.6060606060606,9999.0,9999.0,72.45602157051397,9999.0,147.4872376630743,9999.0,89.28571428571429,0.0,53.475935828877,90.31181986453227,9999.0,92.59259259259258,92.80792420327305,105.26315789473685,9999.0,9999.0,60.24096385542168
social_intolerance_outgroups|WVS_A,9999.0,75.07386516250335,261.9699042407661,9999.0,108.46682422969187,89.31419457735248,92.99905662154717,122.68844109503857,81.96721311475409,64.51612903225806,76.36012151339409,9999.0,59.08535521033339,235.36299765807962,142.85714285714286,9999.0,9999.0,9999.0,9999.0,9999.0,49.69574036511156,71.42857142857143,96.56206232492997,9999.0,9999.0,60.60674057094955,29.41176470588235,41.1522633744856,9999.0,9999.0,46.050699814035426,9999.0,66.04180133591898,9999.0,9999.0,9999.0,48.94301470588235,9999.0,9999.0,45.45454545454546,9999.0,132.404181184669,9999.0,82.32181761593526,53.475935828877,0.0,72.33021964150467,9999.0,76.35373011706572,97.7235025107604,111.08233330455553,9999.0,9999.0,70.96944642394402
societal_change_attitudes|WVS_E,9999.0,88.58055539224333,275.47659447050603,9999.0,121.97351445943184,111.84076070003334,102.99241647878662,136.19513132477854,121.68196275859421,121.21657361151924,89.86681174313405,9999.0,72.59204544007335,254.26104704251435,161.7551922415776,9999.0,9999.0,9999.0,9999.0,9999.0,63.20243059485152,90.32662081300616,110.06875255466993,9999.0,9999.0,60.975609756097555,42.918454935622314,96.68189579583736,9999.0,9999.0,59.55739004377539,9999.0,79.54849156565894,9999.0,9999.0,9999.0,62.449704935622314,9999.0,9999.0,67.98111157722633,9999.0,151.30223056910373,9999.0,95.82850784567523,90.31181986453227,72.33021964150467,0.0,9999.0,89.8604203468057,111.23019274050037,126.25178826895564,9999.0,9999.0,84.476136653684
socioeconomic_insecurity_worry|WVS_H,9999.0,9999.0,9999.0,9999.0,9999.0,9999.0,9999.0,9999.0,9999.0,9999.0,9999.0,9999.0,9999.0,9999.0,9999.0,9999.0,9999.0,9999.0,9999.0,9999.0,9999.0,9999.0,9999.0,9999.0,9999.0,9999.0,9999.0,9999.0,9999.0,9999.0,9999.0,9999.0,9999.0,9999.0,9999.0,9999.0,9999.0,9999.0,9999.0,9999.0,9999.0,9999.0,9999.0,9999.0,9999.0,9999.0,9999.0,0.0,9999.0,9999.0,9999.0,9999.0,9999.0,9999.0
subjective_wellbeing|WVS_A,9999.0,54.6448087431694,279.5001049460671,9999.0,93.80067816600324,69.16346785627832,77.25138711054204,126.8262841746985,94.34782608695653,32.78688524590164,28.011204481792713,9999.0,26.455026455026456,218.2822523164647,125.77639751552795,9999.0,9999.0,9999.0,9999.0,9999.0,53.99971276748528,54.34782608695652,67.94880238863641,9999.0,9999.0,44.85907105994442,46.941965411183375,44.642857142857146,9999.0,9999.0,30.3030303030303,9999.0,73.18399841764328,9999.0,9999.0,9999.0,35.2112676056338,9999.0,9999.0,68.4931506849315,9999.0,115.32343584305409,9999.0,37.3134328358209,92.59259259259258,76.35373011706572,89.8604203468057,9999.0,0.0,78.77262580158967,114.57292707292709,9999.0,9999.0,54.94505494505494
violence_tolerance|WVS_F,9999.0,58.8235294117647,300.86987733976173,9999.0,61.7283950617284,91.91368469428255,95.20829608439121,121.48426622110833,46.29629629629629,111.5595110474913,50.76142131979696,9999.0,68.02721088435375,244.81632947701598,152.31047467607925,9999.0,9999.0,9999.0,9999.0,9999.0,48.543689320388346,80.88190324750781,94.30411971753037,9999.0,9999.0,53.191489361702125,68.31173780487805,99.48778565799842,9999.0,9999.0,67.74753011861624,9999.0,88.78048780487805,9999.0,9999.0,9999.0,48.78048780487805,9999.0,9999.0,79.59958994150637,9999.0,137.0392645416273,9999.0,44.052863436123346,92.80792420327305,97.7235025107604,111.23019274050037,9999.0,78.77262580158967,0.0,125.66137566137566,9999.0,9999.0,58.13953488372093
voluntary_association_active_membership|WVS_A,9999.0,128.99543378995435,315.891472868217,9999.0,156.2881562881563,137.4976374976375,146.92062524899814,154.55304928989142,79.36507936507937,121.95121951219511,107.52688172043011,9999.0,111.11111111111111,283.2995055945876,190.79365079365078,9999.0,9999.0,9999.0,9999.0,9999.0,103.61730899256254,119.36507936507937,150.48363095238093,9999.0,9999.0,114.52830919840052,83.33333333333333,69.93006993006993,9999.0,9999.0,99.9722684414864,9999.0,119.96336996336996,9999.0,9999.0,9999.0,102.86458333333333,9999.0,9999.0,108.39598997493734,9999.0,172.41379310344828,9999.0,113.63636363636363,105.26315789473685,111.08233330455553,126.25178826895564,9999.0,114.57292707292709,125.66137566137566,0.0,9999.0,9999.0,124.891015051395
voluntary_association_belonging|WVS_A,9999.0,9999.0,9999.0,9999.0,9999.0,9999.0,9999.0,9999.0,9999.0,9999.0,9999.0,9999.0,9999.0,9999.0,9999.0,9999.0,9999.0,9999.0,9999.0,9999.0,9999.0,9999.0,9999.0,9999.0,9999.0,9999.0,9999.0,9999.0,9999.0,9999.0,9999.0,9999.0,9999.0,9999.0,9999.0,9999.0,9999.0,9999.0,9999.0,9999.0,9999.0,9999.0,9999.0,9999.0,9999.0,9999.0,9999.0,9999.0,9999.0,9999.0,9999.0,0.0,9999.0,9999.0
voting_participation|WVS_E,9999.0,9999.0,9999.0,9999.0,9999.0,9999.0,9999.0,9999.0,9999.0,9999.0,9999.0,9999.0,9999.0,9999.0,9999.0,9999.0,9999.0,9999.0,9999.0,9999.0,9999.0,9999.0,9999.0,9999.0,9999.0,9999.0,9999.0,9999.0,9999.0,9999.0,9999.0,9999.0,9999.0,9999.0,9999.0,9999.0,9999.0,9999.0,9999.0,9999.0,9999.0,9999.0,9999.0,9999.0,9999.0,9999.0,9999.0,9999.0,9999.0,9999.0,9999.0,9999.0,0.0,9999.0
work_ethic|WVS_C,9999.0,40.48582995951417,274.11582125294535,9999.0,72.99270072992701,72.21389305347327,85.70804672999236,133.1481637832531,70.92198581560284,57.14285714285714,32.362459546925564,9999.0,28.73563218390805,226.41736770414457,133.91151290320784,9999.0,9999.0,9999.0,9999.0,9999.0,61.841657377290886,62.482941474636405,60.6060606060606,9999.0,9999.0,51.180950668498994,41.55768171806167,95.32112257827673,9999.0,9999.0,38.75968992248062,9999.0,47.39336492890995,9999.0,9999.0,9999.0,22.026431718061673,9999.0,9999.0,66.62033835966568,9999.0,123.45855123073396,9999.0,35.08771929824561,60.24096385542168,70.96944642394402,84.476136653684,9999.0,54.94505494505494,58.13953488372093,124.891015051395,9999.0,9999.0,0.0
